0.7301527199293243
-1.0124234887261405
-0.5386041860494577
0.9010499522748989
1.1156237781113205
-2.061309134000686
1.1870343246513382
-0.344884010724126
0.7944627587687676
0.7468484499135406
-1.3744122988134033
1.417527398383207
-0.40103460711043687
-0.6323780034833807
1.1371060963964417
-0.41556408631806263
0.39359518953073314
0.4684742898327501
-0.5695662391312436
-1.7296819897873528
0.6044303797468354
1.2330533798873895
0.5251219587981232
0.14836795252225518
0.16604938271604713
0.26560834170420944
-1.0497848801475063
0.961538461538457
0.9339239571797666
1.000865547550261
-1.2275196137598048
0.10570307822027343
3.9843993188435056
-1.2719599452945742
-0.43519619500594964
0.6759500322449705
-0.13107947805455838
-0.09383592965870392
-1.9194987546144526
0.7624612102404921
0.49203007518796554
0.557856681111887
-0.245833333333329
-0.011337394905341434
0.2518380597727533
-0.4476456931960279
-1.2676544804410481
0.08599910367131826
-0.7206825608132551
1.0550439144506185
4.405910735826296
-0.060656826781433235
0.2537572254335344
0.9000282520079022
-2.533142857142853
0.8284134680213597
1.5216885684381947
0.8035647806090556
-1.0454545454545454
0.19522278364722095
1.8830945558739172
-0.44154207867886114
3.3440489036785186
-0.21867483052700634
0.2405215866754408
0.044272213993291086
2.9135708041958
-0.42787448307346887
0.09863142237173916
-0.07829477182666883
-0.04903920471203181
0.24904939924165648
-0.6628364719650949
0.1429841378645404
-0.09090860476681943
0.552906102306378
-0.22037218413321047
-0.19738596959189117
-1.448043617703664
0.9638175201089149
0.04458817714936111
-0.11330014873999789
1.2407268035695047
-0.584618325474696
-0.6329215337531445
0.4488233839670612
-2.0002461512117558
-1.013983913857784
-1.2919098421244288
-0.5253157482955181
3.89213483146067
-0.501816923343135
-0.717391304347826
0.8512152397635209
-1.443265394740421
-0.09637837599682779
0.20507053434104955
-2.0745655295340812
1.235941169200346
0
1.6464856105925612
-0.10318339893760109
0.4645316428024921
-0.20562476200837335
0.45788544142336957
0.2756495127297944
-0.5043290043290083
0.343724846085239
-0.3636856368563607
-0.6544125246832813
0.7047189337772318
1.0260286113542856
-1.10279870828849
0.7809481308945259
-0.3499184603587705
0.48174359752463697
3.97946361640968
-0.41751812702924185
1.4338466987151262
-1.4659519188309353
0.35278974877407954
0
-0.6631148222000514
-0.6989059012331519
-2.792663795917078
-0.9607001088504711
1.1056249077278957
0.7798599280711757
0.3541779583250602
-0.0016042180239203474
-0.6416975037967102
-0.2906288346860132
1.1923525347611938
-1.4039355000453437
0.33758744001602164
-0.9484269269134417
-2.5208757471176693
-0.582437526176179
0.2499550642581109
-0.2678216240748067
-0.8685442053045364
1.4343762928371986
-0.5983775086041332
0.00674486968350108
1.2803147393564662
-0.11265073278468879
-0.8466666666666748
0.854456621618593
0.6577741234771
0.7804178050059412
-1.3992409596985744
-0.19106440647842446
-1.020033388981632
-0.4880050824492417
-0.9988756998627274
0.04394199656453897
-0.9913979966687161
0.1526761537131993
-0.0713320102396034
1.0528982044890736
-0.11507348752421515
0.37869714494291856
-0.35226872421904293
0.34096999692100255
-0.649505625639273
0.20819391776339
-1.1746508296185483
0.7756594260235717
-0.8499249223433357
-0.0017340739755915932
0.14450867052023122
0.192207792207788
-2.7894436667185194
-0.4385419074202476
-0.22083201885702197
-0.1974586887788495
-1.9695276122391645
0.22865295968391014
2.2210866351541165
3.1958578825209782
-4.127450980392161
0.4397177625524214
0.19523997748151534
0.2522414823670097
-0.2158333432704161
0.14340344168260039
-0.3042959427207637
-0.636782572266452
1.7485213159384851
0.04262145635146771
-0.021893361577724924
-0.0852252550839318
-0.40042648975239037
-0.030925873061189976
-0.9720867144183034
-0.27574523303174264
-0.4403640985789202
1.0213713483553941
-0.13716188696421702
0.16374072585723531
-0.13652694610778007
0.10073633463650536
-0.5343237091170524
0
-1.8886105222586154
-0.3136662738165412
-0.35590913849053324
0.1717926376349536
-0.3022806768619564
0.6113445248157567
-0.16297763208875823
0.27474219818399326
-1.3134291682024775
-0.39902391653490593
0.29624814844906994
0.3271537622682661
-0.6385093167701819
0.6419873477858556
1.7006316809421245
0
2.8893896920060738
-1.1681743713939696
0.22042042042042478
0.019776228972770364
0.38226482923906097
0.1886139263928314
3.1783573820105566
-0.1091293326943481
2.8144508670520314
-0.31764950609718384
-0.6074313044263001
-0.35522366039257425
-0.9652564620930405
0.6285004542684146
-3.2965902662301008
1.3762335283342284
-1.475877103503755
0.5750560561330481
-1.934129024288395
-0.4258867141340404
-0.5879482653718866
-0.013937282229960747
-0.05454479339644368
0.6294266032793203
-0.7785477553480008
0.03826112305505516
-1.2609199798447006
-0.764245837534734
-0.0179676705844427
0.3885432417023951
-0.02407422268038467
-0.4692516670782909
2.111662531017379
0.010327817063966183
-1.4080828083901769
0.28650117373061496
-0.27831023296962104
-0.5637186951298401
-2.773853779429992
-0.5365688904749394
1.100710528507629
0.7116648394476587
-0.3574080366469154
0.28164744812256315
4.272040302267012
-1.379360324669059
2.1457440293937626
0.23740437879186674
-1.1178229665071857
0.26310855193520877
-1.1075853914554163
0.5282742634051031
-0.6207674943566548
-0.3486533189231347
-2.203404370044487
1.4993170682806365
-1.9469255983061602
-0.21782240548963056
-1.1709853059009858
0.3402641675657456
-1.204382348450152
0.4610936161717662
-1.2903928871338872
-0.12014079202005377
0.1033803421304129
0.5455962587685113
-0.7771317829457317
0.0026042175302879366
0.27538883210395293
0.051939957409234926
0.6249026631365902
-0.04256224728665908
0.554189972967914
0.059668933658406725
-0.46616608850101576
0.1765168206357159
-0.22443729903536744
-0.0328712028926682
-4.1463571889103825
-0.4499929373305776
-3.622972972972978
0.25378931280584927
-0.0027972027972002532
0.48602758119108225
-2.5624430200917296
-0.02071295416722951
-0.005715102157445867
0.021432858000171463
0.4278510306995588
0.01422464989580444
1.3966619494954498
0.449556404951435
0.049572005082878554
0.39637954737363146
-0.45945852014041194
0.6780536856512414
0.4584706086353415
0.0006904360794302783
0.8913468243611683
-0.08691010620824831
-1.6862898199327452
-0.2333860483910296
0.37848104801542365
-0.08765461299792943
0.1420414983985492
-0.5715318722883449
0.2629333855470451
0.15553292694835394
-1.3196286933935
-0.27239495857620966
0.9736767619586779
0.2193474238941475
0.5517135285191815
0.7336680621427281
2.129745328022202
0.31161702875529185
-1.8497429227959759
0.270504071292238
-2.498493645924625
-0.9810462152121778
2.2446490120707505
-1.502424271851397
0.8387264878416375
0.29750265377953056
-0.3154200726928329
-0.0034924737191352633
-0.17113718915898296
0.1987195185949665
-1.831716701932271
0.6779251081265598
-0.626726677924658
0.2559690561852078
0.995021347214928
0.35392015729784515
-1.904008844789344
0.3837703655091812
0.12293392834301602
0.4343536859736459
-0.4805280154899619
-0.5566956138918252
-0.4669860832434929
0.0875223289548308
-0.40855821954628535
0.0007197092374706812
0.4260648021533467
0
-1.8740414797402858
-0.5126969172454512
0.13654282379369087
0.58134846452161
-0.6377551020408163
0.5648267008985879
1.1028848608629105
0.2835354635768704
0.48129496402877436
-0.04653860198039651
0.1482765536804155
0.4148457560563904
0.21226431893781847
0.10946129405994524
-0.4196161683576645
-0.9625531186721045
-1.0748585333544591
-0.02183263105036788
0.8407398510689407
0.047641734159126016
0.6428571428571455
0.25162913736370346
-0.14587892049599874
-0.046548933671350205
0.4069554999892608
0.11488429510279193
-0.7726190645892536
1.2792885977388009
-1.8425662593351675
0.042629749785042276
0.17044633829265032
0.061285112764607484
1.3762690858258695
0.07747474962861615
-0.4637784090909039
-0.789171370061438
1.037823375838776
-0.6854873152814503
1.381154091498763
0.1831061591539043
-0.5419633469059474
0.24194864444901953
0.034682899207245446
-0.2327901563019595
1.0510638297872392
0.012633174716801227
-2.8
-0.2238105551945708
0.537626628075248
-1.0385553788244049
1.7592727272727247
0.03001736719102286
-0.2007702145597728
0.2999713631156904
-0.28765373057623017
0.14603138243041774
0.6883488205861278
-0.49764664958149796
-0.04994220972874245
0.2191417068783293
-2.192323307146057
-1.4571696972786417
-2.630062075081286
-0.12294988653699294
-0.004559305161896092
-0.14590441740821253
2.715352242372579
0.17189132319273853
-0.5458539507843957
-0.17923146144291402
0.42392454292142595
0.1943749953631838
0.7774725478145618
0.08669904410630987
0.7597947453035875
0.6571661712420507
0.07961898695696232
-0.19310324876326346
0.6492706574590066
-0.018718906815844573
-0.9073168624118786
0.9752127373538373
-1.9042410023533034
0.09243839274577641
-1.4901086980422573
0.5319940476190477
-1.1168264071346603
0.0007484693801203823
-1.0568308546707936
0.08094103407845023
0.04686248129279155
0.91792330240851
-0.4461779171875846
-0.09249302542429688
-0.38461538461538736
0.6422413467423252
-0.35886155301465683
-0.015069205325457162
2.393350464578265
0.3113109650639863
0.6639765223771094
1.1479173499508035
-1.0556276120478456
