0.5618460163914678
2.497949699289226
0.01666944490748458
0
-0.12916666666666668
-1.5386540948725407
1.3279548478402632
0.3780275659039269
-0.7323779370104953
1.5603360723848183
-1.321487603305782
1.4564367132603548
1.5543998679214073
1.996374661648638
-0.44947760182978536
-0.012008165552575752
-0.22337870296236698
0.7847794512963246
-0.6695913184022195
0.03206207217172446
-0.25961954518501607
0.020887896267496535
0.003212851405619568
-1.2079933174837727
0.5203252032520326
1.035263668715626
-1.0854947166186388
1.4858696707778996
0.007974481658692184
2.032533290806153
-0.24382810118865347
0.2765439062414257
0.48515625000000284
-1.259514387230701
1.1803056668845098
2.568093385214008
-1.6904400606980219
1.0712190905442478
-0.7330482590103848
1.0615384615384615
-1.9310397320749029
2.12351466513509
-0.7774796890081189
0.8716566071264382
0.8907011708961767
1.845454477033416
-1.7876277536783427
1.4589917231000724
2.9360941567350665
-2.7363506678770535
5.59185185185185
1.7194087647054723
-2.8937931034482784
1.558904576574529
-0.7349701746166083
0.03663313326007219
-3.2126760563380334
0.8156405069922464
2.018634661046924
0.4407312034862282
2.6116538361307033
-0.05971706466603559
2.4478021978021953
-0.23061864793113376
2.1798145410563072
0.22095959595959835
4.534120734908137
0.5586592178770949
0.8433208489388287
1.5159299540083295
-2.7365853658536543
0.00501529665479257
0.16424272818455823
1.1127661438710197
-0.03466204506066083
0.3071131365167449
-1.561111111111109
-0.2953515059164385
0.09245283018868382
-1.8517471268701309
0.9455825864276615
0.801004585323156
-0.5593305649930769
-0.01961392208844211
0.017719276041002863
0.17273233448067102
-0.6954225908123393
1.5513293474112686
-1.0390895596239462
-1.2025316455696202
2.092248558616274
2.9071445603202757
-3.253678376087672
-0.40463119946048487
0.9251934869416021
-0.9173391521353328
2.8325528414124816
-0.5021662071681787
1.8190252350321532
3.230450550051348
-1.4658200883846684
-3.1341073049543695
4.559802712700361
-0.33963065166630435
-0.5697550585729456
-0.2719315470346414
-0.26551312649164677
-0.6909754419550717
-0.586746987951816
-0.0036357907238771157
-0.2320930796267075
0.0018221906375800847
0.7440476190476191
0.08139149308172308
-1.5554216867469923
-5.64074948904037
3.9675745784695153
0.11352437031400546
-0.45046728971962163
0.7654418345569091
-0.7944099378881965
0.17467959754822243
-0.7012500000000046
-0.2127418522388202
-1.8733442664311846
-0.23783505817316963
-0.9252577319587653
0
-0.3700476054212926
-0.38839387708476125
-0.5596330275229334
0.20692472948215856
-0.6346179139813232
-0.6717627982395182
0.6596481876332623
-0.020520288607932508
-1.895536914306896
0.5560954540546352
1.2496644295302062
0.09147432753111633
-1.5801324503311283
0.004710188811287817
-0.6681424563150637
2.9337253095618743
-1.2904796688580498
0.2013360178135757
-0.7677977378576156
1.7794644174164886
-2.1739130434782608
1.6835016835016836
0.3973509933774834
4.1550131926121345
0.07156473441884427
4.383844264992536
-2.252347837685458
2.86309730561207
-2.2648335745296695
-1.13768169591076
-0.8512231652521195
-0.41290062690400287
-1.2008595626343066
0.8188331627430911
0.8724619289340102
0.6447554646957069
-3.759375
0.06624021820307645
1.2843393667213951
0.03460074583829685
-0.07750448373046608
-1.0250065705549372
-0.5569948186528497
0.11723329425556858
0.5035128805620586
0.26279337708908024
0.741123305358291
0
-0.49151543114938295
0.46238754258408477
-0.33782267835049523
0.9828136256046057
-1.910828025477707
0.8961038961038961
0.4292701763418762
-0.030119130774707153
-0.9333333333333357
0.036235635158921496
1.2425614489003904
0.30602922291577256
-0.6356687898089126
0.12692144972499886
2.1978233034571018
0.48172996811437147
0.10723058315980416
0.07846849427678432
0.08774113254511738
-0.14983741707649395
-0.37359900373599003
-2.500625000000002
0.35384842210527456
1.1804459888470804
-0.6938175114741864
0
-0.6484424666242848
2.200537496800612
-3.2037515887276964
-0.3117682824284338
-0.28938489488710334
0.21213738173015842
0.2863636363636387
0
-0.3243957239334138
0.051968299337404184
-0.05194130632385405
-0.012992074834351046
-0.8556392931392979
-1.5615682522624017
1.4705099187857784
0
0.4402049478773748
1.2534291312867383
-0.9398847883162639
-0.23573540328988113
0.5208877284595252
-0.5181885479032148
0.07637075718016141
-1.224260845176991
1.736661384046487
0.9275004867917157
-0.909330606627693
-0.055164357335237044
-0.18506493506493507
0.8359626581660866
-0.8083870967741889
-0.22439462233409432
0.924368652299183
-1.808551866683891
1.3024602026049203
0.5318181818181794
-0.48314483364444466
-0.43421539420137234
0.156451675988579
-0.1562072870699418
0.2627084392641509
0.9069926205259907
4.198453608247425
-0.7643028519132329
-0.793868394815551
0.4987249224275444
1.6268749999999954
-0.34009212622152896
1.706880592409741
-1.5750897971070683
-0.2582912094686206
-0.012360863035457135
-0.3789072882476996
-0.5385684503127127
-0.684965689332497
-0.0006281328124041394
-3.9742212674543547
3.0907806428823736
-1.9029308561602525
-1.6164294954721838
3.927653335612518
-1.3126680373240551
1.5384615384615385
-1.3124999999999978
1.241036073208334
1.059010116200456
-0.7102796726210968
0
0.7934458851014792
-0.7128532247080823
0.39453813239366176
-0.2174907707446754
1.7462311557788945
-0.6050129645635264
-0.6086956521739131
1.3623297087864017
-1.4327990135634996
1.328529610448095
1.4037037037037128
0.7950132096375478
-0.46382413334943395
0
-0.7960585394267452
-0.42752293577981426
1.933649056209735
0
0.8135029436754665
1.016144746830525
0.5455653583748844
0.5172992155178081
-1.63524590163934
0.11487616587403662
-0.89179548156956
0.7192561487702547
-0.1905907718330663
-0.9422421663812377
-0.579518072289161
1.151855936208644
-0.5744613301864839
0
-0.5783829377033377
-0.12119743061447097
0.4732435384055333
-0.9541062801932367
0.2591147421046214
-0.27060719389461524
-0.03292682926830156
0.8868773864565251
0.229141475211617
0.7359195072958576
-1.3365349493110779
1.0032348710603414
-0.7481071986540079
-0.10594823671863175
-2.350909090909089
1.1786173124546127
1.7635872899030793
0.6419723318966817
-0.9038092956396829
0.9362288532556555
-1.8293413173652695
2.082405684833337
-0.6644399165865039
-4.960691019988335
2.439240506329112
-2.2569723330903115
-1.8508100454485186
1.6274561578638962
-1.0177439797211683
-0.12420451489813716
-0.08461538461538928
1.2395103549157027
0.2623574144486669
1.065645265273619
0.1719824890556598
0.8141095676603692
-0.25823791328902773
0
-0.3632141659733519
-0.23430148868685458
0.9181704049318867
0.19062826868682667
-0.38856182704365383
-0.7751937984496124
0
0.0625
0.6046221111805077
-0.6630739811756481
0.7993749999999977
0
-0.4210095548707497
0.8586550435865482
-0.6951518406707065
-1.9595531323630826
2.2320720857825886
0.4831876740623097
-0.43888888888889116
0.006820055924460836
1.3639181649101053
-0.8795107033639099
1.4056348804778374
-2.5069976877205793
1.1234552490325802
-2.4805579558079227
1.6341668723615603
-3.150395745502324
2.2138062292636578
0.2981750929438162
0.5694896544803361
-0.21765025039133165
-0.05750000000000455
0.059409160267153614
0
-1.094979469134947
0.6875154027462655
0
-0.19957449212056855
0.6156419592380857
0.625
-0.3105590062111801
0
0.8722741433021807
-1.7912291537986411
0.6289308176100629
-0.9625
0.9712230215827315
-1.161257257857857
-0.204248107701362
-0.8129617660849794
0.10540773628900885
1.1729419272495167
0.0012615272048387618
-0.02964551532736677
0.7949877912589199
-0.39060299337101423
-0.395276788014753
0.1911671924290175
0.5900392309969001
-0.46325278577688744
0.6232704402515746
-1.2638210899363134
-1.2458140521241463
0.883968692508379
0.3196085906722536
1.1362844638118192
-0.6237592139130893
-1.2767754173467545
0.00383007245220621
1.3372824123425742
-0.011968051601197034
-0.9191303854803949
-0.5410801256373972
1.3124332755854122
-0.8575214538112041
0.6867318817981023
-0.3659924146649787
-0.3901764358810057
0.6108046826235917
0.3133605545532238
-0.920737094534896
0.6541359609174394
-0.005695193256888882
0.8163575266265449
1.2868073994564024
-0.7312886173067508
-0.11174997971019694
-1.2375
0.24047588912795848
1.011994949494945
1.0606051136541237
-0.8695114409400146
1.0642943591151282
-1.17222222222222
1.1942461321290867
-0.9338756766432279
0.0006230529595038243
-0.6236721266534188
1.0407523510971788
-0.1365103003226607
-0.15098794581831287
-0.3988873469946568
0.5354375968410988
-0.5673873459571276
0.013750000000004547
-0.31370686530602493
0.3585757271815492
-0.43537465957075133
-0.05960036387590577
0.4394224733207784
0.3125
-0.22492211838006457
0.2254291584186261
-0.23239875389407647
1.0179420085307287
-0.5384620140086696
0.6924157477965742
0.24876543209876095
0.5886590764948946
-0.23384080460824877
0.015339587794596782
0.5220794836873077
-0.5205885763458665
-1.7184049079754624
0.48751864868070566
-1.8492980494471407
0.000632899375330619
1.4138882559935169
