-6.577181208053694
4.885057471264366
-9.315068493150681
4.531722054380662
-2.0231213872832323
3.982300884955746
-0.7092198581560258
4.714285714285715
-5.184174624829466
4.316546762589925
-5.51724137931035
2.1897810218978155
2.7142857142857197
4.867872044506253
0
0
4.90716180371353
4.045512010113783
0.8505467800729074
4.939759036144579
-1.033295063145828
2.0881670533642867
-4.772727272727272
4.41527446300715
-0.5714285714285795
4.712643678160922
-2.9637760702524654
4.4117647058823595
-3.791982665222098
0
0.1126126126126102
0
0.1124859392575904
2.247191011235947
-3.736263736263735
3.8812785388127837
-3.296703296703285
3.2954545454545356
-2.6402640264026425
2.2598870056497296
-1.7679558011049739
2.3622047244094384
-4.3956043956043995
-2.528735632183895
3.183962264150938
0.5714285714285795
-0.5681818181818262
1.1428571428571388
-5.649717514124294
0
1.6766467065868331
4.946996466431094
-6.846240179573506
0
4.939759036144579
4.822043628013776
0
4.490690032858689
0.4192872117400516
4.906054279749485
-4.776119402985079
4.4932079414838
-4.900000000000002
4.731861198738182
-0.9036144578313416
0
-1.4184397163120446
3.8026721479958807
-2.673267326732669
-4.883011190233982
4.9197860962566935
2.752293577981647
-3.4722222222222188
0.20554984583761124
0.10256410256410038
-4.40573770491803
2.036441586280809
3.361344537815129
-3.150406504065046
3.3578174186778624
-5.8883248730964475
4.638619201725995
-5.051546391752561
-0.6514657980456079
0.21857923497267293
-4.471101417666305
7.5342465753424674
-3.503184713375797
0.22002200220021534
-1.2074643249176666
1.1111111111111072
-1.6483516483516523
4.692737430167598
0
-1.4941302027748005
2.6002166847237294
-0.10559662090812869
-1.6913319238900648
-1.6129032258064553
-1.092896174863384
4.530386740331493
4.7568710359407955
-4.4399596367305705
2.8511087645195308
0.6160164271047279
4.897959183673455
-5.155642023346298
4.820512820512827
-3.6203522504892462
-3.4517766497461917
6.519453207150379
-3.2576505429417577
7.551020408163248
-1.9924098671726669
-0.9680542110358146
-0.2932551319648205
-1.4705882352941038
0
0.3980099502487477
1.9821605550049484
-3.012633624878511
4.609218436873738
-5.651340996168582
2.5380710659898478
-1.9801980198019733
0
-0.70707070707071
-0.10172939979653903
1.3238289205702547
0.40201005025126557
0.20020020020019594
4.7952047952048
-1.9065776930410014
3.49854227405249
-3.380281690140856
0
-4.9562682215743425
-4.396728016359916
1.176470588235307
4.01691331923889
-2.6422764227642257
4.279749478079333
-3.9039039039039096
4.791666666666676
-0.39761431411531734
3.692614770459092
0.09624639076034443
3.8461538461538494
0
-0.09259259259260706
-1.2974976830398406
0.8450704225352099
-0.9310986964618216
-4.793233082706765
3.652517275419538
-3.428571428571423
-0.6903353057199239
-4.170804369414101
7.253886010362686
-4.830917874396135
0.10152284263959174
-2.028397565922914
0.6211180124223654
-1.1316872427983662
0.10405827263267209
-3.326403326403311
1.9354838709677387
1.7932489451476785
-3.419689119170985
2.4678111587982876
-3.560209424083768
3.040173724212805
-3.055848261327723
0
5.00000000000001
4.865424430641829
0.09871668311944508
-4.437869822485218
6.811145510835915
0.4830917874396204
-3.8461538461538494
4.0000000000000036
-4.519230769230775
3.524672708962736
-5.252918287937735
0.1026694045174516
-3.6923076923076863
3.7273695420660236
-0.6160164271047279
4.442148760330576
-3.5608308605341192
4.923076923076928
0
4.985337243401757
-3.258845437616384
3.464870067372468
-2.6046511627906916
1.2416427889207162
-2.2641509433962286
0.38610038610039504
-4.999999999999996
2.9352226720647683
-7.5712881022615495
-2.3404255319149003
-2.1786492374727593
4.788418708240531
0.10626992561104981
-3.290870488322723
7.135016465422616
4.200819672131149
-5.6047197640118025
2.2916666666666736
-2.7494908350305454
4.921465968586375
0
4.990019960079841
-0.1901140684410606
4.761904761904762
-3.7272727272727284
1.8885741265344598
-5.0046339202965635
3.41463414634146
-5.660377358490563
0
-3.200000000000003
3.3057851239669453
-1.6000000000000014
4.674796747967489
-3.4951456310679725
-4.426559356136816
5.2631578947368425
-3.4999999999999964
1.9689119170984404
2.0325203252032447
-0.1992031872509918
1.2974051896207663
0.4926108374384131
1.4705882352941213
-3.3816425120772915
1.999999999999993
-3.6274509803921493
4.069175991861652
-3.4213098729227727
2.2267206477732677
-0.1980198019801938
3.670634920634913
-0.5741626794258251
0.09624639076034443
-2.9807692307692353
-0.8919722497522286
0
0.5000000000000071
-0.49751243781095233
2.5
-2.3414634146341484
1.3986013986014043
-4.926108374384237
-3.316062176165806
-1.7148981779206875
-3.05343511450381
6.749156355455564
4.214963119072712
-2.0222446916076953
-3.9215686274509705
3.3297529538130903
-0.2079002079002035
-1.041666666666663
3.684210526315786
-4.8730964467005125
4.5891141942369424
-1.7346938775510194
-1.2461059190031254
4.83701366982125
3.6108324974924715
-7.4540174249757944
4.288702928870294
-4.7141424272818515
1.9999999999999947
2.8895768833849447
2.2066198595787245
-2.257114818449447
1.405622489959827
-3.762376237623753
0.8230452674897126
1.5306122448979447
2.512562814070352
-2.450980392156863
3.517587939698507
-4.271844660194187
1.4198782961460505
-0.600000000000005
0.6036217303822988
-1.6999999999999993
1.7293997965411996
-4.199999999999999
2.192066805845502
-2.3493360572012123
2.9288702928870225
-2.540650406504065
-0.9384775808133458
-1.3684210526315872
-2.347918890074695
1.7486338797814223
2.040816326530607
-0.5263157894736917
0
-1.2698412698412616
-1.9292604501607686
0.3278688524590094
4.901960784313737
-3.634475597092434
2.047413793103462
-0.10559662090812869
-4.545454545454561
5.64784053156146
1.4675052410901528
-5.785123966942154
-0.7675438596491065
4.198895027624298
2.5450689289501613
-6.7218200620475725
4.212860310421295
-5.106382978723409
-3.587443946188344
4.069767441860461
-4.469273743016744
0.7017543859648973
4.413472706155642
0.3337041156840863
4.212860310421295
-6.808510638297878
4.908675799086755
-7.18171926006529
-1.52403282532238
4.642857142857128
2.0477815699658874
-3.232998885172808
4.60829493087558
-2.643171806167403
2.3755656108597383
-7.071823204419895
1.1890606420927425
-5.28789659224441
0
-0.9925558312655095
2.1303258145363397
0.8588957055214759
-1.4598540145985521
-2.0987654320987645
-3.909205548549806
3.1496062992126013
4.198473282442737
-1.0989010989010972
0
1.2345679012345636
0
3.292682926829285
4.958677685950412
-1.6872890888638958
-0.45766590389017076
-2.183908045977006
3.4077555816686362
-2.0454545454545623
-2.5522041763340937
1.3095238095238027
-1.2925969447708512
-3.452380952380963
-4.438964241676936
5.935483870967753
-0.12180267965897153
-3.2926829268292632
-0.3783102143757801
-0.3797468354430411
1.651842439644217
-1.8750000000000044
-4.458598726114645
-0.5333333333333338
0
-1.8766756032171539
4.371584699453543
-5.8900523560209335
-1.9471488178025114
6.241134751773056
-0.5340453938584784
0
0.5369127516778528
-4.272363150867827
4.741980474198045
-7.589880159786944
4.610951008645524
-4.545454545454547
4.617604617604622
-3.31034482758621
-4.422253922967184
8.208955223880595
4.551724137931036
0.13192612137202886
0
4.611330698287228
4.659949622166248
-4.572803850782199
0.8827238335435093
3.6249999999999893
2.533172496984329
-0.4705882352941076
4.6099290780141695
-6.666666666666665
2.3002421307505996
-6.272189349112419
4.797979797979808
-5.542168674698805
4.974489795918375
-4.252733900364527
4.31472081218275
-1.8248175182481794
4.956629491945481
-2.833530106257381
2.06561360874848
-1.9047619047619064
1.9417475728155356
-3.452380952380963
-1.4796547472256378
0.37546933667083054
2.743142144638412
-4.611650485436892
4.198473282442737
-2.4420024420024333
1.5018773466833444
-1.109741060419234
3.865336658354121
-5.642256902761101
4.452926208651407
-4.872107186358115
-0.12804097311139293
0
3.7179487179487185
-4.079110012360941
4.381443298969071
-5.06172839506172
-4.94148244473343
5.061559507523942
4.947916666666677
0
4.962779156327548
0
4.964539007092197
0
4.954954954954949
0
4.935622317596557
-3.476482617586911
4.131355932203396
-8.748728382502538
1.4492753623188295
-2.857142857142855
0.6787330316742137
-1.5730337078651748
-0.6849315068493208
0.11494252873565017
0.11481056257175415
0.8027522935779645
-2.9579067121729214
1.641266119577967
2.076124567474045
-0.9039548022598879
0
-1.1402508551881374
1.38408304498269
-2.2753128555176256
-0.9313154831199077
1.1750881316098667
4.413472706155642
-6.674082313681865
-1.0727056019070305
6.024096385542168
