2.1269841269841234
-1.7718371153248333
-9.27215189873418
2.5462155563306634
4.115646258503409
-0.1796798431885042
-1.9145802650957364
2.736069402736066
-3.962325430334521
1.4541765302671665
3.4833333333333294
3.6237719439523275
-1.554243083618278
0
0.07893905904641617
-0.6152389966871711
4.111111111111107
1.84479341363013
-6.676646706586829
0.6095604748155388
0.17538265306120998
1.8621677542575277
-1.5781250000000036
4.508652167010633
-3.919185781558553
1.3122529644268703
-0.6242197253433209
1.1306532663316655
1.3975155279503106
0.19908116385910482
3.117835855112348
1.3191047873128763
0.49736688121708267
0.14556040756914118
4.055232558139531
1.508590585277283
-2.4907114352552666
1.6088060965283626
-3.3888888888888857
-0.5175388154111591
4.291907514450874
1.9260080365802932
-2.5557368134855993
-0.934709821428562
0.4928883255879453
1.27522421524664
-0.8163830081638426
1.0602678571428603
2.1258972943125314
1.3381995133820075
-1.6006402561024409
0.582892774840715
-0.5795148247978376
0.311779856310147
-3.0405405405405403
0.34843205574912894
-1.0277777777777746
1.5296098793151807
1.9212163096060784
7.648494711147272
-5.631141345427051
-2.5497263382725968
-0.7945205479451992
-0.13808340237503453
-0.45630530973452266
0.027781636338386647
-1.138730731842806
2.6970080067425264
-4.0623717685679175
0.38494439692045135
-2.0877716233489627
0.3771395416304066
-2.341040462427752
0.02959455460195997
-1.9526627218934978
-0.12070006035002333
2.3716012084592215
-0.545964290984218
0.29673590504451036
0.6952662721893559
-0.6757749375642753
0.28102351723117547
1.5929203539822943
-0.9872241579558587
0.6598240469208211
0.3350327749453685
-1.1614401858304297
-0.558166862514682
-2.00886262924668
0.09044317154055212
0.843373493975907
2.4940262843488545
-1.4570887367040655
-0.6358125092414542
1.4583333333333266
2.376063361689652
-1.4613180515759376
-1.6574585635359085
0.6652868125369604
-0.014686444411811241
2.629259694477099
-0.38643194504079653
0.8620689655172413
2.4501424501424567
-1.6407119021134688
-0.7492225049476894
1.338840620994157
-0.21082220660576248
1.309859154929571
0.639510635339917
-1.2985218952894015
1.4835549335199472
-0.5930216521859147
-0.47169811320754407
-1.881795372177307
2.7986929961642346
-2.1558872305140993
0.875706214689272
-0.07000840100812097
-1.3591144738685785
0.2698863636363604
0.7366482504604116
-0.09843903810997685
-0.1829954954954891
-4.9217317726695775
0
0.14832393948383268
2.710308056872031
-0.5046863734679163
2.4347826086956457
-3.367289190718726
1.3616398243045322
-1.935577061967352
-0.04418912947414266
-0.8989095195991781
-1.7843866171003717
-2.7403482210446666
-1.899128268991272
1.5709298635353819
-2.0465552257459807
0.7336523125996847
0.14249525015832445
1.3122529644268703
-0.46816479400749067
1.8814675446848543
-0.7079101261926607
-0.9919404835709997
4.398872886662496
-2.819013345329128
-0.8949236228977114
4.686283668067885
-1.204640095181443
2.1526418786692862
-0.5894488653109342
-0.16305959086866628
0.1633259094283627
-0.474355173436117
-0.19362526064938257
-0.10446202059394799
1.6582013743651065
-1.5282880235121201
1.2684673929264287
-0.9431181844974914
0.9818506396905546
-2.1950500883912754
0.18075011296882745
-0.49616599007669043
0.6799637352674525
-2.70148581719946
-0.5244485577664627
1.4730966041246705
1.1919315403423087
-3.186348535185748
1.263453439401033
0.38508934072704865
0.18413380389748837
-2.588451523969977
-2.012578616352194
3.3857509627727707
0.24833152258265137
-2.631986375599938
-0.5724280489744034
1.2793858947705103
0.45791883783358456
3.4894687205281247
0.09113001215067175
0.030349013657063047
0.12135922330096396
-0.7575757575757576
0.47328244274809506
-1.1092539127792231
0.6453595574677391
0.15267175572519084
-4.4664634146341395
1.2924844423168835
2.063642091997483
-2.963420280907537
1.6223954191188057
-0.9704179057755411
-1.3592539908329417
2.8360839609036903
3.7083203490183965
1.847956730769224
-0.560554654078766
6.586559857587892
0.7376478775226102
-3.0533296490743176
0.6698019096479879
-3.864665911664773
0.9571491680164924
-0.4229871645274179
-0.2783067233045394
0.7197414806110592
0.42292547761411364
1.5538774324716718
1.3728013728013762
-0.04231908590773798
-1.764041772509173
1.7526217497485894
0
-0.056473245799799135
-2.5003531572255873
2.1587945523036765
0.482201106226064
-0.2399435426958427
0.6366723259762309
-0.49205679741318714
0.5368748233964493
3.428892636312532
-0.10869565217390686
-0.054406964091416064
-0.10887316276537215
2.234332425068117
0.14658848614072797
-4.178310046573516
0.013886960144427543
-2.6798111635656854
0.7704380082750717
-0.594648166501477
-2.065232872810141
1.6143106457242615
1.4598540145985304
-3.0751869092960864
0.4220637461795921
-0.5797101449275363
-0.8746355685131195
2.426470588235294
0.05743000717874763
5.366623618883624
3.00966907258614
10.999471179270232
0.035731300619337124
-4.167162757471128
1.4908684308609765
-5.533112988125833
0.20733445639496034
-3.2328979697400753
-3.7284511559534916
0.18045530260967077
3.8935845919356944
-1.907175246732456
11.760707002039428
-8.199513381995132
0
-0.2252849191624762
0.5047151016071282
1.281881855424862
1.030793319415446
-1.4981273408239584
2.0060312049298483
0.6298200514138789
-0.01277302337463568
-0.5493101686254414
-0.1926782273603083
-3.2175032175032174
0.02659574468085711
0.5450678011167122
-0.10577813037153967
-1.8927862342819264
-0.2833243389098789
0.6223785685292954
0.22858679575096566
-1.8111081298631608
0.2869244432299526
1.7166212534059977
-1.955531743905709
1.366120218579235
1.0646900269541748
-0.5734097879717235
2.8031115879828294
-3.4311806914546583
-0.08105917319643646
1.9334775554353643
-1.2999071494893162
2.1099314608251487
-0.2500658067912579
-2.1638738619870668
-0.1753202966958806
-1.1753580113482902
0.0683526999316473
-1.3251366120218642
0.5260971895334443
-0.9778267456273272
-0.6954102920723226
-1.9467787114845907
0.285673475217826
1.751887195556182
0.2519596864501775
-3.2812063669366096
1.4580626533852907
1.408651109846342
-1.767924793040553
-1.6140551349807268
-1.9889663182346011
-1.259072729965931
0.5100510051005066
-0.8507462686567232
1.7461990064729827
0.9025003698772042
0.2932551319648094
0.4239766081871312
0
-0.40762847576065725
0.27773717292793115
-1.982507288629741
2.052349791790611
1.2824249489944555
3.5539568345323804
-4.182298179797141
1.4936194895591581
-2.186026575225026
-0.3651767455448437
0.923618237795038
-1.7867518884369487
4.511166987132081
-1.3444664590999151
-0.6885669200975567
0.18777986422072343
-0.20184544405997365
-1.7191563132042893
1.3082463618991755
-1.6540917005223579
-4.101504868692824
0.861538461538465
-2.9438682123245985
0.2671695741002743
0.2507836990595647
-0.031269543464672526
-1.3919299343134153
-0.3806502775574904
0.9393408692883263
-0.094637223974767
0.28418061256710897
0.377833753148611
-0.17252195734002865
0.42419481539670784
0.6257822277847309
1.4769900497512436
0.12256779531177485
-0.5355776587605203
8.70769230769231
-0.33965468440418584
-0.7100255609201931
-1.3014874141876462
3.1154905086219387
0
-1.110174255199547
0.014210601108413962
-2.4722932651321368
1.2674825174825242
-0.28772838440512155
0.12985139229548076
0.2593659942363047
-1.9833285426846732
0.10263929618768995
-2.8856012889995672
-1.7797888386123613
0.3992628992628853
0.3670847353931005
5.9737884791222085
-7.405809605982169
0
-0.8231091784438507
0.5010961478233529
-1.1218448114677364
-1.355184368105897
1.3099041533546398
-0.7883948281299274
-0.31786395422759056
4.241071428571414
1.7436524931171753
1.6235718580877863
-0.4289940828402333
1.5153766156588815
1.9610712717693681
2.0094732309458876
0.6472491909384985
2.7820494897246038
-2.856365614798694
-1.0081209745169484
-1.4002828854313971
-0.15779658585569112
2.0402298850574776
0.028161081385515596
2.1114864864864864
-0.7306313757926599
-0.7776697680877688
0.2099370188943317
1.4525139664804438
2.340308370044053
-2.5289211729889636
-2.083908363234891
3.9605355884425686
0.6100867678958785
0.6737636437137852
0.9904965868022991
-1.073558648111335
-1.9158628081457603
0.9015161863133483
2.9646676594016483
-2.2482250854588512
1.331540013449896
-1.3936819750464562
-3.055592946560766
2.832546514856981
-0.08101539292465876
0.364864864864871
-1.1714016426551832
-0.39509536784740834
-0.2051702913418137
0.15076754385965224
-1.1906391131791494
3.53185595567867
0.7357859531772575
-0.650730411686584
0
-1.4169228712738968
0.9627118644067827
-0.05372011818425695
-0.25530771298039384
-1.4818806412501684
4.334746342130459
-4.587155963302752
2.431318681318688
-2.4138393455813327
0.06870963309055929
0
1.5929689645701604
-1.5274398486077259
-0.09608785175017782
-0.4534212695795486
-0.2070393374741201
1.5491009681881114
0.28602560610186717
-1.4532120059758158
2.522050716648285
-4.261325446968669
4.998595900028069
-5.40251404118748
-0.3392705682781987
-0.38297872340426176
-2.520290474156334
2.1326321939818906
0.08581235697939202
0.5573020863103875
0.014210601108413962
0.4546746234725839
0.6789250353606725
-1.1520089912896787
