0.3755868544600992
0.5846585594013096
-6.3473610788188815
0.12413108242303872
1.6860897594842577
0.9022189709826843
-1.0633156114064848
-1.8075232046897844
1.3681592039800996
-0.8588957055214724
3.985148514851491
3.9752439895263003
-2.6327838827838828
-0.6113331765812421
-0.7570380884788239
-0.8581644815256312
0.5530175522962278
0.19129603060736763
-0.429594272076375
-0.0719079578140008
1.4871671863756406
-1.9853462538407076
-0.5063901615625671
0.5816771691711045
0.6746987951807256
-0.43082814743896874
0.2163461538461484
0.3837850803550067
-0.645161290322578
0.5291005291005264
-0.6937799043062146
0.6504456757407826
0.8855911919578718
-0.35587188612099646
-1.4047619047618993
1.4247766240038582
-2.0714285714285685
1.628981278871867
-0.9330143540669802
-1.2315865732914808
1.1002444987775062
0.2418379685610641
0.16887816646561848
0.19267822736031104
-0.3125000000000027
-0.6510730648661656
2.6699029126213594
0.2364066193853428
15.495283018867923
-2.5730038799264787
8.300146719765253
0.8322043739113517
0.19193857965451055
-0.7662835249042146
1.4671814671814716
-0.9512937595129376
0.710718401844013
-0.057219149341971115
-2.7099236641221354
0.4315417810906215
1.171875
0
1.5637065637065681
1.387568903250324
1.012373453318331
1.633259094283606
-0.712198685171654
0.9748022806694784
-2.4408014571948957
0
-0.9708737864077754
-1.2066365007541435
9.999999999999996
-1.30117973629424
-0.3164000703111188
0.8464115676247495
-1.6786151425074354
-0.4090343233149484
-3.250000000000008
-0.3322259136212541
0.11111111111111532
1.4798372179060302
-5.322639445862203
8.779360800924147
-9.929203539823012
1.1790135586559245
-0.34958244319284415
0.17540440459948883
-3.307392996108949
-1.3682092555332015
3.4475724194206516
0.29579964504042594
1.0027526543452658
1.2069301148530136
-0.6155029813425528
-0.2709502612734838
3.8424218901610847
-1.6258643244253494
11.892097264437695
1.5280135823429541
-1.638795986622066
-0.1530091805508485
0.9024348714456102
0.2699966250421908
-4.173678895994626
0.1053740779768217
-1.6491228070175399
0.7670353193007411
-1.7525225703664327
0.46846846846847257
0.44835007173601144
-0.03570790930191849
-0.017860332202183023
1.3933547695605697
-1.409443269908386
0.1250893495353702
-1.5527396037836754
1.3234227701232695
-2.791196994095549
0.09203018590097553
8.789996322177284
0.6254225828262224
-1.4110532504619482
0.187425455784635
-4.115646258503409
1.614047534586737
-1.8851457496945287
1.6723003024372847
-0.7174103237095403
-0.9340853013746836
-0.8183597224693155
-0.053811659192816955
-0.7358219669777499
1.229434098716318
-1.339524915163422
-1.6292541636495295
-3.27567169672432
-0.8751902587519069
1.1516314779270633
1.1764705882353028
-2.025506376594161
1.2633996937212908
-0.49149338374291546
1.7857142857142814
1.2504665920119533
1.3456221198156597
-3.9105129137868317
1.5900056785917267
1.714179243525234
1.3921963729620852
3.017163504968391
-0.2630655910206945
-1.4946368911552663
-1.8029275258836168
5.071805126340661
0.03460207612457534
-3.38983050847458
0.01790189760114979
-1.6645784857705508
0.1274117218784211
-1.1270678058534893
0.7722007722007805
0.23718299580367716
1.9111758281761924
-2.9290944811573456
0.4783808647654136
0.6592199230910131
-1.3825723121702787
10.662239439217847
0.35005834305718
0.24916943521594684
-0.26512013256007005
-2.1930553248047735
1.8345507049430871
-0.18348623853211388
1.0528074866310275
-0.8930047957665107
-0.0834306691139663
0.18370073480294302
0.01666944490748837
5.899999999999996
0
-2.1875983632357534
0.016090104585683464
-0.22522522522522156
0.048371493066745326
-0.06446414182110834
0.14513788098693392
-1.4653784219001647
-1.0132374571008225
0.34670629024267935
-0.5593945376768636
-1.5221707478490953
0
6.2836021505376305
-0.0948466645589666
0.33227848101266183
1.4035641066077869
0.4354587869362293
0.3406627438835623
-3.132716049382709
0
2.9631989804046373
-0.09283614420546327
-0.6039956636208906
-1.2620754129012013
0.915259586555145
-1.3760750586395551
-0.2536863802124659
-1.4306151645207439
2.886631188517977
1.755485893416935
-1.81762168823168
0.3137747097583935
3.112292774476068
0.40952525405734047
-0.36253776435044976
0.212249848392962
1.8003025718608134
-0.4309704265121084
-0.7164179104477544
0.10523150932049485
-4.895629974470645
0
2.4474972366966683
0.9556103575832376
-0.2748091603053366
0
1.0716472749540722
-1.529839442593157
1.5536071373634859
0.3180854286579686
-2.3554280537520627
2.0411319004174935
2.0457645097742083
0.6237006237006305
-0.02951593860685441
0.01476232654266648
-2.6125461254612614
-1.1670203091845912
4.017788682717364
0.014742739200946889
6.692216981132073
-0.34539928156949434
-1.5943435463746014
-0.11270780501549092
-2.3413258110014135
-1.1554015020219526
4.953243717124486
0.5151051092858201
-2.6869806094182795
-0.09962994591517868
2.3080210856247394
1.364712435593922
-2.9537024316526996
-0.09909399773498469
-2.9190874309196575
-1.6056050211647934
-4.569055036344766
1.632208922742111
4.099112878556144
1.0725830149867697
-0.3343509230992811
-0.23337222870478744
-3.654970760233918
1.062215477996965
5.675675675675669
-1.3782324524012408
0.21610718916582625
0.11500862564691698
-0.6892590465249792
0.6362058993637908
-1.1350574712643646
0.8138351983723329
-1.1820671760126922
1.7797228300510644
-1.9062634370073195
1.6656925774400901
-1.8396090830698413
0.014641288433385467
2.957107304933382
0.14218683349921798
1.505040465710638
0.6993985172751433
-0.83344909015141
0.5182798711304168
-0.7943143812709094
-0.26689141733389204
0.9718309859154898
0.9764262798158739
-1.6576875259013677
-0.4073605843517316
0.8603667136812444
-0.5733463851209653
0.32348804500702594
-0.36450301415952746
-3.1658927817644575
0.973554199360641
-0.2158583968916391
0.6489760599942314
-0.4155323112193692
-0.7194244604316546
-0.5797101449275363
-0.8017492711370262
0.7053637031594349
0.6566467240624544
-2.9718759060597275
-1.9722097714029483
13.778387440938879
-0.4152712659075717
2.703793381759487
0.7727570399476067
-6.680530283337664
2.9944289693593316
-2.9614604462474614
0.06967670011148272
2.2002506614677557
1.6078484807194535
-3.8487327343435758
1.7991631799163148
0.08220304151253909
-0.054757015742638915
-1.3422818791946403
-1.1384145494932574
-0.9408790900154537
1.063226538134392
-0.5049796605414536
-0.014098406880009736
-0.08460236886633146
0.04233700254021373
-0.39497813513894126
-2.081858093754432
-0.8967312698871756
-0.16053706946877155
-0.33620815670224646
0.13200352009388253
2.153215175040271
-0.07169486664754804
-0.7031137896398303
0
1.5462427745664806
0.15653906361177017
-0.31258880363738734
0.2708095781071803
-0.38379530916844995
1.7408675799086823
-0.3927068723702601
0.09856378484932861
-0.32353354902235965
1.5805814281682093
1.2781328146707482
-1.5912208504801129
1.8120992472818511
-0.5613362541073416
-0.12391573729863381
0.6203473945409429
0.8220304151253597
1.6306563391765185
-0.21393234389624585
-0.8575639823127399
5.852142181375871
-0.7788559754851918
-1.6600180156993922
0.1046846375294366
-0.4052287581699376
0.013125082031765684
-2.7821522309711346
-0.16198704103670786
3.217955651703617
2.017291066282418
-2.4910118130457084
-0.7505925730840047
-0.636858166379205
0.280411269862468
0.3728362183754933
0.026532236667557108
-4.575596816976128
0.08339124391939162
2.8468268296069987
0.013502565487445684
0.2565141082759521
-0.08079719903043667
6.185983827493259
-0.02538393197105366
0.9013583851720082
0.9687971816809318
-5.258566978193152
-0.052610811521764736
-0.8553757073299119
-3.5837536501194585
3.6481277533039647
-0.10625581086465062
0.7711740460045146
-0.09236046971895129
-0.6999471737982129
0
6.543423327570162
0.46186493571338555
-3.19333996023856
1.6300859966628072
-2.424854761303351
1.9414962464405903
-0.07618080243778856
0.07623888182973605
-2.9202640934484507
0.6931729008631905
0.532536693077026
-0.14211886304909854
-0.9056799068443525
0.0261130695913364
0.8223469520950208
1.6183324702226827
-0.31851191234552173
0.012781186094072436
-0.8306709265175719
1.7783505154639117
-2.114459356799181
0
5.562023024188332
0.4778826124249451
-3.085365853658531
1.8623379891783005
-2.8906732550957353
0.2162574736038585
-0.6346788525006347
0.1532958610117585
-0.06377551020408163
1.595405232929164
-0.9673366834170911
1.0148420652036028
-1.7706894386537624
0.8309895167476349
-0.4437682261950044
-0.2419765664798893
0.7149240393208252
0.1647864114590022
0.48089091369273024
1.2468513853904253
-1.5922378405274231
-0.37921880925293894
0.45679482299200896
-0.4673487432108179
-1.7258883248730994
-0.05165289256198054
-2.3255813953488373
-1.8386243386243357
-1.953914566769977
0
0.9895547003848174
0.1633097441480737
0.326086956521736
0.5823401950162607
-0.996364615591772
0.4351965184278588
-0.013540961408263065
-1.1375947995666276
0.4794520547945205
-0.7770961145194336
1.401483924154994
-0.7859078590785846
2.0349631248292783
-0.46847811537946726
-1.6137708445400754
0.054674685620554574
-1.7349726775956347
-4.89364660086194
5.642449934220147
-0.0968590009685963
2.2991689750692554
