-3.8936076261721104
-2.0256756756756706
-1.7516999765520476
0.5194367620839241
0.959483806092091
1.6323594510845507
-2.3996842162574206
0.4518513353322591
1.1328770356384286
0.05765666826823829
1.2910395543787008
-0.09346047570028371
4.910587182581119
-0.0012923068970466108
1.778237270612566
0.3098176646858606
0.2518987341772106
1.0025379108322143
-0.2262697986073827
-0.011276499774465447
-0.5125120609500964
-0.003778623069744218
-0.7658298799612069
-0.9925999263800542
2.5948385277111785
0.5785691971259004
4.370837888877847
-0.019046258600580478
-1.8335516132872962
1.3608247422680502
2.689896137462299
0.8389652761594034
-0.623988906863878
2.2720930232558096
-1.7338608818245902
2.046766710247714
-2.878750085035938
1.949590819411854
-0.9252367483882705
0.5536228198934321
-1.1103448275862111
1.5180045098449493
-3.4485917105564545
-0.3403377288682159
-2.908104377625213
0.004902141010092843
2.593105476648575
3.897655195480001
-4.871234766613023
3.390014865305827
-3.1701500911768705
-0.013279250567390552
-0.3356474494415849
0.001211431063497702
-1.6220865435867573
1.3188193426836972
-1.8242586290714677
3.9861845281570707
-0.019047845807692518
1.3776597644761528
-3.1313131313131355
1.7096297014816793
-0.020266081731902492
0.05723347681447139
-0.30864565333968463
-0.7734053743903692
0.22286739992049057
0.17669543476693905
-0.39956324018191636
0.015661141094847383
-0.025294804928877798
-0.12168674698795619
1.0205189447399892
2.931518299599976
-2.837587006960561
-0.6113140864913784
0.020422382931680024
-0.7674845962598594
0.29774872912128253
2.514903579272556
-1.490288404944089
1.5188088523493184
-1.5066800070625626
-0.20316701523752614
2.3890784982935154
0.5847953216374269
-2.4709302325581395
0.030998509687038614
-1.547061417623164
0.0024212195683053594
-1.4914351431511388
0.017204723925621966
0.9252091857421969
1.0469929388848307
-0.4939759036144578
-1.316139968519189
0.9435235512803276
0.2576818358615192
1.2075069104311185
0.6205079060852812
4.959641896235629
-0.18601696837711126
-1.7727272727272727
-0.6247107820453494
-0.7916181606519208
0.01877493546116362
6.106574686752077
1.4274499397397238
-1.8030785331182297
-0.08548147161347842
-1.8266463705958782
1.7372703917063728
-3.0592266275085658
3.2475729269468223
-1.4193304583648325
1.4217261401431913
-3.9775001111654706
0.8358609831207106
-1.1814006888633712
-1.6625808925189711
0.03189981096409177
1.4007818866854682
-1.5584778633245115
-0.6093592853339644
6.971428571428576
3.4321581196581157
-7.848074026253494
2.7333442309039575
-3.9653585188721223
-1.0603801273402749
-1.3384847252458247
0.0763793751439823
0.4688295011266313
-0.6426874706087959
-0.5230582524271888
-0.6929448938013063
-2.0233166668714233
0.0589312134814646
0.9335722609992355
0.40722071859557607
1.2661671241684664
0.8937947202617869
-1.4716204768244023
1.7220625445255207
-0.2209717928902759
-0.7648276112448891
1.8536359312691308
1.0105242992780215
-2.4275469685295947
1.028949062769524
-0.509835986725021
1.2291515591008064
1.1736332485642904
-3.219258909605845
2.404526166902391
-0.303629262716708
0.471760083125321
-0.47429984308876943
-0.8062108091967751
1.1161950632149396
-1.1634137918715926
0.0012048192771128168
1.1264924518981698
0.670749142203575
-2.0509118451105843
0.9786627359060484
0.10768641715324974
-1.3840747735041843
1.6665050661754013
-1.6475328731685672
0.39272251245439005
-0.7232115907032857
0.9972514776348114
0.0012041519158100787
0.8501210158103066
0.21849963583395332
-0.1346263820053504
0.2362120181811805
-0.0035705359374571997
0.44157204408579553
-0.5261349227979907
-0.2918577640121508
0.3058542413381167
0.40973843441802416
-0.3784104389086552
1.001416987175675
-1.6269364080073565
0.07070779703266503
-0.14610603465827626
-0.4029791674162603
0.050576207506963
0.0012035866883356057
-0.7426040488168972
1.783700542021855
-0.13461996664283146
0.10378517661372717
-1.4943871106132427
0.1705782724413303
0.24275069141677472
1.1698513288836236
-1.070582210948753
-0.3286226737607347
-0.8429849881040216
2.0851856814002017
-1.8230626976078181
0.18714985356131145
-0.6040683640421767
1.9001012899210517
-0.029940119760479042
-0.004791853848453264
-0.7799115860598335
1.3644047331562426
-0.01667659321023986
-0.5242089210827297
0.364089297690903
-0.18377088305488826
-1.7526241541735452
0.2689218788026328
-0.5266926372252719
0.4794612465992322
-0.23919378339000397
0.9907135815391535
-1.5630837460983251
0.4174828599412385
-0.12313919605955016
1.6625976562500089
2.4735236905934053
-0.4007405497879207
0.47058823529411764
-0.502341920374703
-2.0265737722281805
0.8468570193035352
-1.1363365652619248
1.1542168674698707
0.4537983277353006
0.0723271558828106
1.7002369668246446
0.7747422380147958
-2.504046242774571
1.9754784547157773
0.17906976744185624
0.5165169347911879
-0.9110959710851123
-1.4089266985199818
-0.5390007210316705
-0.40881811159307907
-1.2971205594205406
-0.4086369901104925
2.452170535107313
0.40167780463528646
-0.40951200802502774
0.5545812200786971
-0.8803148863957849
0.0023778668156883044
-2.4313110056948557
1.1149562547218093
1.8582567093671913
-1.7746648841143833
-0.021680739072296503
-2.6070718631407703
3.981890377407499
-0.525814894123254
1.6922193786026933
-0.03998447661495697
-0.3635336886316267
-1.403943795017117
0.2718530317002061
0.9065067838716017
2.9318119947447405
-0.09774159422289684
-0.39710401823225405
-0.04506899022349176
-0.3179374530319672
-0.6031083275342148
-0.11668611435239207
-0.6974299065420646
0.3493994329611982
-0.7725674091441926
0.37570444583593376
-0.1871490954460344
-0.19339622641509005
-0.017722954771019424
-0.7456777868377868
0.005953089653530182
0.029763676409310078
0.7153058795524918
-0.12644615402796855
1.0412476039472751
0.04332857109399639
-0.8556612939097091
-0.9456906729634045
-0.04529255414247217
-0.38993095717915033
0
7.9895611367826245
0.5498403689251549
5.180587405186096
0.6048027839795471
-1.1439883309022638
2.10577348706814
-5.624483897605281
1.2369983922302104
-2.1942049653205458
2.0545448520396326
1.4232988061607732
-3.100121657097731
0.9140868492637746
0.4037934760070282
-0.9923805176030813
1.8070437379237703
-1.8504539866715592
-0.5680195126238646
-0.5557949635915745
0.0044445432120875485
-1.5055220995088996
1.0716662718422507
-0.3113943547217145
0
-2.5269262634631198
0.27222292415661326
0.42612660083851556
0.93190372989621
-1.6567405381581515
0.2068466232288758
-2.7155651884726217
0.4349722395765971
2.3943099927231755
0.6396001925677915
-2.6378132118451068
0.36965981938140896
-0.7668997668997585
1.1005144347090614
0.7795164906655556
1.369452449567715
-0.11826514134958309
-1.4037844115035099
2.4226048198057675
0.339349936301428
0.18202247191012053
0.9398622731656902
3.3588888888888806
3.2002838007804604
-0.26666666666667044
1.0016293449197824
-0.5811608740163068
-2.119803205708294
6.275039052952616
1.9318454523638182
-2.1797135569943173
-0.7190276579955366
3.1009787779921414
0.889576863163869
-2.292700453490521
1.3496591067204784
-4.1117517847336735
2.0975016107094318
0.10116793877837575
-1.8662130384750089
0.9656367900479323
-0.822081056788243
0.9592374978361224
1.8508245499016591
-0.9100812041988476
-0.4607189614335292
-0.5983935742971924
-0.5080602803927041
0.5147155866437794
0.03333063994829803
0.5876354237134006
0.39950613814080177
-0.6178702472480888
-2.172972646700804
0.8123978075542713
2.005447145349019
-2.211022110221106
-0.8262772528326511
2.4159620540317515
0.8708959656877059
-2.3415977961432364
0.956644385846554
-0.7967361153293133
1.845067404149353
-2.2214651449413214
1.4193191367260354
-0.7214526054139405
0.24732069249795013
-0.6974902534113134
0.5684548456686027
-0.20535759670615286
0.9514786630400606
-1.129196645710783
4.083569780971242
-1.22868433697133
0.0009927923277045032
-2.3270821130382267
1.0296494313042
2.083584852509159
-2.864970877231028
5.307426948051952
1.5502307521846752
-2.7447817836812076
-0.3668042182485134
-0.7588293466234541
0.5367220490153483
0.3601570166830297
0.13005172734116843
-1.926757812499993
0
2.0064325330837325
0.6618379180414212
0.8902249806051132
3.459312943347637
-1.9649377072939602
-0.7003278937093824
0.22427302138705707
-0.7027366737130709
1.8814729574223314
1.654712825436261
-3.492592592592599
0
-0.16310396438576966
0.04132310826655415
0.20460898550445503
0.9413885001054578
-0.4909968089956003
0.20805695797823126
1.224796898959004
1.5966805603906622
2.848675680681611
0.6519233539835726
9.046341027017363
0.8925934433760974
-4.607253211904378
1.7602332202465178
-0.35517134504393266
0
-2.0696902189903805
1.9778012412763124
-0.6986708418562758
1.7233633134690147
1.1466666666666696
0.34191273398365407
-1.8975129525170198
3.3143622363575496
-3.9654893065456904
-0.03711670673583564
0.8438747352343018
0.16736261621241663
-0.20133499302428853
-1.556169429097603
1.7788964379554502
0.4244191389638583
-0.9983278009334364
0.6655406257090185
-0.4774903374988431
-0.18453124868940873
-0.7747834051814751
0.0016937812820292143
-0.7672699248820756
0
0.5871559633027461
-0.5599721710799828
2.439357354333946
0.02748579900384195
-0.832674132978059
0.005037994878041596
-1.0293784267134647
1.8027571580063626
-2.5
0.0025641025640963456
1.6914096219755175
-0.003361853053415266
-1.5397804636151131
-0.09048537722158984
3.6936090225563847
