0.4511278195488679
1.0479041916167708
-6.518518518518517
0.9508716323296378
0.9419152276295044
0
-2.0217729393468074
0
0.158730158730161
1.426307448494451
-1.2499999999999956
0.632911392405061
-0.7861635220125786
0.7923930269413629
-1.7295597484276752
-0.47999999999999543
-0.9646302250803881
0.649350649350647
-0.6451612903225784
0.16233766233766464
0
0
-0.324149108589956
0.6504065040650383
-0.6462035541195453
-0.16260162601626246
0.16286644951140297
1.3008130081300766
1.444622792937409
0
0
0
3.4810126582278524
-0.15290519877677144
-0.9188361408881996
0
4.327666151468311
2.370370370370362
-3.0390738060781395
0
5.223880597014926
1.2765957446808591
1.680672268907547
-0.9641873278236759
0.41724617524338964
0.5540166204986031
-0.4132231404958639
0.13831258644537833
1.5193370165745776
1.2244897959183751
-1.4784946236559253
-0.9549795361528006
-3.0303030303030147
0.8522727272727191
-1.1267605633802777
0
-0.28490028490028896
1.000000000000004
-0.2828854314002869
0.425531914893613
0
0.1412429378531194
2.8208744710860363
0.13717421124827753
-0.41095890410958513
0.13755158184318336
13.1868131868132
1.3349514563106726
-0.11976047904190935
-0.47961630695444324
-1.8072289156626506
0.49079754601227693
-0.24420024420024766
0
0
0
-0.24479804161567054
-0.8588957055214759
-1.3613861386138544
0
1.1292346298619718
0.620347394540943
0.12330456226881446
0.9852216748768438
-0.6097560975609756
0
-2.0858895705521507
-0.5012531328320695
-1.3853904282115976
-1.1494252873563109
0.775193798449605
0
2.948717948717945
1.2453300124533002
5.781057810578109
1.976744186046515
4.332953249714934
-4.26229508196722
2.9680365296803752
1.1086474501108647
-3.5087719298245643
-0.454545454545461
0.6849315068493248
1.1337868480725624
-3.139013452914795
0.2314814814814683
0.11547344110855488
0.6920415224913429
-0.45819014891178866
-0.5753739930955121
1.2731481481481415
0.3428571428571396
-0.22779043280182557
1.0273972602739792
-1.2429378531073383
-0.1144164759725498
0.22909507445590246
0.4571428571428636
0.9101251422070502
-1.9165727170236784
6.436781609195395
1.4038876889848935
-1.490947816826417
-0.10810810810810197
-3.5714285714285836
3.928170594837262
-4.103671706263496
1.3513513513513546
0.6666666666666603
-0.5518763796909493
-1.8867924528301763
-0.7918552036199127
0.5701254275940707
0.3401360544217655
-3.7288135593220306
-0.9389671361502314
-4.502369668246459
0.4962779156327614
-0.12345679012344977
-1.6069221260815962
0.628140703517588
0.8739076154806528
-0.6188118811881188
0
2.739726027397264
0.12121212121211432
-0.24213075060531314
1.0922330097087274
2.5210084033613547
1.2880562060889862
-1.9653179190751477
-0.23584905660377695
0.9456264775413846
7.02576112412178
1.8599562363238387
-0.7518796992481082
-3.4632034632034663
0.33632286995515376
-1.5642458100558723
-0.11350737797956223
-3.0681818181818215
0.9378663540445453
-1.3937282229965027
-0.11778563015313136
1.0613207547169878
0.5834305717619603
0.6960556844547497
0
1.3824884792626762
-0.34090909090908766
2.508551881413914
0.22246941045604962
-1.6648168701442843
3.1602708803611868
-2.625820568927796
1.1235955056179776
0.11111111111110479
1.4428412874583922
-1.0940919037199124
0.11061946902654238
-1.767955801104966
0.4499437570303616
-1.67973124300112
0.34168564920273026
-0.7945516458569678
-0.34324942791763313
-0.22962112514350017
-0.9205983889528323
3.368176538908253
0.2247191011235987
1.45739910313901
0.44198895027624935
2.640264026402631
1.1789924973204808
4.978813559322021
-0.7063572149343983
0.5081300813008129
1.314459049544992
-4.491017964071856
0
-1.6718913270637497
0
0.6376195536663215
0
-1.1615628299894494
-0.4273504273504183
0.10729613733904969
0
3.6441586280814637
0
3.205791106514989
0.20040080160320928
-1.7999999999999972
0.10183299389001457
-1.5259409969481181
0.3099173553718979
0.8238928939238017
0.10214504596526487
3.9795918367347
0.8832188420019543
3.404669260700389
1.1288805268109152
0.9302325581395349
0.09216589861750628
-1.6574585635359091
0
-0.46816479400749067
-0.2822201317027255
1.6981132075471672
0.18552875695733104
0.46296296296296297
0.09216589861750628
7.918968692449364
0.4266211604095563
0
0.42480883602378927
-1.7766497461929005
0.6029285099052566
-6.249999999999998
0
1.004566210045657
0.7233273056057969
4.308797127468579
0.9466437177280501
-2.3870417732310294
-0.6113537117903955
3.1634446397188123
0.2555366269165223
-2.803738317757007
0.5244755244755195
-0.5217391304347777
0.26223776223775974
-2.5283347863993075
0.9838998211091311
-4.6944198405668836
0.8364312267658046
-4.516129032258069
-1.4478764478764479
-4.407443682664055
-0.8196721311475381
7.231404958677686
1.9267822736030829
0
0
0.2835538752362922
-0.09425070688029626
1.6037735849056631
0.9285051067780873
0
0.6439742410303614
0.7312614259597779
0.5444646098003578
0.9025270758122744
0.26833631484794024
-2.4977698483496855
0.4574565416285453
-0.2732240437158444
3.9269406392694037
3.778558875219681
4.233700254022016
-4.467912266450041
-0.6802721088435351
-4.1952054794520475
-0.2680965147453185
-0.5376344086021455
-0.45045045045045046
-1.7194570135746658
0.6445672191528572
-0.2744739249771246
0.27522935779816254
1.5553522415370566
0.3603603603603655
-1.4362657091562014
0.18214936247723393
-0.1818181818181844
-0.4553734061930783
-0.09149130832570386
0.09157509157508636
-0.09149130832570386
0.27472527472527214
0.36529680365297323
0.18198362147405697
-2.815622161671203
0.3738317757009399
-1.8621973929236497
-0.09487666034156406
-3.3238366571699904
-1.1787819253438143
0.2982107355864924
0.19821605550048427
3.2640949554896257
2.2988505747126355
-5.430711610486889
-2.0792079207920735
1.6177957532861418
0.29850746268656436
-0.9920634920634921
-0.20040080160320928
2.208835341365465
0.09823182711199266
-0.3925417075564334
-0.49261083743842365
0.19801980198020083
-0.49407114624505927
-0.6951340615690197
-0.29999999999999716
-0.7021063189568735
0.10101010101009526
-1.311806256306758
-0.10224948875255042
-1.125895598771759
-0.5175983436853002
1.456815816857446
0.5128205128205128
-0.20408163265306412
-0.817995910020447
0
0.5154639175257731
2.2564102564102595
0.20060180541625158
0.6006006006005948
-1.1940298507462714
-2.8197381671701884
0
1.7616580310880858
0.20366598778004363
-0.9146341463414691
-0.9230769230769289
-0.3105590062111772
-0.2076843198338555
0.5202913631633715
-0.2898550724637693
1.9102990033222629
-0.26487367563161257
-0.4290091930541386
-0.16413623307346203
1.9317714755446052
0
-0.725806451612902
-0.487408610885463
-0.18367346938776205
0
-0.9405029646288975
-0.7223942208462362
-0.8939708939708934
-0.902034822739668
-1.502963590177817
-0.06447453255964139
-2.451612903225808
1.2786596119929416
-1.5454941227688308
0
-1.835065222197653
0.11261261261262222
4.949381327334073
-0.3429796355841299
-2.839320283932029
0.7527119769758608
2.8565150516370124
0.4058961760307578
1.2340425531914858
-0.16813787305590228
-0.5473684210526274
-0.4868755292125402
-1.042331418847043
-0.7738607050731009
-2.9679376083188855
0.4018754186202271
-3.7358238825883916
-0.5775005775005775
4.553903345724909
0.9777777777777727
-0.9463028169014078
1.5552099533437078
1.6407788230146576
-0.5380972879896685
-0.10820168794634119
-0.6499133448873422
1.482773658962058
-0.27932960893855296
0.9911656970480519
-0.2346917004480466
0.7057313943541604
0.5308982798895732
-0.4647232784115039
-0.36078098471985276
10.053248136315226
1.238629765821561
-1.2808258459185655
0.03872966692485674
3.058459156020142
0.7700976709241107
-2.2553588070829464
0.1334858886346306
0.20948390782707949
0.32307107563664333
-2.9361621519227072
-0.15612802498049452
2.267396403440195
0.15290519877675515
1.125954198473289
0
0.18871485185884396
-0.03767187794312135
2.4495948746937954
0.2391024462019543
0.2201834862385274
2.160380812889051
-1.989247311827956
-1.4445053940391281
-0.3153988868274614
-0.018611576400517423
0.2792256142963488
-0.7796547243363553
-0.8044901777362015
0.056582421727638686
0.490103675777578
0.8628775089101498
1.413427561837452
0.8435723454978926
-2.073104200763776
-0.6313834726091057
-0.5045785834423399
0.018782870022535706
-0.03755868544601526
-1.1083975201953717
0.7978723404255351
0.018846588767429343
0.5087620124364106
0
6.205474315710528
0.88261253309797
-1.99475065616798
0.017853954650964322
-2.0349875044626926
0.21865889212827522
0.32727272727272677
0.05436752446538807
-0.742619090744437
-0.36496350364962726
0.03663003663002934
-0.29293299157817027
1.8362100624311422
0.09015506671474424
-1.5852999459556756
0.25626944902068566
0.5294869454080685
0.9444242644387868
-1.1874775098956398
0.12745812090313235
0.05455537370431194
-0.45438022537259176
1.0041993792221966
0.0180766449746891
0.12651364540032584
