-2.5364963503649594
-1.0484927916120619
-2.76253547776727
0.40863981319323267
2.131782945736434
1.6698292220113766
-7.502799552071656
0.7263922518159737
0.22035256410256865
0
-1.4191485108934685
0.6488240064882378
-0.8460918614020928
0.2641202763104452
1.8237082066869301
-0.09950248756218906
1.055776892430281
0.8870490833826138
-2.5400547088706524
0
-0.7818765036086676
0.22226712467165544
0
0.080645161290318
0.14101531023369168
0.5431502715751335
-1.0204081632653106
0
3.699211643420257
3.313840155945419
-0.7735849056603816
1.1599163339037883
2.0676691729323307
0.1841620626151013
-1.4705882352941178
1.3619402985074542
0.07362414872079716
4.083134081294819
0.2473935324262197
1.4278159703860434
-0.8168230795967903
1.6295777115822594
1.2241379310344866
0.4939533299267547
1.220338983050855
-5.45880776959143
-1.1689691817215768
-0.5197132616487414
1.9636101603314677
0.5830388692579425
-2.5821183910064875
0.5950234403173376
-2.150923104499014
0
-2.5828906393112336
0.037608123354653154
-1.07142857142858
1.6340490214706487
-1.0282295756216115
1.8511522478277425
0.07418397626112337
1.2787249814677497
-0.3293687099725443
0.018358729575896647
-0.44052863436122935
-0.5346607669616478
-0.07414272474513017
1.168614357262095
-0.6417308397506417
0.8304115150396753
-0.3477306002928216
0.7897153351698722
-1.1115160349854063
-0.11055831951354757
0.6456373362848182
0.604838709677411
-0.601202404809611
0.12829912023459158
0.2196595277320237
0.45662100456621
6.2909090909090954
1.505302771125548
-3.7243006403774896
0
-0.9627166112375285
0
-0.9897490279250458
0.6783291681542225
-0.9929078014184437
-1.3073065902578715
2.5585193249863947
0.07077140835102216
-0.10608203677511009
0.3185840707964521
-0.6880733944954089
1.1369692662995163
0.2283506060073895
-5.012267788293029
5.055350553505531
0.07024938531787447
0.17550017550017552
-0.31534688156971874
0
1.5817223198594024
-1.2629757785467048
1.1039074820395924
-0.32928942807625255
0.15649452269170183
-0.2951388888888968
-0.4004875500609359
0.541958041958046
0
0.39993044687879575
0
0.25978524419812954
0.1900155467265543
-0.1379310344827508
0.483425414364633
-0.8247422680412293
-1.0221760221760379
1.4528268860493732
0.13802622498273887
0.10337698139214727
-0.8605851979345955
-2.3958333333333255
1.3518320882248147
-3.316953316953313
-0.0907605736068252
1.3444767441860423
0.28684116170670904
0.4290311047550907
-0.3203987184051183
0.8035714285714286
1.5943312666076173
-2.911944202266791
-0.32327586206895736
-1.8918918918918919
0.09182736455463728
0.5321100917431151
-1.314108413944138
-1.3131126317736308
0.44977511244377383
-0.05597014925372286
0.05600149337314812
-0.2985074626865714
0.6549401197604791
-1.2641754973043233
2.5607230276784074
-0.09179364787956673
0.6982726938625421
3.759124087591245
-0.8793527963418923
2.111426543647973
-0.5039096437880065
1.23995808592386
-0.29325513196481723
-0.8304498269896116
-0.17445917655268667
1.118490038448091
-1.088835119253382
1.0309278350515623
0.8301625735039699
-2.109777015437385
-0.1226563868932969
-2.789473684210522
1.0286951813751908
0.25008931761344966
0
0.3207412687098992
0
-1.0479573712255732
0.4487524681385747
0.4288777698355928
0.37366548042705033
0.42545647934762937
0
0.264783759929391
1.0387323943661932
-1.010629029447631
-0.19362788241507176
-0.08818342151675485
0.6707855251544491
-0.5786428195686402
-0.45855379188712925
0.42523033309709024
-0.21171489061396118
2.050919377652055
-1.0395010395010393
0.12254901960783118
-0.12239902080782161
1.137955182072829
0.19041024753330604
0.44920525224603025
0.12039903680771337
0.32640439786977793
0
0.2568493150684932
0.7685738684884714
0.4406779661016988
1.9237259534255782
2.4337748344370937
0.33942136738320816
1.208118556701031
1.6075123348718803
-0.0469924812030004
1.0499921642375696
0.542803970223325
0.3393490667900734
-0.5841660261337362
0.2010205659502017
0.20061728395061026
0.10780840905591337
-1.6615384615384545
-5.319148936170213
-0.5452742894910886
-0.016614055490949117
-1.8444666001993868
-0.7618080243778568
1.3306038894575152
-0.9427609427609466
2.3283480625424957
-0.4484304932735501
1.0844177510844177
-1.270836771744501
2.6914075560013218
0.0976721471593721
-0.14636526264432873
0.9609120521172602
-1.5163736086465522
0
2.8828828828828867
0.11144722177996048
0.17493638676845147
0.03175107159867368
0
0.476114902396445
0.15795293002685198
0.3311780476265609
-0.39295818924866394
0
0.09468202619534623
0.5202585527353095
-0.5489335006273526
-0.5835041791515605
0.8407360406091479
-0.11011483404122155
0.47244094488188976
-0.15673981191222572
0.36106750392463965
-0.4536211481307645
1.759899434318046
-0.9882643607164882
2.417342482844666
0.5025125628140634
-1.9696969696969697
-0.4482225656877863
-0.6520726595249255
-3.0942334739803026
0.951459442025476
-0.9424920127795491
1.273988066440893
0.6210191082802512
1.804082924513369
-0.077724234416291
0.8245177349097804
-0.0771485881808363
0.6176652254478072
0.383670963781461
-1.421800947867309
0.0155086848635271
0.7908202822143003
0.6923076923076923
1.2681436210847905
0.18105009052505214
0
0.6024096385542169
1.0329341317365235
0.07408504963698326
-1.2881255552265223
-0.5849707514624405
2.082076041038031
0.20691693762931973
1.4159292035398263
-0.2326934264107072
-1.1224489795918433
0.014742739200946889
1.5182783018868025
-0.08712066211703538
1.4823426827495905
0.7876270943720465
-2.244955953395845
0.0872093023255847
1.1762997386000613
1.0334433759150181
2.5855945446796484
0.8032128514056162
3.7367770298117935
-7.82677791021057
1.4511494252873596
2.0252088939243666
-3.886729594669628
0.2310803004043938
2.348703170028812
0.2111783753343658
0.5760044956448472
-1.4666852912417936
-1.5310462149135178
-8.983587676360493
4.444795950648515
-0.48462819930333667
1.2783442398417253
0.2404207362885083
-0.4347174336681123
-1.4453477868112048
4.8273754964864075
-0.27688720489654484
1.169077889814409
-0.6066734074822956
-1.5114082255486088
-0.25084845801977945
-1.9526627218934978
-0.6487628243814054
-0.13667425968108995
0
-0.3649635036496316
-0.7173382173382242
1.4142966948501223
0.045475216007269136
-1.151515151515155
0.8123850398528615
-0.7906340276721978
-0.015325670498087775
-1.0116492949111011
0.10839269123568374
0.4949729311678338
0
-0.29244266584578893
0.3396109910466264
-1.1384615384615349
0.14005602240896003
0
0.015540015540019074
-1.7091361093847108
1.5491621877963886
-1.7278953922789575
0.4276888959290426
0.8675078864353313
-0.547302580140735
-2.8616352201257933
-1.2139851084493365
-0.37686383745698093
-0.5427631578947294
3.0262940300975614
-0.16051364365971107
0.49839228295820304
0.41593345064789994
-0.6372470925601401
0.1282667949334543
-0.17614091273018778
0
-0.5293551491818984
0.8224479922593166
-0.3198976327575176
-0.1925545571245259
-2.041800643086824
0.11488593467914747
-1.5081967213114829
0.19973368841545366
-1.943521594684393
0.2879891580552339
-0.2702702702702741
0.10162601626016646
3.147208121827415
2.6082677165354293
-0.17585931254996368
0.9128763613068619
-1.3966037136962495
1.4002897151134792
-1.444444444444448
4.010307617973905
-1.579436358005564
0.5349276274386371
0.21909233176838455
1.2804497189256785
-0.3546099290780247
1.3151787095775955
0.5345143555284056
0.5620537748746841
-0.694864048338372
-8.74657742622452
-0.2667111185197571
-1.6881163296005197
-0.23801428085686685
-0.08520790729379688
1.6373870032406659
0.13425071320692536
2.3127199597787755
0
1.9656019656019657
0
0.38554216867469515
-0.11201792286764792
0
-0.01602050624800108
0.36853068418521945
0.1436781609195366
1.8970189701897164
-0.3911138923654568
-0.04711795193969973
0.5499685732243872
1.03141115799344
0
0.3866976024748647
-0.07704160246533127
0.9406322282189703
-0.09165902841430228
-0.7951070336391507
-1.3409371146732325
-0.4686767692548039
-0.4394914456129443
-0.14188869620053246
-0.23681717713924852
-0.8545655958221202
-0.07980845969672785
-0.8945686900958503
0.24177949709864605
1.1416626467277735
0.17488076311606085
0.04761149023963728
0.5710659898477194
-0.7886435331230284
0.1589825119236884
-0.8095238095238131
0.016002560409669186
-0.32
0.48154093097913325
0.17571884984025923
0
0.07973210014351778
0.127469725940082
-0.031826861871408624
-0.3502069404648273
0.23961661341853036
0
-1.067729083665346
0.016108247422684078
-0.22547914317925227
0.12913640032283366
0.0644849266484106
0.8216529724504444
-0.14381591562799254
-0.016002560409669186
-0.6241997439180502
0.17716218392656188
-0.8199356913183317
0.22694115739989906
-0.14556040756913752
-0.46971169420148645
0.08136696501220504
-0.16260162601626016
-0.11400651465798786
-0.21196804174139158
-0.2941176470588161
0.622746640445748
-0.4723127035830582
0.14727540500736006
0.2941176470588161
-0.586510263929604
0.5080301540478382
0.08152616990053808
-0.22808732486151473
-0.19595035924231416
0.04908376963350041
0.08176614881439084
0.179738562091507
