-1.3080444735120993
-6.958250497017892
2.279202279202271
0.41782729805013535
2.4271844660194177
3.5883547731889043
-0.06535947712417929
3.3355134074558497
-5.379746835443038
3.2775919732441507
-2.1373056994818724
0.13236267372602056
2.1150033046926557
-1.6181229773462784
-0.13157894736841358
0
-2.8985507246376847
0
4.4776119402985035
-0.1948051948052022
1.2361743656473687
-4.691516709511557
5.731625084288604
-2.9974489795918475
-0.1314924391847394
-2.5016458196181772
2.2957461174881875
-2.244224422442248
1.350438892640108
-0.19986675549632443
1.26835781041387
-1.1206328279498936
0.6000000000000038
-0.596421471172966
0
3.7333333333333294
-2.9562982005141354
3.3112582781456954
-2.5641025641025643
0
-1.3157894736842106
0
1.1333333333333258
-1.1206328279498936
1.8666666666666742
0.7853403141361182
-1.6233766233766234
1.584158415841588
0.0649772579597104
1.2987012987012987
-0.32051282051282054
8.038585209003216
-7.142857142857143
1.2179487179487216
-1.6466117796073427
1.7385705086928451
-3.1012658227848138
-1.6329196603527107
1.1288180610889889
0.5909389363098997
1.2402088772845992
0.5157962604771189
1.2828736369467606
2.0265991133628805
1.7380509000620803
0.6711409395973119
-1.8181818181818181
0
0.06172839506172489
1.789019123997536
-0.6666666666666632
3.1116534472239135
2.721893491124257
0.23041474654378208
0.05747126436781282
-3.503733486502007
0.23809523809524147
5.700712589073631
-4.49438202247191
-4.470588235294114
2.8940886699507318
0.5385996409335762
-1.3095238095238027
3.4378769601929964
-2.507288629737616
0.23923444976076896
-0.7159904534606137
-0.7211538461538564
-0.7869249394673021
-1.159243441122639
6.728395061728398
0.6362058993637908
0.6896551724137866
-0.45662100456620036
3.2110091743119233
0
-2.8888888888888826
2.9748283752860343
-1.7777777777777715
1.5837104072398092
-1.4476614699331818
2.146892655367238
-1.4380530973451453
-0.11223344556677253
-0.3370786516853901
1.4656144306651602
1.8333333333333397
1.3638843426077467
3.9827771797631737
1.8115942028985508
-1.0167768174885614
-2.927580893682583
-1.9047619047619018
3.020496224379716
-1.5706806282722514
1.0638297872340425
-0.05263157894736543
-1.685097419694585
-1.9282271023031572
-1.6930638995084624
2.2222222222222223
-3.0434782608695623
0.5605381165919282
0
-0.9476031215161744
4.445694991558811
-3.0172413793103416
4.222222222222219
2.398720682302772
-0.05205622071837289
0.31249999999999706
-1.3499480789200387
1.9473684210526256
2.736189984512138
-5.17587939698493
-4.610492845786958
-1.722222222222219
0
2.7699265121537624
2.9702970297029574
-6.997863247863246
1.8954623779437172
-4.284103720405859
3.651354534746754
-3.977272727272727
1.7751479289940828
-2.9651162790697643
5.452366686638702
-2.8977272727272694
3.7448800468110037
-3.6661026508742243
0.11709601873535633
-0.05847953216373936
5.149210064365116
-1.5025041736226983
1.6384180790960483
-1.778765981100621
-2.6032823995472523
0.29052876234747244
1.9698725376593313
-3.409090909090909
1.1764705882352942
-0.1744186046511694
-6.523005241700634
7.912772585669775
-4.676674364896071
5.087825560266508
0.2881844380403458
1.1494252873563218
-0.05681818181817859
-1.0801591813530447
2.068965517241376
0.22522522522522842
1.1235955056179776
-1.3333333333333366
-3.4346846846846817
1.224489795918364
0
-0.921658986175112
-1.1627906976744187
1.0588235294117714
5.820721769499418
-4.125412541254125
-2.5817555938037864
0.7067137809187212
0
2.397660818713447
-2.68418046830382
1.6431924882629008
3.8106235565819997
-2.5583982202447286
7.134703196347032
-6.766116142781028
0
-0.7428571428571493
2.9360967184801514
-0.3355704697986704
3.030303030303034
-0.4357298474945441
9.354485776805248
-6.803401700850423
-0.10735373054214549
-1.6657710908113887
3.770491803278692
-3.686150605581885
2.7884089666484386
-4.414893617021282
-0.3895381190873615
1.899441340782126
-1.2061403508772024
-0.7769145394006534
3.4675615212527897
-2.972972972972973
3.6211699164345403
-1.182795698924725
-2.9379760609358025
3.139013452914795
2.1195652173913073
-1.170835550824916
2.2617124394184263
-4.581358609794638
4.856512141280359
-4.2105263157894735
-0.5494505494505495
2.43093922651934
0.3236245954692526
-0.5376344086021505
0
-1.945945945945943
0.3307607497243629
1.978021978021975
1.9935344827586299
-2.588483888008455
0
-0.21691973969631545
2.717391304347826
0.5291005291005291
0
-1.4736842105263217
-0.641025641025635
-1.6129032258064515
0
1.7486338797814145
-2.9538131041890443
4.205866076369686
0.9028146574614915
-2.9999999999999942
6.348345089527937
-7.040816326530618
2.5795828759604924
-1.5516318887105434
-2.065217391304354
2.1087680355161
2.010869565217385
-4.7416089504528385
-1.5659955257270757
-2.8977272727272694
1.813926272674075
-4.4252873563218325
8.238123872519536
-3.611111111111111
1.440922190201729
0.34090909090908766
5.379388448471121
-3.8688876947877424
-3.8010061486864233
4.88088320743754
0
-2.9362880886426654
4.794520547945209
-4.302832244008718
2.447353443369386
-1.5555555555555618
-3.8374717832957015
5.457746478873229
-0.11129660545352735
0.11142061281336414
-2.0589872008903667
-0.9090909090909058
0.17201834862384344
1.5455065827132326
-0.22547914317925913
-1.5254237288135528
2.8112449799196653
-0.725446428571419
0
-2.810567734682406
0
1.7929438982070527
0
-1.0227272727272791
3.3295063145809483
-3.000000000000003
1.890034364261175
-1.1804384485666073
2.3890784982935087
-4.333333333333339
4.471544715447164
-8.226792662590334
2.9678982434887984
-2.1764705882352873
2.345159350571243
-1.116333725029364
-3.38680926916222
-0.7995079950799403
-0.18598884066956686
-2.484472049689441
-1.910828025477707
4.545454545454546
11.801242236024844
-6.833333333333339
-3.100775193798443
0
-0.3076923076923077
-1.2345679012345678
4.562500000000007
-2.510460251046035
0.4904966278356906
-3.233679072605254
-1.954602774274902
4.11575562700965
-0.55589870290303
1.8012422360248483
4.942037827943865
-3.488372093023256
8.192771084337346
-6.959910913140312
-4.129263913824061
5.430711610486902
-2.54588513913559
-1.5188335358444716
-1.2954966070326923
0.1249999999999929
-0.6866416978776494
0.7542426147077418
0.18714909544602804
-0.6849315068493116
3.4482758620689653
-3.0303030303030303
-1.25
4.556962025316449
-3.389830508474573
2.380952380952388
-2.998776009791925
1.2618296529968454
-0.6230529595015576
0.3761755485893381
-0.9369144284821986
2.837326607818411
3.556100551808713
-7.519242155121384
4.993597951344438
-5.353658536585367
0.5798221878623925
3.1258006661542375
2.608695652173906
-4.116222760290547
-0.2525252525252561
1.2658227848101267
-1.0500000000000043
1.0611419909045017
2.4624999999999986
-3.574478467732088
2.5936234817813726
-3.1199901344185488
1.8966395112016228
-1.936289818863207
-2.5350318471337516
3.136844856881442
0.11405398555316616
-2.240506329113919
3.573740774310489
-5.5381922740342455
1.9057702488088906
-3.870129870129875
6.714401513104566
-4.912014179009996
-0.14645187058980086
1.2799999999999916
0.05265929436546374
-0.6578947368421053
1.9867549668874172
-3.50649350649351
-1.9515477792732205
-1.7982155113246234
3.396701146211899
-2.893064755982156
2.9931783377418983
-5.812381724790479
-0.9758897818599408
2.072463768115952
3.6490132046003025
-3.164383561643839
-0.056585089828818845
7.530077848549176
1.355798341450574
1.0779220779220757
-0.7452139277913379
3.533980582524277
-3.1632908227056777
5.900581020012902
1.3167520117044602
-4.693140794223817
2.272727272727269
0.6172839506172839
3.0552147239263743
-6.345993570663172
-0.6992117976099633
5.709896300089609
-4.020830810221622
-0.31545741324921134
0.12658227848100545
1.175726927939326
-0.037485942771462125
0.9375
-2.1424148606811193
4.910149329283738
-0.48250904704463893
-2.375757575757568
1.8127638440526368
-1.9024390243902467
4.425658876181007
-1.7857142857142858
1.0909090909090977
-0.6235011990407796
0.14478764478765027
0.45783132530119935
1.822979131686268
-1.6372202591283869
1.7842174589869415
-1.2470588235294144
1.7393376221110413
-0.4566744730679163
5.869897659098923
-4.944444444444447
2.8638223261250766
0.05681818181817859
2.2146507666098842
-0.9111111111111035
3.162143978470501
-4.30434782608695
-2.3171285779191346
2.5000000000000067
2.0986954055587
1.1444444444444457
-1.9993408766340848
1.2442551283488392
-0.2435783879539403
-0.2996670366259667
0.18924635422464844
1.0999999999999943
2.2090339597758053
-4.290322580645156
-0.01123469273115955
-1.6292134831460705
6.225014277555685
-4.741935483870964
6.8405011852353566
-3.0427892234548435
2.4190912062765597
-3.979146717735924
4.1551246537396125
-3.776595744680848
-2.144831398562739
1.1637103152186206
1.072146526691974
0.9392265193370103
1.7952928297755892
-0.9570921604473606
6.406080347448432
-5.428571428571422
4.661199827362962
-4.670103092783506
0.5731588623337311
-2.8387096774193554
