-1.9715224534501612
0.3351955307262538
-6.347438752783967
1.3079667063020317
5.046948356807508
0
-2.5698324022346335
1.146788990825688
0.45351473922901525
0.6772009029345469
2.1300448430493177
1.6465422612513723
-0.7559395248380008
-1.4145810663765084
2.0971302428256133
-0.10810810810810197
-0.10822510822511745
-0.3250270855904628
-2.1739130434782608
-0.11111111111110479
1.5572858731924264
0
-0.10952902519166957
0.7675438596491259
-1.7410228509249275
0
1.7718715393134092
0.3264417845484191
1.9522776572668081
0.1063829787233982
0
-1.0626992561105209
3.1149301825993616
0
0.9375000000000059
1.3415892672858587
-1.5274949083503055
-0.4136504653567794
2.180685358255461
0.6097560975609698
0
0.9090909090909148
1.0010010010010009
-0.09910802775025622
1.5873015873015959
1.0742187499999944
-1.932367149758454
0.09852216748767913
5.019685039370088
0.46860356138706655
-1.3059701492537366
0.1890359168241993
1.5094339622641455
0
-3.4386617100371644
0.09624639076034101
1.1538461538461566
1.0456273764258501
0.1881467544684881
0.5633802816901355
0.5602240896358623
0.7428040854224671
0.829493087557609
-0.09140767824498036
-0.2744739249771246
0
-2.3853211009174258
0
-1.0338345864661733
-1.1396011396011423
-0.7684918347742529
0
0.29041626331074266
0.3861003861003916
1.1538461538461566
0.28517110266159423
0.28436018957345705
0
0.09451795841210636
-0.18885741265344932
1.8921475875118259
0.27855153203342353
-0.46296296296296297
0
4.558139534883726
0.35587188612098886
-4.0780141843971585
-0.36968576709797196
-3.061224489795916
-0.4784688995215311
1.9230769230769231
0
0.4716981132075472
0.8450704225352166
6.983240223463687
0.9573542210617879
-0.25862068965517
-3.8029386343993132
6.379155435759218
1.1824324324324251
-1.9198664440734534
0
2.2978723404255343
0.9151414309484146
-2.2258862324814532
0.16863406408094675
1.7676767676767748
0.5789909015715373
0
-0.5756578947368328
2.646815550041347
1.0475423045930794
0.47846889952152655
1.4285714285714264
0.46948356807512404
0.07788161993769027
-0.7782101167315175
0.15686274509804143
-0.9397024275646068
-3.3201581027668006
3.1888798037612474
0.07923930269413179
-2.2961203483768737
-0.8103727714748784
-2.8594771241830066
-0.3364171572750258
0
0.16877637130801929
1.2636899747262005
0.08319467554076065
-1.7456359102244343
0.16920473773265893
0.3378378378378306
0
-2.3569023569023546
-0.25862068965517
-4.235090751944689
0.18050541516245744
0.810810810810816
0.8936550491510277
1.151461470327721
1.1383537653239906
1.2987012987012987
0
2.30769230769231
0.3341687552213797
0.8326394671107411
0.9909165978530164
1.3082583810302604
0.8878127522195273
2.1600000000000024
0
0
-1.3312451057165253
0.23809523809523583
0.6334125098970682
-4.0125885129819
0.08196721311474944
0.9009009009009079
0.2435064935064912
-1.7813765182186259
2.308326463314095
-0.8863819500402855
-0.48780487804877587
2.8594771241830066
0.47656870532167933
7.826086956521744
-0.21994134897361536
-0.8082292432035226
-0.07407407407406986
-1.4825796886582654
0.6019563581640203
-2.3934181002243746
0.5363984674329415
0.9908536585365941
0.30188679245283445
6.997742663656871
0.5625879043600643
1.8881118881118801
0.20590253946466122
0.6164383561643875
0.13614703880189832
0.6798096532970769
-0.06752194463200156
2.7702702702702666
-0.5917159763313647
-1.2566137566137416
-1.2726054922973915
2.238805970149242
0
0.8626410086264177
0.19736842105263905
-0.45961917268550034
0.06596306068601208
-1.18655240606459
-1.0673782521681083
1.8206338503034312
1.5894039735099375
-2.9986962190351982
-5.913978494623663
2.2142857142857104
-1.1879804332634443
-0.5657708628005738
0.28449502133713067
0.1418439716311976
-0.3541076487252125
0
-0.14214641080311916
0.6405693950177976
-0.3536067892503536
2.2711142654364718
0
2.7064538514920233
0.6756756756756757
0.6711409395973155
0.3333333333333333
-0.5980066445182762
0.40106951871657376
9.12117177097205
1.2812690665039623
-1.9879518072289226
0.3073140749846343
-0.5514705882352803
0.18484288354897285
2.8905289052890635
0.41841004184099734
0.8333333333333367
0.23612750885478492
6.654888103651343
0.9387078961899598
-4.102844638949671
-0.1711351968054828
0.5714285714285714
0
-1.0795454545454577
-0.057438253877078876
0.5747126436781609
0.2285714285714318
-2.508551881413914
0.11695906432747873
1.2850467289719727
0
-1.1534025374855825
0.4667444574095583
-0.5807200929152149
0.5841121495327103
-2.439024390243896
-0.6547619047619013
-3.0557219892150953
0.43263288009888046
3.138461538461535
0.11933174224344693
0.1191895113229968
0.47619047619048294
-3.8507109004739335
0.43130006161428747
-3.1901840490797477
-1.3307984790874667
-5.009633911368005
-0.676132521974307
4.560925799863845
1.3671874999999964
-0.19267822736029735
0
-0.6435006435006435
-0.3238341968911917
2.4041585445094142
0.7614213197969651
-0.25188916876574663
0.6313131313131313
0.5018820577164259
1.1235955056179847
-0.8024691358024761
0
-1.4312383322961937
-0.06313131313130954
3.5375868603916576
0.24405125076266362
-0.48691418137553943
0.48929663608563384
-0.9129640900791235
0
-1.904176904176918
0.18785222291797832
1.25
0.2469135802469171
-1.5394088669950738
0.31269543464665417
0.6234413965087282
0.12391573729862988
-1.3613861386138544
-0.18820577164367086
0.2514142049025806
0.06269592476488672
1.315789473684207
0.061842918985790196
-1.1742892459826981
1.1257035647279443
-0.06184291898577262
0.1856435643564427
-0.8647313156269337
0.4361370716510833
-2.7915632754342434
0.2552648372686699
-2.2915340547421987
0.1954397394136882
-4.681404421326409
-0.9549795361528006
1.997245179063365
0.9453072248480795
5.016722408026756
0.9554140127388535
-4.605678233438493
-0.5291005291005179
0.46542553191488606
0.39708802117802405
-1.18655240606459
-0.333555703802535
-0.06693440428379807
0.20093770931010244
0.3342245989304813
-0.06662225183210814
1.466666666666659
0.06570302233904254
0.262639527248836
-0.5239030779305717
-0.7899934167215386
0.3981420039814352
-5.485789821546604
-0.06993006993006595
-0.6298110566829991
-0.0704225352112636
1.0570824524312896
0.4184100418410002
1.3194444444444484
-0.2056202878684108
-0.5494505494505377
-0.41436464088399355
-0.7628294036060987
-0.06988120195666969
-0.979020979020983
-0.423728813559318
-2.2695035460992825
0.4354136429608086
-0.361271676300578
0.7251631617113851
-1.5118790496760217
-0.2923976608187176
-1.6862170087976622
0.6711409395973197
3.3333333333333335
0.3154121863799267
3.9874231813634506
0.604727872457391
2.1174863387978102
0.869565217391312
-0.9283819628647252
0.49531459170012093
-0.19981350739308842
-0.5605979711692495
4.778523489932889
0.6917755572636332
-1.5394402035623331
-1.2792350432872397
0.7329842931937016
0.0519750519750601
-3.597402597402592
-0.2963761282500321
1.0133765707336846
0.9764579989298953
-0.529871506159745
0
0.5326941004128265
0.9272751357795773
0.09187557422234859
-0.340938893259907
-2.2631578947368407
0.659666128163698
1.4310552360572522
0.013185654008426825
-2.254449571522734
0.013487995683848281
0.1483479433580572
0
-3.231887961217352
0.09741163373226745
-1.2234116502155006
0.8304011259676333
-2.0798436627582286
-0.18531717747684912
0.28563267637818174
0.4841925377385409
-0.6094104308390119
1.454441751033809
-1.8973998594518742
0.014326647564477244
-2.4924795874516676
0.33788746878214193
3.4114202049780356
0.04247486903582209
0.9198981035946868
0.11218622914037063
0.7704160246533088
3.2666110647762143
-3.5671018979674325
0.8514796203238406
-0.6089965397923844
0
1.1001253307338699
0.5509641873278316
3.315068493150687
0
-0.09281357730046061
0.013271400132720792
1.234076433121028
0.23594180102240478
-1.6346279586766053
0
1.8745014623770229
0
0.6394362521205913
-0.14263485477178348
0.5843396961433432
0.05163955589982734
-0.2580645161290359
0.25873221216041764
1.109677419354838
-0.31904032669729454
4.404045576750733
0.2942979767014213
6.321066145005486
0.48298068077277106
-1.5678644998855464
-0.4185559818625734
-5.75598365440748
0.5946481665014915
0.5172413793103469
0.0980151923548129
-2.7294981640146925
-0.22650056625140633
1.6269390843738074
0.03723008190618161
0.5458379853616149
0
0
-0.06169031462060106
-0.6790123456790088
0.12430080795524463
1.2538795779019307
0.14713094654242834
0.7590597453476864
1.0328068043742509
-1.8400481058328335
0.46557216368536564
-2.3292682926829227
0.03745785990760536
-1.0234648027958155
0.03783102143758025
1.3361905962435425
-0.48513496703570164
0.012500000000006395
-0.4999375078115306
2.8388393417912385
0.036643459142544445
-3.6263736263736246
0.038008361839588146
5.116514690982784
0
-1.2289156626505977
