0.5263157894736917
0
-9.685863874345557
3.188405797101453
6.460674157303362
1.8469656992084509
0.5181347150258957
1.0309278350515612
-2.806122448979595
2.362204724409445
-2.5641025641025643
2.6315789473684212
-2.051282051282044
0.261780104712027
-0.7832898172323686
0
0.26315789473684587
1.3123359580052494
-2.3316062176165766
1.8567639257294315
-2.083333333333326
2.6595744680851063
-2.3316062176165766
0.7957559681697537
-1.0526315789473646
0
1.861702127659563
0.7832898172323872
0.25906735751295706
0
0.25839793281652274
1.288659793814433
18.320610687022906
1.7204301075268755
6.1310782241014925
0.19920318725098468
-1.1928429423459133
2.2132796780683988
-7.086614173228336
0
0
2.754237288135587
-3.9175257731958735
-2.575107296137345
6.387665198237883
2.277432712215324
-1.0121457489878543
-2.6584867075664564
2.310924369747902
0.8213552361396275
-3.2586558044806546
-2.1052631578947367
-1.5053763440860277
-0.6550218340611292
-1.5384615384615448
-0.8928571428571398
14.63963963963964
5.500982318271129
-2.9795158286778425
-0.19193857965451327
-4.8076923076923075
1.0101010101010102
-3
1.0309278350515463
-1.8367346938775482
0.20790020790021085
-1.659751037344407
1.687763713080178
-4.771784232365154
1.0893246187363834
4.310344827586207
0
-2.685950413223135
1.486199575371541
-1.6736401673640109
1.276595744680854
-0.4201680672268967
0.8438818565400814
-1.464435146443506
1.6985138004246223
-3.131524008350731
0.8620689655172383
0.42735042735043344
0.4255319148936231
1.059322033898305
7.337526205450733
-1.3671875000000056
0.19801980198020083
-2.5691699604743166
-2.231237322515202
2.2821576763485356
-1.4198782961460361
3.0864197530864197
1.5968063872255431
-3.5363457760314287
1.2219959266802474
-1.0060362173038229
-2.0325203252032518
4.564315352697086
0.5952380952381037
-0.1972386587771231
-1.7786561264822105
-0.20120724346076743
0.6048387096774136
-2.2044088176352736
-0.20491803278687362
1.2320328542094339
1.8255578093306404
-1.1952191235059788
-1.2096774193548416
1.4285714285714344
-0.20120724346076743
0.8064516129032229
2
-2.3529411764705936
1.2048192771084367
0
0
-1.5873015873015817
-0.6048387096774279
-1.217038539553741
0.2053388090348959
-0.4098360655737618
0
-2.880658436213989
3.1779661016949152
-3.490759753593435
1.276595744680854
-1.680672268907572
-0.21367521367520154
-1.070663811563169
1.2987012987012863
-1.0683760683760684
-0.21598272138227714
-1.5151515151515211
-1.098901098901099
-3.111111111111108
-0.45871559633028175
0.921658986175112
-1.3698630136986172
-0.925925925925939
1.6355140186915955
-3.4482758620689653
0
3.33333333333333
-0.4608294930875478
-2.0833333333333464
3.3096926713948127
-0.22883295194508332
0.9174311926605472
0.454545454545461
-0.6787330316742177
1.5945330296127629
0
-2.0179372197309386
0
-0.9153318077803333
0.23094688221709336
-0.23041474654378208
0
-0.923787528868357
1.8648018648018747
-2.0594965675057337
1.6355140186915955
-1.8390804597701085
0.46838407494144196
-0.4662004662004563
-5.620608899297437
4.714640198511181
1.1848341232227488
-1.6393442622950885
0
-0.952380952380949
1.6826923076922975
-1.6548463356973895
0.2403846153846188
0
0.23980815347720458
-0.47846889952152094
0
-0.9615384615384581
-0.2427184466019452
1.4598540145985435
0
0
0
0.23980815347720458
-1.4354066985645797
4.854368932038835
0
-1.3888888888888922
1.8779342723004628
-1.843317972350224
-0.46948356807512404
4.481132075471695
1.3544018058690779
-2.8953229398663636
0.9174311926605472
-1.8181818181818117
0
-0.925925925925939
-0.23364485981307084
-1.4051522248243593
0.2375296912114048
1.8957345971563913
0.23255813953488702
0
0
-1.160092807424594
-0.23474178403756202
0.47058823529412436
-0.2341920374707293
0
0.4694835680751073
6.542056074766366
1.9736842105263126
-1.7204301075268755
-0.8752735229759424
8.167770419426056
0.6122448979591779
1.2170385395537555
0.40080160320641856
-3.5928143712574934
0.20703933747412304
-2.2727272727272756
0.21141649048626093
-1.898734177215187
2.3655913978494656
-0.21008403361344835
0.21052631578947667
-0.6302521008403451
0.42283298097252187
1.8947368421052602
-0.41322314049585895
-0.20746887966805272
0.20790020790021085
-0.41493775933610544
0.20833333333333628
6.0291060291060266
-0.7843137254901933
0.9881422924901185
0.1956947162426642
-0.5859375000000083
0.19646365422397136
0.5882352941176415
-0.5847953216374214
9.411764705882348
0.8960573476702509
3.907637655417412
1.025641025641028
-3.8917089678511068
0.5281690140845146
1.5761821366024493
2.9310344827586254
-14.237855946398659
3.124999999999989
-6.818181818181808
0
-10.365853658536587
1.1337868480725624
6.27802690582959
3.5864978902953646
-2.2403258655804508
-0.8333333333333304
8.193277310924367
0
1.5533980582524216
0.19120458891013656
0
0.5725190839694738
-0.5692599620493439
0.3816793893129825
-0.7604562737642558
1.3409961685823673
-3.591682419659733
1.1764705882352968
-2.7131782945736407
0.3984063745019835
-2.1825396825396854
0.608519269776885
3.427419354838701
0.5847953216374352
-3.875968992248062
1.4112903225806366
-0.9940357852882704
1.405622489959845
-1.5841584158415785
0.6036217303822881
3.5999999999999943
1.158301158301161
-3.4351145038167887
0.19762845849802652
-0.3944773175542462
0.19801980198020083
7.509881422924895
-0.5514705882352889
0.5545286506469448
0.9191176470588236
-4.918032786885238
0.3831417624520991
-1.7175572519083944
0.19417475728155617
-2.9069767441860463
0
-1.1976047904191645
1.212121212121215
-5.9880239520958085
-1.4861995753715558
-0.4310344827586115
0.21645021645020412
3.0237580993520643
0.419287211740033
-3.549060542797486
-0.865800865800878
-0.4366812227074143
0.657894736842099
-2.614379084967311
-0.22371364653244163
1.1210762331838564
-0.2217294900221761
-1.7777777777777715
0
1.809954751131215
-0.22222222222222537
-1.1135857461024499
0
0
0.45045045045045684
-1.5695067264574054
-1.1389521640091116
0
-0.23041474654378208
5.7736720554272525
1.091703056768559
-4.103671706263496
-0.45045045045044085
-1.1312217194570136
0
-2.2883295194508007
-0.9367681498829172
0.7092198581560385
-1.1737089201877935
-3.3254156769596164
-0.49140049140049835
-1.2345679012345678
0
0.9999999999999964
-1.4851485148514887
-2.512562814070352
-0.7731958762886525
2.337662337662334
0.25380710659898836
3.291139240506322
0.4901960784313795
-0.7804878048780495
-0.442477876106194
1.0370370370370412
-1.9550342130987395
2.4925224327018944
-1.9941634241245145
3.52357320099256
-0.719079578139974
-0.5794302269435103
-0.04856726566295077
-1.4577259475218522
-0.3944773175542497
-3.960396039603964
-1.546391752577305
-0.15706806282723107
0.9438909281594112
-1.506493506493502
1.476793248945135
-1.4033264033264012
0.15814443858724903
0.3157894736842038
0
-0.9443861490031465
0.10593220338982826
-0.21164021164020713
0.31813361611878194
0.3171247357293801
-0.36880927291886345
-0.5288207297726146
0.4784688995215304
-3.227513227513225
-1.585565882996168
-4.666666666666666
-0.3496503496503422
-0.058479532163751825
-0.5266237565827961
8.764705882352931
0.05408328826393491
-2.216216216216217
-0.1658374792703214
3.1007751937984622
-0.7518796992481234
3.5173160173160096
-0.36591740721380184
1.101783840503677
-0.0518941359626259
-2.5960539979231565
0.053304904051162096
0.9057005860415648
0.31678986272438603
-0.3157894736842038
0.8447729672650482
-0.8376963350785347
-0.6335797254487908
1.1689691817215668
-0.2100840336134409
0.1052631578947346
0.15772870662461166
1.7847769028871383
0.05157297576069113
-1.7010309278350428
-0.6816990036706817
-0.8447729672650482
-0.6389776357827529
1.2325830653804952
-0.47644256220222264
0.9574468085106368
0.10537407797681546
2.894736842105267
0.7161125319693123
-1.4728288471305366
1.443298969072171
0.050813008130089245
0.05078720162518034
-0.10152284263959174
-0.40650406504064174
2.959183673469379
0.09910802775024566
3.4158415841584224
-0.14360938247966076
-3.835091083413235
2.143569292123628
-3.5627135187896384
0.20242914979756652
-1.565656565656577
0.05130836326321993
-0.5128205128205201
0.10309278350517076
2.0597322348094673
-1.8163471241170506
1.181911613566292
0
-0.25393600812595585
0.5600814663951091
-1.1645569620253187
0.2561475409836102
0.051098620337240726
-0.9193054136874348
0.7216494845360855
-1.1770726714431956
0
-0.8285862247540142
0.626631853785906
0.15568240788791457
0.46632124352331533
0.3610108303249112
-0.7194244604316575
-0.3623188405797116
0.5194805194805269
0.25839793281652274
0.7216494845360855
0.30706243602867084
-1.4285714285714344
0.4140786749482313
-1.4432989690721525
0.15690376569036393
-0.4177545691905917
0.629260618772947
0.46899426784783665
0.6224066390041361
0.7216494845360855
