-1.8265895953757172
0.04710315591144339
-3.8370998116760853
0.8567931456548348
2.2208737864077617
1.1516086904903295
-1.2676056338028117
0.5706134094151158
0.28368794326240865
1.249410655351252
-1.0710128055878982
1.5180042362909028
-0.4752521154514921
-0.1979967388772473
-0.3617691679309164
0.3747950339658053
2.0886814469078154
1.1201280146302512
-2.1250141290833127
0.7044693382607717
-2.534403669724773
0.023532180256506115
-1.2586754499470703
0.7624493685966139
-1.028611965003539
0.10751403655476971
-0.2505966587112199
0.08374207441082013
0.20320344250537076
-0.15507574853870387
1.6845878136200745
0.3407355187404508
1.6744730679156856
0.09213405505010576
2.220688068116437
0.20261143628996717
-1.4940462817344493
-0.04561523548865062
0.6731317741015376
0.5893019038984639
-0.337990085624155
1.7069862084558018
-0.20006668889630633
0.5123064929279455
0.5207756232687031
-0.1322751322751373
1.3245033112582782
-0.4248366013071871
0.9845749917952084
1.8307875636442397
-1.9148936170212767
0.43383947939262474
-1.3606911447084258
1.3028246113422353
-3.4475305306387094
0.3134094470561975
0.2566391430484216
-0.27824151363383415
-0.2120535714285689
0.6598814450285178
-1.1777777777777803
0.08994827973915766
-0.3594697820714497
0.11273957158962795
-0.10135135135134879
0
0.14654492165482522
1.193156235929764
-0.4894327030033345
1.0283925776883447
0.265545474662546
1.3021408077686993
-1.1873638344226556
1.091390144416269
-0.03271537622682165
0.6981564306752457
0.15166287509478682
-0.18388318009735483
1.1270047680971058
0.300042863266176
3.3440170940170892
0.40318412074848453
-0.7516474464579971
1.4628073451602888
-1.2372188139059328
0.42447458329019805
-2.701030927835056
-1.239669421487596
-0.3862246540070832
-0.16155088852988692
2.793959007551238
1.584636373176621
-0.6301652892562007
0.5405967356274088
-0.8995967324992291
-0.855592654424033
1.504946327089029
-3.1622602384655263
1.7023554603854365
3.7582903463522523
-2.8307629870129847
0.6578260415578944
-1.400414937759336
2.0410310362966837
-2.7631714609753537
0.26508323613614676
-0.6979695431472105
-0.7454739084132055
0
-0.2145922746781116
-0.43010752688172044
0.5615550755939573
0.3651202749140869
-0.6419858763107211
5.029076028429887
0.10253255408592228
-0.9628188056949685
0.12410797393733018
-0.9606445615122475
-0.9178139340842673
0.989473684210524
-0.14592453616843623
-0.5010438413361121
0.9861519093579497
-4.695616039891964
1.61325485066493
-0.7723664449688956
-1.1027027027027076
1.4538696982947168
-0.7542290701433035
0.29312778199977546
-0.04329941545788886
-0.3682044617717108
0
-0.5326086956521714
0.010927767457110996
-2.9938811188811285
0
-1.4305023653976046
1.0055993600731292
-0.8937662631519377
0.8904109589041044
0.02262955419778745
1.5271493212669682
-2.2061281337047305
0.2506551213398578
-2.1252415047164375
0.5573618207152757
0.658198614318712
0.045887346564182314
-1.2842563926155308
0.34847252874898366
-0.3819886560944501
0.1394376016732433
-0.19726154560221998
-0.4650622020695268
-0.1401705408246753
-0.4444964323312615
1.5274350840089297
-0.06943640782317125
-0.2084539664157446
0.9283973540675409
-2.127170288605266
-0.1409774436090279
0.04705882352940909
-0.24694261523988978
1.5796298479311672
-0.1856794708135108
-0.41855598186257675
0.7238762405137239
-0.23183030022023876
0.627396305332866
-1.1315090636185277
1.5648721242555286
0
0.034494653328728815
-0.9310344827586233
0.06961364427428039
-0.463768115942029
0.13977868375073332
-0.41875072699779253
-0.560682163298688
0.9749794432045188
0.08143322475569238
-1.2088806230384723
0.04706436051299886
-0.1293661060801963
-0.22373999057937952
-0.2242417089578635
0.07097232079489268
0.26004728132388244
1.744871492572501
-2.2595596755504057
1.576763485477173
-2.0891690009337043
-0.059601859578018834
-1.1211832061068676
0.15681544028949995
-0.32518366855352665
-0.04833252779120073
-1.6682785299806657
1.0572903860339344
0.9245742092457448
1.2536162005785894
-1.9047619047619047
-0.9466019417475673
-0.012251899044354659
0.882244822938357
-1.117454147941204
0.9703967571551378
-0.9124087591240876
0.6752608962553714
-0.7926829268292683
0.08604794099570319
-0.5035617784328202
-0.1110973953832832
3.86801779535343
0
2.201070791195717
0
4.109429569266584
0.6373700100637422
0.955555555555558
-0.08804754567467182
2.1260189469046122
0.3128033653327556
-1.440860215053761
0.03272965306567254
-0.283564183662343
1.0499835940063462
0.6818919796514848
0.18275639647386924
-0.3111921880030022
0.9687836383207751
2.388059701492535
0.7809246147438568
-0.6818886248579422
0.06241547903880399
1.216342655161664
0
-3.4511092851273646
0.4148936170212742
0.44496239008370014
1.8774390887037185
-3.002381198881872
-0.3308784288611402
-1.627757549796523
-0.4572175048987639
1.1920384951880991
0.4971360639792525
-1.3012151844284356
-0.4358247984310307
-0.27358284088421975
1.3936135191484742
-4.393939393939396
0.06791940230926226
-1.3009049773755657
-1.44412607449857
-1.1512966624026024
-1.1764705882352942
3.5595238095238066
1.839291872629038
-1.2868269556383314
-0.05717552887364208
-0.5377574370709434
0.08052455999080242
-1.1149425287356374
0.08136696501221033
0.046457607433214546
1.4627350824239638
-0.5148741418764302
0.31052328924669875
0.5388672322861651
0.3877295016535497
-1.9538793593093187
0.10427528675703594
-0.43981481481480955
0.8137642408742153
3.966789667896676
0.05545696539485359
0.654029486753129
-0.5506607929515418
0.2990033222591412
-0.17665893783813874
-1.4821369317553343
0.07858987313348285
0.6618801884675766
-0.04457817898138608
-0.3456349648790303
-1.2530767509509881
0.5211874008610948
-0.7889990982867447
1.7950465803226487
-0.044642857142854604
-1.2617239839214012
-0.4297184213502154
0.4542873367404884
-0.2374222724703248
-0.9746146872166844
0.09155413138018634
0
-0.0457351932311888
-1.2811713566689595
0.3244495944380017
-2.206052206052196
0.9212235738750388
-1.0883557636044416
-1.3606247042120208
0.9115988964855354
0.7012956139308322
1.3338054768649614
0.52417006406523
-1.1239860950173866
-0.09375366225242641
0.6686217008797707
0
0.6758331391284029
-0.6944444444444444
0.5361305361305387
-0.2550428935775615
1.5109251510925152
0.7442179986260591
-1.318331628594161
-1.41656109639525
0.2686915887850414
-0.9553769078410733
0.5528761322197309
-0.5147402901263427
0.776105362182505
0.02333722287048372
-1.2482501166588946
0.15357353809804541
0.10615711252655001
0.695180864852124
-0.8893049379826846
-0.3423848878394306
-0.4027958772657241
2.0815986677768525
-3.565602423677467
-0.6283228612856507
1.9090466926070095
-0.023863500775569202
-0.5847953216374242
0.8403361344537815
0.07142857142857413
0.21413276231262843
-0.4154795821462488
0.13112409107164416
0.28571428571428303
-1.222697056030384
0.7931738973681075
0.15500178848216936
-0.33333333333332793
-0.19111323459149818
0.15557683101962116
0.5018520731270218
-0.03566757817145027
-1.1536631779257769
5.306220671399353
-2.0795246800731313
1.5519253208868091
-0.6089854073308003
-1.8959537572254308
1.0723544661795925
-1.7022268858575285
0.23721978412999645
-1.3726186250147938
0.45590881823634727
-1.791472590469366
0
-0.9972029672868701
3.169143839823112
-2.893201571615663
1.0299166257969565
-2.475728155339803
0.31110004977600797
0
0.8683786130753008
1.5127290616160318
-0.10903804216137356
0.8126137052759304
1.27526467757458
-3.266809218341649
-0.4666584796757896
0.8019740900678594
2.301101591187265
-3.302225412778166
-0.12373174956693887
-1.5733399405351889
-0.264317180616743
1.4765270065623481
0
0.48501430170376536
-0.47029702970296466
2.785376771947274
0
0.4113234938301448
-0.04819277108433461
2.121504339440697
0.33050047214352624
3.9647058823529466
-1.8558334276338226
0.4150812867519916
-0.26409461476632845
1.1627906976744211
1.6729259132809755
-0.6268188941123822
-0.4280243298040048
-0.5090497737556561
0.4206935758954003
-0.3962862318840579
-0.5683755825849721
1.0632216760031958
-0.45248868778280543
-0.37499999999999484
-1.825025664423406
1.150226559776923
-1.1830921203767595
1.4646053702196935
-1.3059915225111671
3.2617527568195035
-0.23606115107913925
1.0478873239436568
0.2453166815343494
-1.0789766407119072
0.10120319352300584
1.19074365311165
-0.3219360568383634
0.7239113487025282
0.619195046439631
-1.439560439560442
0.6243728397814721
-0.963988919667595
-0.17901096442156064
-0.5267877157588036
1.160563380281685
-0.9022053909556593
0.25851410587838086
-0.4260089686098604
0.056293627561360055
4.906042534038472
0.8259144052343715
1.0638297872340425
0
-0.6105263157894689
-1.493327684812542
2.3330824642511483
0.031519226728311436
-1.4704337779644996
-0.2238567316917197
0.021367521367526225
0.4058961760307578
-2.021276595744681
0.18458197611292568
1.7990679527473619
0.9155754285105955
0.10549636037556705
0.12646221941195548
-1.1893484896326774
0
-1.3208351086493373
1.4140759930915396
-0.6067056945183656
0.4926108374384261
3.1329923273657267
1.2605910312047992
-2.806122448979592
-0.2519685039370055
0.3052310283128068
