3.196022727272727
1.8582243633860978
-4.108108108108105
1.606538895152195
0.9847434119278811
1.181156434555696
-3.3527894665399813
0.533707865168533
0.7683710533668623
2.5786773880493588
1.6218407892958508
2.1412421864609685
0.507812499999997
0.28501101178909777
-1.2013951685828792
0
-1.503661087866109
0.9159697331740464
-1.1312812417784823
-1.277275146354447
1.994609164420479
2.8012684989429237
-2.056555269922879
0.4855643044619482
2.4683296330155384
3.0843742034157446
-1.2363996043521266
1.1517275913870864
-1.2128712871287073
1.2277624655474761
1.0891089108910834
0.391772771792366
1.4390243902438968
0.4929069487857686
-1.2322048091876965
0.6661821705426356
-1.2152568884610784
1.5834348355663825
-1.822541966426864
0.40302882266732637
-0.7055102785549286
0.22050716648291907
-0.6967363403007023
0.09847365829641411
-0.3566158386620869
0.4689621127977377
0.6633091757769287
0.13422818791946586
0.9505240068242694
0.30178657653307583
-0.625827416054872
0.03633280852609356
-1.004842615012101
-0.9172067995597407
-0.8516415699827314
-0.07469189592928036
-1.3330011212159019
1.931818181818176
-1.5607580824972018
2.680256700641746
3.9215686274509802
1.6391509433962237
0.475693235874234
1.3625866050808262
-0.6607427660059187
0
-1.3417431192660603
-0.616064163663833
-0.5964912280701781
0.2470878926932607
0.8450704225352166
1.8505586592178744
-2.3083076219860637
-0.10527547081529738
-0.2810304449648685
1.4560826679192083
-0.7291666666666614
0.501340795149814
1.1020881670533642
1.0786001147446904
3.995913270518793
2.172251937561399
-0.4380341880341905
2.725614336302176
-2.465266896479673
1.1031380529077812
-3.389830508474576
-0.30701754385964414
-2.3647162340519134
-2.8387968908415053
4.173913043478261
0.4229271007234229
-0.9752853818020564
-0.1119194180190263
-0.0784313725490247
0.7400762502803345
-0.26714158504006874
-8.984375
10.386266094420606
0.3221506331926213
2.015280699811752
0.07597959405188814
-0.3687635574837286
0.13063357282820942
-0.34790171776472406
0.010909884355228315
1.014508563324965
0.45356371490281266
-1.4190496667383408
-0.8724100327153762
6.688668866886684
0.6393070736234322
-0.6557377049180304
-0.7838283828382862
-0.1351351351351304
0.03122723014468143
0.8740894901144617
1.9187126057355088
-2.8744939271255037
-0.9899958315964985
1.4735291021997685
-0.41489472046468207
-0.7186751380064553
-0.9546789760805731
-2.266709035059843
-0.5202124200715366
0.9369212332498118
1.0037776578521267
1.2823252831801668
1.002321164802701
-0.7103311396636326
-0.052603892688058915
-1.0105263157894762
0.7337303275202017
-2.248495724691223
-1.1771058315334748
-3.409463446617861
-0.6674963231134718
2.813211845102511
-0.7200620361138805
2.298594063825029
0
2.835951134380454
0.07424692405600822
-0.6571277159512502
0.512109249973335
-2.1229168878038425
0.7482919423056043
-0.1937567276641501
-0.2157031924072476
1.1889321227842629
-0.715659047212139
-0.37654653039268426
-1.2742980561555026
-0.9407131918617395
-0.11042402826855123
0.05527304886137519
-0.2430670644127771
1.7831432052276026
0.1088139281828074
-0.26086956521738885
0.479511769834348
0.18438177874187045
-1.0392984735303694
1.4221638770375231
0.06471793765505585
-0.6790988466099027
0.900803125678323
-0.9465418952350293
-0.9990226951894812
-1.5246243281781386
0.6905769659166904
9.258849557522128
1.6098005467247116
4.483858110801105
0.8964333396910253
-1.2570888468809032
-0.1148655116301374
0.11499760421658319
-0.5073226763664166
0.11545122185874716
0
0.20180665000962297
0.5466577155461825
-2.279664250286159
0.6246949731576468
-0.45591230963236445
-0.19489378288832584
0.42960359304821943
0.1652731868559251
2.9117732699213823
0.25464491181741444
-0.09407337723424271
0
0.6214689265536637
-0.5708403518622412
-3.9529411764705884
0.2645761881430716
0.5570758405003954
1.0593838079502247
-0.33660319292171575
0
1.4088584386760723
0
0.01903130649917386
1.2938825991818226
-1.0895087818164868
0.8451239198556729
-0.19774011299434172
0.35852438909330636
6.665413180407997
0
-2.2386744227040247
-1.5055896141363185
-0.08237986270023716
0.40307805056798196
1.9525547445255558
0
1.3424020046536602
-0.3355704697986738
-1.0012404749246815
0.4206569408395279
3.288770053475944
-0.14669082750884851
-4.2430003456619545
0.1714646692536857
3.4414414414414454
0.8273819892004877
-2.5395180098471184
0.37224142515288894
-1.1125827814569456
0.017858737387250478
0.35711097223462196
-0.008896005693435554
-0.5160142348754408
0.24145948846360626
1.5077170131144493
-1.300755844612406
-1.4959928762243948
-0.018079913216420673
0.46112115732368075
0.35100351003510855
0.6905829596412597
0
-0.4898904426828182
0.07160759040457881
4.982110912343474
0.025560194257472482
-1.4991482112436039
-0.5447941888620011
-0.8955742978871364
0.01754693805931264
-1.9649122807017623
0.21474588403723077
-4.223214285714282
0.009322270905184026
-3.309097688292319
-5.321507760532144
3.8692597495163423
-1.9605920988138417
6.989301069893009
-0.9158878504672855
2.03735144312393
1.0353115178406402
1.7291857273559095
-2.1494738735497876
-0.18382352941176472
0.4143646408839779
0.23842274186152307
0.44826639831672227
0.31876138433515483
0.06354970494780258
1.8599165305752132
-0.24049167186247844
-2.517857142857147
-1.8776332661659645
2.669653691776359
0.2091099190835489
-1.4244238795137039
1.242521859180856
-2.1818181818181817
-0.21375464684014447
-1.182825742758689
-0.10367577756832319
1.235965657137457
-0.09319664492078285
0.7369402985074712
0.3796647837762671
1.9095940959409636
0.47976826287679497
0.2792792792792711
0.44919593926870904
-0.8675431535640657
0.8661133164922328
-0.0983899821109042
-0.07162682424569629
1.738195502195152
0.3874944958168288
-2.3335380296517356
1.17668193658494
-2.3703835227272765
-0.08184050195508692
-1.3196214051692756
-0.04611269943742507
0.18453589223103894
0.3868115675078325
-0.69724770642201
-1.8754619364375629
0.8379625270690229
-0.4668534080298786
3.499061913696056
0.10876461524517769
-2.363060208239014
-1.6969584569733105
4.320347137062559
0
0.235102631340981
-1.8313035633739245
0.6524535930894972
-0.20998813110562903
-0.7593778591033811
-0.38720383516180007
1.6381304951411426
-1.256601711892183
3.550350424197713
2.59150414106331
-2.3003472222222223
0.9329187027987561
-0.7306338028168974
1.1350536490201253
4.603244191144235
1.6010058675607635
10.873690289580084
0.0967333879008821
-0.36425810288433624
-0.7684846676117254
2.421052631578951
-0.16150345030098703
-0.9558823529411765
-0.2969561989606533
1.653015636634404
-0.13917374743627972
-3.0000733514266753
-0.7637628554144084
8.633696563285831
0.996071829405166
0.26392554521461
-0.24937655860348498
-2.5833333333333366
-0.32791559737666875
0.7581175797453804
0.6530380465644553
3.5049365303244038
-1.3354227703209196
-2.4583937573371943
0.2548672566371617
9.62502648118072
-0.15459933006957555
1.2387096774193578
-0.9750191180219191
-0.3475127099556014
0
2.5443978043267736
-1.4925373134328386
0.9653496995269089
0
-0.27860444500727305
-0.685757825893719
-3.829678409308859
1.0570402871958424
3.3089928294191293
-2.1777890983189025
0.8202057023824963
0.4648760330578542
3.5411311053984518
-0.08069021165662929
-0.9504286246738697
0.9093759799310128
-3.064014916096952
0.6347374495095123
2.3572884811416923
-1.6618946844267284
3.740743085005374
0.024405125076271565
-3.7757716237647974
-0.08874801901743841
0.9453714865808065
-0.5782526712759299
0.5752939688962029
-0.05657175183858765
1.8616352201257804
0.8952827858730551
-0.6364359586316544
1.6197573443370052
-1.1818181818181819
-0.030665440049064702
2.607361963190184
0.472346786248137
2.933825279695308
1.6361218708446525
-2.9294653014789533
0.32229709932610606
-1.5420560747663605
0.023730422401524145
-2.419928825622773
1.1366399221979118
0.7151872107698698
0.1432151808091712
2.586104159218202
0.36593866171004774
-0.937554256612075
0.34468656890809507
0.844201210992082
0.8198140984931612
-1.7694554200309147
1.42823831176402
-2.264497959652859
1.605410173478386
0.6192846394258621
1.092896174863388
-0.6884779516358412
0
0.7448149421336083
-1.8767060964513194
1.7271357366407762
0.7235642661804949
1.0860342779568877
1.5947624643276819
0.08812513769553516
-0.3907109839313304
0.6021766753218105
-0.060406370126299236
-1.8847189406011418
0.3024193548387148
0.563930764935785
0.005552162567327546
1.5989340439706836
-0.5355191256830576
-1.302054719261622
0.20595602560534626
-1.3776247083657345
0.2647290751379868
1.2190326386158108
-0.005550005550000503
0.1276572126325112
0.011086474501111169
-1.8734064959538828
1.5307275192046943
-1.006954102920718
0.5957064178936669
0.8715083798882631
0.354452813469212
-1.6225165562913957
1.0882979916975257
-2.208657047724748
0.017024174327542534
-0.22695035460992907
-0.25589991470002843
0.5758266818700062
0.05668612890425713
-1.450342756784313
0.2644438056912854
-3.560575655065645
0.49940546967895905
-0.04732607666825496
-0.4498106060606007
-5.463733650416176
-0.6288912647003333
-0.11391684070628154
0.019007793195207155
1.475991384771328
-0.11860915163244215
-1.3812499999999943
1.3689080423347428
-0.4313848077524283
