-6.83340777132649
13.13518696069032
-13.220338983050844
1.5624999999999944
-0.2884615384615357
0.28929604628736466
-5.913461538461544
0.6642820643842675
-3.553299492385787
0.5263157894736842
3.5078534031413553
-0.8093070308548277
0.6119326874043942
3.852002027369485
0.4392386530014669
-0.5830903790087546
0.19550342130987572
2.4390243902439024
-0.19047619047619319
0.09541984732825241
0.09532888465204414
0.9523809523809523
-3.962264150943399
1.277013752455793
0.29097963142581124
0.19342359767890582
2.509652509652518
-2.0715630885122436
6.586538461538456
-4.375281912494357
3.30188679245283
2.2374429223744317
2.724430549352387
-4.04347826086957
0.7249660172179533
2.42914979757084
16.249451032059728
5.780128447298833
-1.25
1.9891500904159132
-1.099290780141852
-1.7569021154535596
0.8759124087591158
-2.2793053545585944
-3.7393557941503226
0.03846153846154721
0.11534025374854075
0.4608294930875751
3.9755351681957096
2.500000000000004
-2.4031563845050172
3.0135979419331083
9.240099892971807
1.7635532331809387
-4.525032092426194
-0.4369747899159702
-4.7940580688723795
-3.900709219858156
1.2915129151291513
2.0036429872495445
-1.4642857142857224
2.8996013048205875
-1.021486438886924
0.35587188612099646
2.3404255319149017
-1.8364518364518403
-1.6590187080832999
5.419956927494603
-4.8689138576779065
3.4359341445955702
-4.221453287197228
3.9378612716762924
-4.692387904066736
4.23048869438367
-3.603918824352698
2.3593466424682394
1.1702127659574508
0
-3.2597266035751877
2.8260869565217432
-1.233262861169838
-0.8205494113449915
1.7266187050359754
0.42432814710042027
-0.0704225352112636
1.937984496124031
-3.1109574835810574
-1.783803068141277
-5.085361423901198
-4.133180252583242
5.9880239520958085
3.0508474576271274
-1.9371345029239806
0.2609019754006666
-1.5985130111524206
2.7578390630902954
-4.007352941176462
-1.953274607430112
6.171875000000004
2.2442972774098475
-1.7632241813601934
-2.8205128205128163
2.789295137580089
4.693802713604698
-5.218914185639221
2.9933481152993218
0.9329027628274212
-0.35549235691432635
5.066000713521223
-0.1697792869269949
1.1224489795918406
0.9081735620585228
-5.76666666666667
-0.955076052352313
0.1071428571428612
1.320014270424541
0.38732394366197986
0.3156787092248254
3.6363636363636282
-1.4844804318488454
0.8904109589041174
0.47522063815342064
1.418918918918915
1.2658227848101304
0.19736842105263905
2.7248850952068135
-5.209332054969625
3.5738368172622943
0.9765625
2.4822695035460955
-3.523120478137776
3.6843821323769195
10.628930817610065
1.1938601478112532
-1.5449438202247192
0.9985734664764622
-7.853107344632771
-0.6744328632740615
0.8950617283950547
0.030590394616097506
-2.477064220183493
0.5017246785826349
1.9344773790951602
-1.4386287113559806
0.37267080745341263
-2.8155940594059303
8.150270614453984
5.681483662054758
-0.5292479108635034
1.0081209745169324
5.322983088439143
3.185048697025539
9.336734693877556
0.4666355576294913
11.26335346028797
3.0891254435399613
-8.422757643247614
-0.04421843908909764
-2.1897810218978178
2.6684758028041635
1.563876651982384
3.99045760138798
-7.320125130344113
-0.5400540054005349
3.438914027149319
1.487314085739285
-4.418103448275862
3.269447576099211
-3.515283842794765
0.02262955419778745
-1.1764705882352915
-1.0760073260073233
-0.09257116408239623
1.2277044243687774
-1.4645308924485074
-1.8578727357176033
3.076194983435873
3.236914600550956
-4.447409384033801
-0.5818012566907145
2.5983146067415785
0.38786219484371176
-3.0681818181818183
-0.5861664712778429
-0.9669811320754771
0.9526077637532746
-0.07077140835101546
1.4400377714825225
-1.0937863625785404
0.21176470588234758
4.508100493073503
2.448887890361711
-6.732456140350875
0.3526922172584058
-0.1874414245548293
0.4694835680751174
3.621495327102804
3.7204058624577225
-1.8260869565217341
9.986713906111595
-3.2615260720756973
0
0.8116545265348548
-0.9083402146985915
-3.187500000000002
1.9367333763718528
-2.53324889170361
0.06497725795971657
1.6883116883116909
0.04257130693912061
-2.4042553191489384
-0.2398081534772108
-2.687937062937065
0.15719739501459434
-3.3183856502242177
-0.6957328385899815
3.643157403082677
1.3970256872465048
-2.4666666666666717
2.0733652312599733
2.61160714285714
-0.8048727430933192
1.206140350877193
0.10834236186348863
-0.08658008658008166
1.8197573656845705
-2.7234042553191515
1.3998250218722734
4.4866264020707405
-0.020644095788597418
-0.37167045219905254
-2.1761658031088085
0.868644067796615
-0.021003990758248842
-1.7647058823529365
-1.1548331907613416
3.418433578537432
2.4686192468619272
-1.5108207431604805
-0.49751243781094057
-2.374999999999995
0.25608194622278885
-0.44699872286079667
-1.2187299550994204
4.112554112554113
-4.282744282744288
1.84622067767159
3.2203028364256823
-5.8884297520661155
3.622392974753019
-4.427966101694911
2.9483484814896816
-2.260981912144703
1.3439083498568016
-6.4782608695652195
-1.3482101348210163
-3.251649387370395
-0.1461276181198302
-9.463414634146345
0.7543103448275893
9.973262032085564
1.628981278871867
-0.23923444976076555
-2.8776978417266186
4.444444444444445
-0.7092198581560284
-0.9047619047619074
1.3935607880826553
-0.5213270142180068
1.0004764173415885
-0.35377358490566035
0.35502958579881655
2.9009433962264177
-2.1774008709603483
-0.07029053420806264
-1.3130128956623734
10.358755048705161
-1.7222820236813778
6.133625410733845
6.41898864809082
-2.9674166020170696
-1.6989806116330202
4.24969499796666
-0.42910083869710264
2.23310479921645
2.318451810691708
-3.520599250936321
0.9704968944099378
-4.363706266820462
2.4723618090452284
-5.374656728128685
0
-2.425373134328356
2.9318036966220546
-6.25386996904025
-0.04403346543372713
-0.4845814977973543
-0.39840637450199456
-0.2888888888888914
0.46801872074883505
0.9760425909494181
4.086115992970128
-7.408189109328835
0.29633006610440193
-3.5681818181818157
0
-1.6026396417629063
2.419161676646712
-3.0869971936389256
1.3030888030888115
6.288708909004282
2.599731062303905
-5.985146352118837
1.5799256505576236
-3.202195791399817
2.3865784499054876
-4.108008308331413
2.021660649819489
-2.26468506723283
-1.4965001206854909
2.6954177897574123
-1.6702457647339537
-0.4610531424411633
0.19502681618722853
-0.41362530413625026
1.6369411189836278
-0.4807692307692308
-2.632850241545888
2.6048127015628877
-1.2814313346228268
0.3918687239774592
1.463771651622347
1.683096898292859
3.9962165996689607
-4.251932696680306
-1.4010923771075834
1.3246628131021194
4.444972664606605
-5.621301775147927
0.31347962382445416
-2.2596153846153793
7.181505164781109
-7.755851307939424
3.3830845771144333
-4.13859480269491
0.7530120481927711
-2.6656701544593893
-0.5374968006142733
-1.9300051466803911
2.8601416950931453
1.2499999999999942
2.015621063240111
-2.519140528525559
-1.1907778059285505
-0.6666666666666725
2.013422818791949
-1.5688259109311713
1.7480719794344501
-2.4254674077817135
0
3.4179181771103027
2.1532298447671567
-1.9607843137254901
-2.950000000000003
3.5291087068521354
-2.811644687733256
1.1264720942140238
-1.6962025316455667
3.1676538758691763
1.8222666000998389
-1.8877175778377027
-1.524237881059462
0.9895965490992076
1.733668341708537
-2.519140528525559
1.266784899923993
-0.27520640480359415
2.3331660812844843
-1.5690120127482172
1.1207970112079702
-2.8078817733990094
2.5595539787126116
-2.619224116629594
2.2075615326059346
-1.1916583912611747
-1.733668341708537
0.25568908207619534
-1.045651619484831
-0.05154639175257439
0.05157297576069846
0.2319587628865921
2.7513499614296855
4.654654654654646
4.519368723099004
2.699611072981001
-0.20049008687903258
0.46875000000000505
1.2886025327704853
1.8425093222197926
-4.479862158087445
4.261555806087932
2.573529411764713
5.650432215897113
-0.07982438635003673
-2.097064110245656
1.8971848225214223
-2.9029029029029028
0.2886597938144283
2.6110197368421146
2.9653376076938396
-5.857170655769598
0.2273666804464584
1.2992369560734196
1.9340390879478828
3.5949670461354217
5.648737227684586
-2.1532846715328384
2.182021633718749
8.815477276875356
0.9728279100972751
-2.740863787375415
0
11.52860802732707
2.4196018376722748
-5.472488038277499
2.4833913318569962
-1.0649791634511463
2.0280811232449296
-1.2996941896024465
0.6506584043377297
-0.5079267354163565
1.3149752475247525
2.855397770652015
1.202494061757723
-5.471615079947201
-0.0620732464307848
-1.8788819875776432
1.5667035923405568
-2.835774384543461
1.9724182168056372
-0.015725743041362282
1.8873859704309532
-5.186786045075627
0.2930641484858278
-2.5649350649350575
1.266244585138272
-2.550180980585719
3.900050650008446
-2.8436789080272993
1.3547415955845499
-0.7260726072607223
2.6595744680851063
-3.93458549222799
-0.5562110230911773
1.983050847457635
1.2132291839787193
-2.857142857142853
0.40567951318458034
4.276094276094272
0
-2.082660639328379
2.8689200329760887
-3.3498958166372783
2.487562189054726
-3.802588996763754
2.607232968881413
-3.0491803278688563
2.975989178221174
-2.5944170771756903
1.8206338503034312
2.566225165562914
1.6787732041969294
-1.8574376885219768
1.585247492720795
-2.659235668789816
