0.960767662285705
0.7308065682731927
-2.45810178414742
0.3010533117738426
1.7771313730428928
-0.9235726554347823
0.8754076489771759
0.30565513430824587
1.0575231967277232
0.46332001554065483
1.602597402597411
0.5530417295123095
0.510593220338983
-0.0021078813684365844
1.5824901630129369
-1.0874843157951608
0.006363636363640434
0.4062678528848863
-1.4775391896795154
0.022266440939148997
2.0216254416961172
-0.13417788510162165
-0.3866352123823112
0.4111844968473534
-1.2841886269070655
0.542121361562691
2.3905830006868327
0.5171238415381995
2.31365975759526
0.1930234209270792
0.6556378230175234
0.06579466800010528
0.4712403345431669
-0.005758985162117043
0.32121280741172864
0.23765923592848456
0.5265829704980806
0.24854315127336715
-0.05883340652528081
0.0038125295228678617
2.794089899895842
0.5764918793911891
0.7090625
0.2888270357992821
-1.0735773970157123
0.08444625152472399
-0.4406875000000036
0.35054480714699227
0.3093461317345341
0.4067408470836592
-1.2706211180124296
-0.05271955524322926
1.6070950868789433
-0.12612769995979883
-0.5882641184318792
0.38628154565027806
0.39368316895684735
-0.37920014462229185
3.1504234931331867
0.734360719383107
0.22069377990430622
0.2572074787102626
3.536309523809524
-0.006323983419665289
1.4988788593112172
-0.13424947744665425
0.6278502552467352
0.616154163113163
-0.6415686274509869
0.2374900481971797
-0.04410044100440677
0.3952782704999922
-1.6678811659192825
-1.3238743733058917
-3.557149220026793
0.9915864304685471
-2.148042704626338
-0.3681694088438209
1.2956056725334797
-0.0003002992181409556
4.54990717723293
-0.04348682785708266
-0.11885057471263699
-0.009896819898598818
0.8041962066108094
0.4317433858431717
-1.2043440053930536
-2.1926115148063126
-0.2084117647058755
-0.8521878243893075
2.1111177170035638
-0.43714472529692033
-0.2722805425260019
0.7420199431786496
-0.5376603828058005
0.6576691195145891
-0.8428488372093091
-0.5571963227270714
-0.5106721698113242
1.3418169081613154
-0.22538275301465174
0.10983948430537614
-0.3257025761124054
1.0903780874123319
-1.9005229517722186
0.8675631940446217
-1.1200636076806005
0.6612169027802075
0.6408853338556645
-0.1677744155154471
-0.09706400469758565
0.7965453255567397
-0.3910434375435555
0.5741154541670711
-1.9919674039580977
0.5773326412389317
1.3530566005648625
-0.012409600719633538
-0.33212912247989745
-2.273019584916691
2.94959380720499
-0.28624124453928046
8.101165501165504
-0.5701298533274137
-6.757606644835289
2.22113036399581
-1.8078508577081003
0.7984511796604878
-1.6600574712643679
0.7530762105410833
-2.3059151357800802
0.6977598891373904
-0.33060161002452393
0.33175736752184604
-2.5948702830188646
-0.12052123770650434
-4.384848484848485
1.416600640192688
-0.303937689961049
-0.11384609212004858
0.9517862074159616
1.2754237683285825
-2.339901780233279
0.6837083556741833
2.178478673459191
0.06757689774381502
-1.4524716686205479
0.7948712864907161
1.7924749247142089
-0.1727093814407465
-0.31607264165952353
0.18187048054585572
0.2625277656125113
-0.9792128718643754
0.4499087552829466
0.5646958496039547
-2.0336178103124416
0.8618988902589396
0.8608295944938131
-0.5485245108822977
-0.0026203342815393563
1.3425604018113724
-2.1746241731809945
-0.17432611523227037
1.3518472906403904
0.36732496776945517
0.51259079903147
0.2729351002247629
-0.09933933933933585
-0.19274402319181086
1.4748756129001168
0.2597017140313126
2.033037300177613
1.2001128043367069
-1.1191385419891906
0.7688016598415011
0.5134771199705301
0.7624165346545491
-0.6593181818181785
-0.09700319607228901
2.270853609663938
0.1810940093429954
1.4669199821189158
0.22843271367930224
-0.2404945054945119
0.24107427588216918
-0.49230769230769234
-0.04097093382808311
0.18212471095919658
-0.0867889468155758
0.7056761483448495
0.28452308407241295
3.735191256830598
-3.017824915690116
-5.427673656280475
-0.4731388321890559
0.8724104102948746
0.687750354973468
-2.1260312265630295
0.5560131915261618
-0.5128163680962686
0.48650392615167165
1.1803430155338686
0.334391087470176
-0.25477830192167017
0.20450294265249658
0.060554115687951764
-0.3509330724560196
0.5426369863013765
1.0384857965367087
0.20344982582312945
-0.0828183586489178
-0.22778493600247493
0.006468359877044916
0.04803149606298885
0.4017193091732126
-0.014837625979843226
0.7988307335634907
-0.16538888888889536
0.3757881785597722
1.4416978604882202
-0.31593944849138
1.4878289473684148
0.04656595024250577
1.0323974082073435
0.04703065543631622
0.8714743589743559
0.029973828505219905
0.0973063402651245
0.17358484977665187
0.030781414994714023
-0.13633606973143345
-0.12373150105708552
0.07625714480761123
-1.7076304796150328
0.0641809504698381
-2.058548387096771
0.7843724937709626
-0.4155773420479303
0.04047320837686026
-0.10447704074659579
0.33499361591157056
-0.669441232299865
0.4575389871870317
-0.2611268632688921
0.010851681627000495
-0.49665716790880554
-0.20471026365603148
-1.6920343042571273
0.04827772039340728
0.8394586526915901
0.7076638357516513
-1.6875527308429854
0.2857213508707612
-1.1294299612203236
0.5930444383733637
-0.4676717665427618
-0.4783042137078366
-2.0873151308304894
-0.656769137369612
2.518888888888882
-0.06120680656195627
0.48082191780821587
1.1006439357791111
-1.2298011012473247
0.5738626279358627
-0.9204185520361925
0.005309046443874164
1.0732837848637484
0.24838728989021278
-0.7556534574258252
-0.09122352488382007
0.9526704545454612
-0.03754009388963867
-0.9823771184054886
0.1898044638734601
3.609895629373609
-0.6264255618439161
2.640505798826999
0.4262476618675156
-0.08058823529412387
-0.13342303128777488
0.9183815648445935
0.2561151950176691
-3.400230937096125
0.23226676682577296
-2.0806334351020563
0.8900164081237121
-0.6267795855579852
0.07923864037192659
-0.5650887722222839
0.5682441770090625
-0.35434298440979634
0.020339331573568133
0.7611731843575419
-0.5336475154203341
0.903010033444816
0.06236879902772852
-1.0007569028045058
-0.06703093126151523
0.6804687499999967
0.1590183760726364
0.0002766920688432003
0.49201247545748467
-1.3816391229097134
0.25071627237949845
-1.6348262380950027
-0.00045299908040527477
1.1432616081540203
-0.34654767969812844
2.1310674157303304
0.33373067104233856
0.8611842105263094
0.25395334476993725
0.5885446599941444
0.3646438321829849
-0.34258861439312255
-0.19508293988912606
0.03655505585579194
0.034652540808500804
-0.9411758357973735
-0.13927948332051202
0.5942770492876311
0.09678914877061515
-3.6716684723726947
0.6511564085678856
-0.5690021231422473
0.4766196752557757
-0.7180255220910678
0.4797609813554032
-1.245279676371931
0.2518785873681564
0.633578708946769
0.46702967439028714
-0.07370529866048227
-0.015469351907004937
-0.445653532687145
-0.06492310862881463
0.4181893785983115
0.7256135058825544
0.20109762537684917
-0.061653652131078325
-2.4449711818046698
0.8030463643377324
-1.841575309144803
1.4277687331614055
-1.4190340909090908
-0.000288180285586663
-1.9084506230475797
0.7806532433010515
-0.7157790897122907
0.4158746433325773
0.6129243350434742
0
0.905968101925051
-0.7974922626834102
0.22778712616607402
0.17350801931471574
0.3679285656453564
-0.3170264280882486
0.2470520231213839
1.2270840709138267
-2.4110324085545662
0
-0.6256026635100456
-0.14742938367469208
-2.2621764705882423
0.12500428818273837
-0.8391940467174029
0.8769691190724942
-1.3597528071792746
-0.09125810692427792
1.46896341463415
0.42599833783128094
-1.0004308333034109
-0.1993398454239885
1.1430730945400445
0.0755073091194846
0.19027127418329945
0.6283749323669894
0.09804154302671314
0.7320419387045949
-0.9200123131326186
-0.14494750999187345
-0.20774238991793972
0.510064169363246
-0.8263977527770104
0.65434293885563
-2.1480095068330396
-0.40981292152467785
-0.02731540759709064
0.14320111828606824
2.371437271619972
0.36890095357416647
0.013810353616171958
0
-0.41366076143211966
1.0202970376572624
-0.9962074486697657
0.022194097798017263
0.25681142177276123
0.7262135254079761
-0.2735697673596595
0.35371005699055136
0.6359409029371912
0.3666131681273586
-0.3597960805887411
0.011697288217672498
-0.05380123251606143
0.05394721598429776
1.3747368421052564
1.5282306167609332
-2.4106818181818115
0.024918897140840883
0.6299767171129153
-0.04760464200209528
0.21383101851851852
-0.2711216467103041
0.5624203821655983
-0.3864772129879736
0.03132946165926062
0.24506758861236377
0.5842802331587136
-0.017192765284368337
0.1895541722552829
-0.22466613308222347
2.0088302752293545
-0.04687937386244118
-0.3558654819480308
-0.3877819616766932
5.981129755733838
-0.24420389956419034
1.925187566988207
-0.31147406520975296
3.9957278481012626
0
-0.8459958848926293
0.14127313590558108
-0.4066215829689892
1.03191018519611
-1.23928934010152
0.12407572834096986
-0.03870636550307709
0.24521811830657245
-0.9445082814170603
0.331819046909783
-0.1152061855670103
-0.5017120239038334
0.08013306757162574
0.05866537312628999
1.1671293610673708
0.44776562597593855
-1.0674311926605444
0.1372963287528393
-1.0790123278946357
0.06610327192993252
-0.41730335443498207
0.10595039329516683
-0.5500461152406569
0
0.27098708184816134
0.46736448050861334
0.6403587882673573
0.058741889379097106
1.0964227759919825
-0.19711323173686907
0.07923662401787133
0
-0.7359026207222804
-0.006238566923827984
0.44090342147447503
0.10379994024573772
0.07399999999999403
0.11345450520462207
-1.3250534766338264
