-1.5039772727272769
0.004614861006150874
-4.599073609404649
1.1016518731709721
1.9346929011422762
-0.4722931150811112
-0.33541617543033164
0.5565709080800504
1.016987036209196
-0.0005822721423454203
5.02911377663911
-0.20900669154049978
-0.13444444444444847
0.23420376283671482
-0.9557162599415066
-0.0767691936993266
-0.05832211754150659
0.2160299860843022
0.5296722862694061
-0.20328938940778737
0.7802122981102971
0.8782810942518471
0.5335792628701335
0.6787231486638452
-0.4696796307645503
0.7874015748031497
-0.5233564013840791
0.8282968824731392
-0.5519739537290467
0.004336231381302563
0.6390243902439103
-0.03985372605411196
2.4573691441502037
-0.15775690712325022
0.9827983946572962
0.16794275342666184
0.5441178002020265
0.5085474290389752
-0.02164044909082852
-0.21902813351955017
1.5360459470905916
0.672472378782025
1.4698600373907404
0.1324575861845669
-0.5907949374642528
0.007003606857520709
-1.155013981221633
0.900294531431857
-0.3360400439359819
0.8887278509997041
0.20999915202241926
0.4659080727533484
1.0652318241723395
1.4584477213899127
-0.2565725578496329
-0.052318483926595584
-0.4619038386971659
0.7026445339319329
-0.12813693728543107
0.6850807330121765
0.4423927678399692
0.3662389888931444
2.3825991557156145
-0.715616846813262
-0.8240108116225043
0.13958021840755533
0.3515353685215266
0.20763982729639074
-4.1202285413573305
0
3.757736733003686
-1.3059269719969584
0.9221772379667151
-0.42154877684469766
0.7342857142857178
0.21650546936305448
3.7301886792452796
-0.8676355566873387
3.547247706422015
0.5612825772040452
1.6938325991189427
1.7912452078234313
-0.21406077112945474
0.22304959548270947
-1.5638297872340425
1.822111747541338
-4.36359004839942
0.07901909776171423
1.8177785663591166
-0.7258057489391672
2.3754563965735116
0.04929592558458538
1.5317052270779776
0.4240953687097795
-1.175308849483153
-0.5901787118966901
2.024850830856098
-1.47948467481942
0.984680851063836
0.840658368237862
0.6702631326026092
-0.3876918223590998
3.096520945582732
-0.18188432157148055
0.3514739229024914
0.45676840389302553
0.3305751928020536
0.20697965834344503
1.041949660407508
0.19453714394167337
-1.4060773480662954
-0.25736780380807994
1.648514811753089
0.18712840798729508
1.3992654939789508
-1.2385019838571185
1.4507751632958241
0.44719909086325044
-2.0349061703606455
-1.4622994757794332
1.893199999999997
0.48953217682828976
-2.3400265645753575
-0.6196247849914055
1.838665920681381
1.024074242418248
-0.9510954616588363
1.907421524752232
-1.6837339824339639
-0.13167543188753755
1.3283593873361756
0.007012486121118384
3.054502674296764
-0.22529333494617976
-3.1150075014775664
0
-6.939067595786115
0.4382702820813549
-1.012869000602459
-0.0012679467293283365
1.0532544378698256
3.7090325063155576
-1.2909340216163838
0.4984494952177448
0.5073603844230575
0.6823688351191445
0.7886257904336408
-2.69335172215867
3.7682287399639582
0.8341261413474681
-1.3526104795013936
0.1027871591454689
0.6589067381341313
-0.7475442894390633
-1.671825396825394
0.11784314754204508
-0.7630633790042805
0.19253734980868717
-1.7189653774426337
0.17985314743007402
-0.9639457126857008
3.477953557990146
-2.5622790099646444
-0.11628722118901923
-2.0493681390135365
1.3533847262672904
-0.5921785850923941
1.3286256923411528
1.5849227974568634
-0.05811614287631385
-0.37858455732851276
2.8756862665061127
-0.9756774987104767
1.3731563362730475
0.8830109328927559
0.10617790872617283
-2.170228920991143
0.8101361028652814
-0.23414277947321843
0.281232969891766
-0.13486711622372075
0.8527963139497964
1.2583347446112159
0.34888876788201073
0.5469013445788493
0.05319764080027475
0.01849368902861618
-0.6148014607312846
0.43953488372093585
0.0003859007308903687
0.5996874216142222
1.0733095757780315
-1.0406585524143535
0.3202362461408656
3.162703570609371
-0.3309209087910799
-2.8208655562165403
2.0399964801261063
-0.8128831480474654
1.5014912847730213
-0.19254475641412663
0.9865966148243149
-2.9596949408061013
0.5905736674967528
-0.3895115774651141
-1.497256296836761
1.4031202740656181
0.16854039452909234
-0.24991644131141288
-0.06663366713627537
-0.3375816806690615
0.929391479877197
-0.6026515151515096
0.606305423975544
-0.4613636363636336
0.4635020663515738
-0.573484848484854
0.2118208209199812
-0.4485975623664662
0.7656704676509001
-0.6961840624253913
0.4232339808418939
-0.017861282440081963
0.13759445365119702
0.5940315956485762
0.6192008874835334
-0.4841371034275802
-0.349701736073177
0.2858860766673934
-0.6244414529576209
1.3940904830747454
1.0418576801452069
-1.4051903895940407
0.29864202400405704
0.13108614232209737
-0.1346549466990836
0.5839170006367335
-0.42562065023516343
2.30735286418405
-0.39294382548176743
0.37100781281537387
0.1784199596361376
1.6372262773722575
1.5774581127956269
-3.4944269457966124
0.6172296827036491
-3.453849766454664
0.6010739388820093
-3.7085904057933994
1.2098469395699332
-2.251538461538467
0.33602732287740694
-0.4443137254901932
0.4462966829087643
-0.06352941176470873
0.7545970381183311
-4.087848232402891
-0.6026028871337845
-6.636953031485281
0
2.5177762705931324
1.5182104153417235
-0.39016842831075266
0.24058957107522436
-0.45518089335039474
0.5723180785678904
-0.3949360699865472
0.7854033214959822
1.6029763575651275
0.6003950401431651
-0.5537724982886689
1.107941898999222
-0.827150428047295
0.7025087248377384
-0.7874112172422298
0.5714849969759493
-2.8240058910161974
0
0.9400640742284329
0.5914000917545951
-0.2433786092177087
-0.2576880395343328
-0.2504364928890143
0.22516500960816047
-2.027767704933748
0.06764403073335411
-1.7979448414840924
0.7537318602154198
-1.9069717477709711
0.7236504925817095
0.002609387707168183
4.500206571136573
-4.104156176001801
0.2408530102286585
-1.3961885135895682
-0.15762136625672446
-1.2066736440312813
1.106570876621363
-1.4801183390272281
0.067923246731197
-2.3489063741995406
-1.2223675425519398
2.1837861861750674
0.30808543027754876
0.4092177887785896
-2.826309917950207
2.6187268830345234
-0.3861456707476545
-1.4133555533416153
3.352304307283857
0.1884452819790213
-1.2962297547277817
2.4768428007065237
4.99403540164553
-4.611548084996178
0.24479000170782764
0.14109855930944387
0.30666416565973326
-0.409664961903771
0.248906123090628
1.772864286585472
0.40232492445707535
0.7506969844233511
0.5995523455317091
-3.793320995962321
-1.635037006920491
1.485326731881195
0
-0.9060930267185674
-0.22980987652138557
0.6577956536761252
0.11353684886836886
0.157804278737732
0.15360578611052594
0.3212010201309471
-0.2760560673367173
-0.9522266071561601
-0.003979958696863427
-0.2335002034282204
0.33998829766485544
-0.2416472656750473
-0.5260920395366107
-1.0061078761329842
0.42766944884156977
-2.849735132254763
0.27701597105389847
-1.780690948537378
-1.2078696380603053
1.657974145077475
-0.6528394555477307
0.9831144465290739
0.6326174197384101
0.08031090474388879
-0.3837072018890234
-1.2083333333333333
1.6191011762500587
-0.5091194170951668
0.22805122809294817
-1.9451240097487366
0.48720210161912997
2.228480240307891
0.7607617718357486
-0.9568723942314264
-0.34504175005175625
-0.9509960067400688
0.4082869194378996
-3.6480357980049196
-1.7107316979168778
-0.6499330951225538
0.5372604158958112
-0.8906489223884112
0.17874030172946612
0.25898284979983915
0.45352815325307855
-0.8475075328550292
1.1645805183942313
-0.6771037181996157
-0.011821728336672072
1.8690391739575836
0.5401719652200861
1.317922300303507
-0.2663273880451691
0.5812016260317331
-0.12351930639886109
-2.4739151448526937
-0.5558227780449897
-1.9513672762450174
0.2551287353687195
-1.008971395909441
3.933422037004501
-3.056053410886053
1.1496314900360325
-1.7518967385949282
1.6502527278562185
-1.4586981723108834
0.7584176853993332
-0.4854103630392588
0.19620960977754381
3.529839702225821
0.45193552579017227
1.9208287017516856
0
3.3283032704810527
0.08143730010328186
-0.013183016637882785
0.8856518042655088
-1.9549434652702486
-16.980065360979207
18.996340362863258
0.5387800679290898
-1.2055273777349969
0.33866865277328534
-1.0629954343015466
0.5959543054513505
-0.6125933430898072
0.3723700480447102
-1.0001175502527364
-1.827136804909098
2.2099554428861152
-0.02934647297994844
0.48293853896887884
-0.23889514529254396
-0.48554694880029886
-0.05458204393142597
0.10305019066660047
0.8999307380665346
0.47251646755151844
0.9845762204252839
4.937905468025943
1.3879075846963778
-3.5949633926977094
0.2981770539203506
0.7788112880340599
0
-2.3425138780873813
0.8622701871455903
-1.2374249581399182
-1.3319549735814449
1.6568025294410873
3.247690200587241
-1.33452233594649
0.5000202346318005
1.220117850767107
-0.12244176280776523
1.0095019760746802
-0.3693577643997078
0.9204410025023106
-0.07669380000349559
-1.3798035829539215
-0.06279184944106732
-0.30309466287908954
0.8969585073474196
-1.5312002392912691
0.8098920292865502
-0.4422386670802467
0.507406352371457
-0.37376224469913666
0.8654564204686921
0.3710640548222935
0.6928436886681826
-2.147513462838206
-0.628314246245711
3.7591928251121045
1.0873746126552175
-0.8264250809110039
0.030176836260486454
0.34779086003896265
0.3414317802124178
-1.1873068593293805
0.23217132164390525
-1.3694900605013027
1.4353878307504335
-0.349449476689696
0.23667305308239422
-0.6737472107384533
