0
4.955527318932652
0
4.963680387409203
0
4.959630911188001
0
4.945054945054957
0
4.921465968586375
0
4.990019960079841
0
4.942965779467677
0
4.981884057971022
0
4.918032786885249
0
4.934210526315787
0
4.937304075235116
0
4.92905153099328
0
4.982206405693945
0
4.949152542372884
0
4.974160206718343
0
4.984615384615377
0
4.982415005861673
0
4.9692908989391436
0
4.999999999999988
0
4.964539007092201
0
4.971042471042477
0
4.9655172413793025
0
4.9934296977661
0
4.964539007092204
0
4.968203497615263
0
4.998106777735707
0
4.94049765596827
0
4.982817869415805
0
4.909983633387878
0
4.992199687987524
0
4.903417533432388
0
4.957507082152975
0
4.993252361673418
0
4.884318766066834
0
4.901960784313726
0
4.90654205607477
0
4.899777282850786
0
4.989384288747349
0
4.954499494438818
0
4.91329479768787
0
4.958677685950405
0
4.98687664041995
0
5
0
5.000000000000009
0
4.98866213151927
0
4.9676025917926605
0
4.938271604938263
0
4.967320261437905
0
4.981320049813201
0
4.982206405693954
0
4.971751412429385
0
4.951560818083955
0
4.974358974358968
0
4.982901807523214
0
4.9790600279199575
0
4.964539007092207
0
4.9831081081081
0
4.987932421560742
0
4.980842911877395
0
4.999999999999996
0
4.970455335418843
0
5.000000000000007
0
4.982655313781127
0
4.986482427155309
0
4.978540772532182
0
4.987735077677844
0
4.984423676012458
0
4.995054401582603
0
4.992934526613281
0
4.979811574697171
0
4.999999999999996
0
4.985754985754986
0
4.981585578600513
0
4.9852289512555386
0
4.994723883221944
0
4.991624790619758
0
4.993618379068295
0
0.8965202856708672
-5.843373493975896
-4.9904030710172815
0
-5.000000000000008
0
-4.997341839447091
0
-4.999067338183176
0
-4.987237384645599
0
-4.980367844595984
0
-4.980426272292309
10.482948043030444
4.992749119535948
0
4.972375690607733
0.01879699248120728
4.999060327006206
0
4.510470735636286
0.46240794656620066
4.994885782475273
0
4.98457541808736
0
4.99536034642746
0
4.993371630578874
0
4.994388327721665
0
4.997327632282199
0
4.988546703995934
0
4.9939393939393995
0
4.9988455322096454
0
4.991753710830125
0
4.9952874646559895
0
-4.997007779772593
0
-4.997375328083991
0
-4.995027074814889
0
-4.990112830057007
0
-4.99510284035259
0
-4.999999999999994
0
-4.9918610960390755
0
-4.997144488863507
0
-4.989480012022834
0
-3.448275862068976
8.748361730013103
4.986441699307024
0
4.993542832544134
0
4.988383217165505
0
4.9986982556625845
0
4.9962806843540735
-9.517062226945333
-4.998042542085339
0
-4.9999999999999964
10.526315789473678
0
-0.15698587127157665
-2.0178197064989636
-2.7146295801016254
-4.989690721649478
0
-4.991319444444444
0
-4.994670321303497
0
1.2982849815675626
3.6392405063291138
3.816793893129771
-7.794117647058823
-4.9920255183413005
0
-4.985731072687602
10.494699646643106
-4.061400703549725
8.883333333333326
2.525639063217511
-4.762615706180947
3.088258347703409
-3.8929440389294436
0
0.15822784810126583
4.202211690363352
-4.244996967859309
-1.5199493350221696
0.45016077170417274
-2.368758002560812
0
-4.918032786885246
1.6379310344827587
1.7811704834605597
1.3666666666666742
1.9401512660309033
-2.5483870967741864
-1.0261502813637944
-2.3578595317725792
-1.0104469943483434
-0.05190311418684335
-1.3328717327332604
-0.7894736842105263
-0.618921308576481
-1.8505338078291775
-3.9158810732414833
-0.09433962264150944
0
-4.457034938621345
0
-4.190551492389798
-2.001237879100472
7.136842105263153
4.991157398310077
0
4.997192588433474
0
2.014260249554359
2.9180499737899783
3.8879456706281794
1.0622650759928094
4.592496765847344
-8.828076685219528
-4.985585891131099
0
-4.997322862752098
0
-4.997182040202887
0
-4.983191615582359
0
-4.994797086368366
10.514786418400876
4.9950445986124965
0
2.6996413063998403
2.2242647058823573
2.823233231433183
2.1161245190626135
2.4147970542901223
-7.224080267558536
-4.992790194664732
7.436918990703838
0
-2.8253575843192658
-3.5071779029620127
1.4124293785310735
4.995357474466106
-2.9006013441811067
1.639344262295082
-3.0824372759856713
-0.14792899408283183
-3.1851851851851936
-4.322876817138479
1.7592962814874074
-0.09823182711198428
-1.7109144542772838
-3.2412965186074407
0.020678246484691045
4.403555923092828
-6.356435643564361
1.5013744977796624
-0.10416666666666667
-0.7299270072992701
0.2310924369747947
-1.9911968140850973
-2.6732249786142
2.307185234014502
-1.9759450171821402
2.6073619631901916
-7.409780055519963
-4.98154981549816
0
-5.000000000000005
1.4052120592743997
0
-4.988662131519264
-2.5457438345266565
-2.5034013605442147
-4.9958135640524794
10.517038777908347
-4.997341839447106
0
-4.980414101846658
1.5312131919905736
-4.6983758700696026
2.1606816798539152
-1.1021745606195974
0.060240963855418266
0
4.996989765201692
4.988532110091737
0
3.7138175860185756
-6.76671932596103
0.7060152499293985
-0.28042624789680315
1.2373453318335144
-3.4722222222222223
-4.40287769784173
1.8663455749548432
0.35460992907802763
-5.300353356890459
-0.5597014925373169
-4.440275171982486
-1.1780104712041959
-3.8410596026490142
1.9283746556473909
2.8716216216216215
2.4630541871921183
2.4679487179487145
4.973412574288406
0
4.976162097735395
0
4.995742265114949
0
4.974317383076516
0
4.996137007468446
0
4.9791513367672335
0
2.6168224299065392
2.322404371584697
4.005340453938585
0.9413778348309872
0
-4.980924120389996
-1.4053089449029692
-3.642533936651589
-4.977694294435311
0
-4.991351618482824
0
-4.993498049414821
0
-4.927456884752258
10.423265188597751
4.980443285528037
0
4.992548435171377
0
4.471256210078078
-2.717391304347826
-1.9087523277467517
-2.183198860939722
3.8088306647258587
-3.856041131105399
0.875060768108902
-2.1445783132530067
1.8714602314700728
-0.5801305293691026
1.0454655968879192
-2.6467757459095282
3.3119130004943096
-4.784688995215311
0.05025125628140418
-0.4018081366147579
0.025214321734736735
-2.319132845979327
0
0.5677419354838681
0
-0.4105722350525958
4.61221334707549
-4.310344827586207
-2.9601029601029603
1.0079575596817005
-0.21008403361344835
0.8421052631578917
0.7045929018789114
-2.487691111686957
0.3986181238373638
-4.923239809422981
-4.983296213808457
4.600058599472601
-1.4005602240896358
3.0965909090909025
0.16533480297603273
0.05502063273727335
-4.866648336541102
5.202312138728324
-1.978021978021975
0.7567264573990999
-0.9735744089012517
-0.4494382022471974
-3.9503386004514676
4.2009400705052915
0.08457851705667081
-1.0985915492957683
