0.10134279199392808
-0.12655024044545685
-8.286872782564634
1.7960762641613706
3.5016286644951236
-0.3409388932599033
0.868421052631582
-0.573962953300284
-1.207032274993446
0.398406374501992
0.5291005291005291
2.0789473684210464
-1.392111368909507
-0.6535947712418301
0
1.1052631578947338
-0.05205622071837289
3.7499999999999942
-3.7901606425702727
0.23480302635011147
-1.1192087454450836
1.1845222426954463
-0.7284079084287083
0.20964360587000905
-0.2876569037656815
-0.8654602675059038
-0.07936507936508237
0.6089489012443768
0.34210526315789774
1.4424337791765014
0.6204756980351543
-0.23124357656731173
0.20602626834921745
0.3855050115651503
0.40962621607782024
1.8357980622131538
0.8012018027040675
0
-0.5464480874317053
0.37462537462537465
-2.3388902712117385
0.789808917197458
0.4802831142568193
4.150943396226415
-3.5507246376811565
1.051840721262206
0
2.30483271375465
-0.5087209302325636
-1.1200389578767875
10.53927604038413
2.472711071508136
-4.608695652173911
-0.7292616226071077
-0.9182736455463728
-0.06950880444856611
0.16230002318571496
-0.3240740740740688
-0.7663725034835139
0.7956938918792364
1.416299048061301
-0.3891941391941366
1.4249597793610638
0.40788579197824865
0.45136538027533285
-1.0559424848348786
-2.338782924613977
-0.5347593582887726
1.9401589527816763
0.2751662462737878
-0.5030871255431028
0.620547000689494
-0.27409776153494486
0.5955107650022826
-2.504553734061931
1.3311536665109736
-3.9179534454943536
-1.6550731590309373
-0.2926829268292655
0
-0.7583170254403186
0.8873551885629832
0.21988761299779555
1.1701608971233572
0.38554216867470426
0.5040806529044565
-0.5970862192500598
0.7688611244593918
0.7153075822603719
0.2130681818181899
-0.9449562957713206
0.1430956355831066
-0.8811621814717764
-0.3123498318116318
-0.9158833453844191
0.7054244709316412
0.41062801932366877
-1.347125330767372
1.6825164594001407
0.16786570743405002
-0.766100071821879
0.3136308805790136
-0.9139009139009167
0
0.024271844660199694
0.46105314244114953
-1.8115942028985508
1.845018450184502
2.004830917874399
0.42623727208146134
8.064135817024285
-0.5018546803403908
-1.1842105263157845
2.7518863737239183
-2.7429805615550733
-3.086831001554527
3.093492208982585
-0.15559013114025086
-0.9349955476402468
-0.9438202247190985
2.699637023593461
-0.1104484205875856
1.459531180893415
0.6756756756756682
-3.8319982680233795
-2.1386762719495724
3.151598803772714
1.1150758251561106
12.240846934274373
-1.7488701120062837
-3.8
-0.6237006237006237
-0.08368200836819609
-0.335008375209385
-3.6134453781512583
-1.612903225806459
-4.120513956579523
1.6635859519408476
-0.6363636363636389
-0.16010978956998825
-0.572737686139748
2.4193548387096775
-3.5095613048369003
0.8393564933550998
1.0404624277456647
1.1670480549199136
-2.9178918796652416
1.6309412861137
-0.7336084364970171
0.27713625866050545
1.2897282358360256
8.23101409731696
-5.861344537815121
-1.2720374916313424
-0.15822784810126325
0.633914421553093
-0.8998875140607424
-0.11350737797956867
-0.7954545454545454
0.8934707903780017
-2.134423251589459
2.064965197215772
-2.1823141623096083
0
-0.48803160585638455
0.4670714619336759
-0.534635053463508
0.560878709978975
-1.487334417848021
0.35385704175513094
-0.3526093088857546
0.2123142250530866
-1.671374764595109
1.5561407708881974
-1.2729844413012676
0.28653295128939554
-1.1904761904761905
1.2048192771084338
-1.4523809523809579
1.4737859386325256
-3.2380952380952435
3.3464566929133914
0.16666666666666397
0.3090087948657027
0.3080568720379174
0.4016064257028085
1.1764705882352942
-0.16279069767441595
-0.8385744234800891
-1.3389711064129644
3.9047619047618993
-0.5499541704857877
-2.926267281105988
-0.3085687158794235
0.35714285714285715
-0.35587188612099646
-2.333333333333336
-0.04875670404680366
-1.6341463414634119
4.140838085792211
-4.285714285714286
4.477611940298507
-2.3095238095238066
2.3641238118449888
-3.4761904761904816
3.6013813517513626
-3.9761904761904736
4.140838085792211
-2.904761904761902
2.9916625796959266
-2.0714285714285685
-1.3858497447118863
0.8382642998027557
0.7334963325183375
-1.844660194174763
1.3600395647873393
0.4147353012930094
-0.36443148688046645
-0.3169958546695955
-0.2935420743639894
0.2944062806673181
0.6360078277886414
-0.8021390374331441
0.2940455770644422
2.1255802589787414
0.21531100478468357
1.5994270708999871
-0.610902255639103
1.8676122931442027
-1.6245068461359946
0.5661712668082176
-0.8679333802486485
4.164694746805481
-0.0454338936846862
-0.7045454545454597
0.43488212405585586
2.2789425706472195
0.22281639928698752
-3.801689639839934
-1.0862029119482295
2.523364485981311
-0.6608933454877015
2.684101858224374
-2.5915996425379855
0.38990825688073133
-0.06854009595613694
-2.880658436213984
1.2947269303201505
0.9993028119916364
0.9433962264150865
3.3963984499658157
-0.1322751322751373
-1.456953642384111
-0.5600358422939068
-5.451678305924756
0.8815820824398353
-2.2909777987718445
-1.0877447425670776
-4.398826979472141
-0.07668711656442008
2.2512151445382482
1.0507880910682985
2.8967566229264783
-1.5880654475457223
0.8801955990220105
-0.31507513330102066
1.0454655968879192
1.5399422521655382
-2.5592417061611403
0.559338521400781
1.0157194679564665
1.4364376346660284
8.0245456691055
-1.2890539654795667
-1.726427622841968
-0.06756756756757012
-2.6369168356997945
0.46296296296296297
-0.6221198156682002
-0.09274287039184653
-1.0443258296588536
0.49249530956848564
0.5367561260210062
0.18570102135562008
0.6487488415199153
0
-0.3453038674033149
0.462000462000462
1.0117268337548941
-0.22763487366264512
-0.7985398129135295
-0.04599816007359444
-0.23009664058904739
-0.3690036900369056
-1.3194444444444418
0.7037297677691766
1.35103657116236
-0.8503792231670985
-0.927213722763097
1.1230697239120289
-2.22119389171679
0.07098911500235554
-2.5537952234570716
0.5823829167677692
-3.4981905910735827
-0.2750000000000057
-1.5793431937828917
0.3820682628629648
-1.040345090078666
1.0256410256410255
3.451776649746199
0.5888125613346362
-2.9512195121951277
0
0.10052777079669116
0.22596033140848035
-0.6513026052104123
0.7816439737770967
-0.05003752814610674
-0.37546933667083854
-1.1306532663316582
0.9402795425667061
-0.7552870090634441
1.116184677828522
-1.705970898143505
1.0719754977029068
-0.4040404040404098
-0.9888438133874182
-2.612035851472468
0
-1.866947146989225
-0.02679528403000158
1.3133208255159412
1.8783068783068844
-0.7790184367696702
-0.6542789845590159
-0.6322444678609151
-0.026511134676555116
-1.2198355873773594
2.5771812080536973
-2.7741428945302333
2.288021534320323
-2.2894736842105234
0.21545919741449268
0.4837409298575529
0.37443166622092383
0.8792965627498032
-0.13206550449022714
-2.3009785770960183
1.4618299945858242
-0.02668089647812773
2.1617293835068114
-0.5747126436781579
0.026274303730942167
-0.7617546624638764
1.111699311805185
-0.6282722513088945
1.2908324552160109
-1.6644993498049356
0.4760645331922651
3.7378257436167535
1.1925907130169977
-1.7051153460381172
-4.591836734693878
5.240641711229952
0.5843495934959234
-4.243495832280868
0.47480875758373897
-0.05250721974271164
-0.4990806409246066
-1.795142555438229
0.6989247311828019
-0.9610250934330012
0.45822102425875705
-1.234236651462293
9.209453952730229
-6.840796019900497
-0.34712950600801373
0.6162915326902496
-0.4793608521970736
1.9801980198019893
-0.23615848858568197
-0.5260389268805892
0.4759386567953494
0.39473684210526316
1.4941022280471792
-3.047520661157028
-0.8524240809802848
-1.6389038151531343
3.7967768369297943
-2.157894736842102
1.9903173749327534
0.2109704641350241
-2.2631578947368483
3.3925686591276314
9.375
-6.380952380952383
-0.8646998982705945
1.2827090815802975
-0.45592705167173536
-1.1195928753180604
2.007205352547595
-1.0595358224016118
1.5808261091279932
-1.731927710843368
-0.2809706257982178
-0.38422131147540983
-2.1342247364360905
2.417235943247501
1.128783991790656
-1.2937595129375865
-0.6168080185042493
1.3447116627876878
-3.036488900229645
5.210526315789477
0.1750875437718831
-1.0736579275905147
-0.9843513377082225
-0.07647208768799678
0.8928571428571429
2.02275600505689
0
0.5700123915737327
0.9857072449482503
0.5368472425573423
-0.4611650485436838
0.60960741282614
-1.2118274357731458
-0.5152109911678171
0.5918618988902533
-1.0786957587643975
0.24783147459727387
2.991347342398028
-0.7681228996639571
-0.6531204644412164
-0.14609203798392156
1.7556693489392803
-0.43134435657800413
-1.395908543922987
-5.2965584574078575
4.871134020618551
0.44236913246498194
0.562759970638613
-0.07299270072992978
-0.8522035549062577
0.7612966601178838
0.02437241043138335
0
-0.21929824561402955
8.840048840048837
-7.830379178819829
-0.07302823758520238
-0.43848964677223173
-0.636163445069725
1.6252154641713779
11.945723285679673
-8.3982683982684
0
-4.631379962192809
-2.006937561942523
2.123893805309729
-1.5102748205001155
2.6897938662644516
-0.24479804161566707
-1.791411042944788
-0.5497251374312815
0.05025125628140418
0.10045203415370019
0.35122930255895063
0.125
0.37453183520599254
-0.0995024875621834
-0.44820717131474386
-0.9754877438719445
0.5556958827986981
