1.4730782255333443
1.4683797764058182
-2.417365564874206
1.4155712841253754
1.5952143569292163
0
-1.717369970559372
-1.1482775836245593
1.61616161616162
1.060304837640818
3.6885245901639343
1.1225296442687782
1.7198248905565978
-1.3987088841069817
0.919719407638344
-1.51374729687982
0.7998745294855745
-1.01135833203672
-3.3794404275385097
-0.5531153408166732
1.6031408473744593
0.7567219449363921
2.3010546500479534
1.5307716338644102
-2.199999999999993
-1.8404907975460192
2.644230769230769
1.576893052302892
1.752228711958189
1.1782477341389659
-2.6575097043893634
-0.07668711656441718
1.0283960092095235
0.3038590094196293
-1.4541048167222088
0.6762988011066673
-1.480916030534358
-0.7903300790329939
-1.9212746016869833
0.8440834527791159
-0.9475679090334806
0.39859693877551017
3.334921391138637
-2.8584601198709114
4.540420819490576
0.9533898305084849
-1.1692399940039075
-1.6077658122250735
2.682287652227528
-1.4562378021318187
-0.22851919561243145
-1.2673690639792266
-1.2836374884008765
-0.3759987466708409
0.3302406038685364
-0.360501567398112
3.4135598552776356
-0.3346516580468409
1.6941391941391801
0.90049527239982
0.28261192919828815
2.3435182438445494
1.4637681159420324
-0.5570632766747575
1.3358230393565
-0.7937632884479126
-1.871695956565227
1.0629004076878377
2.895836334822075
-0.028003360403254754
-1.2184873949579895
0.6096696441230779
-3.100338218714769
-1.1052937754508467
-8.588235294117645
2.654440154440154
-4.34101238050463
3.014416775884662
-4.818702290076329
2.255639097744361
-0.359477124183014
-1.2463102656608576
3.653271338425772
0.11214354373597112
-3.376540246439434
2.683007618416702
-2.5483870967741864
0
-0.231711353856354
-3.782349037823483
4.827586206896552
0.7401315789473685
-1.7469387755102115
1.3459621136590267
1.7051975733726803
1.563759471223609
7.285714285714283
-6.199141884894213
4.542586750788637
0.9203379601689836
-0.5531469576917225
0.22549609140108237
0.2099895005249703
-2.1104625056129356
1.391437308868505
0.6635499924596557
0.014981273408243108
1.1833433193529024
-1.02146558105107
-0.04486987735567876
1.6609307197366487
0.2943773918163085
-1.1006750807161727
0.44516990651431965
0.7534347761855552
0.542521994134904
-0.5250109377278727
0.6597273127107462
-0.7427905621905072
-0.5722670579603781
1.357733175914984
0.7134536983110209
-0.34697123030216726
-0.47874655447554837
-2.6093294460641365
-0.4640023948510736
1.1578947368421122
1.8581834398691837
-0.13134851138355091
-0.2776559988309188
0.864595545134815
1.9758826093273316
4.245619034050445
1.7630176301762985
-3.7335482138060794
-2.343749999999994
-6.128571428571426
-0.16740222188403936
7.515243902439018
0.3544590954203885
-3.7157389092964053
1.247248716067498
-1.3043478260869565
-0.014684287812044455
0.9693053311793248
-0.4072727272727207
-3.6074193077260177
1.9696969696969697
-1.6493313521545354
0.8309412297930201
0.4794725801618288
2.8929317029525765
2.652173913043472
0
-2.0753917831427264
1.4850057670126808
2.2020173320073875
0.7089241034195194
-0.4554865424430579
-1.2479201331114809
0.2386969952260505
2.129149740860071
-5.074749691400356
3.56884843230746
-7.226562499999994
0.37593984962406013
0.6292134831460743
-0.550841149322621
0.4491017964071856
0.044709388971677276
-0.9235811112766174
0.015035333032630091
5.216476247745028
1.4144877839691352
4.6210200056354
0.48478319418260474
-2.4792280889841862
0.1236773395630036
-1.1528959648641197
-2.8742016106637105
1.3438170121515336
0.18338270560023534
-1.0278794705716794
-0.25608194622278485
-0.2852660105548424
2.460306107852944
-2.9038112522685964
-0.9633357296908764
-1.4808362369337882
-2.0778072502210465
3.0850263355906695
0.948905109489051
0.11569052783802669
0.2455582839809397
4.755043227665706
0.1375515818431912
1.469780219780226
2.6397725734398265
-6.2780269058295985
-1.4916971573318354
13.785714285714286
0.9416195856873822
-2.1766169154228856
-0.11443102352192973
-1.2347250509165026
0.1546591055548454
-0.9393900398919146
0.4156923876331574
2.794307891332474
0.012584948401714414
-2.6047565118912854
1.111111111111114
-0.012777919754666845
1.0095846645367383
-1.5561740890688203
0.12851818532322323
4.992940572455394
0.6723716381418093
-2.5865209471766795
-1.0720518573921742
0.28981854838709104
-1.1056665410227358
-0.5463092364375642
-2.73377618804292
0.39401103230890466
-0.05232862375719221
-2.225130890052356
0.13386880856760375
2.3663101604278136
0.03917983544468519
-2.3629242819843372
0
-1.5510094932477634
-0.7877223957625906
3.0116358658453115
-0.11960132890365147
-1.60989888238425
0.0676132521974307
-4.959459459459466
-1.279681501492962
6.394930145470271
1.624475429809124
-3.063807113360863
0.32980623883468146
-1.9449390494452876
0
-2.3746333286771897
-0.40062956073829653
-5.372791265622752
0.7742523151662226
0.5573968062669548
1.0187265917602928
-5.264718967818479
0.36005009392612214
-4.227109655279991
1.4820846905537497
-2.6320012839030618
-1.4339871435635478
-0.5518394648829356
0.5549016310744836
4.765886287625418
-0.12769353551475732
2.716957008150871
1.1202738447175868
-3.092783505154643
-0.762146713242292
1.6960000000000037
0.692259282567649
1.359375000000007
1.7265299830429985
-4.3946052432186695
4.136947218259633
-3.63774733637747
1.0898752171852752
-1.125000000000007
0.568900126422254
-0.6442489000628572
0.5060888818598839
-0.47206923682140045
3.019762845849806
-0.7213014119091536
0.5719585716494119
0.16907470027667118
-0.16878932023937743
-2.8127881955118457
0.6009805472086144
-2.3266781952523297
1.319813294704659
3.256552819698173
0.046153846153839155
-2.6141780716592344
0.2210642665403586
0.5514416259650228
1.1125039172673
-1.6271501627150164
0.15752993068683052
-0.8021390374331409
0.3805295703186899
-1.8006634023061092
0.1769342126427391
0.5138086062941628
0.14376996805111458
-0.23927261126176425
-0.7195394947233771
-1.7716218392655823
0.7542220036071524
-3.498779495524817
-0.0674536256323739
-0.8606142423219748
0.953191489361706
8.834935086831896
-2.3857474825716465
2.2059990477701916
-2.003105590062108
2.471874504832835
0.030926240915406182
-1.2985005410418886
0.1252936570086068
3.316127013921484
1.4383043149129446
3.208955223880597
0.9399855386840202
0.48710601719197383
0.35642999714856005
0.568262537292229
0.762819607289162
9.60325248843404
0.28140189306728647
-6.122448979591836
-0.5434782608695652
-0.7377049180327838
-0.20644095788604458
0.5930216521858991
2.7145599122566586
-1.2680192205018685
-1.6087603082330797
0.17862050013740977
1.3304073515292734
0.649702219815927
-0.06724045185583646
-0.8881711748082388
-1.520706042090977
-1.7372121880601006
0.434965623684567
-0.2654372729812765
-0.8264462809917323
1.694915254237288
0.29166666666666985
-0.9001523334718183
0.9782001117942984
1.9374481040686409
0.7195221286994237
-0.39088825987329523
-0.013531799729367083
1.0556232237109309
1.2454801124949717
-1.6402116402116371
0.7396449704142012
2.923508209851819
-0.1297016861219196
0.9090909090909091
2.4324324324324293
-0.18846588767433095
-1.044813695871092
1.6537336216766314
-2.3901889625829087
0.9615384615384616
-2.1079365079365107
-2.101439875470221
1.2322777262488345
-0.3534031413612625
0.39406278733744915
-2.407431636791833
1.3808821557849669
-1.1901613329806928
1.0572805139186265
-1.3640577406966055
0
5.316863587540283
0.08924018357981202
2.114380333715453
-0.7858301110141035
-1.3955242645209986
2.0017850312380525
-4.662499999999994
-1.455355972204015
2.5279403938265035
-0.24656112120425347
0.13008976193573565
3.923606599974007
-4.000500062507814
-1.9273342883187856
8.378701367680257
1.4212202891448062
4.034791012321828
-1.6372503483511405
3.033880297485531
-0.0916590284142936
-2.316513761467895
-1.1505048133364586
-1.0332541567696016
0.49201968078723424
5.958920468115594
0.41699537924039737
-1.694725028058364
0
0.5480077634433232
0.36334733734528574
-1.5952030772711872
0.41388825017245606
3.5836959010762617
-1.403780258649281
-1.0426008968609815
0.07930214115780353
-0.47543581616481007
-0.2161055505004653
-1.516015046164363
0
0.8217592592592619
0.5739869130983813
-1.3697066544914964
0.16201828492072412
-4.910456383593298
-0.35236938031591464
2.524082428972068
0.975261655566133
0.12956419316843612
1.1998588401364465
-0.05811926072300361
0.05815305885089556
0.6160641636638462
0.03465804066542913
1.593717519344043
0.011367511651689104
-0.4660150034098556
-0.4453579993148442
0.10323468685479364
0.2864672854360032
0.45703839122486284
-0.591446769790724
-3.180778032036608
2.079886551642627
17.55035887937023
5.584006302934797
-1.9867549668874132
-2.2934906737723555
5.882925879029888
1.1498482200349556
-1.5005456529647145
0.08309482042286871
-2.1402214022140265
1.0935143288084594
6.657963446475183
-3.645742262633332
2.159513655748134
0.328625988098394
0.16820113314448398
-0.45072912063631543
0.9321732954545454
-1.8999032456680565
-0.6814310051107244
-0.7673557822515121
-0.2456331877729299
0.8663930688554492
-1.7450271247739562
-3.248366614521023
1.6834696595015994
-1.4030492937985222
3.823166682477961
