1.1630304779972893
-3.624281462758371
1.4255499153976234
4.1164449263878
1.265822784810123
-1.214398734177208
0.42846273975893234
-1.4314194577352508
1.128595121556575
3.0360000000000036
-0.22516402034241165
-1.5563596747208281
2.790403541361998
0.09612796554773716
0.1767055931161787
0.09586624741161132
-1.3983067080412213
2.9644883052296107
-2.1999169842647346
1.7169534686318388
-1.361757007927781
1.3690201507460356
-0.8915022761760243
-0.06507177033492127
-0.31791021908994105
1.5946205571565801
-1.9969742813918374
2.493053411546788
0.7718954740567814
0.6576243321002843
-0.5716619028174799
0.43307821541907443
-1.8921229694063453
-0.6517126401939913
-2.2082379862700265
2.028002028002028
0.18347922480028217
0.4120721889427192
-1.5199300832161722
1.9948296484932777
-1.12355299992435
-0.4017293491984543
0.11524277811923787
1.131916199831172
0.7550176423720488
0.8962193101370757
-0.7091139807419571
1.2817621410314204
-1.9187233252922553
0.7416376570304188
1.4085036057692306
0.07778065854290563
3.626943005181347
-0.2571428571428506
-1.536092810083074
-0.9200334557620343
0.7120311238346947
-0.13848396501458388
0.10218232245822137
-0.17863652934743313
1.0006939118366784
0.8244440426686017
3.9342968834056524
-1.4423740510697096
0.7632518731181354
2.321056289089652
-4.465498505840804
2.175381224896023
-2.7030787963123957
1.2478546910755017
-3.0335134371578785
0.22579940272415389
3.244912790697681
-1.3444550029915978
3.057329385323402
-0.9969537524231578
-0.9860139860139796
-0.730983826541432
3.4079186083739526
1.620282775465269
1.8923493568043361
0.33888169042160265
0.04635608092447571
0.4765844779083267
2.8195922131822493
1.16290245074484
-2.0837291785420287
-0.9282018111254793
-1.566937616296151
-0.40128677080225394
4.608417687799684
-0.9294626941685707
1.227348669836776
2.5201548911318508
-4.671826625386999
-0.22733915754603617
0.30923472543211483
-1.567367601246097
3.4516862822668317
1.338432122370937
-1.723270440251578
-0.019198771278635257
-1.1041413300902516
2.7895537361250535
-1.3537764065107198
2.2500239364248555
-0.4681940196017229
0.16307074761665258
-0.38509705698184665
1.1974730489989742
-0.8354556183613917
-0.21610448181903882
-0.4613935969868116
0.3342477848201024
7.024105094440428
0.4287308392552977
-3.8830409356725197
-1.250304210270136
0.2988201226086773
-1.47429203268014
1.6272834964773308
0.4815950920245343
-1.0257349574136798
-0.5490268653033443
-0.6916229879353715
-0.05933791380387542
2.0874347676635163
0.8356545961002702
-0.7619452370833559
4.010278058181148
2.570437033115702
0.2437206101617158
4.001601784845974
0.2640264026402615
0.5074610489357033
-0.11189650937474166
-4.136612021857926
-2.3969674514051165
2.25142356548401
-0.3855380397532557
-3.6409506608182105
-0.8657879860759844
3.49339735894358
-0.5306808954877678
-0.346928660971986
1.342812006319118
0.05484830114604344
2.03115983843047
1.4478000226218701
0.8445757609544036
1.6418364244451227
-0.035352024583258965
-3.1175190424374297
0.30325153029706653
0.7362409719500639
-0.23065166041406646
-0.08077544426493333
-1.8565494940484588
1.6218365665918812
1.1068254234445722
-1.8770387571183749
2.1298774475278184
-0.6979117817439444
2.1723429079393246
1.6802610114192544
-1.403818386009947
-1.9499362677297776
1.4272279692426815
-0.7826561221707068
0.8465492125443126
0.08721484832793527
-0.7134493369278183
1.8074106579633058
-0.05118534482758866
0.7061804264036083
-1.745041886358169
-0.8934651739260638
0.46725118874199484
-0.7030886657729946
-0.7301080008816399
-0.06105853292997192
-0.06387292065872925
-1.5339298616128445
-0.1665067449342465
-1.1081272084805602
0.851842323414222
0.05101896204756617
-0.27479531998074375
0.1391966365547438
-1.5006666477546762
1.2902482575888539
1.444412851862388
2.175009809966924
0.8147254073626987
-0.7754891023373514
0.005484560960902563
0.5731051881101139
1.4532268178967795
-3.0368180596613814
5.207871396895789
-0.869359045285703
1.7486513061734228
5.1793036801003005
0.57114477278371
-0.6271604938271628
-0.002484718978281296
0.03727171077152441
3.8251366120218577
-4.892344497607655
1.3910199974845978
3.438523370050597
-1.3527126205209297
-2.6549963530269833
4.767970428093302
-6.462917491119745
2.500254867978385
-0.9921177611457751
-0.04520568587071631
-2.0351758793969847
0.37189022826365736
0.02810783186405798
0.37807183364839786
-1.3768005293429
0.19869429463524935
1.2541849085758388
1.0071979042144712
-1.6392617027170036
-0.8960114689468026
-0.5863814837776353
0.7691308301935795
0.801939093886179
0.30441010948531905
-0.9232103236336696
0.5791654868851193
-2.746071556533761
0.9973421752059181
-2.141740489838453
-3.8127695830448975
3.429662846703208
-1.0250234176368307
-1.273592558541991
1.098299142724108
4.581166016471618
0.9740175634018058
0.7029426101234021
0.12228364710976809
-2.9210452660237585
0.3276282336906665
-0.8281519410627586
-0.692816311477562
1.6287336198206703
-0.7308415117978702
-1.6354648716869957
0.5827318898690238
-3.2635271606250713
-0.21703296703296954
0.4652955590429804
-1.255138394080575
-1.690164298401411
0.8045620077350873
6.37952279601209
2.1955457273732453
-1.7903142709943327
0.5534426229508173
-1.1268781302170237
0.15301815111860825
5.126178810389346
-0.6389696301493435
-2.5874460948730325
1.3462086105573823
0.32441821850972674
0.3921169221367849
1.3163234249771643
0.6233259068265474
-0.26868345108965386
1.1175414089004123
-0.07154134596408356
0.16540351050436403
4.759205402474489
2.1056346312198566
-4.534562211981571
3.060436377679093
-3.7283372365339535
-0.6130193636275244
0.8346387311533168
-0.20389834211228092
-0.14593924062948457
0.4896109906705832
-0.3926891937751447
-1.4406697167331797
1.6222222222222178
-0.8042374322715433
-0.07838142360260172
-1.2771486002843533
-0.5661361209743545
-0.3770757897365441
3.5769789943349943
-0.5009559303986042
-2.962494527411581
-0.18798877080409063
-0.8010848547248962
-0.5164295478709847
-0.1883047483332508
-0.611870283499898
0.5463780012312673
-0.7219940301553621
-1.0895821555224363
-0.2831904390750868
0.7607931007529839
-0.08533085098130949
0.8825051759834345
0.0513070470229086
0.997410322812238
0.2538715410002539
-0.012661433274246644
-0.23046726605039658
1.9013047672234373
2.0850459606905267
-3.9116642264519323
1.07677070371029
5.798849275143834
-0.25885202688260556
0.6476190476190433
0.5677517032551098
-1.34550244636808
0.1430615164520744
0.8333333333333334
-0.11570247933883439
-3.569655563698268
2.363266406805425
-2.766135792120704
-0.5073891625615741
1.0892706837649155
0.3575451829357866
2.5988286969253296
1.978832203591386
-4.046458474240269
1.4243352292061728
5.123657975460127
3.177859845894306
-2.7794962439239987
2.268078723694382
-0.7822222222222182
-1.0302813115929044
-0.24214718928215392
-0.6374628524761317
0.5433789954337941
6.226440801126295
-5.7567336468576356
0.7507882142128148
1.679499302084728
-0.24134266229739698
4.208189990012215
0.4941321803582419
-4.880995273721471
0.6461675579322638
-1.5076378127075574
0.05619366584998539
0.9727276811789591
-0.3270518610808245
2.3058035714285756
2.3192895948334207
-0.44566700784716273
-0.9552980487073373
0.37628944010725623
-2.953786491435966
-2.1179291359559462
1.5309594012247676
-0.24125991287836887
0.7658373827171512
-0.06000133336295958
0.9205728008538768
-0.5508306526241572
0.3987947536334633
0.19860534910406918
0.0969034929304417
5.485148514851489
0.7237761508457923
0.5798301925864568
1.1323862466543133
-2.2434853420195404
-0.4519138656337169
-1.7112612706847175
1.2068194878998748
2.6393270241850684
0.36676570023562416
-1.7822146006859236
0.5778304337885155
-0.896898055343149
0.8716505056824144
-0.05374899220640365
0.6949759033652629
-0.022595156420113054
-2.066896778435229
2.0245038392145345
1.1412473525117723
10.008945634936754
2.0163004306122896
-2.429347826086963
0.289645184648812
-1.3644358048690144
-1.2350313450204622
4.893576586849107
1.4584654407102093
-0.7178571428571396
-0.5467822583546269
0.7234057944804139
-2.104355944985094
1.1481603756281935
-0.8123594690650645
-1.4076782449725778
-0.009271277582050807
-1.0588780713954633
1.96049031000488
0.9007352941176471
0.10384405173984002
-2.7881412997979838
0.7750631844987295
-1.9506214122499026
0.6006176699066055
-1.3598011149615927
-0.34177263527703894
0.733786761184025
0.0038038723420407415
-3.6420692278432862
0.9789795716964446
0.4280604366607305
3.9295445698715383
-5.14803648008389
-0.3751233958538993
-1.8212445501387164
0.918431198401324
1.7921433714697066
1.290969111058709
-0.5722710430852199
0.797986498614753
-1.7672221899618716
0.7724137931034447
1.04024089789214
0.9308356233308892
-1.0813920046016612
0.019383225756430384
5.904924323172027
-0.4098960620699851
-2.0726150227840527
0.5816571600120084
-2.5687423049658755
0.7639434030902478
-2.312457247092799
0.017505981210239756
-2.1684169583819526
1.1132094225226121
-0.6409122186179174
-1.066503096618446
2.4239999999999964
0.6853862376005695
-1.7687101215988172
0.18163511085664286
7.372445460457588
2.121723808824616
-6.826024442846875
0.9490374599745346
-0.5178277983719849
0.26506348078290115
-0.3563150131223609
0.29222339709698775
-1.7328962754231534
0.5676608860191454
-1.4179307134266876
-3.1540837809653146
5.826899634295006
0.6181846106588814
1.2077847738981144
0.7899251550628666
-0.6191313456286607
