-0.958904109589045
0
-8.852005532503446
0.1517450682852721
9.393939393939398
0.5540166204986031
-1.6528925619834556
0
-0.980392156862749
4.243281471004243
-3.3921302578018993
1.9662921348314486
2.203856749311307
0.26954177897574505
-1.0752688172043163
0.6793478260869565
-1.0796221322537074
0.13642564802183973
5.449591280653951
0.6459948320413437
-2.4390243902439095
3.815789473684218
-5.703422053231939
0
-0.8064516129032372
0.27100271002710413
-0.40540540540540154
0.13568521031206826
0.1355013550135617
0.13531799729363236
-0.40540540540540154
0.13568521031206826
0.1355013550135617
0
0.13531799729363236
0
4.054054054054054
1.0389610389610353
-2.827763496143963
0.793650793650805
0.13123359580051747
1.9659239842726082
-2.3136246786632353
-1.3157894736842106
1.6000000000000039
0
0.2624671916010536
-0.5235602094240912
3.289473684210526
-0.5095541401273957
-0.38412291933418335
0.25706940874036355
-1.153846153846161
1.5564202334630388
-4.469987228607918
3.6096256684492016
-3.0967741935483946
0.9320905459387522
-2.5065963060685905
0.2706359945872647
-2.699055330634278
-2.7739251040221915
1.711840228245368
0
0.9817671809256703
-1.1111111111111072
0.8426966292134751
1.6713091922005612
-2.73972602739726
-2.816901408450704
2.4637681159420333
-0.9900990099009941
0.4285714285714245
0.14224751066857544
-0.5681818181818262
0.28571428571428975
-0.9971509971510012
-1.4388489208633093
1.4598540145985401
0.7194244604316546
-1.000000000000004
0.2886002886002927
1.582733812949632
0.4249291784702711
-1.4104372355430181
0.14306151645206625
-1.7142857142857184
-0.7267441860465117
-1.0248901903367538
-2.2189349112426036
2.7231467473525135
0.7363770250368188
0.5847953216374144
0.7267441860465117
1.1544011544011503
0
0.5706134094151294
-2.6950354609929157
0.29154518950437736
0.1453488372093147
0
1.4513788098693758
-1.8597997138769833
-0.583090379008734
0.8797653958944198
0
0.1453488372093147
-0.14513788098694996
0.1453488372093147
0.2902757619738587
-0.5788712011577302
0.5822416302765523
0.43415340086832327
0.2881844380403294
-1.1494252873563178
0.2906976744186088
-0.7246376811594203
0.7299270072992701
-0.8695652173912961
-0.5847953216374352
0
0.14705882352940342
0.29368575624082655
-0.7320644216691069
-2.2123893805309733
-0.45248868778280116
-3.787878787878788
0.31496062992126433
-0.31397174254317556
-1.259842519685035
0.9569377990430531
0
-0.15797788309635755
0.1582278481012568
-0.9478672985781901
-1.2759170653907563
-7.592891760904678
0.6993006993006968
-3.2986111111111085
0
-10.95152603231598
1.6129032258064457
-3.3730158730158646
0.6160164271047169
-2.4489795918367405
0.20920502092050508
9.812108559498963
2.6615969581749024
0.3703703703703756
0.9225092250922509
-2.193784277879347
-0.18691588785046995
1.4981273408239781
-0.3690036900369056
-0.3703703703703756
-0.557620817843861
5.2336448598130785
0.8880994671403197
0
0.35211267605634305
-2.1052631578947416
2.1505376344086073
-3.333333333333331
-0.9074410163339383
-0.9157509157509157
0.18484288354898598
-0.5535055350553584
1.298701298701304
-0.9157509157509157
-0.9242144177449167
1.1194029850746294
-0.1845018450184528
-0.36968576709797196
0.5565862708719931
-1.1070110701107037
0.7462686567164153
-1.4814814814814763
0
0.37593984962405214
0
-0.18726591760299893
0
0
-0.18761726078798185
1.5037593984962352
0.5555555555555503
2.7624309392265194
-0.35842293906809275
0
0
1.258992805755388
1.2433392539964527
1.2280701754386014
0.17331022530328302
-1.557093425605534
0
0
0.175746924428825
0
0.17543859649123056
0.5253940455341456
0.6968641114982553
3.4602076124567476
0.16722408026756092
-0.5008347245408967
-1.0067114093959755
-0.5084745762711816
-0.8517887563884157
-0.6872852233677074
-0.17301038062282753
1.0398613518197475
-0.3430531732418452
-2.0654044750430343
-0.7029876977152875
0.3539823008849608
0
1.0582010582010482
0
0.5235602094240912
0.694444444444442
9.482758620689655
1.7322834645669203
-3.4055727554179502
0.16025641025641255
-1.7600000000000022
0.32573289902280594
0.8116883116883117
-0.6441223832528157
0.16207455429496648
0.32362459546926026
2.4193548387096775
-0.15748031496063217
-0.6309148264984205
0
-0.6349206349206327
0
-0.4792332268370675
-1.1235955056179707
-0.8116883116883117
-0.4909983633387958
-0.657894736842103
0.4966887417218614
6.589785831960461
1.236476043276657
-1.2213740458015223
0.30911901081916976
-0.9244992295839884
-0.3110419906687447
-1.4040561622464767
-0.15822784810126805
-0.6339144215530881
0.9569377990430531
-2.3696682464454977
1.6181229773462784
5.09554140127389
1.8181818181818226
8.928571428571429
4.644808743169387
11.227154046997402
10.915492957746476
-17.46031746031746
-5.128205128205129
0
1.756756756756753
0.9296148738379852
3.684210526315786
-2.2842639593908594
0.6493506493506493
-2.4516129032258136
0.793650793650805
-5.3805774278215335
-1.3869625520110958
-0.8438818565400764
-0.28368794326241537
3.4139402560455276
1.1004126547455255
-2.857142857142849
0.42016806722688677
-3.3472803347280413
0.1443001443001566
-4.466858789625372
0.6033182503770825
0.29985007496252297
0
1.4947683109118086
0.5891016200294424
-1.6105417276720269
-0.7440476190476191
-0.7496251874062968
0
-2.114803625377652
0.3086419753086464
-1.5384615384615385
0.46874999999999556
-0.6220839813374783
-0.31298904538340494
-0.47095761381476337
0.31545741324921583
-1.7295597484276752
0
-0.32000000000000456
0
-2.0866773675762396
0
-2.2950819672131124
-0.8389261744966443
-3.3840947546531304
0.8756567425569176
-2.2569444444444517
0.5328596802841994
2.120141342756176
-0.6920415224913471
-2.090592334494766
-0.35587188612100146
-0.5357142857142806
0.7181328545780944
-1.4260249554367277
-1.0849909584086697
3.6563071297989027
0.5291005291005241
-3.508771929824561
-1.4545454545454495
2.398523985239847
0.18018018018018275
0.7194244604316521
-1.071428571428574
2.7075812274368234
1.2302284710017626
-4.861111111111119
-1.8248175182481752
0
-0.743494423791819
1.1235955056179803
-0.9259259259259259
0.7476635514018665
-0.5565862708719799
-0.7462686567164153
0.18796992481201938
-2.063789868667907
-0.7662835249042254
1.3513513513513569
-0.5714285714285661
-1.9157088122605364
0
0.7812499999999972
0.7751937984496097
-1.538461538461533
-0.5859375000000083
-1.9646365422396856
-0.20040080160320928
2.0080321285140563
-0.2755905511811035
1.6581129095933744
-0.03883495145631675
-1.1655011655011545
0
1.5723270440251516
3.4442724458204355
-0.6734006734006723
-1.1299435028248614
0.8380952380952338
0.03777861730261263
-0.7175226586102768
-1.0650437428680015
0.8073817762398973
1.0678871090770448
-4.94339622641509
-0.7145692735212374
-0.43982407037186316
-0.4016064257028027
0
-0.04032258064516759
-0.12101653892697695
-0.040387722132478036
0.565656565656568
-0.7633587786259594
1.4170040485830018
-0.1197604790419207
-0.07993605115907104
0
0.519999999999996
0
1.9498607242339914
1.0148321623731382
-5.60278207109737
2.5787965616045807
5.347166799680767
0.18939393939394208
-6.994328922495265
-0.36585365853658475
5.263157894736838
0.8139534883720964
-1.2687427912341478
1.2461059190031163
1.0384615384615368
1.5987818804720277
0
-1.2364181341326408
2.541729893778459
0.4439511653717996
-1.2523020257826882
-1.081685938082802
-2.1870286576168865
0.23130300693908526
3.0000000000000044
2.83793876026885
-1.1619462599854768
1.0286554004408566
-0.1818181818181844
0.8743169398907177
-1.589021307331171
0
0.8073394495412802
0
-1.3833272661084783
0
-3.6544850498338812
1.3026819923371642
-2.118003025718617
0.46367851622875195
0.4230769230769209
0.5361930294906188
3.923809523809528
0.8064516129032216
0
-0.6545454545454535
0.25622254758418844
0.03650967506388467
3.905109489051096
0.3512469265893973
-3.360168008400423
-0.18109380659181715
0.5805515239477509
0.4689754689754782
-2.8366247755834926
0
-0.5543237250554272
0
-0.3344481605351165
-0.3355704697986572
2.1698466142910524
0.8055657268399943
-1.3803123864874776
0
-0.4419889502762337
0.07399186089529994
-0.03696857670980245
0.25887573964497146
-0.14754703061600571
-1.5515330624307415
-1.6510318949343255
0
-0.38153376573827325
-0.382995021064718
-0.1922337562475998
-0.5778120184899928
-0.4649360712901877
-0.3114052160373758
0.585708707536127
-0.8928571428571445
0.6658832745789195
-0.5447470817120644
0.1173708920187838
-0.15631105900742145
-0.2739726027397271
0.03924646781788858
-0.15692428403295075
0
0.8251473477406713
