-0.352112676056338
-2.402826855123679
-2.787834902244746
1.0428305400372482
2.6170291190563826
-1.2931034482758499
-1.8195050946142648
-0.8154188287620417
0.7847533632286867
1.8168335187245215
-0.03641660597233166
2.0036429872495445
1.000000000000004
1.4497878359264376
4.112931334959921
0.16739203213927017
2.9077540106951836
-0.3572588502760526
-1.2711864406779771
-1.5846814130075784
-12.009392821200942
-0.8768585589020249
-3.076923076923077
0.9920634920634921
0.07858546168958296
-3.1802120141342733
-1.9059205190592006
0.12401818933442867
2.064409578860446
1.9417475728155387
-3.5714285714285716
0
3.292181069958848
-0.398406374501992
-0.7600000000000022
-1.0882708585247838
1.426242868785656
-0.16070711128967685
2.334004024144874
0.11797090051120053
-0.66771406127258
0.1186239620403254
2.6066350710900563
0.46189376443417574
-2.3371647509578524
5.688505296194576
-1.5961395694134948
0.1886080724254998
0.15060240963854565
0.37593984962406013
-0.8239700374531793
-0.1132930513595209
-1.928166351606814
0.7710100231303008
-1.6449885233358665
0.3500583430571673
-0.31007751937984934
1.0886469673405954
0.19230769230769232
0
2.994241842610369
0.2609019754006666
2.899628252788108
-1.9508670520231337
0.6632277081798127
-0.7686676427525497
0.07377351530800022
-0.6634721710283861
1.0760667903524963
-0.22026431718060424
0.25754231052243876
-0.11009174311927022
0.2571638501102089
0
-1.905459875412235
0.7844602166604493
-1.6308376575241046
0.6028636021100312
4.307116104868914
1.400359066427281
-0.9206798866855403
0.07147962830592874
-0.24999999999999595
-0.8234872896527072
-2.1660649819494586
1.845018450184502
-2.4999999999999916
-0.037160906726132564
-1.9330855018587318
-0.18953752843062927
1.5951386251424187
1.0467289719626212
0.6289308176100586
0.8823529411764622
-0.4737609329445899
0.1830831197363603
-0.10964912280702169
-2.5978777899743952
2.0285499624342727
1.4727540500736376
0.5442670537010159
-2.7787802237459562
0.037119524870090105
-0.11131725417440125
-1.4487369985141074
0.26385224274405905
0.3007518796992524
0.07496251874062541
-1.0486891385767834
-0.5299015897047605
0.8751902587519069
-0.1886080724254998
-0.3401360544217816
-0.15168752370116695
1.7470565894416885
0.6345651362448845
-0.5934718100890292
0.03731343283582938
-0.14919806042522718
-1.0085917071348482
0.5283018867924443
0.6006006006006092
-1.0447761194029894
-1.470588235294109
0.42097206276309446
0.8384146341463589
-1.3983371126228439
0.4216174779609133
1.6793893129770905
-1.201201201201197
-0.5699088145896657
-0.573175391669851
-1.0760953112990053
0.15540015540016866
-0.1939487975174554
-0.5441119315973594
-3.516998827667057
0.8505467800729017
0
-0.04016064257027884
-1.4865407794294965
0.4893964110929923
2.7597402597402527
-0.07898894154817877
0.2766798418972287
3.5869136775719443
0.7229832572298239
1.5489233094068844
-0.37202380952380953
1.5683345780433116
-2.4264705882353024
-0.5275056518462613
1.5530303030303116
-1.1562849682954206
0.5660377358490566
-0.18761726078799248
-1.4285714285714328
0
0.22883295194508876
-0.49467275494673185
-0.7265774378584999
1.4252696456086242
-3.076338777060396
-0.5094043887147269
0.6695549428908975
0.19561815336464336
0.5076142131979517
0
-0.777000777000766
-0.5481597494126882
2.125984251968495
0.1156515034695495
1.2706969580284988
0.7984790874524801
0.22632968691058689
-0.6021829130598291
-1.060204468004548
0.11481056257176095
0.6880733944953954
0
1.5186028853454823
0.1495886312640367
0.07468259895443936
-0.373134328358209
1.2359550561797796
0.29596744358121024
0.7008483954260336
0
-0.10989010989011405
-0.25669233590025253
1.3602941176470547
0
0.47152702212550285
-0.10830324909747703
0.21684134441634362
-1.1539848539487878
2.0430499817584695
0.10725777618877776
0.3214285714285633
0
-0.88999644001424
0.46695402298850985
1.7876296031462282
0.24587284861257067
0.14015416958655716
-0.7697690692792122
1.0225669957686803
-0.4537521815008766
-0.6311360448807894
-3.916725476358492
-0.5141388174807323
-0.1107419712070707
-0.11086474501109067
0
0.9988901220865662
-0.32967032967032134
2.425578831312005
0.07176175098672
0.7888131946934549
-1.0316613304873832
0.32350826743351335
0.03582945180937509
0.46561604584527627
0.17825311942959002
0.46263345195729944
0
-0.8147360963514032
1.25
-0.6349206349206389
0.10649627263046198
1.950354609929078
-0.4869565217391225
-0.4543865781195426
-0.9831460674157343
-0.1418439716311976
0.035511363636351524
1.2779552715655034
-0.4206098843322778
-0.9151707145371427
-0.07104795737122153
1.1731247778172809
0.4216444132115209
1.0146955913225952
-0.24246622791825032
2.499999999999996
-0.40650406504064657
0.2721088435374188
0.5766621438263191
-0.7082630691399739
-0.5774456521739092
-0.3416467372736591
-0.5142269454919438
0.5513439007581057
0.6854009595613434
-2.348536419332891
0.731962356221688
-1.5570934256055364
-1.5817223198594024
-0.14285714285713474
-0.17882689556509299
1.254030813328556
0.3538570417551309
2.186177715091674
-1.2077294685990339
0.5239259517988124
-1.077136900625442
1.791359325605909
0.10351966873706396
1.206480523957256
0.5449591280653835
1.8970189701897098
-0.2992021276595858
-0.3001000333444406
-1.204013377926429
-0.9817197020988414
-0.17094017094017094
0.3424657534246575
0.034129692832772264
0.5800068236096856
1.1194029850746308
-0.570278430057043
0.5060728744939271
0.23497818059753123
-0.06697923643671985
-1.642091152815006
1.0902896081771682
-1.5503875968992133
0.03423485107838613
0.5817932922655676
0.23817625042533022
0.20366598778002915
0.33875338753387535
-0.1688048615800135
0.10145417653027101
0.8445945945945946
-1.0050251256281406
2.6395939086294455
-0.2307945928123932
0.2313284864507563
0.29673590504450287
0.1972386587771278
-0.19685039370079485
-0.03287310979617551
-0.5261427162117799
0.9586776859504057
-0.3601833660772646
-2.9904699309891627
-0.37262872628725136
-1.4620877252635196
-0.41407867494823625
0.31185031185030393
0.3454231433506045
-0.6884681583476764
0.13864818024262643
-0.6922810661128419
0.662251655629151
-0.06925207756232293
-1.767151767151775
1.3756613756613676
-0.4523312456506453
1.118490038448091
0.3456619426201175
-0.8611780916293489
0.1389854065323062
1.457321304649545
0
0.30779753761971074
0.10228435049437823
0.9196185286103503
0.4049949375632766
-0.2016806722689152
0.20208824520041185
-0.8403361344537815
1.4237288135593182
4.177807486631016
-0.03208213025343789
0.4813863928112965
0.31938677738741617
-1.4326647564469912
-0.03229974160207452
-0.42003231017770964
0.19467878001298597
-0.6152849740932753
0.19550342130988035
0.6504065040650406
-1.9063004846526583
2.108036890645579
-0.3870967741935447
0.5181347150258957
-0.4510309278350443
-1.6181229773462784
-0.2960526315789399
2.0785219399537955
-0.29088558500322476
-0.1296596434359732
0
0.19474196689385453
-0.19436345966957108
2.661473547549493
-1.1381599747075632
1.1512631915574105
0.34777110338285355
-1.5437933207309318
-0.8960000000000037
0.6134969325153484
0.03209242618740882
-0.03208213025343789
-0.1925545571245259
-1.3826366559485568
0.13042060645583115
-0.6838163464669562
-0.39344262295081595
0.2633311389071795
0.22980958634274085
0.29479200786111276
-1.273677335075107
0.6615944426066821
0.4929346040092014
-0.9483322432962832
0.23109937273028905
-0.13175230566536036
-0.06596306068601208
0.8250825082508251
-0.196399345335523
-1.9350606756313473
-0.26755852842809746
0.7377598926894664
0
-2.063914780292939
-0.23793337865397304
1.805792163543445
0.26773761713521127
0.8010680907877094
1.6887417218543121
0.0651253663301819
2.1802798568174384
-2.6114649681528626
-0.06540222367560125
-1.4070680628272287
-0.03318951211417947
4.349269588313421
-0.3499840916322058
1.5644955300127823
-0.18861993083936582
-0.6614173228346528
0.12682308180089857
0.5383153894870135
-0.09448818897638153
0.9142496847414988
0.24992189940642126
-0.21813649111872505
-1.061836352279818
1.0416666666666703
-1.9681349578256828
1.4340344168260037
-0.6597549481621183
0.9171410499683853
-0.15669069257286117
0.5021971123665931
0.4684572142410993
-0.1554243083618278
-0.37359900373598653
0.6562500000000071
-0.6830176963676018
0.12503907471085782
-0.5619731501717176
-0.18838304552590981
0.18873859704310247
3.1711145996860353
-0.6999391357273315
-1.1952191235059866
-0.34119106699750806
0.21786492374727315
0
-0.4347826086956451
-0.6238303181534622
3.4839924670433033
-0.060661207158018995
0.21244309559938956
-0.5148394912174405
1.6438356164383492
-0.3294399520814513
0.4206730769230701
0.7480550568521843
-1.6929016929016896
-0.5740181268882106
0.6381039197812111
1.4492753623188441
-0.02976190476191153
-0.20839535576063967
-0.17899761336514497
-0.2689778840406557
-0.2996703626011388
-0.4508566275924256
-0.48309178743960324
-0.4854368932038904
0.9451219512195191
-0.27182120205377047
-0.09085402786190533
-0.4849954531676163
1.3097776424002472
-0.18039687312087274
0.18072289156627191
-0.3307276007215943
-1.2971342383107123
-2.4755501222493783
-0.4073958006894426
0.2517306482064227
-0.31387319522912743
