4.770889487870617
-1.1577051710830975
-0.5726184279021314
-1.8324607329842932
6.839999999999994
-1.1106951204292996
-2.385159010600704
2.107304460245631
-1.5826791592808307
2.9203653672970598
-0.7750000000000057
2.544721592340646
3.43980343980344
0
1.6864608076009555
-2.7096472786732124
1.3925570228091264
-0.30783802983661174
-1.6508313539192372
-0.9781427363844973
0.4878048780487805
0
-0.7402912621359251
0.7335860129600196
1.6142735768904077
0.3105590062111692
-1.3217432722076576
1.2911789549897346
-4.38408386943054
2.167954149015696
2.060975609756095
-2.0074082925080603
-0.7072308255090926
2.1736460763846304
-2.151442307692305
0.23338656184743609
-0.6250000000000028
0.382291281292394
-3.452088452088455
0.521694872121138
-3.683544303797471
-4.849520304902087
-2.527624309392259
-1.6437579708091288
2.319550497046538
-0.30977189524078363
3.234463276836155
-0.9440415925571183
4.046961325966844
-1.50006637461834
0.17520215633422567
-0.3497914704695156
0.2430133657351093
0.06734006734006734
1.655450874831757
-0.013239772275904813
0.9533898305084655
-0.02623294858341183
-4.093413802151672
0.8755129958960297
-0.7458638459452129
-0.25959830577947496
0.10958904109588419
0.4378762999452717
-0.46321525885558273
-0.2053107035313441
-1.796735701549859
1.6480446927374237
-1.4289640010992
1.7005854474491282
-3.248355263157901
-2.2524436889077744
2.1304347826087024
0.14190435646374341
-1.516225024798079
1.8561151079136657
-0.056505156095490505
-0.22614840989399615
-1.1333050007083156
-1.1176386301762364
2.6228082886538213
-1.1296243998870374
2.2422165095686846
1.410811565861157
0.7024793388429783
0.04103405826835652
-2.570412906754164
-0.3648610721302305
0.32394366197182456
-1.4319809069212315
2.0509898874804127
-0.34891835310537334
-0.42016806722689076
-0.32348804500702594
-0.7478481727106064
-0.6539664486778537
-0.47223812249570046
-3.6664270309130123
3.1791044776119337
1.5478084767828795
-0.7692307692307659
-0.3875968992248127
1.6284767257530002
0.6806579693703849
-1.816901408450701
-0.444699469229669
0.37463976945245286
1.6652311225954668
-0.25416548997459304
-0.33975084937712025
-0.8380681818181785
0.587308408537462
0.8259755055539667
1.1299435028248588
4.008379888268163
1.6785282664160064
0.277337559429465
0.22389042539181425
-1.8396846254927726
-1.9678714859437811
-0.09558923938275732
-0.17769272826682178
-2.8618376009858935
-0.9021708486044513
-4.210526315789477
0.26730026730027745
-4.369075829383886
0.9756853027721781
-0.5368098159509203
-1.0948342328450305
-0.09354536950421309
-0.9051186017478082
-0.929133858267713
1.0968049594659
0.9433962264150944
-2.133956386292842
-0.30240331052044844
1.7401021711366502
-1.8515612741252088
-0.5115907274180728
-0.3695966575606548
0.6451612903225806
1.3301282051281977
-0.8223944330222888
0.23919630043055334
-1.3681196309258705
0.3387096774193585
1.2698923002732643
0.6031746031745959
-0.17355632691699419
0.316105579263474
0.4253978257444354
0.5804832130530351
-3.1196381219778506
1.3524392207373976
0.07942811755361398
-2.015873015873023
-0.14579620929855455
-1.2816353017521054
0.5751848808545604
-3.4803921568627376
4.55391907905874
-4.9546632124352366
-1.1754684838160097
-0.5171522151353215
0.5025125628140664
-2.5689655172413755
-0.01769598301186033
-0.7079646017699115
-0.17825311942959002
1.3571428571428612
0
-0.6342494714587777
0.0709219858155988
1.080793763288452
-0.19281332164768147
-1.7211099402880146
0.536097212294496
0.053323853537140864
1.2613252798010344
-3.754385964912277
0.2551950419248956
1.41818181818181
0.519899605593419
0.37453183520597627
-0.9239516702203149
2.9949784791965444
-0.03482500435311367
1.9857167740811665
0.7514944491887237
-0.4407526699440622
0.18729780350758093
12.712440516655349
0.9650180940892606
-6.929510155316604
-0.1925545571245259
-3.00643086816721
1.4089176197579978
-0.5230467473030291
0
0.8544199802826046
1.2544802867383587
-0.4183427192276786
0.14541929229277384
-1.6134236850596968
-0.40997048212528703
2.881607113452989
0.19206145966710075
-1.5495207667731703
1.3629725782898088
-2.1610372979029933
-0.8507853403141435
0.7260726072607223
0.6716906946264782
-0.11391375101709446
1.9387422613229215
-1.1666933035000908
0.5012936610608058
-0.193081255028165
-0.048363694986289625
3.209677419354835
0
-2.0940771995624283
-0.06384676775737866
1.357610605334611
0.9927513394264031
5.773131533780621
0.014751438265234215
0.6784660766961685
0.10254907705829648
-2.3562124981706294
-0.44964028776978415
-1.0538994278831677
0.15216068167985392
1.9446976602856205
0.7302533532041695
-0.6953691374463578
-0.4618593563766422
-1.4818140996856723
-0.3190519598906142
2.3472031702484344
-0.04467609828740946
2.7264600715136997
-0.2030456852791845
-1.3951460543525682
1.341193809874727
-4.406631762652715
0.09128251939753884
-2.5079799361605106
-0.3897723729342064
-2.801690405384251
-0.8534621578099766
0.6983920740620357
0.16129032258064516
-1.33655394524959
0.01632120124039645
-1.5013054830287096
-3.2306163021868786
2.790618044855325
-0.3997335109926678
0.819397993311033
0.9620169182285733
3.53211762773123
-0.2856236115518991
-2.768936982813491
0.5073649754500855
-1.302719426803452
1.7488863223890485
1.2161504783525214
0.016020506247982864
0.016017940092907697
0
1.1851377322229304
-0.03165558721113197
-1.567447751741605
0.048254785266198245
-0.2090032154340763
1.1277589817947478
-1.9276724549944275
-0.3573749187784349
2.07042712748615
-0.3194377894904967
-1.2818458580355712
0.3083914948871899
0.420711974110036
0.4350628424105594
-0.7219637413765443
0.6302521008403509
0.7868957764573594
-0.8763543658381134
0.27326796334993275
0.35267714010901663
0.271565495207675
0.46200414210609797
-0.5074532191563662
-1.6416958877908758
0.6806028196402417
-0.17704812489938984
-0.27410512737827236
-0.5497170573969243
0.8128759551292473
-0.08063215610385421
3.4699806326662364
0.842302292934016
-2.6295436968290797
-1.5567911040508269
-2.0493787316443512
-0.13179571663920173
0
-0.8413064995051175
8.517717517883867
3.296029434309367
-5.342831700801425
-1.52085293195358
0.6368412673141219
-1.2814428096820158
1.410256410256403
-1.6434892541087196
1.8958868894601653
-1.2456638284452997
2.5227526744371818
2.4762498053262694
1.504559270516714
0.3144183260967245
4.104477611940299
0.6594982078853079
0.5697194131890044
-1.9260727942217848
2.5126353790613685
0.05634596422030952
-0.056314233422494336
1.5636005071136811
2.0110957004160888
1.3596193065941535
-3.8900067069081152
1.1304954640614129
-2.6911399392768423
-0.7091192738618636
-1.485502071132692
-0.5219660722053099
-1.9384929310596222
-0.7134363852556413
1.2275449101796476
-0.3105590062111835
0.07417297136923305
-0.07411799584939223
1.4241210502892778
-1.9160450489981018
-3.772740829108271
0.24794669146133935
-1.9013757922399064
-0.06303183107468914
5.3137811415957
-0.44916903728103014
1.2182283050082754
0.4754829123328448
1.7154687962141242
0.6978772899098675
2.7432861680623737
-0.04215851602024567
0.2952340784479155
0.21026072329688814
0.41963911036508605
-0.821841482100568
0.2949438202247223
-1.414367735611262
1.5767045454545487
-2.7968116347364003
0.18702344986332248
-0.27283170591613687
1.9726421886249166
-0.9460604349054004
-0.8267997148966435
-0.5318384361075241
0.10115606936416842
-0.4475241807420272
-3.7558004640371196
-0.25613982220883613
-0.9667673716012051
0.6406345332519725
1.7277963019096836
-0.3277711561382666
-1.1509715994020995
0.10585210948133154
-0.9969788519637497
-0.4882514494964803
-0.3373198405397187
0.15384615384615385
-0.7526881720430073
-2.1049373162049254
5.486166007905146
1.7985611510791366
-3.916372202591287
-0.030646644192467893
3.2495401594114113
-0.5344418052256565
1.6865671641790978
-2.113606340819019
6.0128954865797
1.1032531824610967
0.8254057078903317
-2.0813098376578325
3.7267960889896488
0.3005464480874379
0.7627349496049999
0.027034333603682816
-0.040540540540534395
1.3518994186832498
-5.202080832332933
0.2673420571267732
0.3788941902890727
-0.18174192646441417
-0.16806722689076267
0.4349046015712715
0.16762117614192562
1.5060660995676969
-0.8792416540733586
-0.7623007623007623
-0.5027932960893886
3.0320044918585096
-3.7602179836512293
0.028312570781433392
-0.042456835550533284
0.3964321110010008
0.2538428994500006
1.1253340835560557
0.556405619696759
-0.7608244570480012
0.20908837468636746
2.656836834052027
-3.021680216802162
0.7964230822970423
-0.027723870252277766
2.315585135884627
-1.693996476487329
0.5514199062586159
-0.8500137098985374
0.4839601769911504
0.37154258978944976
-0.5895256375102762
2.013515377189356
0.05407597674732692
0.20267531414673692
0.24271844660193562
-1.802528921172986
1.36986301369863
-0.9594594594594625
0
-0.6276436075863041
-1.2082932857338946
1.9179986101459283
-0.31365062048274306
1.6963064295485606
0.9012644605865007
3.052926276496464
0.14230271668823063
2.480299702880756
1.5883020294970407
-1.6999627745377754
-0.012623074981068258
-1.6538315869208462
-1.142490372272141
0.6362810024672091
0.3870967741935484
4.048843187660668
1.2353304508956147
-2.477120195240995
-3.6161161161161273
0.2596391016487083
