-0.5089058524173032
7.4168797953964205
-10.357142857142858
-1.726427622841964
3.5135135135135105
1.5665796344647533
-0.38560411311054305
2.5806451612903247
0.5031446540880508
1.2515644555694574
0.7416563658838133
-6.134969325153374
6.013071895424824
-1.3563501849568365
-1.1249999999999982
-0.12642225031605292
-1.3924050632911433
2.69576379974326
-3.2499999999999973
-3.7467700258397936
3.4899328859060375
1.6861219195849533
-2.5510204081632675
3.6649214659685896
0.631313131313129
2.2584692597239724
-2.5766871165644165
0.7556675062972242
-1.2499999999999956
4.3037974683544284
-3.762135922330103
2.017654476670872
-1.730531520395546
0
0.2515723270440198
2.2584692597239724
-2.331288343558287
2.3869346733668393
-4.049079754601228
2.941176470588241
-2.484472049689454
-3.1847133757961785
3.02631578947369
2.0434227330779073
-1.3767209011264119
4.060913705583749
-2.0731707317073162
3.2378580323785777
-3.8600723763570497
1.5056461731493114
-1.730531520395546
1.2578616352201324
-2.857142857142862
-2.17391304347826
1.6993464052287568
0
-0.12853470437018863
1.930501930501935
-2.1464646464646457
-1.03225806451613
2.086049543676664
-1.5325670498084305
2.853437094682228
-2.1437578814627987
3.6082474226804044
4.601990049751256
-5.23186682520809
2.2584692597239724
-2.5766871165644165
2.6448362720403016
-1.7177914110429517
4.744069912609248
-2.145411203814061
1.70523751522532
-2.8742514970059907
3.082614056720099
-3.11004784688995
1.2345679012345636
-1.3414634146341395
0.9888751545117438
0.12239902080783092
0.8557457212713971
-0.848484848484852
-3.9119804400977922
15.39440203562341
-0.7717750826901906
-1.1111111111111072
0.11235955056179535
-1.9079685746352404
-2.173913043478255
1.520467836257298
-2.073732718894006
3.5294117647058907
0
1.1363636363636322
-2.2471910112359668
2.873563218390805
-3.3519553072625583
-0.34682080924856806
-1.8561484918793316
4.6099290780141695
0
0.22598870056496695
-1.2401352874859013
-0.11415525114155008
3.999999999999996
-0.7692307692307724
2.436323366555932
-3.1351351351351258
-3.9062500000000155
7.3170731707317165
-1.948051948051945
0.22075055187637496
0.5506607929515497
-1.4238773274917937
0.6666666666666722
0
2.5386313465783514
-2.7987082884822367
-1.3289036544850412
0.897867564534232
-0.8898776418242499
0.3367003367003295
-1.454138702460839
0.45402951191826496
0.22598870056496695
-1.4656144306651524
0.11441647597253761
-0.11428571428571185
-0.22883295194507522
-1.7201834862385361
-1.9836639439906643
1.6666666666666523
0.7025761124121839
-1.7441860465116321
5.91715976331361
-9.608938547486028
-2.224969097651418
0.37926675094817003
-2.392947103274564
3.48387096774193
2.867830423940155
-2.4242424242424154
-1.6149068322981461
1.8939393939393985
-0.7434944237918277
-0.6242197253433186
2.889447236180899
-1.3431013431013363
0.12376237623762112
-0.9888751545117438
-0.6242197253433186
1.3819095477386976
-1.2391573729863758
0.75282308657465
-2.864259028642585
2.3076923076923155
0.25062656641603476
-0.5000000000000004
0
-0.7537688442211006
-1.2658227848101333
0.3846153846153878
-1.0217113665389537
2.193548387096773
-2.020202020202022
0.7731958762886663
-0.8951406649616405
0.9032258064516165
1.0230179028133002
-1.2658227848101333
-0.6410256410256387
0.7741935483870918
4.865556978233033
-4.029304029304019
0.7633587786259491
-1.3888888888888928
0.512163892445583
-0.38216560509553327
-0.12787723785167104
0.1280409731114043
2.3017902813299194
-2.6249999999999996
0.5134788189987167
-0.5108556832694768
0.12836970474967635
3.076923076923068
-0.7462686567164021
-0.8771929824561439
0.12642225031605292
-0.7575757575757527
0.5089058524173032
1.6455696202531518
-0.99626400996263
0.6289308176100606
-2.2499999999999964
1.6624040920716099
0.5031446540880508
-0.8760951188986268
-1.5151515151515165
1.2820512820512888
-0.6329113924050722
0.6369426751592447
-1.0126582278481022
-0.2557544757033307
-1.153846153846152
3.1128404669260727
0.6289308176100606
-3.3749999999999947
0.9055627425614411
-0.6410256410256387
-1.2903225806451568
0.784313725490191
-1.0376134889753577
0.7863695937090498
-0.910273081924581
1.3123359580052447
2.590673575129536
-0.25252525252524716
0.759493670886071
-0.5025125628140708
-1.3888888888888928
2.8169014084507014
-0.3735990037359821
4.249999999999998
0.7194244604316606
-2.023809523809523
0.24301336573511023
-1.3333333333333264
-1.3513513513513662
1.245330012453318
-0.3690036900369143
0.864197530864201
-0.7343941248470073
-0.12330456226880132
3.0864197530864197
-2.8742514970059907
2.5893958076448937
-3.8461538461538494
0
-0.12499999999999734
0.12515644555694352
-0.3750000000000031
1.2547051442910984
-0.4956629491945591
-0.3735990037359821
0.374999999999992
0.12453300124532737
-0.24875621890546737
1.620947630922703
11.288343558282207
1.764057331863287
-4.983748645720485
0.4561003420752671
-4.994324631101036
-1.792114695340485
-1.0948905109489033
-0.24600246002461681
-3.945745992601719
0.12836970474967635
6.538461538461548
-1.323706377858017
-0.7317073170731552
-1.4742014742014864
0.12468827930174299
0.4981320049813316
-0.4956629491945591
2.7397260273972686
-0.48484848484847454
-0.7308160779537209
2.453987730061341
0
0.23952095808382723
2.1505376344086202
-3.625730994152052
-1.5776699029126309
-0.8631319358816312
0.12437810945275578
4.968944099378864
1.1834319526627388
-3.157894736842121
-2.657004830917861
3.1017369727047144
-1.684717208182919
0.3671970624234928
3.4146341463414775
-4.599056603773591
3.83189122373301
-3.0952380952380927
1.3513513513513442
0.12121212121211863
-1.8159806295399559
1.8495684340320637
-0.12106537530266086
-0.48484848484847454
1.58343483556637
-2.7577937649880147
2.9593094944512974
-2.8742514970059907
4.808877928483361
-2.35294117647058
-1.0843373493975885
0.48721071863579957
-1.5757575757575852
1.2315270935960767
0.9732360097323609
-3.253012048192787
0
-1.2453300124532958
0.8827238335435093
-1.1249999999999982
0.5056890012642229
0.1257861635220099
0.5025125628140708
-2.0000000000000018
0
0.382653061224493
0.2541296060991051
-1.9011406844106398
0.12919896640826598
0.3870967741935516
-2.9562982005141443
2.251655629139072
-1.5544041450777217
0.9210526315789511
0.39113428943937745
0.2597402597402542
3.6269430051813507
-4.749999999999998
1.7060367454068228
-1.03225806451613
-0.9126466753585435
0.5263157894736847
2.094240837696337
-2.9487179487179427
-1.321003963011896
0.6693440428380164
1.7287234042553297
-1.6993464052287683
2.393617021276604
-5.454545454545453
1.5109890109890032
-1.8944519621109566
-0.6896551724137907
-0.8333333333333403
-1.8207282913165252
2.9957203994293864
0.1385041551246631
-0.13831258644537586
-6.2326869806094205
3.3973412112260037
-1.4285714285714235
2.8985507246376705
3.380281690140848
-3.5422343324250654
0
0.42372881355932557
0.7032348804500678
-1.8156424581005572
2.418207681365575
-2.5000000000000084
0
-0.28490028490027886
-0.7142857142857117
0.28776978417265575
-1.0043041606886571
-0.2898550724637748
2.906976744186049
-3.107344632768358
-0.14577259475219642
-1.459854014598535
-0.7407407407407381
-0.5970149253731348
-2.2522522522522577
1.8433179723502322
5.42986425339367
-6.008583690987123
0.15220700152206676
-1.2158054711246211
-0.7692307692307665
1.3953488372093001
-3.669724770642205
-0.15873015873015536
2.5437201907790166
0.15503875968991918
-0.9287925696594367
-2.8125000000000093
-3.054662379421214
0.6633499170812609
-1.9769357495881401
4.033613445378155
-1.4539579967689942
0.6557377049180334
-0.6514657980456032
9.344262295081972
1.4992503748125885
3.249630723781398
0.28612303290414265
-0.42796005706133183
-1.1461318051575942
-0.7246376811594305
1.7518248175182498
-0.2869440459110412
1.4388489208633042
-1.2765957446808491
-0.28735632183907434
0.720461095100862
0.28612303290414265
-0.713266761768899
-1.5804597701149472
0.7299270072992805
-0.7246376811594305
0.7299270072992805
0.7246376811594176
-1.438848920863317
3.5036496350364996
-2.679830747531728
2.6086956521739086
-2.401129943502824
1.1577424023154859
-2.8612303290414904
1.6200294550810062
0.2898550724637619
2.3121387283237014
-0.5649717514124298
-1.988636363636359
1.4492753623188352
-1.4285714285714235
2.173913043478253
1.2765957446808491
4.761904761904772
2.941176470588232
5.194805194805188
1.1111111111111094
0.6105006105006192
-2.3058252427184405
1.4906832298136548
-0.3671970624234928
10.319410319410316
-0.7795100222717181
-1.0101010101010084
1.2471655328798121
-2.0156774916013407
-1.7142857142857184
0.23255813953487878
-0.23201856148491387
0.3488372093023388
-3.7079953650057966
1.8050541516245528
-0.4728132387706965
1.6627078384798168
0.8177570093457976
-0.695249130938592
-1.9836639439906643
2.023809523809523
-1.4002333722287164
-0.11834319526626967
-2.251184834123217
3.636363636363645
-1.7543859649122846
0.1190476190476165
-1.9024970273483963
2.303030303030297
-1.5402843601895617
0
-0.12033694344163401
0.3614457831325224
2.2809123649459724
-2.112676056338025
