5.128205128205121
0.6097560975609844
-4.848484848484853
0.9554140127388558
-3.4700315457413184
1.3071895424836555
-1.9354838709677464
2.6315789473684235
-2.5641025641025665
3.2894736842105265
-0.31847133757961105
4.153354632587861
-3.680981595092033
-0.31847133757961105
0.31948881789136696
0
-0.31847133757961105
-0.9584664536741236
0.3225806451612949
-0.9646302250803881
0
3.5714285714285645
-3.761755485893415
3.257328990228013
-2.839116719242898
0.32467532467531773
-1.6181229773462784
-1.315789473684206
2.000000000000005
2.287581699346403
-0.6389776357827454
0.32154340836012174
-0.3205128205128137
0.32154340836012174
-0.9615384615384638
-0.6472491909385091
10.749185667752444
0
-4.117647058823525
-1.8404907975460165
2.187500000000009
-0.6116207951070423
2.7692307692307647
1.1976047904191576
1.7751479289940872
1.4534883720930234
-1.7191977077363938
2.0408163265306207
2.2857142857142776
0
-1.9553072625698207
1.1396011396011354
-0.5633802816901489
-0.8498583569405019
-2.857142857142857
0
0.2941176470588277
3.8123167155425133
-4.51977401129944
0.5917159763313694
-0.8823529411764622
0.2967359050444935
1.4792899408284026
-0.8746355685131113
-2.6470588235294077
1.81268882175227
0.8902077151335227
3.8235294117646976
-1.983002832861178
0
0
-0.2890173410404665
-2.028985507246385
-1.1834319526627177
0.5988023952095893
0
-3.2738095238095277
-0.30769230769231204
-0.3086419753086464
2.1671826625387087
0.6060606060606146
-0.6024096385542254
1.5151515151515151
0
-1.1940298507462643
-0.6042296072507638
-0.30395136778115933
0.3048780487804922
-0.9118541033434564
-1.8404907975460165
5.624999999999991
1.1834319526627388
-0.8771929824561527
1.1799410029498483
-2.3323615160349775
0
0.895522388059693
-1.1834319526627177
0.29940119760479467
-1.1940298507462643
0.6042296072507424
2.1021021021021107
-1.17647058823529
0.29761904761905184
0.2967359050444935
2.071005917159772
2.608695652173909
1.6949152542372923
-2.2222222222222143
1.7045454545454382
-1.117318435754186
1.4124293785310735
-1.1142061281337008
0
-1.6901408450704265
-0.8595988538681867
1.7341040462427786
0
-1.9886363636363715
0.8695652173912961
-1.4367816091954024
-0.29154518950435665
-0.2923976608187176
1.466275659824047
-1.445086705202312
2.052785923753653
-1.4367816091954024
0.29154518950437736
-0.5813953488371969
2.631578947368417
-2.56410256410256
1.754385964912264
-1.1494252873563178
1.4534883720930234
-2.5787965616045807
-5.882352941176471
1.5625
3.384615384615389
0
-1.7857142857142898
0.9090909090909005
1.2012012012012183
-0.8902077151335437
2.395209580838336
-2.33918128654972
0.5988023952095893
-1.7857142857142898
0.3030303030303073
0.6042296072507424
-0.30030030030028326
-0.3012048192771127
0.3021148036253819
5.722891566265056
-1.9943019943020024
0.8720930232558264
-1.440922190201729
-0.2923976608187176
-0.29325513196481356
0.5882352941176554
0.5847953216374144
-1.1627906976744145
2.35294117647058
0.8620689655172536
-0.8547008547008668
-2.0114942528735513
1.466275659824047
-1.445086705202312
0
-0.29325513196481356
3.8235294117646976
-4.815864022662878
1.7857142857142898
-2.046783625731002
2.089552238805979
-1.1695906432748704
2.071005917159772
-2.898550724637681
1.492537313432836
-0.2941176470588277
-1.769911504424783
1.5015015015015016
0
-0.29585798816566367
2.07715133531156
-3.4883720930232434
-0.6024096385542254
0.9090909090909005
2.1021021021021107
-2.6470588235294077
2.1148036253776303
-2.3668639053254354
2.4242424242424154
-1.7751479289940661
0.6024096385542039
-0.5988023952095681
2.409638554216859
-4.411764705882353
0.6153846153846241
-1.5290519877675839
1.242236024844716
-1.8404907975460165
0.6250000000000089
-0.621118012422369
2.187500000000009
-1.5290519877675839
-0.9316770186335536
-0.6269592476489007
3.4700315457413184
-3.3536585365853595
1.8927444794952615
-2.1671826625386865
3.1645569620253164
3.067484662576687
1.1904761904761862
0.2941176470588277
-0.29325513196481356
-2.058823529411773
2.1021021021021107
-2.9411764705882355
2.12121212121213
-0.8902077151335437
1.1976047904191576
-3.8461538461538383
1.2307692307692264
-0.30395136778115933
1.8292682926829313
-2.9940119760479043
2.1604938271605025
2.7190332326283944
1.4705882352941178
-2.3188405797101366
0
-1.1869436201780583
-1.201201201201197
-0.30395136778115933
0.6097560975609844
0.6060606060606146
2.409638554216859
-3.235294117647063
-1.2158054711246158
4.307692307692303
-0.5899705014749137
1.1869436201780372
2.052785923753653
-1.7241379310344667
-0.5847953216374352
-0.2941176470588277
-1.769911504424783
0.9009009009009138
-0.29761904761905184
1.492537313432836
1.4705882352941178
-3.4782608695652257
0
-2.402402402402394
2.7692307692307647
-2.6946107784431095
-1.5384615384615385
-2.8124999999999956
2.5723472668810197
1.567398119122257
2.1604938271605025
-2.114803625377652
0
-0.6172839506172708
0.9316770186335315
-0.30769230769231204
1.8518518518518563
-1.2121212121212077
0
2.1472392638036677
0.3003003003003046
-2.395209580838315
-0.9202453987730191
0
1.5479876160990713
-1.8292682926829096
0.9316770186335315
0.30769230769231204
2.1472392638036677
-2.1021021021020894
-0.6134969325153461
0
1.8518518518518563
-1.8181818181818226
3.0864197530864197
-3.293413173652699
0.30959752321981865
0.6172839506172928
-1.2269938650306704
0.31055900621116245
-0.30959752321979667
1.242236024844716
1.2269938650306704
-2.12121212121213
0
-0.6191950464396153
-0.31152647975078324
0.31250000000000444
0.31152647975078324
-0.3105590062111845
0.9345794392523276
-0.9259259259259172
-0.31152647975078324
0
1.8750000000000044
-2.453987730061352
-0.9433962264150966
-1.2698412698412653
2.893890675241153
0
3.750000000000009
-5.120481927710851
0.6349206349206327
-0.3154574132492046
0
-2.531645569620255
-1.9480519480519527
5.298013245033117
0.9433962264150966
0
-0.9345794392523387
0.3144654088050247
0.3134796238244559
0
-0.9375000000000022
-2.839116719242898
2.9220779220779174
-4.416403785488955
0.9900990099009924
-0.6535947712418393
0.3289473684210573
-1.639344262295082
1.3333333333333286
0.3289473684210573
0.9836065573770515
0
-1.6233766233766234
0.6600660066006577
-0.9836065573770515
0.6622516556291367
0
-1.315789473684206
0
0
0
0.6666666666666643
0.3311258278145742
-5.280528052805285
2.4390243902439
-1.3605442176870701
1.3793103448275814
1.4285714285714344
1.9450033534540518
-1.7763157894736814
1.7414601473543188
-1.8433179723502262
0.6036217303822928
-1.8666666666666625
2.4456521739130395
-0.59681697612732
0.06671114076050558
0.06666666666666525
-3.331112591605596
14.059269469331502
5.679758308157086
-3.544882790165795
1.3633669235329011
-2.6315789473684377
-0.48048048048047026
1.1466505733252943
1.372315035799504
2.8251912889935284
0
4.464796794504872
2.410958904109596
1.337613697164259
0.05279831045405496
-1.2664907651714958
4.008551576696953
-1.4902363823227087
-0.8346374543557649
-1.2098895318253573
0
-5.165069222577222
0.5053340819764169
4.525139664804482
0.5344735435595824
-4.572036150983517
-0.055710306406674154
1.1705685618728945
4.077134986225906
-4.976177871889895
-4.623955431754865
3.2126168224299105
1.5280135823429517
5.574136008918617
-1.6895459345300965
2.363050483351223
2.0461699895068235
-2.827763496143963
1.3227513227513228
-0.6266318537858875
-1.7341040462427841
1.4973262032085624
-1.2118018967334059
1.8666666666666742
-1.0471204188481824
2.063492063492067
2.38465526179368
1.8734177215189924
2.833001988071572
-3.624939584340261
0.3009027081243667
0.5000000000000071
0
-1.2935323383084654
0.756048387096767
-1.3006503251625714
1.3177901672579726
-1.4507253626813366
1.5228426395939123
-2.2000000000000064
-0.25562372188137605
0.9738595592003984
-0.5076142131979587
1.0714285714285576
1.4134275618374617
-3.6834245893479265
2.4806201550387432
-2.01714573877962
2.1616057642820468
0.3022670025188852
-0.05022601707685366
-0.15075376884420896
0.6542526421741268
-0.3500000000000014
-1.4049172102358312
1.272264631043257
0.5025125628140775
-0.09999999999999787
1.4514514514514472
-0.3453379378391726
0.4950495049505021
-1.5270935960591245
-0.6503251625812857
0.8056394763343411
-0.09990009990009777
-1.1500000000000021
0.050581689428434815
-0.4044489383215462
-3.5532994923857832
1.1578947368420993
1.3527575442247741
2.0533880903490687
1.559356136820937
4.259534422981671
1.425178147268412
-1.733021077283377
0
-0.14299332697807976
5.489260143198101
-5.882352941176473
0
0.3365384615384629
0.6229036895064638
-0.47619047619048294
0.28708133971292954
-1.7652671755725238
