-6.6945107398568044
-0.3708914183399383
-2.4390243902439024
2.157894736842102
1.4425553838227776
0.3682072117826279
-1.2270714737507964
0.10886270491803571
1.1450137529584912
2.0048064760941084
1.2276024552049076
2.309058614564834
-0.46096743295019427
0.5232453238708152
-0.634198875194456
-1.3668111753371897
2.1732494963677516
1.075461552249507
-1.8029201395046404
-1.1678304839874845
-1.0659032768912169
0.8434402511851288
0.012210012210014986
0.5066536442436793
-1.7977528089887584
0
-0.5566206939204651
1.1443497729958245
0.27055278853840564
0.8094683264855611
2.062169231705083
0.4648945047085442
-0.0474608448030348
-0.27896486229819834
4.404499732158801
0.7126161564334987
-0.8887127816143903
1.8904563367410994
-1.289237668161435
0.06246450880181199
-2.2983939617501847
1.7657992565055816
-2.4200913242009183
-0.737014506317262
4.119033588685921
0.6678363235044402
2.957215944228926
-0.6170479986894531
-2.010989010989006
0.25793428283054326
-0.4362416107382525
0.16290304460172247
-1.0879928214906547
-1.0035720360605571
0.25773195876288657
1.2167952013710341
0.2031832035218499
0.011265067027138566
4.370353683262004
0.36693287286854925
2.1075268817204327
-1.1373209772535877
7.381763953983818
-1.2994742585061028
-2.28643216080402
-3.3170480843404473
0.4521276595744681
-0.4500926661371459
-0.8031914893616973
1.05099469140436
-2.0854338020695122
3.1920659007153622
0.5041752008823138
0.8987824632910093
-3.138432855145276
0.7431962786718757
-2.7491773697059734
0.09277450338353078
5.005179652145476
0
-3.151773196946884
0.7934805918936283
-0.824468085106383
0.0053633681952217245
-2.0647860130859166
-0.1642845408247084
-1.1189731775547072
-0.3661174904310277
1.3696342074494816
-1.5763168012302986
1.3895089285714337
-0.09356596400462576
0.2423975319523944
0.3517256539898929
-0.6188389923329658
0.9974100402270297
-1.5768223483195036
-3.2097122900382553
2.4398625429553213
1.945655820194576
-1.6178567511242732
0.3288923574335171
0.8723191465718438
0.4792068300743622
1.7980484595987256
-0.5923532579429187
2.2264355362946864
-0.9008531609347676
-0.8983476819421398
1.170884368423895
-1.1946666666666714
0.02698909640505236
-0.0377745399600571
0.31850572230619
0.3067319593176584
0.6491416309012826
0.20254783860136358
0.21809670727165853
-0.7165605095541401
-2.6998128842555467
0.499999999999995
1.9681810726586848
-3.388558254249092
-0.09434485820523034
-3.1385401622041993
0.9061191718758934
-0.4717249218527965
0.10849703060757558
-0.33654668872282606
0.9214743589743537
-3.000056711847097
0.5261927034611786
1.2562521809933644
-0.22975301550832855
-0.4317789291882556
-1.358774212200058
-1.1547479484173533
1.441024728695959
-3.139249386180277
3.072001931317512
-2.072842253191232
1.5845491509208323
-1.3832479839896403
0.6386534558911195
4.406618824506268
-0.02272210861168433
-3.096590909090909
2.0404573438874203
-1.6204102740906767
-0.005840780328246542
1.4836448598130894
0.2187176240359131
2.5499655410061948
-0.7840501792114696
-1.044253781892075
-0.051337630483136366
0.37096221892478026
-0.8301586399044827
0.22934464766928503
1.4816086036268001
-3.81059751972942
1.3420065635255427
-1.6711964378650241
-1.2585274053164015
0.3752233472304916
0.8010443244526197
5.839416058394163
0.11123470522803114
1.1277777777777753
-0.5273855957809103
-2.8607720770972525
0.5685371539030075
-2.31217140595851
5.092592592592593
-3.8325991189427264
0.744388456252863
-1.7846993293168176
1.880787037037037
-1.6983811417211072
-0.27736045302207063
-3.4998261675744504
-0.08406388855530748
3.094951923076923
-1.585543573302247
2.991174554285376
2.093397745571664
2.427895448400175
-2.546334488258261
2.911963882618505
0.8993200263215668
-2.95652173913044
0
-2.4529569892473093
0.4133654839820901
3.8479130931961096
-0.3578703958597148
1.204552989280581
-0.6333260537235155
2.071428571428574
0.2314690208322094
-6.299677765843177
0.5559695076517479
-2.291381668946651
0
2.531793256329475
2.2872098315885325
-2.8590499499388065
1.9239578561612407
-3.3033707865168513
0.8308157099697858
2.7830596369922187
-0.7007512052920731
1.5073674702196154
-0.094549499443829
-0.43979290764348183
-0.27957951241333034
-1.4578894246944039
-0.24467964037784123
3.856026467400613
0.17575657714066267
1.3597236690608012
-0.03786444528587902
-2.029220779220779
-0.3755868544600914
0.19404557298885625
-0.5976095617529855
1.3749721665553227
0.44478611828016784
-1.2300459217144106
0.17158355011899645
0.5304453530776957
-0.05496317467296911
-1.0613726352837758
0.24456672780835367
1.042417521485997
0.8615485924381302
-1.5016322089227372
2.065841802916475
-4.107587401233893
0.9481347705852449
0.6876502487840306
0.00555247084952299
-1.4380101049358651
0.67598017124831
-1.2085944494180918
0.3964657906660625
-0.298995825341304
-0.775193798449615
-0.07413321167882952
1.0614620784112387
-2.3773222655147177
0.13304025913928474
1.4961585119288368
-1.969265793966984
-1.2192289828146772
0.005877512636646823
-1.1049074346165122
0.7666250668568291
-6.5758433592828505
-0.29669844075499135
5.964290236798773
-0.2210803059273314
1.257560332954069
0.011828020580745053
2.4067175211400893
2.55225776648574
-3.3108108108108083
0.08152806894944466
-0.21529151635050728
0.36153711586680376
0.42995758526524264
-0.12149262366212954
-0.3301668211306792
0.3893764165746525
-1.9393307861525992
-0.11807072436389397
-0.6737986878657184
1.1484677179410863
-0.9530533003882836
0.047517224994071156
-0.3680835905960606
0.2323918484090015
-1.26032935021698
0.7706665061111417
-2.1568978909004084
2.1311675622862785
-2.4753363228699605
1.1832505671019669
-1.8662142510906556
0.6421338602124038
0.19018404907974903
0.30616618700630704
-1.3674378853549762
2.160054465556716
-1.0965709438991826
-1.8683001531393568
-0.4119850187265861
0.41368935690108494
-0.955056179775278
-0.39074809352744977
-3.0749762733312185
-0.7768131079052216
2.2894736842105234
1.6207872395163394
-0.9493670886075949
-0.8626198083067093
-2.165646148888167
0.8959747018907641
-5.079986940907604
-2.59338240352205
0.5014124293785247
1.1805213969503325
1.5556635877491396
-0.006838542022834511
-1.5387771850636027
1.4030700840452903
-1.1370641824782612
0.1108570636735354
0.17302235448819986
0.18654138455159722
2.99979311771602
-0.10042849491162294
3.46491522015951
0.2655784428034808
-0.2648749919245517
-0.4987692706309137
2.434737321788952
-2.281537972672392
0.9560353798126981
0.37363911615022577
-0.10268917271034653
0.006424670735618956
-3.045098291147364
-0.006626027034199339
-1.6566165264064676
2.8232598881477053
-1.1009174311926575
0.4571958653591216
-0.14510916166478585
0.8983420305172012
1.5188216039279898
-0.42561423873090454
-0.40800466291043036
-0.5982572506177686
-0.5626063064241731
0.13815789473683612
1.320543985283499
0.9791207366100316
-2.2924292043922203
-0.8215036803364879
-1.4909548737658207
-0.16816897618727297
-1.5767131594905912
-0.1711508181009105
-0.10972431765190896
5.451050391322264
-4.726562499999994
0.42367090337568797
-0.381056069678818
-0.9562841530054644
0.4620689655172445
1.064048877600055
2.8800434723542905
-1.2280470091113105
1.965240641711236
-2.714042218434515
-0.9703504043126746
0.5239520958083863
0.9409057063561965
0.6035407725321889
0.4999333422210372
-1.2933607481594482
1.216234377099846
0.14605324304587702
-1.6108717268810047
-0.020212909311410492
0.411078913673422
0
1.8389261744966503
0.3229207855542285
1.2086973658280293
0.3894333744401895
-0.7370530807525758
0.5471243405197741
0.5506251214614238
-0.7151140316969551
-1.7455064564272185
-0.4821027605336121
-2.256287743048643
1.1406069658496811
4.000805531315024
-0.3679080875234006
-1.528893495724275
0.6710526315789503
0.45745654162854527
-0.08456934686442587
0.37111791132233984
-0.8822003113648099
4.195026178010465
0.12562024998429747
1.982309767266805
1.4947407270714126
-1.5090909090909146
1.1630053535167124
-0.8272506082725005
-0.02453385672228232
-1.7852760736196263
0.5496907989256015
0.4348636391874262
0.5752458712191473
-2.595325953259535
1.1428210632655724
-2.07253886010363
0.40160642570280836
0.47619047619047616
-0.44865718799367516
-1.0600482417163923
0.3528581510232886
-1.0740314537782862
0.3166602042135106
1.7651227211235
0.5127555865037607
-1.3666708653482835
0.8045463252665945
0.0063343257110223
-1.8115024068913042
4.386530770223197
3.0589543937708563
-2.9801523055705488
0.7354758961681144
-3.6812074360390206
0.8025988916491438
-0.954186413902048
1.3461783845859325
1.7248977022348184
-0.04331951234606383
0.16097077761267392
1.638026950179256
-4.16590646475704
-1.6753395100901043
-2.4009293920227215
1.838381166512363
2.675324675324678
0.5502150265621076
5.836845084596513
2.0443335116182246
5.614116824879162
2.5034463744141213
-3.1255043305180554
0.42758773878276574
0.5363560962123332
-0.5114948850511469
1.5479020399137597
-0.043551635908333705
1.67202222101193
-2.0034283265480965
0.6012900404504209
0.06520321669201358
0.09774109470027052
-0.7269176521644836
0.775956284153008
0.6506886454831363
5.2742161405020935
0.005117445371277643
0.9620304984136707
-0.2432843385707022
-3.180571080174786
-0.724181360201509
3.1292948514642163
