-0.6081668114682786
-0.3496503496503546
-3.9473684210526314
5.388127853881284
-1.2131715771230551
0
-1.9298245614035112
-0.08944543828264251
1.1638316920322267
-0.7079646017699089
1.0695187165775426
2.821869488536145
-2.7444253859348104
-1.146384479717823
2.6761819803746656
0.6950477845351967
0.6902502157031899
2.056555269922872
-1.2594458438287155
0.3401360544217736
-0.33898305084746244
-1.9557823129251677
0.7805724197745062
0.8605851979345955
-1.0238907849829375
0.17241379310345073
1.4629948364888148
-0.25445292620866106
2.040816326530617
-2.4166666666666714
2.2203245089667023
-1.4202172096908963
1.6101694915254285
-1.918265221017524
3.6564625850340233
0.0820344544708731
1.4754098360655714
-1.45395799676898
-0.24590163934425996
0.24650780608052356
-2.3770491803278735
-1.4273719563392013
1.9591141396933536
1.0025062656641628
-0.4135649296939619
-0.24916943521595628
7.4937552039966695
1.4717273431448534
-2.9770992366412257
3.5405192761605035
-3.3434650455926986
1.572327044025146
-4.411764705882344
-1.214574898785425
-0.24590163934425996
0.9038619556285902
-1.3029315960912007
0.24752475247524516
0.7407407407407455
0
-2.2875816993464144
0.5016722408026827
1.4975041597337746
-1.147540983606562
-0.49751243781094057
1.4999999999999976
0.08210180623974428
1.2305168170631664
1.2155591572123177
-0.7205764611689397
-1.774193548387099
0
0.16420361247947687
0
0.08196721311474944
12.039312039312055
0.9502923976608062
2.824040550325855
-7.605633802816909
6.554878048780505
-5.7224606580829755
0
-1.820940819423373
0.07727975270478694
1.312741312741304
1.2195121951219687
1.6566265060240877
-1.2592592592592509
-1.3503375843961074
-0.38022813688212925
-1.2977099236641134
1.160092807424594
-2.0642201834862512
0.46838407494144757
5.594405594405608
-1.1773362766740207
-1.4892032762472076
-1.738473167044604
5.769230769230769
0
4.58181818181819
2.642559109874814
-7.52032520325203
-0.3663003663003663
-2.6470588235294077
-3.3232628398791584
5.234374999999991
0.9651076466221318
-1.9852941176470504
-1.9504876219054932
3.366488140780418
1.8504811250925242
-1.7441860465116321
2.071005917159772
-4.420289855072459
1.4404852160727866
-3.886397608370715
0.07776049766718066
1.4763014763014808
2.450229709035235
-0.22421524663677977
0.37453183520599254
-0.1492537313432751
0
-3.736920777279521
-0.4658385093167878
2.1060842433697484
1.1459129106187929
-2.190332326283992
-0.23166023166024044
-0.8513931888544849
1.7954722872755748
-0.4601226993864987
-1.0015408320493153
-0.2334630350194641
-1.2480499219968755
0.552922590837285
-0.8641005498821637
-0.4754358161648245
-0.47770700636942226
0.07999999999999545
1.7585931254996026
-0.5498821681068365
-1.7377567140600227
0.24115755627009416
-0.08019246190858743
1.3643659711075464
0.39588281868566905
-1.104100946372233
0
0.5582137161084438
2.0618556701030886
0.8547008547008724
1.5408320493066254
-4.931714719271634
-1.1971268954509178
2.2617124394184147
-0.47393364928909504
-1.666666666666662
-1.4527845036319704
-0.9828009828009735
2.233250620347385
-0.4045307443365696
0.4061738424045492
-3.0744336569579267
1.335559265442411
-2.224052718286658
-0.42122999157540014
-0.33840947546531785
1.5280135823429517
-0.16722408026754904
1.1725293132328236
-2.4834437086092715
2.037351443123944
-0.49916805324459945
-0.9197324414715672
-1.2658227848101267
2.393162393162391
-4.173622704507513
1.9163763066202115
-2.4786324786324836
-2.3663453111305772
1.4362657091561888
-0.7964601769911555
2.230151650312221
1.7452006980802792
-1.6295025728987922
0
-0.4359197907585004
1.4886164623467626
-2.0707506471095822
0
0.9691629955947086
-0.3490401396160484
0
0.8756567425569176
-4.861111111111119
3.1021897810219032
0.7964601769911555
0.7901668129938467
1.1324041811846666
1.1197243755383388
-2.4701873935264103
-1.3100436681222707
1.5044247787610645
0.7846556233652934
-0.605536332179921
-0.6962576153176774
-1.4899211218229524
-3.736654804270465
2.2181146025877925
0.8137432188065151
0.8071748878923818
0.5338078291814896
-0.8849557522123894
0
1.250000000000005
-0.8818342151675485
-0.2669039145907574
2.497769848349698
-3.5683202785030534
1.0830324909747318
2.142857142857148
-0.3496503496503546
1.4035087719298196
0.34602076124567965
-0.34482758620690146
-0.3460207612456674
5.468749999999998
4.362139917695472
6.703470031545752
3.1781226903177995
-0.0716332378223455
1.6487455197132699
-5.218617771509171
0.4464285714285672
-2.1481481481481524
-0.757002271006813
-1.6781083142639122
-0.5430566330488883
-4.446177847113876
-1.6326530612244898
4.89626556016598
1.265822784810122
-1.7968749999999978
0.6364359586316604
-1.976284584980237
-0.8064516129032258
-2.1951219512195146
0.3325020781379931
-1.3256006628003385
1.6792611251049538
-0.8257638315441784
-1.582014987510401
-2.8764805414551655
1.0452961672473893
-1.551724137931032
2.276707530647981
-7.876712328767125
-1.115241635687722
3.5714285714285685
0.18148820326679024
1.902173913043473
0
1.3333333333333333
1.4035087719298196
0.7785467128027731
-1.2875536480686696
3.0434782608695654
-0.4219409282700422
-3.898305084745758
0
-1.234567901234573
1.7857142857142858
-1.0526315789473708
-0.5319148936170163
-2.7629233511586526
0
-0.7332722273143879
1.5697137580794118
-1.7272727272727324
1.7576318223866843
-0.8181818181818233
0.8249312557286945
-3.8181818181818206
1.0396975425330894
0.28063610851262594
1.6791044776119377
-2.4770642201834887
-0.1881467544684881
1.7907634307257358
1.2962962962963016
-1.736745886654484
1.3953488372093024
-1.7431192660550512
1.2138188608776952
-3.7822878228782364
-1.2464046021092974
2.0388349514563053
1.9980970504281719
-2.8917910447761273
0.28818443804035676
0
2.2988505747126355
-3.7453183520599254
2.1400778210116758
-4.000000000000003
0.19841269841270123
0.19801980198020083
-1.185770750988145
3.200000000000003
2.228682170542633
-5.402843601895737
2.104208416833676
-0.09813542688911533
0.9823182711198428
-3.404669260700389
0.7049345417925507
-0.5
-0.402010050251262
-1.513622603430878
2.0491803278688527
-2.6104417670682674
2.3711340206185536
0.6042296072507639
1.3013013013012984
-0.5928853754940796
1.9880715705765408
-0.4873294346978558
8.716944172380027
-0.5405405405405355
4.891304347826078
-2.7633851468048385
-1.24333925399644
3.237410071942441
-1.0452961672473893
0.26408450704226355
0.0877963125548677
1.3157894736842106
1.8181818181818132
-6.802721088435375
-1.0036496350364912
0.18433179723502566
0.09199632014718888
-2.5735294117647034
3.3962264150943344
-5.474452554744526
-1.4478764478764479
-1.5670910871694363
-0.19900497512438095
5.383848454636097
0.2838221381267712
1.679245283018869
0.1113379105585494
-4.430027803521781
-1.4740108611326708
1.5551181102362328
3.5084318666408123
-5.318352059925087
-0.11867088607595386
-0.11881188118812332
2.6962727993655817
-1.4864864864864789
0
-4.997060552616117
1.072607260726079
0.6326530612244944
-2.1293855201784715
0.766680480729392
0.3495784495167481
-0.4098360655737618
0.617283950617278
-0.6543967280163605
2.7171675586661186
-0.30060120240480676
-2.9145728643216136
1.5942028985507313
2.7104136947218223
-2.1626984126984055
-1.2167917258162673
2.5456785054403652
-1.7017017017017044
-1.8940936863543782
0
-2.1797799460245053
2.716468590831921
-4.8347107438016454
0.1302648719061988
-1.2792714657415358
-0.17570832418185436
-9.614961496149624
2.239532619279459
5.452380952380951
3.1835628810115235
0.04376367614878779
0.17497812773402951
0.39301310043668064
3.3057851239669493
5.957894736842102
0
-0.19868865487780932
0.13935894883535793
-0.5168986083498966
-0.07993605115907104
3.200000000000003
3.58527131782946
-4.2843779232928085
-2.071931196247059
2.954091816367259
0.3877471888328865
-4.3066821166473614
2.8254288597376505
0.41216879293423697
3.3815480844409773
4.518812629986766
0.39797395079594583
0.8648648648648593
1.643444087173994
-7.012302284710022
0
-3.345303345303338
0
0.4106374657802129
0.48685491723466406
0.5426356589147309
0
-3.045489591364698
1.3916500994035843
2.9607843137254863
-1.9234431536850087
-1.5339805825242703
1.0648787221455318
0.2926829268292655
-0.11673151750971823
-1.9672769770159817
0.3377707132922744
-1.3069306930693
-1.665329052969513
0.020403999183850472
0
0.713994288045684
-0.7291877658497052
-1.6731279330748834
0
0.5602822162274396
-0.9492364836978969
-0.7499999999999988
0.3358522250209836
-0.7949790794978985
0.2741459299873375
-1.1566771819137691
2.127659574468085
-1.416666666666666
0
-2.113271344040575
0
1.6191709844559585
1.5508816656044122
-2.3640167364016644
0
2.2284122562674074
-2.4942360092223805
0.49441100601890986
2.245989304812828
-2.259414225941419
2.718321917808226
3.12565117732861
-9.072539907051933
-4.444444444444445
0.4883720930232578
3.425133071048361
0
2.08100246140076
-1.2494519947391503
1.2208657047724845
