1.0136986301369832
0.08136696501220814
-4.037940379403788
0.21180457497881952
0.5636184303226716
-0.7846434075942305
0.677870357294161
-1.5009117688315237
3.816576473939042
0.823045267489712
-0.857142857142851
2.044737203238641
-0.38999462076384844
2.214121776697715
-2.932241447629117
-0.3265750442237008
-1.1467576791808842
0.027620494406840463
-1.5187077177964932
0.18225150707977966
-0.6017352364959513
-1.1685203435168174
-1.410256410256407
1.257043779800597
-0.8989726027397196
0.4751619870410302
1.5190599025508775
1.072840203274989
6.871508379888274
-0.6011500261369606
-0.7099658164606859
-1.1520127118644128
0.17414601473542593
1.069804760631185
-1.190791214607039
-1.5399035886448849
2.570379436964517
0.10607265977193775
-1.5629139072847622
0.4171151776103214
0.21439099557818878
0.7621339751303712
-0.3184713375796148
4.366347177848769
-3.354591836734688
1.2669922132770104
-1.1077805291281115
0.36900369003690936
-1.3918067226890787
0.7989347536617842
0.05284015852047256
-0.27726432532347806
-0.542830663312579
-0.1996805111821086
0.160064025610235
0.38620322279930447
-0.026532236667542026
0.4511677282377889
2.3381770145310496
0.6325029043500681
-1.4622883530015363
1.3798489976568482
-1.3739085772983992
0.14321051946361446
-0.013000520020803787
1.1051878819399297
-3.4850823045267516
1.2658227848101267
-2.4605263157894797
0.013489815189534972
0.17534394388994717
-0.22889457385216713
-0.1349527665317139
-2.635135135135135
1.4989590562109583
1.0255709011349652
0.08121277747699279
1.0278604273735492
1.5261044176706797
-1.1867088607594938
-5.6578596210301555
0.9052333804809021
-0.8410428931875525
1.781170483460563
-0.8055555555555493
0.6440772892747002
0.7929883138564338
1.6563146997929608
-3.0821452817379558
-0.5323620061641853
4.633802816901405
0.6057342845605062
1.8330211399518392
0.11824990145841247
0.03937007874015151
1.1806375442739079
18.59198755348115
1.0167267956707067
4.935064935064937
1.010726072607256
0.20420665713702268
-0.3668229060525803
-1.3601963591736506
0
-1.3996889580093312
0.4942166140904359
-0.7743015590666622
2.11958241062955
3.4489880214787254
-1.9365142743062467
7.278094462540728
1.8882246892494412
-1.7601043024771712
-0.7868044364394902
-1.2230078348939382
0.21280711936545227
-0.8880308880308925
0.8959875340864868
-3.7741312741312765
-1.6450998094091662
3.4778174400815933
-0.4435245416913069
-0.4257004257004324
0.4573473851660393
-4.255740300870943
-0.7649369443870144
2.4583333333333357
3.7006913379422506
-3.5882352941176494
0.46776489729510096
-1.6295546558704477
0.1131803683506557
-0.5652620760534429
0.5788113695090463
-1.28455451649368
-1.4990630855715155
-3.1811456351722702
2.5433904595568118
-3.278688524590159
-0.9465111160026439
2.366666666666662
-1.06371431672636
-0.27427317608337903
-0.9790979097909766
1.3776247083657345
0.44931506849315317
-0.4254854898538051
1.0408677550126
2.244632400780734
0.4136175628380504
1.63709336713139
-0.44684609789046603
-1.6492693110647134
-1.942262789216734
1.688494425803661
0.47897817988291647
0.2542372881355908
-0.8875739644970391
-0.543710021321964
-0.4394897631043009
-0.6352282515073189
1.722830209123413
0.415423945462302
-0.7001166861143547
-1.0148488409357974
0.6259443125404656
-3.721578721578714
-0.24507073632617193
-0.737018425460639
-0.23624704691191617
0.9246729815065455
-0.7486033519553124
-2.10514465833614
4.4043238270469125
-3.94316554686639
0.7682605205824942
0.022758306781980597
0.07963594994312236
-3.4329885188132367
-0.40023543260741345
1.311901666469687
0.6299580027998106
-3.280779040111299
0.3116384993407674
-1.0156530051380093
-0.32592950265571363
0.27855153203342065
0.2777777777777723
-1.7704444176803484
-1.655223148602256
7.84191497319536
1.6069364161849684
-0.5120036409147799
-1.1893870082342153
4.27083333333333
0.022200022200027248
3.418044612140712
1.9422684837428934
-1.5894736842105288
0
-0.9519734730987247
-0.2051835853131725
6.070771561519318
0.5917159763313563
-2.05882352941176
-0.6420213316765088
-1.1047420531526861
0.45315628622616383
-1.0386067981535974
0.042404325241184246
0.010596587898686982
0.38143674507311115
-2.1743719653789344
0.9063444108761428
-2.010265183917886
0.5565255347010064
3.0819316332067257
0.9895778503000292
-0.6984259355780186
-0.06298551333193604
-0.36764705882352944
0.27411702688455697
-1.2511828409210364
0.19165247018738868
-0.9883103081827794
1.1055060641837453
-1.358811040339698
-0.5165733964700892
4.208135006490695
1.6298141804214727
5.822267620020429
0.37644787644788524
-1.5674584094624546
0.03907776475185397
-2.724609374999998
-1.1545025599839374
4.123501929717654
0
-1.5119001170503317
0
-0.12875111419234112
0.9520031733439134
-1.424361493123772
-0.3288490284005934
0.929814037192557
0.6240713224368454
-0.04922228785193936
0.2659312518467493
0.8644400785854572
1.6653681340085837
-0.35444008046748204
-0.586425687367827
-1.1894400928343445
0.4991192014092911
-5.73570941669102
0.37190082644628336
-1.5850144092218996
-0.6274837900020915
-4.935802988844463
-1.4391674969556072
5.526227114455807
1.2879191059074
4.844472467423289
-0.7717750826901919
-0.8484848484848462
-0.6010594947025242
2.0395613405759945
1.3459220570510222
-2.576808721506442
0.38657171922685196
4.74260235103364
0.6191950464396373
-0.932692307692312
-0.41735416868872705
6.228070175438606
0.706486833654447
2.1774781341107956
0.3655818100757832
-2.221037668798863
0.1908050154461327
2.366917565974418
0.24805102763996764
-0.4860374690703429
0.19536453245715707
2.4018434813436267
0.23368530379087918
-1.450651929885153
0.1577148865328971
-0.13997025632052393
0.6395094174331979
3.264275766016713
0.2528871280451825
-1.8750525519212944
1.4481576692373685
2.3566179575977584
0.8417230566100055
0.008183306055639038
0.9655511005646169
-0.5673069130399546
1.866492786698171
-0.824131861097772
-0.5002016942315487
-0.3324414173355963
-0.5857468272046896
0.016366612111296683
0.13091147111764923
-2.230756659584896
-2.8750522356874293
3.829274589105929
0.2817835239516071
6.479338842975214
-0.1785159888233609
-0.015550890288454872
0.5754724317598463
0.657233433851388
-2.1431863573513494
1.7583797786325348
0.2854277559207009
-0.4461538461538427
-1.0972029052696681
-3.000000000000007
0.6684922680412518
5.94447555804464
0.430448572723157
1.8648018648018612
-0.05167195689082789
-5.221565731166916
0.37403568923867797
0.4735657169474526
0
-0.5408746716118065
-0.2563704164077031
3.1700288184437895
1.1097689868639624
-3.113566788620925
-1.9882860665844602
9.2545997798396
0.46779417056495143
-3.0873925501432598
0.5174070515189593
-1.1103757629237543
-1.1005353955978552
-0.6240601503759364
-0.28750851176514747
0.8726003490401396
0.564164284639687
-0.7105991472810232
-0.045201145095686034
2.841422972565575
0.41040674239647557
-2.6202466973213534
0.10493179433367288
0.014974543276433475
0.7561012127564108
3.454937216732298
0.5314564780235466
-1.8145449349907032
-0.3128637951106069
4.065396686373261
-0.3997755645953181
-0.8238856418561945
0.7739278614030007
2.353272740083146
-1.1220485991601814
-0.1461988304093662
1.3246880011155269
-9.557558659602275
2.02373706634205
1.1185682326621924
1.5929203539822943
-4.01422764227642
0.14368902669591552
0.5286210542214167
0.2478966346153812
-0.4571000374672094
-0.180668473351407
0.6561085972850713
-0.5094777852700947
-0.25604337676030503
1.2608531521328838
0.3802564867282962
0
-0.6313600237688479
-0.8969950665271341
-2.4588927440036135
0.44076708939066234
-5.87420124720919
0.2780958612792484
5.138662316476346
1.2723041117145144
0.1915121801746591
-1.7126691643092047
2.310385064177366
-0.547445255474456
4.441896024464825
0.21228314179050517
-0.9130752373995618
2.4106155547364576
2.649006622516553
0
2.3211781206171045
-0.20560619560002744
-0.6455600576883362
-0.28340360821180177
0.6516012754748435
0
3.5055096418732843
-0.059884223833927136
-0.45938748335553203
-0.20734399036853116
0.388739946380694
-0.8212044331686443
3.3052844160215353
-0.21503974977192458
-1.227715013387315
0.2446280991735567
-2.1830893022028843
0
4.7063583035533805
0.8435829737909658
1.9987228607918235
0.7763100231640951
-3.1869292414735635
0.6288501026694016
3.15648514220125
2.3675588798912006
-3.6231884057971016
0.018796992481200158
1.5535926830796187
-0.06785516007648566
0.6851851851851796
0.6621298510207947
2.941713868079661
0
0.4851496864276444
0.9185115402731929
-3.3780630105017555
-0.3683352454561868
-1.2545454545454573
0.01227521021297769
0.42344277385701695
0.4583231483744805
0.504896891538412
0
0.2965742646168662
1.9853961740389894
-4.24260355029586
0.3584007909534669
-0.4802659934733055
-1.002289178989052
0.5249671895506588
0.9636307118433323
-1.8719211822660156
0.4078815261044177
0.7687019561277534
0.719424460431649
-2.0381773399014724
0.08800050286000777
0.5526596746844159
0.0562113546936538
-0.6554307116104869
0.49638705623626084
-1.5068150556458757
0.04443598044817149
-2.0939086294416245
-0.05832793259883934
-1.4720186758316465
0.1777017243648689
-0.09854805860324552
2.5845061160068514
0.09616001025706776
-0.8517996669655553
-1.4598540145985344
0.1638806948541462
0.2486910994764368
