-0.894536336017733
0.4135951147118215
-0.15264216315751658
0.31545741324921134
0.8853410740203281
0.04555699419746886
-1.1575793888556065
0.3346103486736866
1.0318994683421898
1.3227449948573249
-0.9466477809254099
0.6673180962368026
0.20597078529322968
-0.2386240136086652
0.6867969212551805
-0.0352816652946019
1.3600000000000043
-0.3528483216490974
-1.1135442389228014
0.9376177911798007
1.178639779676049
-0.02537427048973181
-0.09460083064144817
-0.5519757962077563
-0.2949372967951653
0.34938159457759765
0.9307615532808637
1.138349737834606
-1.4188590008867787
0.4267097220620459
-0.36058796508956864
0
0.7237858147200432
-1.032107467331841
0.25204643203994903
0.26525198938992045
-0.0414078674948282
-0.5178127589063795
-0.22902352696230682
-1.4097570024114305
0.7031984948259556
1.496998995772913
-0.07823285780026774
-0.12665223598765715
0.006917064397852768
0.887628533222668
-1.320871135080767
0.9240175077001374
-0.21340064249656224
0.6185756662910881
0.201115275619327
-0.009123255177439017
0.5428832116788362
0.27678206815190837
-1.3710407239819087
-0.05505344772215526
0.3442735827404177
0.35224153705397154
-0.5333454893558746
0.229147571035747
1.75354366712391
0.5235131552340122
-0.4827894501564677
-0.141496720869627
0.14619554216054517
0.39078291335398724
0.006711409395977224
0.2796232915016889
-1.032836619969666
0.43728164093315985
1.2096321730739144
-0.03991307818528941
-1.3442768411712591
0.6543148806044063
-0.49368926616777314
-0.006734913793087115
0.06959879661434305
-0.7426186843758291
0.8679731470807539
1.7322128851540657
-0.028635622714661038
0.0022033711578795592
0.5882871370025958
0
1.8772041267824637
-0.40636422274778833
1.53494095550613
0.017009695526453945
-2.9379251700680236
-1.563800429278561
2.098166607333575
0.1612657179593468
0.07615151976675877
0.8239846943212373
-1.449056603773581
0.4726166772421822
-0.34408414817394267
-3.4090164113546466
3.495396031763987
0
0.5311939841734638
0.06740742351432656
-0.16514558887441033
0.013059376632429998
-0.38955386289444255
0.3255336348342757
-0.33101045296166853
0.16386995280545358
1.9217764980476726
-0.6891533259138733
3.711046937631995
0.1600033247444254
0.42530237961868006
1.2271206048836845
-3.4693877551020407
0
5.822410147991536
0.29168498022136824
2.5199203187250996
-0.9035266686097347
7.590196078431379
0.5995881248746995
-0.37681159420290183
0
-4.902531277276685
0.19886798225485
0.8778625954198473
1.212637154748399
1.8934225528494657
-0.9428770591040767
-6.270370370370377
-1.34745327379776
2.413282063606505
0.3578622132702384
-3.020265003897116
-0.9845288326300985
-3.455762987012991
0.4687138743510558
-0.6004184100418372
-1.0797045019257925
-0.05531914893617795
0.8366330310384508
0.39901197035912234
-0.5383127260492969
1.8414376321353143
0.14323970853832463
-4.776119402985067
1.7959770114942528
0.8896302474284008
0.472687962354541
0.4957805907172996
-0.9026975963052377
1.082512445715504
-1.2574398524603905
0.6133797436115043
-0.09492669549625567
-2.3838682432432354
-0.023793558434824332
0.22933794893986076
0
-2.7759789319172894
0.8370337477797473
-1.1317348129554934
-0.8507226688639916
1.9608723972956417
-0.42957219015728954
-1.7810128542666874
0
1.1825922421948913
-0.2471114673078086
2.0710587395108058
-0.21427322022039927
-1.1240632805995043
0.16398891966758197
-0.15708312130798147
0.14846658393901388
-0.6416639008739905
0.43425008350963146
2.574279379157436
0.36315687079828085
0.12276809752526929
0.4603536548638221
2.3704496788008527
0.4037065701675525
1.1291666666666629
-0.039141362119394264
0.568802423592924
-0.678292587962857
1.3410910291326235
-0.5517325624007566
1.5906811063115405
0.5380461067225683
-0.3447515583973207
-0.738148393974131
-1.3089641757172852
-1.242146758099618
-0.6777405875137806
0.847723704866562
-0.7368202573682026
-0.048092002090960415
1.8743985607296842
0.047229865702907346
1.713840027914041
-1.9271127613205261
1.4670480031274926
-0.6347081964553529
-0.13060957939634998
0.04904264666817634
0.4922285084046374
-1.4247388317547958
1.2865714108987367
-0.09974554707378394
0.19969027630612257
0
0.008134379956898884
1.0594168123957757
-0.9678263144127539
0
1.7351375513023617
0.2616232625020044
0.6772503635240922
-0.20180836119739268
-0.4103804444797035
-0.17518015686585325
2.2494316595540873
0.05460857354605028
0.4775642275154965
-0.09117892408869223
1.3165048543689355
0.003833033079071986
0.4714449980835639
-0.24033876320910164
0.20267686424474882
-0.7079342060069527
0.021139617565107405
0.8703838911731789
-0.11809748757118838
1.043156549764476
-1.1512909557602296
-0.7121854355214281
1.6441991500163458
0.6508248827001596
-0.05263157894737184
-0.40246746407883166
0.7081083122474413
0.2737517109481832
-1.4809551412704018
-0.4707043483212212
-0.24027918152519032
-0.5581786554011396
1.3936679417927373
0.2900693891479785
-2.037845705967963
0.5094459774994623
-2.4460017279446986
-1.5154198893940287
0.5175755880178181
-1.8508946322067668
-3.9417448196236395
0.16236847099508292
2.054736842105271
-0.2392936710949823
2.3593879239040603
-0.2848427304498972
-0.4720421393841204
-1.2762839171942073
0.9814432989690797
0.9637373407383171
-1.2538424203203364
-0.3809289751781839
0.3227663336211467
-0.20287300969281413
0.31416837782341234
-0.8024072216649912
-0.5571490476878314
-0.8922827913925836
2.1712275706120017
-0.0717242509938932
-0.9064249533457707
0.04138987189834647
1.8700481992511455
0.3045994517209869
-2.119647737625262
0.5253578224538685
-1.5328587300934118
0.4659715402135567
-1.6035773710482604
0.9934684732291954
-0.9460223110571553
0
-0.26623280579794734
0.0021185991822091545
-0.6292106266683577
2.758767721991251
-1.9232764165231608
-0.7848197664579339
1.953050041576927
0.17357843444800347
-1.6722338204592977
0.002123187328825746
-1.3800424628450105
-0.6587728740581349
1.2569348127600555
0.07490797020803014
-7.329070339399899
0.8007938705806291
-13.731999358959678
0.9527348000318487
0.1419558359621475
1.4227962408778236
1.943783000310589
1.3735496483611438
-7.613704668403125
5.728150075905435
-5.36909310017692
0
4.386701709702769
0.6592950215438949
1.5729757607013926
0.025387154100025386
1.2944162436548223
0.7767476822851416
-1.8722028841372498
0.08361415866420509
-2.962025316455696
-1.3827289329506913
-0.47619047619047616
0.7283359914938886
-3.7631287275030325
0.8144126357354342
-0.4025567795457686
-0.8629871371220993
2.010963885292416
0.45907482919715914
-1.0053493185667077
-0.3448556765416629
0.26430517711171164
-0.4266652172731423
1.023471615720524
0.6943131163041961
-1.9183301137583173
0
-4.130535875482124
0.1597854309926774
-1.4899011480500293
0.6362058993637941
-0.6063218390804571
-0.0028910925438696998
-2.026714467445367
-1.1331779148345866
3.4086499716443246
0.6754221388367756
1.45933082943892
-0.5284277156098189
2.386295843868072
2.0948364362809024
2.948690075008153
0.5781262374277366
-2.0629921259842496
0.01607975558771263
1.1548767416934596
0.1297978861487137
-1.5793650793650746
-0.8144504475445578
0.11653116531165805
0.15699861949489016
-4.321504824193943
0.05366928422123301
-1.835069591485277
0.6614707658681085
-0.5514128167766558
0
0.7325902091473224
1.246328038102838
-2.6028169014084535
-0.2776492364645971
-1.563225058004643
0.2357031319053652
1.2991975544516703
0.3975277834198943
0.5346820809248555
0.043122035360069
-0.10632183908045455
-0.4372464977130936
-1.6468752708676433
-0.5287741253194678
-0.48728625852750956
0.5163817663817691
-4.709182167109536
-0.7219209914794789
1.5105174458523218
0.41505257332595463
2.0636232815896665
0.4919754012299412
1.9940893758022546
0
-1.0916966663739787
0.5474344558205598
0.80343741722828
-0.5576316711432883
2.2048677372948506
0.20108008732620936
-0.43575483057163633
0.20155485171321624
1.0488505747126438
-0.4094980804777503
0.9080266126038715
0.45275757661507116
0.5183244598439418
0.8295266653588518
-2.1957252841935575
1.1651368325328937
-1.8230849181156799
0.36623748211731566
-0.90370032499003
0.0028767872040479
-1.2139692767964967
0.17472335468841002
0.8953488372093076
0.25354385156159176
-0.28164156799631357
1.3286068361288808
-1.12062345345431
-0.011505824823819674
0.5206984839331409
-1.1504779348634828
2.0816444701795045
0
0.09359312515952599
-0.31735237447579673
-0.8186469584991524
-0.5474034162558727
1.8414454914843978
0.7300509337860832
-0.8539805607056601
0.5666685555618518
-0.49585845495012987
0.7927968741151821
-1.08713972695096
-0.31240237425804435
-0.29059001168057375
0.002857224492125748
2.085714285714286
0.19871256647075033
0.4078098377140278
0.005563746626986198
0.14464936437730724
-0.49998611149690286
-0.4578319979900084
0.176683400173884
-1.6153415453527384
0.6146316478388273
-3.139229050595322
0.9051359163771204
0.0954888740993584
0.771854764107316
4.122321351731255
1.1654176768789999
-0.9068874424684817
-0.5084373110537019
-1.6518880693903408
0.7752155717214816
-0.8668023077566239
0.002811515969408149
0.38797829570692816
0.2604531324390227
0.20391061452514475
-0.14774342820506178
0.42155220547180094
