0.6934306569342983
-0.9061254077564336
-3.584491587417687
1.6691957511380793
0.5597014925373134
-1.2615955473098246
-0.5636978579481398
1.2093726379440621
-0.7841672890216664
1.4678208505833776
2.07715133531156
1.671511627906985
1.5725518227305135
0.633356790992263
-0.7342657342657423
-1.2680521310320416
3.246521584017112
0.27643400138217394
-4.5485871812543035
0.2527075812274327
1.9805545552754773
0
-0.0353107344632648
-0.6004945249028772
-0.49751243781093724
0.46428571428571835
-0.035549235691440716
1.244665718349929
-0.597119775201963
1.1307420494699607
2.865129280223616
0.3736413043478338
1.0490693739424781
9.84594775619557
-9.75609756097561
0.9121621621621583
-0.8034817542684892
-0.6749915626054674
0.10193679918450947
-2.6816021724372145
3.1740495291245283
-0.16903313049357674
0.10159160176092494
0.3721244925574986
1.9885406134142347
1.1235955056179698
-2.1241830065359477
-0.13355592654423282
2.7415580073553953
-0.45558086560365574
-0.5884275907159054
3.91318645182505
-0.31645569620253167
-0.5396825396825361
-1.3724864347271022
-0.550161812297731
-1.464367068011715
-0.13210039630120016
0.49603174603174605
0.16452780519907867
3.219448094612356
1.3367281985996144
-0.7537688442210985
1.2658227848101267
0.1249999999999929
0.655430711610494
-2.759689922480613
0.7334183673469242
-0.8863564419119832
4.056212072820181
-3.2228360957642725
-1.6492229622581631
1.128668171557562
0.6058673469387682
-2.8843106180665683
1.1749347258485714
-1.5806451612903152
-0.6555227794165847
0.19795447047178022
0.5268356931182163
-1.4084507042253558
1.1627906976744187
2.5944170771756903
0.5121638924455899
-0.8280254777070136
0.8028259473346179
2.9945842625039933
-0.46396535725332505
-2.05096333126166
-3.521573604060903
3.123972377507399
1.3711734693877404
2.7052532242843736
0
-0.15313935681470137
-1.196319018404901
4.160198696057118
-2.742175856929952
1.5016855654305783
-0.3623188405797067
1.5454545454545523
-1.9098776484631554
1.3386066321874153
-0.6004202942059441
2.567200241618846
-0.14723203769140164
-2.093777646711891
2.2289156626505955
-1.856216853270464
-2.7319123386370525
4.351851851851859
0.532386867790581
-1.0297146219476316
0.5945303210463734
-3.2505910165484635
1.313378130726943
0.24118179077479993
0.48120300751880385
-0.688416641724038
-0.6630500301386343
0.15169902912621358
0.24235080278702045
-1.6621335750982171
-0.4302397049784811
1.0493827160493756
-2.015882712278548
2.1820448877805485
1.6778523489932886
-1.8001800180018002
0.15276504735716467
-2.471018913971941
-1.2511729746637472
-0.3484320557491181
-1.239669421487614
-3.057611844222723
-3.1540504648074372
-0.8227631127871022
1.7974421016246072
-0.8149405772495678
-3.7315987675453726
4.196301564722622
1.331058020477808
-2.3576961940047156
-0.13797861331492836
0.17271157167530224
0.034482758620697496
-0.9651844191658088
1.5663069961712495
0.4112405757368021
0.7508532423208152
0.5758807588075843
-0.5052206130010105
1.65876777251186
-3.3966033966033926
1.4477766287487033
0.33978933061501865
-2.031832035218422
0
-2.039405461458705
0.21171489061398122
-1.6549295774647848
2.3988542785535225
-1.3636363636363558
-0.9925558312655126
-0.03580379520229958
1.181948424068772
-1.2035398230088414
1.14654245790039
-1.381509032943689
0.28735632183908455
-0.6805157593123128
0.8294266137756983
-1.5379113018598036
0.9807482746095127
1.2589928057553956
-1.2433392539964476
0.43165467625898873
-0.28653295128940237
0.03591954022989323
0.3949730700179615
-2.5393419170243283
-0.5504587155963303
1.4760147601476015
0.29090909090909506
0.6889050036258075
0.03601008282319868
-0.3239740820734464
-1.0111953773925442
2.079533017147022
-0.10721944245890327
0.7155635062611807
0.4618117229129703
-1.272984441301281
-1.0386819484240606
0.32573289902279307
0.5772005772005854
-0.39454806312769825
2.5927259632697117
-0.7722007722007683
-0.31835868411743096
-1.4904187366926858
0.8285302593659778
0.0714540907467115
-0.14280614066406072
-1.036825169824804
1.047687861271668
0.25026814444046785
1.4265335235378032
-1.898734177215182
0
-1.1827956989247352
0.7254261878853827
0.5041411595246792
0.17914725904693657
0.2861230329041325
0.8559201141226941
-0.8486562942008606
0.3566333808844508
-1.0305614783226644
-0.17953321364452424
1.1510791366906434
0.7112375533428166
-1.518361581920908
0.7171029042667624
-0.28479886080454064
1.106747590146364
2.860169491525432
-0.10298661174047764
1.6151202749140854
0.1352722353737011
-0.13508949679163595
0.10145417653027101
-0.6418918918918842
0.40802448146888426
-2.3704707077548255
-0.10405827263267824
-0.3124999999999921
1.985370950888188
-2.7663934426229586
-0.49174569722514133
0.247087892693254
0.7394366197183179
0.13981125480600393
0.03490401396161352
-0.2442428471737772
0.7345225603357898
-1.1111111111111072
-0.45646067415730734
-0.6701940035273288
-0.07102272727274342
2.7007818052594255
-0.06920415224913101
1.7313019390581716
-0.5105513955071477
-3.626411221347938
1.5264465743699012
-4.440559440559436
3.183315038419315
-6.808510638297868
-2.4733637747336377
4.642996488490041
1.267710663683831
0.8836524300441742
-0.18248175182481752
0.2193784277879425
0.1824151769427216
-1.7844136926438579
1.223581757508347
-0.0732600732600691
0.8064516129032216
0.03636363636364463
19.956379498364225
-14.51515151515151
0.389932647997152
-1.942090395480226
0.10803024846957558
-0.539568345323741
-0.07233273056057456
-0.9410061527325453
-1.315308732188515
1.9252128841169893
0.9444242644387816
-2.3389708528247573
-0.33161385408989585
2.107208872458406
0.39826212889211543
-2.0915975477821895
0.6998158379373766
-0.29261155815653056
-1.5407190022010437
0.9687034277198298
0.4428044280442762
0.07347538574577099
0.5873715124816531
1.4598540145985401
0
-1.330935251798557
0.4374772147283954
-0.2903811252268644
0.47324353840553746
-0.9057971014492754
0.25594149908591907
-0.2552881108679754
-0.1462522851919478
-2.2336140607836037
0.37453183520599254
-2.6865671641791002
-4.294478527607369
4.567307692307694
0.3831417624521073
0.49618320610687455
4.0638055450056925
-1.2773722627737227
0.07393715341958915
-0.7018840044329432
0.7068452380952296
-0.775766531215355
0.11169024571852364
-1.3015991074748978
0.7912584777694133
0.8224299065420518
0.18539117538005193
0.7772020725388685
1.7994858611825109
-2.380952380952369
2.7346637102734577
-3.5611510791366823
-1.5292801193584566
-0.6818181818181861
-1.449275362318845
0.38699690402476783
-1.7733230531996786
0.43171114599685806
0.07815552950371905
0.7809449433814916
0.6974041069352788
-0.6540977298961096
0.6584043377226912
-2.462485571373597
0.03944773175542182
-1.2223974763406917
0.039920159680636454
-0.6384676775738206
0.40160642570281124
-2
0.8571428571428549
-1.0926750303520796
-0.613747954173486
-4.48744339234253
6.896551724137931
-1.3709677419354862
-0.8994276369582946
0.6188118811881188
1.476014760147599
-2.5050505050505003
0.04144218814753183
0.08285004142501601
0.6208609271523179
0.08227067050597164
-0.6165228113440197
1.9437551695616164
0
-1.0141987829614605
-0.9426229508196768
3.103020273065784
0
-3.6918138041733504
0.16666666666666904
-0.12479201331115282
0.7913369429404439
-2.0247933884297544
-0.8435259384226065
-1.0633772862611655
1.2467755803955314
-1.4437367303609365
0.30159414045670707
-2.9209621993127195
-0.08849557522123391
0.7528786536758142
1.010989010989016
0.26109660574412286
0.3038194444444395
0
0.2163565556036348
-2.461139896373052
0.5754758742806476
-5.281690140845071
-0.5111524163568747
-1.9149929939280683
1.0952380952381007
0.3297220913801171
1.2206572769953026
-0.18552875695733104
6.691449814126397
-2.351916376306623
-1.3826940231935747
3.3469018543645435
-0.08752735229758803
0.744634253175641
-0.8695652173913043
0.7894736842105313
0.4351610095735422
-1.4298093587521712
2.1538461538461564
-0.12908777969019422
1.6803102111159007
0.5084745762711816
-0.0421585160202337
-0.8857022353437345
0.425531914893617
-0.46610169491525183
0.04257130693912061
-0.2127659574468085
-1.6204690831556552
3.5110533159948085
0.08375209380234029
-1.5899581589958207
0.5102040816326603
-3.722504230118448
1.0105448154657344
0.7829491083079525
2.2442813983599557
-2.8281975517095894
1.216333622936582
0.25751072961373145
1.455479452054797
-1.2658227848101267
1.2820512820512822
-1.5611814345991513
1.5859408486926654
-1.181434599156123
2.391118701964143
-0.959132610508762
-0.42105263157894735
-1.2684989429175475
1.7987152034261193
-0.9255363904080727
0.0424628450106133
2.6740237691001747
1.2815212897891668
3.755102040816322
1.494885916601106
-2.6356589147286864
0.15923566878981119
-2.146263910969796
1.2185215272136476
-1.6051364365971108
1.5497553017944583
0.08032128514055768
1.4847512038523343
-1.1862396204033214
1.160464185674272
-3.2041139240506418
0.9399264405394407
1.9028340080971613
0.2781088597536818
-0.15847860538827482
0.158730158730161
0.2773375594294725
-0.5136309758988474
2.065131056393959
-0.46692607003890607
-0.6645817044566134
-0.039354584809128026
-1.1811023622047243
-0.398406374501992
-3.4799999999999955
0.7045171985080765
-1.440329218106996
-0.041753653444674035
-0.793650793650796
-1.8526315789473708
2.1021021021021045
0.5042016806722641
-0.4180602006688963
