2.5234741784037458
-0.05724098454493092
-2.86368843069874
1.533018867924525
1.974448315911734
-0.34168564920273026
-0.914285714285711
2.249134948096889
-1.9176536943034437
1.2075905692926936
1.5340909090909027
1.7907106883044304
0.21990104452996465
-1.7553483269336352
2.4567280848687916
-1.253405994550415
1.3796909492273732
-1.3609145345672293
-0.3863134657836582
0
3.711911357340714
1.2820512820512853
0.31645569620252867
0.4206098843322878
-0.9947643979057621
-0.5817028027498649
1.5957446808510638
0.5235602094240838
1.0416666666666667
0
0.4123711340206244
-0.25667351129363447
2.6248069994853287
-0.20060180541625158
-1.1557788944723675
0.3558718861210051
-0.7092198581560313
0.816326530612242
-1.5182186234817814
0.9249743062692761
0.6109979633401164
1.3157894736842077
2.897102897102903
-1.2135922330097086
5.15970515970516
1.0280373831775649
-2.775208140610546
0.666032350142724
1.370510396975428
0.09324009324008795
-0.32603632976245395
0.3738317757009399
-0.09310986964619043
0.3261882572227479
-1.7649790989317284
-1.040189125295503
2.6278069756330624
0
-0.04655493482310183
0
-0.6520726595249079
0
0.2344116268166901
0
3.648269410664164
0.1353790613718463
-1.7575484452456087
1.4220183486238507
-2.3518769787426455
0.04631773969430028
0.8333333333333386
0.5968778696051344
-0.04564125969876509
0
0.228310502283105
0.683371298405467
0.5882352941176522
0
-0.3598740440845755
0
-0.361173814898425
-0.04531037607611886
-0.45330915684496825
-0.2732240437158444
1.2785388127853934
0.5410279531109056
-3.4977578475336375
-1.0223048327137494
0.14084507042254055
-1.54711673699016
4.666666666666672
-0.04549590536852718
3.7778789258079253
0.7017543859649098
-0.8710801393728224
0.8787346221441125
-0.7839721254355326
-6.892010535557514
6.647807637906646
0.04420866489833013
3.4025629695094954
-1.9230769230769231
3.442265795206974
1.095197978096038
-0.458333333333331
0.5441607367099133
2.872606161532059
0.7689194658033208
-2.650602409638552
0.16501650165016735
-2.141680395387157
1.8097643097643146
-2.4390243902439046
0.46610169491525183
0.8435259384226065
0.37641154328732984
-0.16666666666666904
0.1669449081803029
-0.7500000000000048
-1.7632241813601968
3.2051282051282053
1.0351966873706004
0
0
-0.32786885245902103
-0.4111842105263158
1.1560693641618545
1.1428571428571475
-0.48426150121066064
0.28386050283861197
-0.8087343307723412
-0.6114961271911944
0.8613617719442141
0.040666937779582885
-5.08130081300813
-0.9850107066381205
-3.9792387543252548
0
3.1081081081081106
-2.0532983835736203
-0.17841213202496756
1.876675603217153
-0.7894736842105313
-1.5473032714412025
6.511001347103727
0.3794266441821272
-2.225955480890375
1.8900343642611586
1.8549747048903904
0.2483443708609248
-0.12386457473161971
0.2893757751136786
1.3190436933223484
-1.9121236777868253
0.6221484861053505
1.030502885408079
-0.08159934720521772
0.5308289097590784
2.0308692120227456
-0.35828025477706105
-0.2796644027167467
2.003205128205128
2.3173605655930896
1.1516314779270633
-0.18975332068311196
1.1406844106463878
-0.5639097744360902
0.1890359168241966
-0.9811320754717067
-0.22865853658535287
-0.45836516424751284
0.23023791250958014
1.5313935681470139
1.8099547511312262
-0.18518518518518517
-0.11131725417440125
-0.2600297176820166
0.186219739292365
0.03717472118959953
-0.11148272017837657
-2.418154761904762
0.571864277544796
-0.3411675511751456
1.2171928489920296
-0.9019165727170364
0.113765642775886
0.946969696969697
-0.6754221388367773
3.664525878352848
0.3644314868804665
-0.9440813362381867
0.4398826979472099
-0.0364963503649718
0.5111354508944995
0.3632401017072285
-0.18096272167933405
0.03625815808555689
1.4860456687205592
-3.607142857142865
0.7410151908114117
0.07355645457890603
0.11025358324143862
-0.07342143906020142
-0.11021307861866693
-2.059580728208888
0
1.3518588058580419
0
-1.6672841793256763
0.11303692539563354
-0.3763643206624012
-0.22667170381562748
-0.4543733434305359
0.6085964244960148
1.587901701323247
0.483810941570529
-1.2592592592592509
0.0750187546886679
-0.6371814092953481
0.15088645794039127
0.7909604519774097
-0.3363228699551697
-0.6749156355455611
0.03775009437524453
-0.8301886792452787
0.4566210045662057
0.5303030303030217
-0.4898266767143763
0.9087466868610288
0.03752345215760703
3.0007501875468865
0.07283321194464261
-1.9286754002911248
0
-1.929499072356211
0.6810442678774163
2.0668921458098457
0.6995581737849694
-2.084095063985371
-0.14936519790889996
0.1495886312640367
0.11202389843166967
1.5292801193584356
1.0286554004408566
-0.5818181818181901
0.07315288953915343
0.7675438596491103
0
-1.3420384475879539
0.5882352941176554
0.2192982456140226
0
-1.6046681254558635
1.371386212008891
-4.3510054844606865
0.8792048929663434
-3.069344448654781
-1.6810007818608332
-2.465208747514906
-0.40766408479412963
7.040523945968067
0.9560229445506692
0.6818181818181861
0
0.5267118133935204
-1.1976047904191576
4.166666666666667
0.2545454545454504
0.7979688066739168
0.7196833393306945
-1.6434440871739786
0
0.036324010170710457
0.9803921568627617
-1.761956130888182
0.036603221083463665
0.03658982802779579
0.2926115581565514
-1.8599562363238389
1.3377926421404553
-0.4400440044004359
0.6629834254143688
-1.0611050128064523
0.7026627218935038
-1.1384502387073163
0.14858841010402457
0.18545994065281898
0.07404664938911093
2.4417314095449374
0.39725532683279985
0.8992805755395683
1.8538324420677321
-3.430171508575433
0.7249003262051469
-1.6192875134940627
-0.182882223847842
-0.3297911322828792
-0.036764705882361304
-1.2136815005516568
0.33507073715561325
0.8534322820037148
0.7726269315673163
-1.423877327491777
-0.4814814814814857
-1.5630815035355374
0.30245746691871883
-0.45231813041839
-0.6815600151457823
1.410598551277159
0.18796992481203006
0.9380863039399625
1.4498141263940436
-3.81091975082447
-1.066666666666671
2.65691182133232
0
0.0750187546886679
-3.2983508245877102
2.9069767441860463
0.03766478342750386
-1.2801204819277237
0.11441647597254438
0.03809523809524676
0
-1.0662604722010705
0.07698229407235897
1.0769230769230813
0.380517503805175
-1.1372251705837755
0.07668711656441282
-0.6130268199233804
0
-0.07710100231302569
1.0030864197530953
-0.45836516424751284
-0.30698388334612864
-2.1939953810623622
0.629673356946082
-1.4078998826750075
0.07933359777866603
0.9512485136741883
-0.5889281507656067
-1.1453396524486483
0
2.1574111066719843
0.7821666014861166
-1.319363601086526
0
1.1403853716083276
0.583203732503888
-0.1932740626207963
0.6971340046475645
3.384615384615389
0.03720238095236826
-0.8925251022684929
0.9005628517823554
-0.1859427296392711
1.2295081967213157
-1.2881854987118146
0.037285607755414896
1.3045098770033543
0.07358351729212238
-1.3235294117647143
-1.1177347242921014
0.263752825923152
-0.8643367155204852
-1.8574677786201796
0.3862495171881036
-1.6160061562139243
1.0950332420805677
-2.050290135396523
0
0.552922590837285
0
0.8641005498821748
-0.8956386292834935
1.4145383104125826
0.6974041069352788
-0.9234320892650933
1.6699029126213636
-1.4514896867838087
0
-1.5116279069767464
0.5116096025186979
-0.8222396241190267
-0.47374654559811175
-0.5156683855612785
1.7942583732057416
-1.4884449667058406
-1.7495029821073582
4.573047349251308
0.07739938080497116
2.2815158546016923
0.30245746691871883
0.45231813041839
-0.07504690431519273
-3.4923019151333126
0.2334630350194641
-1.3975155279503193
1.2992125984252014
-1.2825495530509177
0.43307086614173007
0.5880047040376435
-0.6235385814497361
-0.15686274509804143
0.0392772977219145
0.5889281507656067
0
2.4980483996877574
0.03808073115002509
0.26646364674533257
-0.7593014426727411
0.7268553940321477
0
0.41777440182300263
0
-0.9077155824508235
-0.26717557251907964
1.1098354381936384
0.5677517032551098
0.3387278885961739
-0.22505626406602502
1.5037593984962405
0.18518518518518517
-0.9611829944547219
0.7465472191116088
0
0.07410151908115802
0.9626064420584841
-0.25669233590025253
1.2132352941176512
0.7628042135851674
0.5046863734679287
0.35868005738880915
-8.649035025017875
0.5868544600939078
0.03889537145078409
0.3110419906687447
-0.27131782945735994
0.19432568985619897
0.23273855702093324
0.5804953560371517
-1.6544824932666347
0.6651017214397563
-2.098717450446951
0
1.1909487892020643
0.4315417810906215
-0.7421875000000022
0
0.4722550177095699
0.9400705052878876
-1.6686069072564933
0.07892659826361036
-0.47318611987381254
-0.15847860538827482
0.039682539682537425
0.03966679888932738
-0.3568596352101417
-0.3979307600477517
-1.038753495805043
-0.2825999192571613
-0.16194331983805899
0.5271695052716997
1.0891488503428757
0.5586592178770973
-0.43650793650793424
0.07971303308090419
-0.1592990840302691
