-0.5086586271932383
1.5395220588235268
-1.5444670739986397
1.9364477388955954
-0.16910935738444194
-0.05646527385657821
1.0000000000000027
0.6768473457515192
0.3055895099455495
0.14955962997839947
2.018805309734513
1.4909189482244511
-0.7264957264957216
0.26904864399483425
-0.6547171836428058
-0.772471910112357
0.6968261745331784
-1.1947883440558003
-0.027358284088421975
0.04925838760878392
2.204595185995621
1.1614837017609616
0.3650793650793699
0.16342453476724703
-0.11052631578946889
-0.06849675957638347
1.8190446061372985
0.27963336958210816
1.0792667183062272
0.41892306120362816
-0.9106634106634037
0
2.6595471581865766
-0.6601650412603174
0
1.152897346825761
-2.1152697591081027
-0.34067219199674814
-1.5204081632653037
0.29530618588747515
1.6168190505707916
1.057340382269213
1.8008048289738408
-0.18776558948512476
-1.4999999999999978
1.2011861084585547
-2.6916964640444885
3.0927835051546344
6.693069306930684
0.4083147735709068
-2.1719038817005547
-0.04723665564478035
-0.2882797731568955
1.1706715958102194
-2.4313688747306332
1.2147692898641276
-1.8500948766603416
1.6626389560174042
-1.6972520680802639
0.981767180925675
0.19636015325670061
0.8555996367286502
-0.5592417061611461
0.08578781812983424
0.8190476190476104
1.256376346117531
0.13527381285565984
0.42856477383892827
-2.527946565239575
0
4.86818311601788
-0.07714298679492754
-0.799273387829242
-0.6592199230910131
-0.1889400921658944
0.22161687981900027
0.7370894181600406
0.9740705172177337
-0.8016304347826004
0.8720266630141947
-1.910020820132175
0.5906238464378084
-1.279816513761472
-0.08363923609496432
1.078919220573865
0.7223372440763661
2.7772702357025483
0.8800000000000081
-0.0704907921402927
-0.008817564588652594
1.4638447971781225
-0.3563358247870597
1.9537723506323672
0.008555051758055356
-1.056458511548324
1.0936757013789706
-0.08124518942957715
-4.134035177814863
3.937324226597039
0.9663703131039814
2.2120129317679087
-0.9488929582154229
5.684873949579839
0.9819902198544832
-1.9370078740157408
0.2890637546169832
1.2409927942353882
0.4982206405693914
-1.9003777148252963
-0.6136445674407485
0.9806295399515812
0.13987131838708386
-0.2434352302657979
0.09201104132496628
-0.1398880895283773
-0.30818491094656064
0.5620684117552593
0.2954327690833454
-1.6121327919751613
-1.2825181049480043
0.7950819672131185
1.5654224607627876
-0.7846591136554669
-0.7343743695275097
-2.207227348481758
0
-0.8396375426053816
0.35211267605634183
1.842105263157891
-0.1681637340552032
-0.7271980279375438
0.15312668128956744
-0.08677685950412847
0.7568551222134797
-4.277152943108112
-0.4288164665523156
-2.6658053402239488
1.0043803371532354
-2.1464867706325563
-1.3161428955143741
2.454182544002899
0.008855435023237462
-0.7127993978837345
-0.9988406314099747
3.6212953787947075
0.0043466921672567615
1.1170513322032545
1.6162310866574925
0.5795262267343408
0.5972157967784109
-1.2375099293448684
1.312280404690344
1.8342873856181687
-1.2391268668964313
1.3377648525134946
0.8445391931781061
-4.431254573542564
0.39135613408200687
0.2584745762711826
-0.22822365918600612
-1.1479645867751054
1.3627014055536588
-1.572672698063764
0
2.654411133064178
0.8368200836820083
2.7219917012448094
0.7311358862497944
-2.9795083610698856
-0.1033314044804497
0.13240100955769035
-0.07437709185569717
0.06202704379109291
1.248037027853534
0.15102040816325787
0.016301911399115254
0.45637912065524117
-0.4015738449681617
-0.17105155982733047
-0.3059725848563969
1.317674018905769
0.165596348802452
1.5282258064516165
0.6473648675483429
0.1617867571620379
0.14182720718590824
-0.1494944726385846
-1.5011228871990825
1.5479999999999927
0.303304841060396
1.5629908890983242
0.5336014229371349
0.14615384615385316
0.16898379291802887
1.2767425810904143
0.01892863903085368
-0.5223315669947078
0.9055627425614559
-0.7956259426847628
0.0038009806530050192
0.38388445458000414
-1.4387944417098937
2.4509238984288033
-0.25872736135588476
-1.8270676691729288
0.08424599831507307
-0.352004897459436
0.22653970204270046
-0.9807301842700211
-2.503191859790298
2.329365079365072
0.40330399038275455
-0.41713336680698804
-0.24822557499127684
0.5171274155293646
0.4138944762494304
-0.8783081012365723
-0.5091135206560146
1.19140625
-0.3281219841729396
1.4097598760650694
0.15276504735716467
-2.802776082977425
0.6708776334889525
1.4536243180046837
-0.026888948642118573
-0.30354261123492243
-1.0290206960342168
2.8309968847351956
0.7346536903093912
-0.5826848614713733
-0.35544127656356694
-1.8822100789313871
-0.20111386138613158
-1.7206634630289912
0.9384858044164109
0.4844128447534821
0
-1.3140502293756213
-0.047273873306030285
0.6227337222134709
0.8147277712495175
6.243686378117951
0.5631742548912083
-1.196407142077897
0
-3.35664335664335
0.007616726331015998
-0.8948971820258949
1.0566762728146013
0.06844106463879018
-0.003799680826824371
-0.9043583995136121
-0.08435906284751228
-2.5444218444179962
0.5788769000551239
-0.7830546963705415
-0.5603567341462381
-3.996190325012908
0.03720238095238471
2.8511218544688237
0.05222771282793708
2.1161259235464107
0.4246785419370132
-1.7737577822154422
0.45443673762258197
0.3253968253968182
-0.007910766553271819
0.8306962025316456
2.781482934484115
0.6107103324554372
-0.07208164194393152
1.4464692482915682
0.03742374911118596
-0.1982716695970868
1.053302346502733
-1.557921287881598
-0.12434530313878374
0.09809099826454044
0.7877280265340002
0.8825399199730717
-0.13344701041627718
0.9539363794959457
0.7390249283035484
3.503777510128107
0.5324588314115416
-2.0834794808839034
0
-1.2573434589482702
-0.44984581897333903
-0.40450420903027984
1.4965239663373615
0.7786870471177731
0.02146306564120583
-0.7510460999248955
-0.20900147742422714
-1.0219188964720392
0
-1.8095585552717952
1.5791038121423793
1.1668312666886167
-0.6652686383686488
-3.617966077018275
-0.003776435045313786
-2.9344008459534074
1.8442144580188349
-4.038050122249382
-0.0796210040208607
-1.6574365512570186
0.07697605639507499
-0.17407497368633015
0.1703232085648168
-2.744828144609519
0.31636348499354405
0.7427694095190709
1.7340802372518291
-0.6761407344427011
-0.5339964128485207
3.1474119913118392
1.025070523262733
-2.8395013174971417
0.10119409026512852
0.6914678528103482
-0.004015902975780453
-0.8232931726907631
-0.7693865154889654
0.6284431748622767
2.5954012733687497
-3.375627495157915
0
1.2640621804049945
0.28278258059303546
0.2658717370286782
0
0.8437123342707915
0.15537848605578053
-1.3286129122081265
-1.213465027212252
0.9671890303623824
0.4243967503334546
-0.8693552282057437
-0.5237515225334994
-0.3346802171339871
-0.0778082640566809
-1.1762295081967138
0.19906274623645862
-0.4552791689085717
-0.08731445677934012
-1.3899292550977982
0.0042201215394965
1.9918133097016617
-1.522611609913533
1.5083399857148898
-0.6581125827814607
0.09999583350694101
0.6951092611862567
-0.8391203703703591
0.004168577264575807
0.9629012088370116
-0.08670162255893271
0.3760330578512359
-0.041167510600633984
0.06177669782957868
-0.3128086927889327
-0.895953757225426
-1.6747906511686153
-0.2330409728401339
-0.6158158498258728
0.581171744797227
1.8524026001614635
-1.7895132023526503
0.16989466530750932
-0.26289009497965876
0.3911232038092115
0.36419073431015114
-1.552742616033763
1.1100634321961296
0.22890085201984195
2.6178896172552375
0.9685130234091658
-1.8776276582717661
-0.1622363659054075
1.8250000000000075
-0.06956379409118064
0.20883665697555012
0.057208237986273745
-0.4451523319447885
-0.03281782007629024
-0.2872501949197751
-0.004115395695292359
1.0247757017038288
-0.004073817574445311
1.4258942393872729
-0.3615038560411311
0.6369426751592431
-0.09613843935267148
1.8805132317562185
-0.5706639379747334
-0.2849905003166669
-0.36519530009526113
0.8007968127490004
0.2964309711078614
0.7172131147541091
0.007825338445880667
-1.2480438184663571
-1.2479695733132603
1.5686431838241157
-0.21724532922542167
-1.484443036972528
0.1325993490577483
-2.652487961476722
0
-1.587039861494703
-1.5665577615816406
4.791489361702124
-0.8933647364574028
1.716790953044337
0.5236656596173213
0.43678621518734084
-0.41094797318864434
-0.9574936901566481
0.15370924682469791
0.49273021001614775
-0.8560405112129141
1.2363695326117798
0.6967245935773241
0.9623031652616437
-0.19692792437967704
-0.8129439621152292
0.3819527333492444
-1.7994451050336937
-0.6256054246044559
0.18277080541001584
1.5000405416362605
-1.6176705544016616
-0.4871909382485486
0.12647382807718613
-0.22818026240729808
6.191292983745811
0.37689408507038624
-2.164750957854406
-0.1331505776385389
0.15685659385906436
0.22708586194746416
-2.011797335833431
-0.7215755062988323
0.6224149700839255
0.023944448878598014
-0.5785189913820619
-0.07624704041093507
-0.7791164658634575
0.08095199546668826
-1.2699183046186238
0.6185482549565937
0.29312380409558353
-0.3815709356606491
-0.1426184752047594
0.37949889822901256
0.9187365340054436
-0.2578046324269926
1.7204474778886116
1.1593282248779242
-1.2088386514384466
0.3217988955544043
0.625693014414707
0.4092876820149583
0.17245433879439095
-0.22693481493075285
-0.16470588235293404
