-5.449189985272463
0.9345794392523276
-4.783950617283942
-4.376012965964348
9.830508474576268
2.0061728395061684
-4.992435703479573
3.0254777070063787
0.1545595054095739
1.0802469135802513
-2.1374045801526806
3.1201248049922
0
-0.45385779122541176
-1.9756838905775034
-2.1705426356589124
2.694136291600627
-1.2345679012345636
0.78125
0.7751937984496124
-1.6923076923076945
0.7824726134585401
1.397515527950297
0.4594180704440998
-1.9817073170731665
1.7107309486780848
-0.4587155963302926
0.7680491551459294
-1.6768292682926744
2.7906976744186003
-2.413273001508287
1.0819165378670832
-1.3761467889908343
0.46511627906976305
0
-0.9259259259259172
3.894080996884735
3.1484257871064383
-6.104651162790702
0.464396284829739
0.46224961479198323
0.9202453987729974
2.4316109422492533
0.2967359050444935
4.733727810650892
1.977401129943511
3.185595567867032
0.53691275167786
-1.201602136181583
0.8108108108108031
-1.7426273458445003
0.40927694406548043
-3.804347826086953
-0.423728813559318
-1.9858156028368874
1.4471780028943562
-2.995720399429379
0.8823529411764622
-2.4781341107871557
1.4947683109118086
0
2.06185567010308
0
-0.2886002886002927
0
0.28943560057887535
1.0101010101010142
0
-2.571428571428567
0.4398826979472099
0
-0.29197080291971217
-0.87847730600292
0.4431314623338215
-2.794117647058832
2.2692889561270806
0
2.2189349112426036
-1.5918958031837835
0
4.705882352941181
-0.9831460674157343
4.964539007092198
0.2702702702702741
0
1.8867924528301772
-3.5714285714285565
1.5089163237311307
-5.67567567567568
-0.143266475644691
0.28694404591105144
-1.0014306151645247
2.0231213872832248
0.991501416430599
-0.420757363253853
-2.53521126760563
6.936416184971094
-2.297297297297301
1.798063623789761
0
1.086956521739146
-0.6720430107526881
5.412719891745602
2.6957637997432533
-3.625000000000007
1.945525291828794
-1.272264631043257
1.6752577319587776
-2.4081115335868257
-0.12987012987012247
2.8608582574772283
0.6321112515802781
-2.3869346733668237
0.6435006435006435
0.12787723785165514
-0.3831417624521037
6.9230769230769305
2.398081534772182
-5.620608899297437
-2.853598014888334
1.7879948914431747
2.3839397741530632
-4.411764705882346
0.25641025641026005
-2.3017902813299194
3.6649214659685825
-3.2828282828282935
1.0443864229765163
-1.5503875968992284
0.2624671916010536
0.9162303664921316
1.5564202334630388
-1.0217113665389492
0.1290322580645088
-2.577319587628866
-1.3227513227513228
-5.093833780160854
1.5536723163841928
-2.920723226703767
-0.42979942693409334
-1.7266187050359754
2.9282576866764276
-2.7027027027026906
-0.2923976608187176
3.07917888563049
0.9957325746799471
-2.2535211267605555
2.017291066282408
-1.8361581920903915
1.7266187050359754
-0.1414427157001535
0.849858356940522
-0.42134831460673755
-0.14104372355431385
-0.2824858757062187
0
-2.407932011331429
-1.3062409288824464
-0.14705882352940342
0
-5.154639175257731
0.9316770186335315
1.0769230769230813
-2.130898021308989
3.1104199066874028
0.6033182503770825
0.7496251874062968
-0.5952380952381037
-1.6467065868263389
0.15220700152206135
0.911854103343478
-0.3012048192771127
-0.755287009063444
1.9786910197869059
-1.492537313432836
-0.7575757575757576
-0.4580152671755682
-2.7607361963190247
2.9968454258675057
1.6845329249617282
-0.6024096385542254
1.2121212121212077
-1.1976047904191576
-1.3636363636363722
2.3041474654377883
-0.9009009009008925
0.15151515151514292
0.907715582450845
-1.0494752623688197
0.15151515151514292
-0.45385779122541176
0.30395136778115933
0.15151515151514292
-0.30257186081692683
-1.0622154779969692
0.4601226993864987
0.610687022900772
-1.6691957511381008
0.4629629629629586
-1.0752688172042837
-3.72670807453417
-1.451612903225804
-1.309328968903444
1.1608623548922103
-0.4918032786885199
1.3179571663920875
-2.27642276422764
0.16638935108153313
-0.1661129568106336
-1.6638935108153077
1.522842639593906
-1.6666666666666667
3.0508474576271136
2.7960526315789522
-2.0799999999999956
0.9803921568627357
-1.132686084142388
-0.3273322422258639
0
-0.6568144499178958
2.644628099173556
-1.288244766505643
-0.3262642740619833
4.091653027823241
-2.672955974842772
1.1308562197092131
-3.354632587859427
1.3223140495867722
0.6525285481239897
2.9173419773095577
6.771653543307083
0.29498525073746734
-0.7352941176470589
-1.3333333333333417
0.3003003003003046
0
2.245508982035928
1.0248901903367538
1.4492753623188406
-0.28571428571428975
0
2.4355300859598894
-3.3566433566433647
-0.43415340086830273
-1.5988372093023173
-0.2954209748892213
1.3333333333333417
-0.43859649122808675
1.7621145374449383
1.443001443001443
0
0.5689900426742613
0.5657708628005537
2.5316455696202693
-5.898491083676284
0
-3.3527696793002875
-0.6033182503770611
-5.766312594840674
0.3220611916264021
5.778491171749613
1.2139605462822414
-0.7496251874062968
-0.1510574018127017
0.30257186081694837
-0.45248868778280116
2.4242424242424154
0.4437869822485376
0
5.154639175257731
-5.1820728291316565
-1.3293943870014855
0.5988023952095893
-1.7857142857142898
2.4242424242424154
-0.44378698224851654
-0.297176820208028
0
-0.44709388971683633
-0.1497005988023867
-0.29985007496252297
-0.6015037593985048
-0.15128593040846341
-1.5151515151515151
3.384615384615389
1.1904761904761862
1.0294117647058865
-0.2911208151382865
0.5839416058394243
-2.467343976777943
2.0833333333333206
3.790087463556864
-5.19662921348315
0.7407407407407407
4.705882352941181
3.3707865168539204
-2.8532608695652097
0.6993006993006993
-3.611111111111103
0
-3.0259365994236433
0.297176820208028
-0.7407407407407407
-0.1492537313432751
-0.8968609865470979
-1.8099547511312262
-1.843317972350224
-0.31298904538340494
0.3139717425431644
1.5649452269170692
1.232665639445296
1.3698630136986172
-2.8528528528528403
0.9273570324574874
-0.4594180704440998
1.9999999999999956
-7.2398190045248825
0.8130081300813008
-1.6129032258064515
-0.16393442622951052
0.9852216748768496
0.9756097560975633
-0.1610305958132068
-0.8064516129032258
0
-2.1138211382113776
2.491694352159468
2.7552674230145797
-4.574132492113563
-1.4876033057851217
1.5100671140939572
0.3305785123966989
-0.9884678747940715
1.6638935108153077
-1.309328968903444
-1.1608623548921986
-1.342281879194638
-1.1904761904761834
-0.6884681583476739
-1.9064124783362242
7.243816254416963
-0.9884678747940715
-0.6655574043261208
-4.020100502512572
1.7452006980802792
-1.7152658662092626
2.09424083769634
3.589743589743592
-5.775577557755775
-1.2259194395796897
0.17730496453900962
-0.8849557522123894
1.892857142857147
-1.2267788293024935
2.1646557842441427
-0.6252170892671056
1.363159734358618
0
0.7586206896551685
-0.5475701574264208
0.6538196834136314
-1.982905982905977
-0.20927799093129498
-1.4330653617616222
0.7446808510638329
-5.667018655403025
2.499999999999993
-1.3469239170003549
-1.5498154981549879
2.323838080959524
1.0989010989011014
-0.18115942028985763
0.21778584392014055
4.817095255342274
-4.6993780234969
-0.29006526468454785
-2.3272727272727294
2.9411764705882324
-1.265822784810119
1.2820512820512742
-1.410488245931273
2.531181217901679
-6.618962432915914
0.3831417624520991
-6.297709923664117
0.24439918533604366
-4.6322633075985395
0.1704303365999263
-2.2118247554232373
0.4784688995215441
-0.25974025974026954
4.644097222222223
1.9079220240564116
5.820105820105819
7.115384615384621
-1.7953321364452424
1.8281535648994514
0.5385996409335676
2.392857142857149
0
1.0115102895012178
-0.5524861878453043
0.9374999999999984
-2.270381836945305
1.1615628299894343
-0.17397355601947515
-1.5336354130359053
1.5929203539822985
-1.0452961672473893
1.1971830985915488
0.9046624913013277
1.551724137931032
-2.1731748726655367
0.8330440819160083
-0.5163511187607647
3.806228373702427
-3.1666666666666643
-1.37693631669536
-0.034904013961598646
1.606145251396651
4.776632302405488
3.2797638570022962
-2.508732931089232
1.3029315960912122
-0.48231511254019976
1.0985460420032307
-1.0226909555768626
0.09686793671295169
0.9354838709677392
-0.7670182166826413
-1.6103059581320451
0
0.42553191489361375
-1.5645371577574982
-0.7615894039735114
2.4357691024357706
-1.042345276872965
2.0078999341672135
-0.48402710551790445
-2.723735408560311
-3.433333333333337
1.1391094235416013
-0.06825938566552756
1.605191256830597
-1.0756302521008414
0.8834522595990539
-2.6945099360053915
1.696088611976457
8.747447243022464
-0.18779342723004294
-4.296017560363754
0.9501965923984245
-2.4342745861733204
0.1996007984032012
-0.09960159362550178
1.6949152542372934
-2.843137254901964
1.6818028927009754
0.8600727753886801
0.6559527714004685
0.5539263603779673
1.2313674659753695
-1.5685019206145918
0.3252032520325249
-1.9448946515397127
7.43801652892562
-6.18461538461539
-2.263037061331577
-2.449664429530203
