1.9393366049784164
-1.977843512557271
0.6035502958579908
0.4352429125985098
0.29866479269150487
-0.5605184795936321
-0.05284481240090797
1.6214310891787045
-1.029020696034221
0.8586448598130868
0.9555800081079515
-0.32124827902708447
1.8128453038674035
0.5143858459103576
0.5061297941738837
-0.5371530886302672
-0.8438343834383438
0.6240780664926813
-0.16350924672980738
-0.8019427345117776
-0.1138627953316254
0.10829296095754294
0.3416078342063311
0.6298229686790688
2.413307020016913
0.14314815834389344
-0.7202155148716332
-0.742053383541913
1.3557241687123385
-0.30274673859195245
0.13250883392225396
0
-1.05866784296426
0.8136424431564817
0.10503040353787126
0.022088464299512042
3.0585767128581733
0.2464241709969416
-2.773472986693735
0.1429042541497147
-2.2392974753018637
0.044913541432739415
-1.3243546576879859
-2.013193812556875
2.5362739408009314
3.464085583290884
-3.840472673559825
0.4266939750810718
1.3709494674824407
0.245892477925554
-1.0034563496487903
0.34913841648834587
-2.9292929292929317
1.7400855590241726
-0.27842491050628393
0.3019943019942994
-0.11929784695789974
-3.185075645546582
3.0666196686640843
1.231190150478791
-3.4853603603603656
0.34420395542851007
-4.354651162790703
0
-2.145766214819765
0.3478693005342363
2.315216045561462
1.6456921587608935
-5.708333333333338
1.1299791679818252
1.0112359550561827
3.670745272525019
-1.9074868860276586
-0.03646086533786516
-0.13981762917932855
1.655810555792296
-1.7965147613629557
1.8354777730349354
-1.6167664670658684
1.6433353621424225
0.8083832335329342
1.5681615681615735
-0.9883618925083391
0.4134672179562906
-1.4941176470588289
-1.4570643735817428
2.0300569627923886
-1.4016748826988261
-4.234684657550748
0.36482576424707225
3.848082226121841
2.6735063367531655
-3.2386998177863933
0.5953104118576087
-1.751207729468599
2.3847572218807596
-2.7914515548085004
-2.1984808250478545
-1.7427543095283282
2.6604973973395087
-3.1486697965571175
0.03877973112719164
2.7070680966533205
0.4969491098949401
-1.627441161742614
1.8070755917536327
-2.731250000000003
1.330077748506075
-1.1223842739378596
-0.21163342525491918
2.782776349614393
1.2880635277934183
-2.0433360083955883
0.20166372573733587
-0.16981132075471983
-4.113904113904111
4.9145860709592615
-0.8016032064128228
0.018939393939391067
-1.887268825348726
0.5661348430262451
-0.0767656090071677
1.8629961587708008
0.05656464081453655
-4.522613065326633
0.2631578947368421
1.9094488188976317
-2.3758933745412314
1.9654399155784166
0.0840879689521316
-0.9241905254313937
-0.5936073059360671
1.1155587636984052
-1.2200661950808087
-0.2233755995006809
-1.1588858892473917
-0.5462660715475197
1.6946881907696398
1.7059675932024676
-0.8419143837834338
0.7641564887989057
2.0158154005704003
-4.015502890907938
0.4832196994770606
0.27009222661395976
-6.425333420931605
6.747174050410739
0.4932912391475927
0.21598272138228644
-0.07836990595611582
0.6339869281045781
-0.10391634734039984
-0.05201222287237205
2.6019644831848048
-1.4455081468331932
1.0485686715985818
-2.5401069518716493
1.73100790384741
-1.804289199948641
1.3470215131105825
-2.967933415059036
2.7927388789148213
-2.4257713953037063
2.0949350304958836
-4.103896103896107
0.8531960996749822
-1.1749697864912045
0.8424485359059626
-2.6679242740685787
0.8721533882466885
-2.1340835792218424
0.2664422942083827
0.7692307692307693
2.005551700208195
0.4626165045241142
-0.7787634590641295
-0.006825006825016136
-0.6211180124223541
-2.211538461538465
-2.3739289226014857
-0.5827338129496338
-0.13749185903466898
9.347826086956522
-1.3386348575215405
4.325631380977975
0.9721864537728502
1.861888669259711
-0.21283255086072556
-4.102628442381272
-0.03924903512789536
1.2499181990707504
2.4301964839710384
-2.1580010095911186
2.5345027731200944
-2.509591798226309
-0.5096774193548446
-0.363141171130271
3.215099251545727
-4.5967589381423855
3.10641110376735
0.6474358974358916
0.2101776956881843
-0.9406381085547337
-0.5389452072372555
-0.6192749322668131
-0.2142022588601814
-0.7675795225395144
-2.0648967551622417
1.7402945113788488
1.9736842105263157
-3.335483870967745
0.8209303877728061
-0.7083278167615397
-1.3200880058670699
2.5200999932437123
-0.09226308158693099
-0.1187335092348255
0.24435345396909558
-1.363726200671984
0.5209724819663341
-0.10631229235879794
0.4390049221763941
-0.36423841059602646
0.5649717514124294
0.38995373430271585
1.125814734347219
-0.6575520833333274
0.39321056425715967
1.9583523728702916
-3.0603751840706948
5.111947691698044
0.1885014137606032
-0.6835998745688361
0.15155342258146573
-0.4098360655737705
-0.22792022792022215
-0.7551240560949356
0.28132992327366313
-2.174190257587359
-1.5642312455191294
1.3904522280341653
0.8816038659962124
-1.4111859140341763
2.0485883125410402
-2.4835928451936775
0.8115597783056336
-1.0079193664506898
-0.8132231404958647
0.8332222370350619
2.069147881271895
-1.8523316062176107
1.2207997888346311
-0.16950257513528497
0.9469078560700059
-0.6469142191745375
-2.982159135304073
2.1073825503355765
-0.27606152228211156
-1.8784603216451357
-1.2225431584604047
3.6178170690241447
-1.9229507120824278
2.77703426124197
0.30600950582719044
0.23367519148384633
-0.3108405646936896
0.3118097960244221
3.477528817510688
-1.0451217222604696
2.3273463192511987
-2.5525339925834336
1.0020929790067834
0.03767660910517482
0.3075764233255973
-0.5944931163954944
0.598048473402581
-0.08135168961201217
-49.89666186509676
-2.7874999999999943
0.09000900090008124
2.055498458376156
-1.0825780463242727
0.22906592008145435
1.3204672422549488
-3.2581453634085213
-0.24611398963730274
-2.012725620049344
0.5565862708719761
2.477596204533483
0
-1.4531893004115313
0.5089390578102689
-1.7657751233445886
-0.3304255881575469
-1.5780400477390235
1.0239827539746575
-3.067484662576687
2.022564667033578
-2.6972353337828725
0.9147609147609179
0.06867188572998215
1.2215207246774604
-0.8949152542372912
0.1641811465316795
-3.8109547875973195
-1.391650099403588
1.5408986175115273
-1.7586157991774183
3.796737404359745
-1.5855354659248926
9.496890898812879
-0.5549819308208511
-0.1168072680077842
-0.7796257796257796
-0.13095861707700365
1.114607920272751
-1.8415250940215335
3.05192231470472
-2.5769230769230798
-0.19739439399921044
3.0854430379746804
-0.9976976208748983
2.364341085271312
-0.32815852581091876
-1.3169558060022908
-2.078788656486582
2.3587996330756127
0.32006145179874534
-0.6636038795303785
-2.800616649537507
2.788791964049699
2.5845441687025725
-3.74780646778641
0.5860138038807137
-1.8643190056965273
-0.25065963060685714
0.52903055151435
1.9602683857387155
-4.361290322580639
1.8753372908796515
-3.059197457290428
-2.035519125683057
4.769209315297717
-0.03993078663649069
3.981358189081222
0.07683442182097872
-3.071017274472169
2.0066006600660127
-3.3001164746991067
1.659528907922909
-2.0405476566614005
-2.68781077812122
3.314459328821986
-1.0827429488036389
0.7972972972972943
1.2200026813245775
-0.03973509933774232
-1.9080429309659586
1.107659057139004
-0.05344021376085201
0.8555006015238574
0.9675281643472438
0.1706484641638315
0.09173109684182044
-1.06048703849174
-0.8468969167659244
0.4404110503136352
-0.8769598724422034
-1.0455764075066962
1.1514494716878894
-1.0312039641087511
0.040595399188085864
-0.7845259028810977
-1.5541922290388517
-0.9693948206619581
2.083624667878615
-2.8767123287671232
0.6064880112834915
3.1263143137529887
-0.09516041326808666
1.3063001768948188
0.7387508394895903
0.4533333333333303
0.26546323334218214
-2.6343658988615273
0.38069340584635686
-0.4740620344033591
-0.7485029940119761
-0.3153709036061915
-2.6134800550206325
2.824858757062147
1.4835164835164774
0.4195993502977833
-2.1431459765467014
0.23415977961433132
0.05496770647244431
4.546078835324821
-0.5911718339464004
1.162944363684413
3.1874591770084884
-1.89897455374098
-0.4258614014711517
-2.6179367547952364
0.8783603939313313
-2.216358839050126
0.17539125742039322
0.2424242424242363
-0.026870885395664623
-0.4300497244994013
1.1337562424078793
0.08007473642066232
-0.2266968929190468
0.29403902699811973
-0.10660980810233936
0.12006403415154446
0.43970686209193266
-0.9684266383656083
0.4822505023442763
-1.4264764698040322
1.8799026237489826
0.4513474047524348
-1.1761596405444814
2.3134527948649466
0.9279832701607662
-2.343952343952347
1.0078238960350117
0.4857555468031944
0.339691664489159
-1.0546875000000029
-1.5528358994604494
0.21387515038096813
0.9337068160597571
0.14536804546054036
0.03958828186857591
-0.22424482258277872
-1.2295081967213055
0.2409316021951485
0.3738816931499624
0.22615405081813644
0.3583753650119519
-1.2564475598465812
0.8036431824270024
-0.9301089556205155
0.17435622317595956
0.3614941759271717
0
-0.640341515474929
1.3694951664876538
-2.4635761589404
0.9369907658881013
-0.7130364590340313
-0.1897018970189671
-0.4751561227260385
-0.6820351930159596
0.2746875429199286
-0.5889604163813269
-0.9368972168641437
0.36161335187761096
0.11086474501108017
0.04152823920266725
-0.2767400027674
-0.37463577077841614
0.8774373259052861
-0.3313544111555954
-0.3601606870757754
0.05560962046435298
-0.8336807002917882
0.8266778758582005
1.222901612006664
