-2.4410222804718216
0.6213266162888329
-1.8391188251001305
0.6426604100785505
1.4021217649841204
-0.5764168860160658
-0.9249329758713106
1.0654850493843864
0.13722012115532345
0.8689839572192514
-0.904572564612332
1.8490654361855146
0.8273145108338745
-0.6251628028132268
1.6874180865006554
-0.837763815047527
0.5946385052802658
-0.4974481555656079
1.0940137644461698
0.6326065315821674
0.16912374752695536
0.34723328342518844
0.4603174603174603
0.1738031284563122
-1.2965299684542557
-0.4026974336028607
-0.10268587748292118
0.5428672384439976
2.9584664536741183
0.41581331843853075
4.28924598269469
0.03555766267630135
-1.4988151658767745
-0.234558248631749
-0.30142271521581865
0.6167613979925048
-0.9675480769230714
0.24880150494568293
-0.3601694915254265
0.11846541721090158
2.2208737864077617
0.9141635996675823
1.6029411764705883
-0.08105369807497993
0.13326766520845856
0.6972774354078034
-0.01149293184691676
-0.7471264367816092
2.2090330052113543
-0.5580262300654413
0.7178260126474185
-0.5005939249957654
1.2989966174924044
0.005611987204664069
-1.7704826038159347
0.43131766117283865
2.2298065984072837
0.1557979078566634
0.06944444444444445
0.5412907702984039
-0.18498067366095577
0.002766022183495396
0.3595729379874979
-0.24804321464006174
-0.9504337735536301
-0.2956764295676404
0.1258952551477171
-0.18162005085361424
-0.3359086328518643
-0.011234692731156357
0.42415730337078394
-0.1370591032418699
2.4844546524004336
-0.07925879362650225
1.4578774617067884
0.45021971800608784
0.2281266774020397
-0.6453340473959006
-0.6037084950409684
0.32537960954446854
-0.08378378378378133
0.14065838946143575
0.23230058615380214
0.08893200743795462
2.0032310177706
0.22700876359412706
1.9673426389254627
0.15497068471214195
-3.022410191608423
-0.38558702300226033
0.16284036305392177
0.2105487593614267
0.7074468085106359
0.22183489145935908
-1.0382081686429536
0.38609010544253913
1.0795469616190625
-2.6451138868479105
1.3908355795148224
0.8826031475967746
1.2833350901233218
-0.8689996097307165
0.34119839374294636
-0.49959456985168865
2.000525762355413
0.2912296074843479
1.1589659248599453
0.3429442398069351
-0.673417721518985
-0.5964214711729645
0.4282051282051235
0
0.8093548140015899
-0.010130685847434174
-1.246200607902731
-0.3231763619575347
0.9546600792548084
0.0025488746718300677
1.5165417749910792
-1.6796806347134021
-0.1506639427987766
0
0.13554640546278054
-0.13791694335189483
-1.8107416879795444
0.07293186080433897
-0.5622071837584568
0.3324259239870123
0.8139625890271653
-0.9730093419248081
-0.917239396869363
-1.1499103280936784
0.7177161152614752
0.13510291663355078
-1.7222222222222199
-0.6648900374168961
0.33602514768847463
-0.11613460811321037
-0.48941405510641006
-0.29074506820281015
-0.08993050824363488
0.3245867655883501
-1.3186155895707024
0.7797002424509638
1.0798545613603434
0
-1.5903067020068204
1.203759687792013
1.6429502498370627
0.5209864009190734
1.7116733999574762
-0.386746106407447
0.9653725078698894
-0.7482851797963048
-0.0680628272251285
0.33006758526745716
-1.851174934725851
-0.42031337288179954
2.1264659525018006
-0.394988098040752
-1.4654130994274956
0.7489339019189741
1.1375360440199995
-0.6042217048991633
-0.8526315789473708
0.2521499097568744
1.5276270154351295
0.03129237509126468
-0.683003128258598
-0.5144627014541541
0.4828241253759744
0.22055927530524067
-1.723912075244313
1.7834768467916102
0.05762179151387685
0.049735615936340793
1.9282593338740555
0
0.841932337388976
0.2901797077839457
0.23604060913706046
0.06836654597016732
2.426619433198383
0.29892042787618045
-0.25369458128079264
0.35311257624021986
-0.9547244094488234
-0.14409221902016614
-0.13932427725530946
-0.40609895859285916
0.8080050031269589
0.029778152761919155
0.1686926321012201
0
-0.7454554460349785
-1.0854105846245976
-0.22450935876090097
0.8798321239855315
0.7969725069547174
0
-0.5494915338521571
-0.13000650032502306
-0.07259800730987061
-0.1327755091815449
0.5092313867148236
0.03244565353034123
1.212574850299399
0.30074446580881214
-0.4915454187966968
-0.002469867615104816
-0.6668807271469854
0.20886689708332523
0.7518423860450159
0.48271106294946087
-0.7647058823529367
0.2766251728907286
1.1921182266009762
0.038944601304653
0.35523114355232027
0
0.08728119090334709
0.007267089772786733
-0.7072786726413908
0.4537360037079368
0.8912309672406016
0.18774370577189795
1.0763021333845904
-0.6441338657539327
-0.2679361737757644
0.22068171460099134
-0.1723271343433792
-0.45074204608116414
0.8573974615254799
-0.46803734746995856
1.8929488256039833
0.3060984224158229
1.7511737089201964
-0.013842107691606232
-0.5860636825103747
-0.19960079840320205
0.5558139534883636
0.4648581142024646
-0.018416206261514315
0.11512249032971082
0.9475185134078428
0.013669294208783976
-0.8314350797266514
-0.7694958079705984
0.6388888888888973
0
0.47382463888120924
0.2678448788974822
-1.228338546542142
-0.18954716719448758
-0.6021445610134557
-0.04426943777813175
-1.6596736596736554
-0.8248791125438556
-1.4316443594646184
-0.4825295215926031
1.744554358949378
0.15086929450644623
1.5638076564405354
0.2942907592701589
-0.43192488262909945
-0.9288947566955994
0.4521441149873876
0.20847152468492805
-1.356973995271859
0.0814839668312236
0.03831417624521944
0.05744925315970021
-0.05741626794257503
-0.03829950210648132
-0.8572796934865944
0.019322738031983526
0.7075585607341266
0.047958180466633096
0.004793519162088491
0.4865188735769966
1.1185842396489132
0.11085690025237206
-0.7421543681085666
0.026110280329472903
0.8471760797342149
-0.5318022448643306
2.2071869603273937
0.08332561799834191
-0.38159111933395007
-0.037144515380159344
-0.6851064818040363
-0.5354971471330942
4.0625367344539836
0.3095135892280193
2.092342342342334
-0.2845860266054763
0.5575221238938013
0.11440640675877449
-1.2636251758087202
0.15802710943934573
-0.740000000000004
0.698502249983205
-1.8630916649992058
-0.5437121950114405
-0.9156966811690104
-0.22759143888364416
-0.4516129032258148
-1.3308952874733821
-0.790541650050431
1.1538825309751297
-0.6498363721365167
0.7740812197073208
0.14008545212579673
-0.21216572241263582
0.26168224299064996
0.6734712900820411
0.3124927663711488
0.32536459294811365
-0.8740253467350554
0.7007448314267772
-0.18664024516692676
-0.4109146313310906
-1.2169680111265646
0.9034377566584536
-0.15813953488372515
-0.08385353582408121
0.8462327489742463
0.11327122679674856
1.768726332317342
0.17243726460045297
-0.8335220838052136
-0.18729158101502486
-0.4485125858123653
0.7930305259286503
-0.6066272891057825
-0.1904412270839589
2.3770114942528653
0.9071720483226422
-0.9680003560461079
0.08314046244073024
0.06286484059272972
-0.01795009872554707
-1.6876122082585236
0.43827611395178545
-1.827272727272719
-0.050930641726102586
-1.1511557882058605
0
-0.9607048292991541
0.2981049045354618
-0.6463331210341459
-0.09259479094944412
0.5204372623574058
0.47755266081942194
-0.17411355026941824
0.46432696160463427
0.9478228228228357
0.03021288463326629
-0.532050835250123
0.11445389143232144
1.2552203635006012
0.3963224959100608
0.6793509444355065
-1.2469510110105506
-0.38319482917821707
-0.00926912916530649
-0.987253765932801
0.08660237805450632
0.2899838638011187
0.4150635420310174
1.0496249680700327
0.01149029070435482
-0.08961397058822694
0.8693452312504144
0.16416242960397473
-0.9332817372698093
0.09880287677211627
0.4108897254614027
0.969297944814019
0.21282858242580538
0.024852579019892327
0.040657752078066996
-0.37931813050350377
0.5348805584515743
-2.470805717119806
0.3675280846932769
-0.8014555169157822
0.39700044111158855
-1.3435389880676962
0.03984717436654286
0.6091846298031866
0.19329296693060508
0.6322199753620115
0.2494514378103749
0.03686381125727379
-0.45371841820400793
4.4375549488686366
0
0.7864421798848028
0.043960874821408945
1.467648028122601
0.34861312604203826
-0.6926462972552964
0
-0.5757990569932425
0.10052886926874982
-1.410357174045923
0
-1.9819301120510209
0.11747961050990258
0.07221031253525484
-0.06088348704534283
0.14214801444043731
0.03830295383367095
0.6306306306306306
-0.05371530886301782
-0.7972053027588759
0.015801354401801762
0.6567810955379594
0.22646755459884868
0.5749569341596172
-0.1245662425482775
1.3363028953229399
0.21978021978021978
1.1140350877193022
-0.004337642057773447
2.578840064199879
0.06554604080770407
0.7374381946498676
0.0062926061877332335
-1.1703511053316034
0.5857385398981402
-0.5802177398936619
0.16765348782919792
0.7521186440677966
-0.3259383871306908
-0.24472573839663214
0.07613569071991295
0.3296703296703374
0.34543769483527753
-0.6402183039462637
-2.4400549276433927
-2.916847119965349
-0.2988869805723584
-0.6286494105013414
0.2679094060966193
0.866695107438767
0.3672951494779957
-1.2198367636621716
0
-0.3345457811307321
0.698371218094573
-2.071634712185943
0.07081991181777475
0.004565793078274304
0
1.1984659635666346
0.20527396178745017
-1.0782945387420566
0.37548642559679585
-0.9567425410356356
0.08011720001831249
0.9080304659088267
-0.03853302506912865
0.5872882701072455
0.0969341749323756
0.16890750624957773
0.1821125050586684
-0.7922080836643388
