1.4666177794073532
-1.0512138234617785
0.09959828690946516
0.683227753640009
-0.18117732318740323
0.019800673222901584
-0.6005015177510978
0.2854677023169325
-0.6586786707268515
1.7559057741645225
-1.7845448592010478
0.21670278379729954
-0.2561543579507591
0.723743454624281
-0.7582781456953672
-0.16349137499583233
0.12031281331463017
0.4806729421189544
-0.358780147498496
0.2200440088017573
0.023286759813699872
0.7749359763195591
1.099009900990105
1.1164430516110018
-0.4745762711864348
0.42818217205137593
-0.18733850129199553
-3.695553685845571
1.202956989247318
0
-1.2351417756823253
0.36307402675990663
0.39525691699603827
-0.13679434138528992
0.25057632554876214
-0.009998000399910924
-0.40329300403294216
0.09035539789840952
0.23404326456919322
0.4269655425464401
0.2457900156109905
0.3313342831582784
-0.46894092004886956
0.5341915790172171
-0.2541254125412481
0.44337094265955185
-1.475771650690112
0.7054732689157079
-0.5212483399734336
0.1301605313219516
0.34664355709619665
0.644389822626722
-1.396039603960402
0.043511731432211466
-2.3619939779190333
0.6030701754385933
-1.396457765667575
1.5544041450777202
-4.704081632653067
0.08209301495521226
0.37089871611983205
0.6253553155201786
0.6285310734463341
0.24563127236999086
-0.8681041725007064
-0.5614406779661049
-1.7080359362238524
1.1452312138728258
-0.38932742793869474
1.1187607573149676
-0.15248226950355254
0.35515147210285186
2.1162897689068263
0.29457632992548954
-0.138217000691085
0.4013840830449796
-0.5858836503997794
-0.4610691257019943
0.43882561905756656
0.49585630569713673
0.017252087502587814
0.2414875633904854
0.6470041642289357
-0.017096939647803042
1.1354309165526613
-0.7845259028810977
0.43626448534424617
-0.027148092846483705
-1.0828241683638864
-1.1701726090388083
1.6250000000000062
2.0226868935355955
-2.0830542531815075
-0.47198850810589577
1.1786941580756076
-0.01018917909181068
-0.5400815217391335
0.013660735630616814
-0.3039098514597948
0.42471571448143897
-0.45702592087312727
-0.6338655519769752
-0.3551601668907875
1.3910997300851207
-2.0273037542662147
-0.30307252839127075
0.6953422551451864
0.09369144284821354
-1.549661986479453
-0.6232833298119682
0.9496474256759215
-0.31240127768612763
1.2007042253521094
0.48362965797989255
-1.1011080332410035
0.8647853791751374
-1.3155611093755455
1.3014421385860007
-1.5798611111111112
0
-0.5538895748809249
0.04257130693911657
-0.33333333333333653
-0.021347754927770194
1.9003558718861242
-0.11873995948872287
-1.318181818181812
-0.35432094391099456
-0.4338086263912197
-0.003571301024960146
1.1499999999999935
-0.5190311418685057
0.8482697426796838
0.021116351094527662
-1.1822660098522135
0
-0.9257940464321321
1.6963772282921152
-2.0780322307039767
0.14436263894903997
0.6631108548363714
0.4797365029357043
3.017886410603587
-1.1102272334244236
-0.3707330721880215
0.2773292143509124
-0.8962016453702051
1.3670564131548206
-1.8434625034848096
-0.09585685376503775
-0.007107320540149897
0.7143364844693976
-1.4150111154239708
-0.16822965137090246
-0.1147323509375719
0.12922215442047127
-0.6739559060763642
0.3681380156639215
-0.3811715631630015
0.375410605349588
-0.8415147265077009
0.14144271570012823
-0.1484861654353147
0.33368394327373957
-0.7085276361927615
0.9429497214839659
-0.5121546562792981
0.7685614849187868
-1.5973521369981325
0.4862532904358066
-0.9532472257594986
0.352642985710609
-0.6662030088949182
0.6006559310166998
0.6117216117216051
-0.45873229693814066
-0.3511210270290007
0.6056157093044595
-0.21524990879241485
-0.544769843881397
1.3454893022572005
0.47881601857225103
-0.5487364620938563
0.04719035864671581
0.05079641522441461
0.09066183136899365
-0.7318840579710079
0.10219724067449182
-0.7219426821264394
-0.003672689878080057
-1.1018474308590738
0.2711033535113523
-0.7888888888888956
0
-0.10452831597415639
0.5680331850965962
-0.3567314481067188
0.5966809621480514
-1.5607043558850755
0.026361376817045194
0.6061518768118637
0.8831674275877691
-1.3354106387714222
-0.3458906684713239
0.24900022636383873
1.5316874905916105
-1.5197005078023647
0.7188829086529379
-1.356502242152473
1.1364927832708263
-1.9515301344720348
-0.061124694376524645
-0.02675840978592577
0
-0.6194318051466475
0.4232234234927475
-0.3869583540860469
2.4615384615384617
0.12762762762763105
0.09372422583789458
-0.5693097119742414
0.048969751761034463
0.14307228915663336
0.6805022934055157
-0.16057358377834055
0.00374027528425752
-1.058458316191036
0.5481212671051636
0.3872326027294156
0.925024342745872
-0.5417640728783966
-0.45517292840354706
-0.4385142985645148
0.5872609546754972
0.25823353293413515
0.04479450520735444
-0.42908846684825197
1.3227909765420138
-1.497836458448907
0.02252759630547079
-0.0900900900900935
0
0.4170423805229903
1.0027313203876298
-0.43341359511019883
0.007441029838522885
-0.24553571428571092
-0.7085850675020512
0.8601262019230803
-0.1973708710386244
-0.649253731343287
0.33050401862841516
-0.4791495096204305
0.4325584894305274
0.696603123478518
1.0042027745750735
-1.233567772581655
0.5107747371560761
-0.838310026336285
0.9950248756218871
-1.4926478758472603
0.4624755602346286
-0.41169205434335115
0.9395317373820887
-0.9419561413306594
0.19920318725100286
0.6114257849131522
0.06710908955335851
-1.7213114754098293
-0.9288043066191523
0.7997550989170641
0.8997038949206695
-1.8962338688438274
0.8513902205177303
-0.9506787846522418
-0.1766038315352981
0.09230414214838241
0.003842459173867783
0.07684623069238454
-0.09982338938800235
-0.18447348193697855
0.33112582781458355
0.33770818942358305
-0.5545781381473266
-0.0038460059228456233
0.38076923076923425
0.9042492049503777
0.1063223846592057
-0.7851913666881717
0.9290411377886597
-1.3258077957498389
0.04222810856462471
0.11511895625479662
-0.23763894212341197
0.26509912402027186
0.24523891635054187
-0.7721417377011512
-0.2234292538233438
-0.3667812053588665
0.1782531194295865
-1.1565836298932244
0.15262395804796447
-0.6173804313847971
0.023590469450338485
-0.71147798742138
0.16231838156696263
-0.2687747035573194
-0.12682308180088056
-0.10714285714284992
-0.0397251022921384
-0.9100663672853034
0.5534611374027323
-0.22734524569239864
-0.6316210273835772
-0.595405720722522
-0.3480513173337613
1.1249644641189058
0
-0.5220883534136547
0.5207912797739237
-0.42571990843005375
0.37107248013551475
2.7888286116134253
0.37139841276046753
-1.4800965957778296
0.23325689886930065
-1.2779552715654987
-0.11586559590874948
0.7039999999999964
-0.17874165872259296
-0.8953085830249493
0.1405283867341203
0.3889178461168467
0
-0.9465612269350695
0.14515543728075114
-0.008052502315087093
0.4388967183410546
2.653944836433604
0.36319612590799744
0.7159811665823608
-0.32067380133679174
0.062015503875965466
0.05035636814379384
0.6388168337914747
-0.30776332999923056
1.2888785984410005
0.499085644620539
0.11751772243071795
-0.7042786823173006
1.7922513727882854
0.39709297969580837
-0.41044776119402987
-0.12364181341327021
-0.7652774130622214
0.1776736097985037
-0.10188679245282332
0.1775393797453941
-2.3416289592760147
-0.30503108228117265
-0.5073586367157207
-0.42041340651641484
1.2900199366717486
-0.12735903670254822
0.2511786073112296
-0.16574798596924725
0.11969111969111618
-0.29694188423122203
-0.0038678734431774214
-0.2127412679379569
-0.860531824172427
0
-1.4427588364091373
-0.7101202047050279
2.9367108838101323
-2.107673795753607
1.6455194290245836
-0.2769650867953934
1.7368173994680054
-0.12303906490311722
-1.3165999384046743
0.41741437153779426
0.5516491200808156
1.9974500637483992
-2.2613636363636296
-0.49606634887416895
-1.0632911392405133
0.18502480119676692
0.047153129788982596
-0.1806684733513966
0.4210112138500814
-0.7836376459525116
4.5849458968486045
0
-2.280708378960091
-1.0742300707137131
1.6327487207531028
0.20369729812828036
-0.28382939552008424
0.15385798907608275
-0.7834703126200203
0.13548037470000773
-0.8813637945030802
-0.15990015990015635
-0.9375
-0.5481072555205083
-0.20617739185598583
0.003973141563030277
-0.6396503774334489
-0.19592946539246234
-0.7051282051282015
0
0.5689154293092281
0.7783350050150488
-1.683984235041211
0.17411726595400803
0.22232103156958646
-0.21376139388562482
1.3378602320035533
0.11167836630504874
-0.5458167330677218
-0.13620157833594082
-0.9787797344458298
0.21065424346768558
0.6265917451590735
0.03615619476137277
-0.24497008152282676
-0.0764895330112758
-0.8178558478707436
0.0081241368104565
1.4134849715678384
0.7649791733418739
-1.0572757263802182
0.18880809866226722
0.15236567762631043
0
0.98887020578108
0
1.1615460852329111
-0.06661964103770956
0.6235049605897843
-0.0857365549493304
0.24572899602151987
-0.7742889381736154
0.0823464826288277
-0.0901147984171211
0.4117647058823529
0.37102128490529196
0.4085603112840467
-0.395272234063159
0.5057775356962222
0.15871172531258115
-1.0821674267604544
0.011721497225901663
0.68367386803141
-1.051528790935896
1.8587506372299163
0.9701636188642856
0.0305029168414299
-0.10291595197254881
-0.13736263736265122
-0.04202965000763828
-0.4166507396506285
0.2840472900353175
0.007655209369986713
-0.4860685854256075
0.061536094765582444
0.4189568359149822
0.14162137334457142
