-2.1843412712009593
2.9774936509326557
-7.730249170847868
1.5483870967741893
3.3944454528952708
1.7907303370786396
-0.8106243532252384
0.2782124847852587
0.5202011444425177
0.914265999654986
3.7435897435897396
2.735211731751528
-4.963913392141146
0.3037718336005516
4.668966097417346
-1.141295611638004
-0.7886178861788655
0.6965500286814718
-3.222656249999993
-0.7484022872519417
3.0585444378547946
0.6247944755014723
0.6699346405228795
-0.45447167667587535
-0.31795206261208736
-0.44164553856220584
0.4600345025877053
0.7686646496033905
0.3164813762882489
-0.517715580003243
5.391120507399574
0.4552117892138023
0.08448540706604524
0.5218325531425203
0.10687838766316997
0.93037443758103
-3.4151870041556514
2.4407416099507193
-3.268423062237492
0.6868240309465576
0.29794574251214945
1.6103814884302619
3.3312817356516353
-0.08190008190007514
-1.6616989567809206
0.7804804122148938
-0.6691729323308339
2.0059041707667853
-1.3505491243692356
0.4212426658642928
0.8689138576778959
0
-0.47527105302241673
1.1789285181316187
-3.9380530973451395
0.4299094119453506
3.3404678183763985
0.310673866410224
-0.3170857606371178
0.7545494895694663
4.207048458149776
4.995420277601641
0
4.415514696013955
0.5591259640102857
3.240237745254684
-1.0771325987371605
1.2453066332916203
3.7085110328203226
-0.46486679778295376
-3.0537093587210347
1.4143660058057002
3.5322777101096223
2.588235294117647
2.3509174311926606
0.30252100840336643
-2.17828418230563
-0.07993605115907793
-1.2285714285714286
0
4.9985536592421225
1.3829963083365424
-0.6032608695652124
0.49756684345781116
-2.872687704026113
0.8234371498991735
0.32224012445135586
1.1408318103782416
1.9109675299786504
-1.9933376316355114
7.132284414231684
1.320233343567698
-3.5353535353535355
0
0.9685863874345549
-0.041483017889549105
-1.1568190071069127
-4.723417655085546
1.1898204252506284
1.763745236799134
-2.107628115973044
-1.409836065573768
-3.641503159294981
-3.1291343111878107
2.3039011935158356
-1.3407626675953412
4.371102482645014
0.5805760667380746
-2.661959201972652
1.2090506074039955
-1.2628704704476958
1.3769660655643177
-1.7844964764719178
1.1514870964008717
-2.1737886848578456
0.3508566750482428
4.632597167997203
2.472711071508136
0.554347826086959
-2.0646416603610445
2.3123620309050823
-1.2675980365715518
0.420673076923067
-0.9792720744246777
-2.049337948464368
-0.35337671079201
-0.2307908809456746
2.668697810877903
-2.2751002912568055
-0.18557048866895096
0.1521126760563406
2.3682286100016823
-1.2858555885262042
-0.13360053440214267
-2.335562987736906
-0.8504080817304871
-3.966152429196413
-0.13786489240543995
2.3949579831932826
0.4748226742481921
-2.514585764294044
2.214375486264887
1.8970665729843588
-1.2469114520485
2.275107645758183
-0.8818342151675485
0.8208012857306827
1.229718189581549
1.9065294415387264
0.8830022075055187
1.7177242888402675
-0.08604926320319116
0.9312089568306575
-1.3439283238227198
-1.2649332396345796
0.17519846701341613
-1.9839317920970625
0.1338240214118358
-0.03897984185321558
-0.07241936382373988
-0.5519009923068271
2.2086439822859947
-1.842812482860742
-0.31848913225680536
8.262331838565027
0.8646577612094759
-0.8572455212771325
0.6523765144454752
1.4506172839506197
-0.7047966737653428
6.117550937037224
0.6688802271305564
-1.4483747609942725
1.358102536741524
-2.6654543714408683
0.09832841691248771
0.10805500982318494
0.45628495731527596
-3.1355311355311377
0.766399435284629
-3.04228171128346
0.22191257676626694
-0.5509783728115368
-0.09837932998497714
-4.307038457551577
0.8124356821751612
-0.6608284532316099
-0.4434829637641993
-1.7981312472837847
0.48680643912153315
-0.3633360858794335
0.22653185258853575
2.9492833517089307
1.0655957161981306
-2.96174631768571
-0.3276003276003276
-3.0183511366748785
1.6719385449615853
-2.7611111111111137
-1.1540878706507482
-0.9363620599965216
-0.22755119901978474
-1.4385964912280649
0.35006526640559293
-2.8557914030627303
-0.38344491783322915
-2.926620639090859
0.20770392749244426
-3.4796809245650313
2.0303247218064713
5.293704955673193
1.5143255194136531
-2.9655707381108685
0.20907637436968782
0.43568973981345954
-1.0142359626076944
-1.2221467810628945
0.7248640879835117
-0.3970469632111229
-0.7162877608221738
0.23839397741530455
-0.8762047815746652
-0.2462432125268256
0.6835875688334676
0.7858175645942038
2.1519461077844313
-1.7585638395310468
0.04350798682328411
-0.49080516898607507
0.443279016045446
-1.5415216310293358
-0.37247474747475323
0.20277548951270805
-0.08221083918294786
1.3037974683544247
0
0.27489691365738417
0.6043613707165137
-1.8083854585991233
1.0343740145064706
-0.8614769960671815
0.8752597443485984
0.5118601747815259
0.720407402807099
-0.9248982611912689
-0.42320139407517765
1.5499999999999972
0.5785327424913892
0.4650593562599381
0.4507248142282916
-4.062575794324521
-0.40450006320314064
-4.6008376697550455
-1.277190181600482
-4.709925207196272
0.2616320181021104
-6.4320473940334315
-1.9974372503203437
-2.384248577141978
0.7012291207059458
3.505203035756215
2.494519615995162
-3.0238218157681245
0.3802570537683474
7.508144556405781
-0.2748414376321417
0.04946646880079468
0.8122616188727222
0.21719330203882412
0.08389261744965171
-1.026823134953885
0.5010939374691162
-2.598314606741573
0.73540014419611
0.2934440309189743
1.3344751302362126
-0.40140845070422854
-0.007070635650138517
-1.3152312261349268
0.8455144740613487
-1.5489555208185435
-0.6495381062355658
-1.300305099520548
1.03775667917862
-0.31322843822843494
-0.18268176835951772
3.4626647144948723
0.19104224156230423
-0.45197740112994994
0.43274687854711524
-1.448046902592357
0.3153669724770544
1.2146327522149187
0.7765071297472823
-2.6057719249089253
0.14384349827387802
-1.1778224648089695
0.007267441860458507
-3.8805319380858854
1.8749527481666253
-2.5974025974025974
-0.40380952380952034
1.315789473684214
0.022651766837809915
-1.0568430588057673
-0.6561379415579566
-3.1794793026649155
-0.06345680970888827
-2.809746805302015
-0.31849734585545864
6.136326396854014
3.5816287147819446
-6.088382144720176
0.07935248373274083
3.8931176657151845
1.5034724872166714
-0.9624060150375906
-0.01518372304889504
2.2095671981776697
-1.6417799569125555
-2.2054380664652604
0
-0.20852641334569397
-0.32505224053864396
-2.01879027874835
0.02377367461763646
-1.3310093487561365
0
0.7628071302392805
0.08765638696309738
-2.4363057324840693
1.060878080626734
-0.880167958656338
0.21181262729123496
3.926510039834175
-1.1889862327909921
0.38790373654210447
1.7269931393423306
-0.39534883720929526
1.4787142968324383
-3.351484009509935
-1.428344707189335
0.8130735791337875
5.7254651441347955
-5.083081570996975
-0.2625925041776044
0.19945747566618796
-0.055736921729440676
-1.3623326959847144
-0.32307568047815205
0.1377522080868686
0.9872147596698532
3.5336538461538387
0
-1.2537729277919525
0.1018888627635359
-0.37582211086751915
-1.4382269726501242
3.9869228929112515
0
0.17636684303352365
0.2832210655235623
-1.206014808029918
-0.19315460094259446
0.046446818392950645
-1.3385948622717565
-3.0899537291192742
0
-2.5086995225378326
2.0420021582136556
-2.082485967623844
-0.6313865581124978
-1.8978346292115893
2.0964717913754822
-1.9198664440734559
-0.9361702127659575
-4.596219931271477
0.009004952723990009
0.7923644876643421
0.7682687153832328
0.9929078014184437
0
-1.5361657303370786
0.7310332530979803
-5.212850694751755
-0.644257703081241
-2.0204867963537265
0.7097640514099455
0.42857142857142855
0.8914177335230054
1.588495159319472
0.12028127313100986
1.275298031605229
0.018249840313880654
3.266125353526155
0.4329004329004208
0.8268824771287906
-0.6805095096841698
2.0467322557976066
0.8866316604975427
1.0324232081911184
2.288658052529359
0.3550198150594414
1.785273549979436
3.2007759456837945
0.2506265664160437
0.15625
0.9282371294851866
-1.83940026277148
1.55893236753013
-5.217458717730071
0.23719941109112475
0.5222358221134306
1.1445734231674574
-3.7961476725521632
-0.21690164344707902
-1.1537496864810597
0.00845809016325268
0.43978349120431476
1.044122600202096
1.0416666666666667
-0.6268041237113327
0.19918665449413755
0
-0.7040503603081256
0.6423089756423128
-0.6630750103605471
-0.03337505214852657
-1.393873633252635
-0.7025562891484832
0.8439178245673934
0.21132713440405748
0.9025727541121927
1.1452934291924466
-1.6034383006860145
-0.041999160016799666
1.100840336134446
2.2275787548832335
-3.114074314984973
-0.29372272574689495
0
-0.15991919872063495
0.581689428426898
-0.41907635571201074
-0.21883679824929797
-0.28679881906369387
-0.20302850858640248
0.3644994490124569
1.0641891891891815
0.025071034598042947
-0.4678753446403322
0.4029211785444434
-5.484491263272295
-0.03538257408227253
-2.5484470400849446
-0.118042313629343
-0.37272727272726447
0.018249840313880654
-0.07298604141957436
0.009129918743735636
0.38342158115755137
-0.6820662058930521
-0.25638677776759955
0.0734416597815069
0.2568571690670748
0.6587976942080536
-1.0180892646122914
0.11020295711266581
-0.8714796807632328
-0.04627059041273367
-0.9906490139801702
0.5236581260519833
5.1906976744186
-0.07074637424831576
-1.5398230088495655
