-1.8415146457961673
-0.3928006097203521
2.7545615067686846
-0.33222591362125986
-0.9137931034482811
0.34510759236703475
3.129967341984341
-0.9528079811680304
0.5404028972385669
-0.09568031518221727
0.4901270386749695
0.9081990189208154
-0.6500180560571152
-0.5815741646861508
0.04781055769610127
-0.34856917973801343
1.4555712270803924
0.5616415503531189
3.7408759124087516
-0.2665174169131953
-0.1576654819486409
-0.21947433220919166
0.509656652360515
0.029356818788361598
-0.29615004935833916
1.300508429221298
-1.9442096365173265
0.9375000000000049
0.7392975338955861
1.6823420320572262
-0.8233454924439789
-0.16813787305590822
-0.8631578947368469
0.07432575918454508
-0.26525198938992045
1.43882978723404
1.2925722975275997
-0.4452037065797037
-0.14299828402059175
-0.22131382300101546
-0.1539585616616992
0.8572249954263839
0.6607758285610634
-0.5689131442104698
-0.5229773462783125
0.7573588735913361
-0.384873689104719
0.12187216387916033
-0.018129079042779918
1.27962699132237
-1.6112944065065602
0.7642517351633806
0.38438717333538774
0.5833675986842176
-0.7383939293288048
0.342342342342347
0.3950439935356344
1.1702481028183096
0.2601338552847628
-0.2871681193007227
-1.725444624090546
0.3598879206190072
-0.36372019159344837
1.1465590375073886
-0.7904435125174714
-0.08197981247118596
0.012819855392031178
0.2461096726228719
-2.199319745288085
1.9794472190989152
-2.371794871794872
0.8535784635587655
0.17708333333333806
0.11178122075490608
0.8906546181610496
1.7141092294229656
-1.5156882591093142
0.2517920916728805
-1.5325866885363588
0
1.0515082897373855
-0.010302640051515544
0.2807758687308439
-1.0942717698433062
1.054435902763347
-0.025700334104343355
-2.0771208226221125
1.5961356715320851
-2.000000000000002
0.37441333122396964
0.9929599663759516
-0.27571138740050743
0.3808033385498151
0.3014083043184511
0.266825553080156
0.3100374628600956
-0.3322601416613031
-0.8140376266280752
0.9614131992392093
0.2735483870967719
-0.046324891908578525
0.6977702250373322
0
0.48837863407399595
-1.2290076335877909
0.32975242805987537
-0.10270894851713956
0.5860429250739027
-0.6899547696317686
0.39111751537451606
3.5345379982058205
0.014853691142246597
0.07425742574257425
-0.3215434083601286
0.05210918114143695
0.4513776940056118
-1.249290176036352
1.5076130709803282
2.950738916256162
-4.143738934877273
5.683122847301959
-1.1879177195758492
1.995697896749522
-0.8271821909783288
0.8577099380936672
0.13587911444301704
0.243314694803819
-0.01166942843139543
-0.3524578684468385
0.02108172682766007
3.718969555035133
-0.6051300578034723
0.2771467514765974
-0.26052285804902364
-2.0964408204056646
-1.1669450631031755
0.9530292716133295
-2.8065198688585538
4.428229665071779
-0.13745389567249316
0.4014590167695166
2.4311109080107762
-2.1949587329912923
-2.7938694521735163
2.7967433894089724
1.2850067331613946
-0.4191454840454381
1.7379497623896851
-2.553494372525472
-1.8854142889751282
3.208170482039842
-0.10819827333589212
0.39490014667719736
0.6945380984490815
-1.3415478024062917
1.0905470835784383
-0.3827215756490681
-0.18198566582038364
-2.163050328621598
0.7131847148411439
-3.0723896109829365
0.19089366515837963
-3.7706113424129133
-0.07333170373991689
5.819471624266136
0.8668716336484894
-1.4346610441398786
0.5905877976190391
-1.0725347880356813
-0.044394597878418283
0.6218004160920163
0.655128354048085
-2.2734091905740073
0.6093240753861457
0.14319248826291933
0.2976957877218025
0
0.46975787603999847
-1.3724441136104586
0.4434066841199128
0.011740672036067344
0.9696656649136031
-0.6231833507731701
-0.0093595713316245
0.35335689045935115
0
0.1165936013431583
0.018633251036478827
0.17465418471426575
0.6648534300392953
-2.5887351915571752
-0.41249822199041386
0.2808988764044987
0.8878127522195232
3.3670588235294203
1.0152284263959266
0.635464317101197
0.3157258335386006
1.4352678571428612
0.12543185969235784
2.841758241758246
-1.6925608531190524
0.2195604443381547
-2.232007288187056
2.1698134137954024
-0.1932639899242263
1.4686044993690441
-1.3637240817376644
1.8369165887698091
0
0.2903129402723702
0.6215146226214256
-0.5626771586918698
0.15529271613342796
-0.33346785327416
0.3750745886966236
-0.9660297239915074
0.40090041805123416
-1.3452340280150326
-2.9868836846889746
2.6616393735219352
1.4060632402477413
-1.358707299301351
0.2281220126879291
-1.027464071272203
-1.2199128320812944
1.685069398252849
0.6933845013300812
-0.8012126461671719
-0.09823182711198428
0.7079646017699035
0.4165853023498173
-0.5401784749681294
0.5539744954487194
-1.7002981463077544
0.7494670212532224
-1.5226876090750476
0.30127154313057386
-0.48809576394717885
-0.9654437712231174
3.027654520191842
0.8679007243381905
-0.3579746398688746
0.7964333636324129
-1.468630566410436
0.3137938548703342
-0.7451014467567293
-0.4946269506029713
0.13196964698119432
0.07907742998353352
-0.35776212111235883
0.4097096788404655
-0.03290628290628291
0.3401435186201146
-4.035080045490334
0.2780373299300515
0.2318129133428744
-0.6915629322268326
-0.3013836248230471
-1.6740713598680979
2.3663677652265136
-0.3890696457418571
0.30607583371401637
0.4759302272623889
-0.2629014346259403
-0.022723657599927286
1.0477987135486593
0.10796707004364078
-0.25614523884421303
1.3696161470535273
-1.5844444444444485
-0.3319258473141061
1.5677390122337975
-0.3881156316916407
-1.2763670562945049
0.7689167120304762
0.3691448893690897
0.4687044470857266
-1.3482142857142776
1.952665399583656
-3.5730930557713223
-0.10587125135214745
-0.6036449093380599
-0.2874295913400372
-1.1739544831113282
0.07762514113662453
1.2175343753672625
1.6115923182314198
1.7322942614895944
-0.031450073009089884
-1.1437945214714398
0.7501363884342608
1.8636343125310313
-0.15726056525206794
0.9006810568582728
0.49029307653409365
1.3368047958692393
-1.9344948938834436
-0.47995420620418267
0.24555892308031443
-0.7326654014211904
0.13338668800853676
-0.7282092269437455
-0.20575211343203065
0.5042355788624445
0.0780431244007403
-0.274051958468878
-0.2546973792980102
0.47261731436891846
-0.1270733012306208
0.2812562780419287
0.20701168614357668
-1.2261761961881874
-0.029235820626999996
-0.10572964704294013
-0.4639012746025393
-0.2511312217194652
-0.1859874345074694
0.9907514713568379
-0.23850775150193199
0.7578320590026472
-0.20594094867145296
-0.047105269060818813
0.07854578096947935
-0.13902903912994322
1.4977657018390815
2.415929203539819
0.23330165039316042
-2.3793103448275783
3.4969975273754774
-6.727815699658695
1.127475643781715
-1.3455754313756532
0.17421602787457283
-0.025171624713967135
0.10986747236146815
-0.512152182362751
1.1169075908349102
0.4909202481874671
-2.1553771344566366
0.18029679626462444
0.7498846331333641
-0.5107065155158635
-0.31075917315040746
0.5680374997113715
0.08036185796615618
1.0415710746076818
0.11352799600381455
-2.8077655810577924
-1.7547953516591175
2.199420455085278
-1.2224597936227657
0.43762646463696686
0.43337706146926536
0.19592750682246718
0.4562702237120927
1.2907561467337108
0.26538549531000605
1.9623054807648426
0.15888645213264677
0.766360569296427
0.6829268292682967
-0.15415785764622975
-1.314570558913061
1.872960529256631
-0.5002193944712633
1.322984653378021
0.35907033426183843
-0.7242448554762807
1.3476617958630892
0.16163793103448276
0.064550833781603
-1.5439200086012297
-1.825845764081496
2.629529932593264
-0.09320876595929556
-1.9527012367107832
0.781146271298964
0.20859407592824364
-0.1358517025285906
1.875987361769352
0.10984040834785927
1.628587410180281
0.18840364952688554
-0.4394861392833034
-0.2546689303904924
-1.2617021276595783
-0.13575538173120827
0.7055929570171053
0
-0.9706241563283448
0.1449651650871915
-1.0802635843145727
-1.507043791634815
1.0843774254351843
-0.3159003159003079
-1.2830105633802857
0.0847136455848626
-0.8040984519434317
0.14820137423093288
2.302690582959637
0.49970412255901514
-0.11122015047432916
-0.41917736442231723
-1.0633166710514776
0.11744631816872786
1.7087206728640951
0.5440459610027856
-0.20994762131509065
0.019520659364486197
0.1908314177906966
0.46101900350634567
-0.3339437681783906
0.19455252918287938
-0.2373247033441208
0.8650519031141869
-1.2349914236706767
-0.442862104897526
0.4819014391626769
0.740001302055065
-1.2494076084615053
-0.2835827407181188
0.21438571928596828
0.5893909626719057
-0.625000000000004
0.22056254367575917
1.3749373542805974
1.453013498409431
2.1419491525423804
0.5994482586961406
-0.23711340206185566
0.6778960421618307
-0.4290435817954251
0.05978888339107179
-0.7376424288628394
0.6040477426050932
1.046094169108237
0.6084985604312617
-0.8808426863672453
0.010238139115834306
-1.185455141067107
0.21134202183867182
2.0283262689961825
0.6788797470919629
-0.44886375072965884
-0.9260382546807429
1.2857142857142858
-1.267378601652219
0.4693781759555927
0.32499847656964104
0.4332773177299434
0.17135369418405402
-2.686657275105655
0.010340192327577293
1.0959470636889992
1.4501943137655888
-1.6472106292465538
0.44688614652946135
2.2938775510204006
0.9496448806958816
-2.7332015810276715
0.22350001015909138
-1.5934478074887883
1.3988174944891871
1.312474603819593
0.669795050735965
-1.8505976095617458
0.26181729617827193
-0.11943319838055944
0.646521148740391
-1.3250100684655695
0.07550712215827554
0.581170089112747
0.28181007217582815
-0.6449265107251996
