-2.5452488687782804
-1.1433546140452726
1.7788997827746114
0.4672358098754117
2.7387035654820027
0.02794232703699564
-0.5139951952623076
-0.5222665244005141
1.1685672349553922
0.21762178449863798
0.40645879732739165
0.5212665668496695
0.9764439785954678
-0.1748251748251773
0.6184325744308206
-0.8104432961653572
-0.7622285588944869
0.574680886334744
-0.7691885061260371
-0.5924367421515874
2.5175448368051585
2.1406063240247795
-0.29787234042552707
0.9069568928723858
-2.5906735751295336
0.07056013894919423
6.595433096490747
0.44268050679285836
-1.4032421479230013
0.3236911062015082
-2.7399364949298373
-1.1215839081670242
1.8532325061241854
-0.5437624176513576
-1.924087898223117
0.5574614065180152
-1.15671641791045
0.6687159575041844
-0.09642684952054184
0.16622875221190997
-1.7612419700214181
0.9481772110511739
0.4534412955465636
0.03761620721155452
0.7144391920928331
0.6026988106032297
0.21206658890891739
-0.41794519098508576
-0.5578281889178133
0.9242440431670026
0.010587052035363162
1.0903509236225128
-1.0157599874339018
-0.2062946310499916
-0.5353546061698246
-0.02664535038635758
-0.2985074626865623
0.04811804961504831
0.1763479933735881
0.4427611223727826
1.104678952679375
-0.09455271313757181
0.7992007992007896
-0.09910802775024066
0.3759398496240625
0.08843112775696099
-1.0238553089756155
0.4935937828187284
-0.07837809593478942
0.21440150603985444
-1.382801085368399
0.23281655114026475
-2.206619859578734
0.6801619433198332
-2.0267009811806314
0.5363104033273111
-0.391922051058724
0.33335154926498217
-1.1873638344226556
0.11024142872891632
0.3138420878757871
0.34030407816015246
0.7330014769432794
0.22264458322019598
-3.1913740788903264
0.307830077797056
0.3571030018971021
-0.12231735794505828
0.6401692273435761
-0.9347862160517778
0.6700167504187605
0.3882418191902385
0.13812154696132597
0.871724137931032
0.30629546573320227
-0.3871530617809115
-0.9141668491351022
-3.762223081597697
3.0195177956371935
0.6575281399754922
0.5701948627103606
-0.060549347718398
0.08261731658955718
0.3742226624841881
-0.4989308624376411
0.17081772096099496
1.2816986632928078
-0.1194872908972434
-1.0386079390973306
-0.06593768888400711
0.6708088194864489
1.9170899557594574
-2.015005359056801
0.5688033253117405
-0.924515988688275
0.1317378416950319
1.4362460256550842
0.30263726761780746
0.05387931034482758
-0.9154550350026925
5.440217391304343
0.010308746971807921
3.7210740607122634
0.37267080745341613
-4.267326732673269
1.2048815803081991
-3.7606662919625933
0.6902044066896735
0.4745583970471922
0.36210968249803677
0.7320644216691069
-0.3322259136212672
1.3750000000000047
0.42129058775173744
-3.683618131587026
-2.1565919473069113
-0.44516829533116425
0.6162067837277759
0.016259281339774643
-0.5852389725804802
-0.3706530033794808
-0.31185031185031437
1.3336260358926615
-0.48743500866551126
-0.28300859910743686
-0.22377469708547845
-0.3008588151632843
0.9546801272906886
-0.070652173913041
0.4840376352857923
1.7698636068413103
-0.015954900813697524
-0.6648936170212766
0.02677376171352075
-0.8672376873661695
-0.20520574576087885
-1.590909090909096
0.6488507643242155
-1.2784090909090957
0.34864416159379935
-0.5294214967186847
0.06652991073903894
-0.40999501357416424
0.6286509040333772
-1.304732419283498
0.8290387631637886
0.9000000000000026
-1.315934368461628
0
0.17854153880489013
-0.4065719855193514
0.7661335421093862
-0.6881624951440196
-0.10617490919251696
-1.9299619601700606
0.393588500370777
-1.9034090909090908
0.04633651896900982
1.4589243327736958
-1.300998573466474
2.052379025264497
0.15862225243598202
-1.1708144796380116
0.38344874949922997
-0.17103762827822122
-0.970873786407767
0.7785467128027682
0.03433476394849265
-0.4576397231279675
0.34480776966840987
0.46961800584159247
0.9006441315624439
4.559064459635052
0.702398962610763
3.407017920377723
0
-2.6306231515591785
0.2984120217414546
0.4515991924343853
-0.45485798910457165
0.45693640082886866
0.17453853070291186
-1.2354804646251367
0
-1.4861541751309717
-0.6891686563924487
-0.7923064313425496
-0.3029301608283763
-0.11601568974089327
0.4922566371681466
2.1355055313996343
0.2586624993263973
-0.9889814565976937
0.8088594538841589
-1.5347334410339257
2.3789991796554553
-2.051282051282056
0.2563263525305435
-0.41342544742424575
0.6336374064565417
-0.7653476632470233
0.5633956897494778
4.558063638836006
0.9415803984809934
-0.9894867037724203
1.4938580054132857
2.846299810246679
1.2915129151291445
-1.4867326342736202
2.433661486182613
1.1806029856571283
-0.8630665380906505
-1.497981615680169
0.7603811780970765
-2.7147547410202426
0.0402961769002143
1.6615477569105281
0.5447971868654351
-2.8816314467267623
0
-0.06086427267193235
0.08627689809174878
0.2281831550124233
-0.030355155317206773
-0.6933198380566825
1.3096876114763312
-2.1227364185110686
0.4985096104430078
-1.3244694451546966
1.0416666666666738
2.2824024208852642
-0.41119245812857513
-1.752265861027188
-0.7482574825748327
-2.163585665599497
-0.24278249854859008
-2.058092164435737
-0.42675021607606367
-2.5063744371507646
-1.9531467364086534
3.717366628830874
0.5745554035567716
-0.631120783460278
0.4818221638195332
-0.07083696599825384
-0.5234745624079904
-0.5152661294743115
0.6777232905394212
-0.6239054290718088
1.1344861768917358
1.6989762578958734
1.19940029985008
-2.1164021164021163
-0.1135135135135086
0.20563883327019614
0.7506615542474409
0.40737564322470715
-0.1548152893444422
2.277709458375669
0.06795964242772515
-1.9903876292968412
0.13858536325356519
-1.1390855378719376
0.15075647445215928
0.5483576151819819
0.3956584505159649
-1.789423230548018
-0.03795889593838827
-0.4177064120646656
0.778994389061391
-1.1189189189189215
0.39905974963100393
0.005444843732992291
0.22322643872161535
-0.7496740547587981
-0.08757525998904811
0.3396515832146279
-0.12011356191307153
-1.5032251011260522
0.5494200566069073
-0.08279059498840932
0.1933381207534663
0.33079722130334105
0.39564787339268304
-0.8538587848932627
0.027602959037208788
-2.224184557646679
-0.6491307292842629
-0.40338617124026527
0.3993154592127781
0.3125
0.6627017841971139
-1.2266486608147622
0.49561353537654196
6.779661016949161
1.9217497478367067
-3.7085264857544686
-1.0061124033104416
-0.12021201027265277
0.28995021609496985
-1.0037093606807816
0.07163323782234707
-0.28632784538295347
-0.49146833066431556
1.0654827968923444
-0.021963540522737256
1.3730228471001757
0.7205547729981555
-1.9202840083911472
0.010968520346595267
-0.4277253783724476
-0.8646326687961254
2.144325315260271
0.1631587534671235
-1.7049465168051305
-0.3756283488924463
0.38258940948156867
0.325894829871844
-0.9029345372460422
0.18334351908439103
-0.8595829636202307
1.7956032891424685
-2.692603582811298
0.186356449062568
0.14655318189505306
0.05065571002419449
-0.6188118811881188
-1.3868447865957207
-1.1480397221743872
-0.12194413797107655
2.988372093023261
2.1790674043129674
-2.751381215469611
-0.028405862970117032
-0.10797294993465312
0.4892479235407974
0.07925724637680387
-0.24324018554134827
-0.153104621491355
0.23852794184461867
-0.07932011331445274
0.4082558403266073
0.6268353286650179
-0.47140692519221566
-1.3532562729066817
-0.7716490425835953
0.938940092165896
-0.13696284882724782
-0.788616492371003
-1.9123322389263187
1.3506371483939161
-0.2433512949765366
0.5517802172271592
0.24838262476894377
-1.094785364448286
0.5243227497815321
-1.3793103448275836
0.3702180172768381
-1.2997658079625318
0.44489263257800454
-0.578751550227364
0.07722007722007451
-1.0980531813865146
0.6541439116605708
-0.8466491772000981
-2.327119663259173
0.04309548728683405
-0.25230769230768674
-3.3808378061570843
0.7151522891258569
0.6530146452799058
2.8974552784076595
-0.6060235063662992
0.8191168319270773
1.3439218081857056
1.1452682338758289
5.0536352800953495
0
-1.8720217835262083
0.705283847843684
-1.722158438576349
0.2102803738317704
0.6295173700163315
0.7877664504170475
-0.17816091954022467
0
1.070873395129248
-0.1082312731415603
4.316833941605842
-0.39905974963100393
-0.8013172338089961
0.1161890007745883
2.088974854932299
1.347913170573274
-2.3768828116654204
0.443179952946321
0.6591131931583035
2.5975431570972454
3.006487683949575
0.3686824722207905
-2.290699454109477
0.09398496240601266
5.169535732916009
0.9324934279053709
1.636444051304719
0.07252683492892371
0.16427501570276326
0.3328348849549029
0
-6.730769230769231
0.8865979381443322
0.6488861639076254
-2.822478298390788
-1.4574518100611118
-0.3021628498727759
0.0691231988089517
2.008501594048882
1.0834461923116967
-1.3294857260641015
-1.2951744307499455
2.0740740740740766
0.3421107194692053
-0.036160760409135524
0.0878507570668206
-1.0274679884345241
-0.4434242787834524
0.19911968140850736
0.7059930969563853
-0.5037129355559041
0.19311064718163076
-1.7763192165442587
0.5515485787017443
-0.9388185654008415
0.2715365775742684
0.3716879944777784
-0.2116066232873089
2.046334093198332
1.8130811990233187
-3.8473313603428854
0.3237104648694496
-0.5659878339063764
0.3245026066602903
0.3287555013521299
1.0306009196131283
-1.1194810629838807
-0.11638980002116418
-0.7468220338983003
0.0693740327658869
-0.6985921501706557
