0.09267840593143248
-4.537037037037039
4.170708050436467
0
-4.934823091247666
0
-4.799216454456417
-4.62962962962964
10.032362459546922
0
0
0
4.901960784313726
4.8598130841121625
-1.9607843137254959
5.000000000000006
-0.865800865800878
-4.716157205240168
0
4.766269477543534
-9.273840769903767
-1.6393442622950813
-3.13725490196077
-4.757085020242921
10.20191285866099
4.821600771456124
-0.6439742410303451
2.777777777777768
1.3513513513513546
-4.799999999999993
1.9607843137254815
0
0.27472527472526886
0
2.739726027397267
-4.355555555555558
8.27137546468402
2.1459227467811157
-0.8403361344537785
0
-4.661016949152548
0
-2.2222222222222223
3.0000000000000004
-1.235657546337163
-4.915102770330643
4.0413533834586435
-4.878048780487813
8.641975308641976
-4.720279720279713
0
4.862385321100912
0.08748906386701476
0
4.982517482517485
4.995836802664443
0
0.7137192704203003
-3.937007874015748
-4.836065573770491
3.359173126614992
-3.250000000000005
5.08182601205857
-4.016393442622938
6.404782237403928
-4.494382022471914
4.201680672268908
-0.32258064516129775
2.5080906148867355
2.6045777426992904
-7.384615384615391
-3.239202657807299
-1.2875536480686725
-4.956521739130437
0.640439158279966
-4.545454545454546
6.476190476190474
0
3.756708407871198
0.8620689655172383
-5.726495726495727
-2.5385312783318166
1.3953488372093057
-4.495412844036699
0.8645533141210361
4.285714285714279
-8.036529680365287
0.29791459781528656
-0.4950495049504845
0
-0.49751243781095233
0
5
0
3.809523809523813
4.954128440366964
0
4.982517482517485
-0.41631973355536167
0
-4.93311036789299
4.925241864555853
-4.4425817267393075
-4.912280701754391
8.671586715867154
3.735144312393899
-0.24549918166940374
-4.840032813781788
-0.0862068965517223
0
-4.918032786885249
2.087114337568062
-6.4888888888888925
-1.9011406844106398
6.9767441860465
4.981884057971022
0
0
-0.5176876617773986
0
4.943625325238511
4.95867768595041
0
2.3622047244094544
2.0769230769230735
0.3767897513187695
4.204204204204208
0.8645533141210318
4.071428571428574
4.941660947151673
0
4.578155657292355
-0.4377736085053176
4.899497487437182
-3.4131736526946126
0.12399256044637058
-5.077399380804946
-4.7619047619047645
-0.20547945205479015
-1.8531228551818777
-3.146853146853154
-1.8050541516245489
5.514705882352941
2.0209059233449542
1.092896174863389
1.3513513513513464
-6.266666666666663
0.9957325746799345
-0.28169014084506444
-4.943502824858752
5.274888558692416
-4.869442484121379
9.569732937685453
4.9424509140148984
-3.225806451612903
0
-0.19999999999999574
-4.676018704074823
0.9110021023125493
4.166666666666664
-2.133333333333335
0
0
4.90463215258856
-9.350649350649347
-3.295128939828086
5.407407407407411
4.919184820801119
-5.827193569993296
-4.907539118065443
0.07479431563202367
-4.7832585949177915
10.125588697017262
4.989308624376345
-2.2403258655804485
2.083333333333326
-4.557823129251701
-4.20527441197434
6.32440476190476
-0.06997900629810908
-0.2100840336134409
4.982456140350883
-6.283422459893056
0
0.7845934379458004
-4.8832271762208155
-0.07440476190476032
-4.318689501116903
1.6342412451361934
2.9862174578866676
0.6691449814126383
3.028064992614477
1.1469534050179222
-0.7795889440113355
3.5714285714285716
-4.758620689655168
4.272266473569876
-4.513888888888891
5.236363636363641
1.7968210089841035
-6.653088934148
-1.0909090909090935
1.102941176470591
-2.8363636363636404
0.29940119760479733
-4.776119402985079
5.799373040752354
-4.962962962962963
5.222135619641465
0
-4.296296296296297
-4.953560371517033
0.9771986970684121
-3.225806451612906
8.416666666666664
4.919292851652579
0.0732600732600717
3.2210834553440666
-2.8368794326241162
0
-4.014598540145978
-3.7262357414448686
5.687203791469199
0
-1.0463378176382703
-0.3021148036253846
0
0
0.6818181818181808
4.364183596689241
-6.993511175198262
4.9612403100775095
-5.096011816838992
-1.167315175097279
2.3622047244094544
4.384615384615387
-4.200442151805455
-3.0769230769230798
4.523809523809526
2.1260440394836704
1.4126394052044706
-4.252199413489737
0.612557427258806
0.8371385083713807
-3.3962264150943344
-3.1250000000000027
1.2903225806451624
2.9458598726114587
0.46403712296984145
-2.0015396458814454
4.8703849175176686
2.921348314606746
-1.6011644832605578
3.180473372781063
-7.885304659498206
-4.280155642023338
8.048780487804866
-4.890895410082758
-0.07911392405063122
-4.988123515439436
0.08333333333333155
0
1.7485428809325634
0.16366612111292614
4.084967320261438
-4.47409733124019
8.216926869350862
-4.3280182232346265
9.60317460317461
-2.2447501810282438
-1.0370370370370412
-0.07485029940119602
-2.621722846441945
3.769230769230771
1.1119347664937016
2.272727272727263
-6.164874551971322
4.965622612681439
-7.0596797671033515
3.132341425215351
-0.4555808656036484
1.754385964912284
-5.922038980509739
4.22310756972111
-2.5229357798165144
2.274509803921562
-0.15337423312883108
-0.2304147465437739
1.3086989992301765
0
2.5835866261398164
3.2592592592592555
-6.527977044476328
4.297774366845744
-1.839587932303164
-4.347826086956522
2.5078369905956137
3.669724770642205
0.07374631268436421
-0.515843773028742
-3.2592592592592555
-1.148545176110263
-1.9364833462432223
4.581358609794629
-1.8126888217522674
2.230769230769224
-3.3107599699021786
-2.9571984435797587
7.858861267040886
4.089219330855024
-2.0714285714285654
-4.66812545587163
1.3771996939556213
-2.9433962264150986
6.376360808709178
-2.997076023391814
3.089675960813867
-4.89766081871345
-0.07686395080706984
4.461538461538462
-1.3254786450662719
1.044776119402976
-2.732644017725253
-3.189066059225512
4.705882352941174
0.7490636704119824
-5.650557620817842
-4.649330181245074
8.595041322314056
-4.794520547945211
0
-3.916866506794566
0.16638935108152725
4.651162790697679
-4.285714285714279
4.892205638474294
-0.1581027667984156
2.4544734758511377
-2.1638330757341526
-4.423380726698266
4.545454545454551
-3.952569169960474
0.4115226337448472
0
-0.8196721311475381
4.95867768595041
-2.8346456692913344
-4.700162074554296
0.4251700680272169
0
0
4.995766299745976
-7.016129032258072
4.943625325238511
0
4.95867768595041
-0.07874015748031328
0.1576044129235725
-3.8552321007081054
-4.173486088379703
4.355251921434669
0
-2.7004909983633394
-0.16820857863752187
5.139005897219892
0
-3.445512820512818
4.9792531120331915
-0.0790513833992078
1.9778481012658227
-4.266873545384024
-4.7811993517017815
2.553191489361708
4.9792531120331915
0
4.980237154150189
0
4.969879518072291
-3.2281205164992777
-4.892512972572277
3.195635229929853
1.8882175226586102
-1.4825796886582732
-4.439428141459743
4.488188976377955
-0.527505651846272
-4.469696969696969
-4.9960348929421015
0
1.7529215358931476
-1.5586546349466737
-4.833333333333334
4.991243432574433
0
4.253544620517096
0
2.319999999999993
-1.8764659890539364
4.382470119521904
-4.961832061068705
6.987951807228924
-3.1531531531531525
-1.5503875968992331
-2.4409448818897537
7.586763518966904
-4.276069017254316
5.721003134796241
-4.59599703484063
4.817404817404825
3.7064492216456633
-5.575411007862755
4.844814534443594
-0.07220216606498041
-3.9017341040462368
6.015037593984953
-2.8368794326241162
0.21897810218978933
-4.588492352512751
5.343511450381688
-0.5072463768115962
0.5098324836125294
4.999999999999996
-3.8647342995169116
-3.0868628858578586
0.5185185185185206
1.3264554163596147
-0.07272727272727118
-1.746724890829696
4.814814814814817
-4.876325088339218
1.0401188707280742
4.999999999999998
-5.392156862745095
0
-2.6646928201332303
4.9429657794676825
0
-2.173913043478266
5.555555555555555
1.7543859649122806
0
4.758620689655168
-2.3041474654377856
4.447439353099732
-0.516129032258065
0.5188067444876788
2.06451612903226
-4.867256637168139
-0.13289036544851396
4.457751164337991
-0.7643312101910779
-0.6418485237483931
-3.1007751937984525
-5
9.403508771929825
-0.06414368184733667
0.7702182284980694
-3.1847133757961785
-1.1184210526315785
-0.7318695941450395
4.557640750670239
0
-3.4615384615384563
-4.316069057104915
9.437890353920885
-4.882688649334177
4.666666666666662
-4.458598726114645
-0.4000000000000033
