-2.339622641509438
-3.323029366306026
0.7194244604316535
2.6984126984126973
1.2364760432766626
0
-3.816793893129771
0
-0.39682539682538837
0
3.0278884462151314
2.088167053364266
-0.7575757575757549
-2.2900763358778544
1.5624999999999944
-3.0769230769230798
1.1904761904761934
-0.3921568627451036
2.125984251968515
-2.85273708558212
-0.07936507936507768
1.6679904686259004
1.4062499999999978
0.9244992295839692
0
-1.526717557251903
1.3178294573643405
-0.5355776587605224
0
0
-0.7692307692307665
-1.1627906976744213
1.6470588235294183
1.0030864197530787
-1.2987012987012982
0.6191950464396291
-0.07692307692307529
-1.8475750577367223
0.7843137254901933
0
-1.4007782101167294
2.6045777426992904
0.15384615384615058
0.1536098310291826
1.226993865030676
0.7575757575757683
0.7518796992481176
-2.910447761194034
3.3051498847040715
0.44642857142857517
-0.148148148148145
0.14836795252225202
1.4074074074074037
0
-1.4609203798392936
0.8154188287620417
4.044117647058829
0
-2.756183745583043
0
-1.5261627906976678
-1.8450184501845017
2.2556390977443526
0.36764705882353466
0
1.7582417582417598
1.87185025197984
0.3533568904593564
-1.0563380281690042
-1.779359430604982
2.173913043478253
0
-2.482269503546097
-0.3636363636363688
-1.0218978102189693
0.29498525073745685
-2.2058823529411686
5.263157894736836
-3.857142857142851
0.22288261515601307
3.4099332839140035
-0.07168458781361854
3.084648493543757
0.9046624913013277
-3.3793103448275876
2.4268379728765157
-2.9268292682926824
-0.21536252692031127
1.4388489208633042
0
3.191489361702135
0.34364261168384147
-1.9863013698630079
4.053109713487072
-2.8878441907320327
-2.4896265560166055
-0.07092198581560133
-0.638750887154009
-0.21428571428570972
2.362204724409449
-2.027972027972034
3.4975017844396876
-3.793103448275867
0.35842293906810546
0.21428571428570972
3.349964362081259
-2.8275862068965525
-0.638750887154009
0
1.4285714285714235
-1.4084507042253471
1.7857142857142858
-1.8245614035087705
2.573266619013577
-3.8327526132404106
1.4492753623188352
-0.7142857142857117
0
0.5755395683453243
0.14306151645207132
0
0
-0.500000000000002
0.1435750179468742
-1.9354838709677389
0.4385964912280738
0.4366812227074272
1.4492753623188352
-2.3571428571428577
2.4140453547915146
-2.85714285714286
-0.7352941176470562
1.999999999999997
-1.9607843137254872
1.999999999999997
0.14524328249818136
-1.522842639593902
-0.5891016200294557
0
1.4074074074074037
-2.118334550766977
-0.7462686567164153
0.45112781954886255
-0.37425149700598004
0.6761833208114189
2.2388059701492455
-2.91970802919707
-0.37593984962406546
-1.5094339622641455
-1.0727969348659048
2.556158017041054
-1.8126888217522674
-0.615384615384616
-0.15479876160990383
1.5503875968992193
3.0534351145038197
-4.07407407407408
-0.3861003861003779
0.7751937984496097
-0.6923076923076912
0
2.6336173508907814
-0.15094339622641187
-1.7384731670445988
-5.999999999999996
0.2454991816693892
0.40816326530612823
0
2.4390243902438935
0
-1.3492063492063486
4.585679806918748
-1.538461538461533
-4.296875000000005
0.8979591836734647
1.9417475728155358
-1.7460317460317372
-1.8578352180937028
2.880658436213989
2
-3.450980392156859
1.1372867587327278
0.8032128514056339
0.7968127490039811
-3.8735177865612664
1.9736842105263175
-2.500000000000004
-0.7444168734491303
1.8333333333333386
2.2913256955810093
0
3.9200000000000017
-1.8475750577367223
-2.7450980392156836
-4.919354838709687
1.6963528413910185
4.253544620517096
3.200000000000003
-5.736434108527134
-1.3157894736842117
1.5833333333333293
0.6562756357670227
-0.7334963325183362
-1.4778325123152687
3.250000000000005
0.0807102502017739
-1.451612903225804
-0.9819967266775859
2.3966942148760406
0.8878127522195273
-2.9599999999999937
-2.3083264633141063
-2.8691983122362856
2.085143353605562
0
2.127659574468085
-2.0833333333333335
0
-0.851063829787231
2.918454935622316
-6.005004170141789
-0.6211180124223628
0.8928571428571556
-1.7699115044247882
5.6756756756756825
0.5967604433077602
-0.2542372881356028
0
0.6796941376380635
0.8438818565400814
-1.0878661087866026
1.522842639593906
3.083333333333327
0.9700889248181165
-0.9607686148919214
-0.16168148746968128
1.214574898785428
-1.2000000000000028
0.8097165991902805
-3.6144578313252955
0.9999999999999934
0.24752475247525693
-1.4814814814814792
1.0860484544694988
-2.2314049586776825
0
2.1978021978021958
0
-1.240694789081889
0.9212730318258058
3.9004149377593262
-0.1597444089456835
-3.5999999999999943
3.73443983402489
-0.5600000000000023
-1.8503620273531813
-2.131147540983605
-3.6013400335008354
2.085143353605562
6.382978723404255
-2.6400000000000006
-3.451109285127362
3.7446808510638254
0.08203445447087603
-1.8852459016393333
3.5923141186299055
-7.9032258064516165
4.115586690017519
-1.3456686291000852
0
5.285592497868706
0.32388663967612086
-3.147699757869254
0
0.3333333333333262
-1.9933554817275618
-1.8644067796610222
2.5906735751295398
-0.7575757575757713
0.9329940627650655
-1.2605042016806751
2.9787234042553163
-1.6528925619834653
5.042016806722686
-5.280000000000001
0.08445945945945767
2.2784810126582244
0
-0.6600660066006607
0
-1.2458471760797225
0.925147182506303
0
3.333333333333336
-2.177419354838706
2.63808738664467
-4.417670682730916
0
1.3445378151260516
-0.4975124378109494
-0.6666666666666673
0.25167785234898793
-0.25104602510459717
-0.1677852348993253
-2.18487394957983
1.3745704467353963
-1.9491525423728848
0.1728608470181467
-0.690250215703193
0.0868809730668965
-0.1736111111111074
-2.086956521739132
1.1545293072824225
-1.6681299385425923
0.982142857142868
0.35366931918655303
-0.7048458149779742
19.964507542147295
0
19.970414201183427
-1.5413070283600385
-6.073888541014405
3.999999999999998
-3.846153846153844
-1.8666666666666625
1.8342391304347796
-6.470980653769183
6.562054208273895
-9.504685408299867
6.508875739644977
-6.736111111111115
-2.4571854058078935
8.549618320610694
-1.547116736990159
-4.142857142857143
0
-0.8196721311475368
0.3005259203606247
-5.168539325842692
1.0268562401263743
1.798279906176704
1.3824884792626706
-0.9848484848484773
3.213465952563121
-3.335804299481105
-2.2239263803680918
-0.31372549019607177
-1.2588512981904023
1.1952191235059646
0
-0.6299212598425202
14.10459587955627
-9.374999999999998
3.37164750957854
-4.0029651593773234
4.247104247104253
-2.2222222222222276
0
-4.545454545454543
7.063492063492069
-4.892512972572277
-0.23382696804364272
0
4.609374999999998
-3.6594473487677384
4.5736434108527115
-5.930318754633067
0.07880220646177925
-6.377952755905502
-3.195962994112706
3.8227628149435233
2.510460251046031
-3.0204081632652997
3.1144781144781075
-5.959183673469391
2.4305555555555656
-6.7796610169491585
0.09090909090908897
0.45413260672116906
1.7179023508137385
1.7777777777777715
0.34934497816594695
-4.003481288076595
0.2719854941069913
-0.5424954792043445
0.09090909090908897
-1.4532243415077215
0
-0.4608294930875478
0.09259259259259062
-1.387604070305276
1.7823639774859241
1.8433179723502402
1.809954751131215
3.999999999999994
2.4786324786324867
3.6697247706421976
0.5631536604987956
-2.480000000000004
2.5430680885972152
-4.079999999999998
-2.00166805671393
2.9787234042553163
-0.8264462809917327
-0.5000000000000041
2.17755443886097
-2.4590163934426146
-3.3613445378151288
2.2608695652173894
1.1904761904761954
-1.0084033613445462
-0.25466893039048694
0.9361702127659526
0.3372681281618965
1.2605042016806751
-0.41493775933610544
-0.6666666666666673
0.4194630872483281
-1.0860484544695135
0
0.9290540540540493
0.3347280334728111
-5.5045871559633035
-2.383053839364515
3.797468354430379
2.351916376306616
-2.127659574468085
2.086956521739132
0.42589437819419873
1.3570822731128087
-2.8451882845188274
0.6890611541774339
6.928999144568012
-3.9200000000000017
-5.24562864279766
-0.7029876977152906
4.424778761061947
0.5932203389830382
-0.1684919966301565
3.1223628691983207
-3.846153846153851
3.829787234042547
-2.9508196721311433
2.7027027027027053
1.3157894736842117
0.6493506493506499
-1.2903225806451624
0
-1.3071895424836613
-0.24834437086092187
0.16597510373443627
-2.568351284175646
3.996598639455788
-1.8806214227309928
9.916666666666663
-0.0758150113722501
-4.248861911987865
2.456418383518229
1.3147718484145392
1.0687022900763403
7.552870090634441
1.825842696629212
-3.5172413793103434
0.07147962830593128
1.500000000000006
0.28149190710766464
-4.701754385964913
7.879234167893964
-0.7508532423208273
