-0.24809160305342642
4.821121101970524
-10.859645920788466
3.357903357903365
2.6545166402535725
-0.46314164415285425
-0.562233423807673
-0.6044063170208551
1.9419380149078136
7.3696363286511355
-4.444444444444437
1.1627906976744058
-0.33370411568408503
6.02678571428571
-5.2631578947368425
7.018518518518515
-5.01816923343139
4.937147021315362
-6.024305555555563
6.779974136338454
-4.671280276816609
4.882032667876584
-2.889773317182892
2.9935851746257933
-1.314878892733568
-0.2629733520336606
-0.017577781683955483
0.7208157524613261
1.5534997381741975
-0.9969061533172834
4.131944444444437
-1.0336778926308656
0.539083557951471
0.1675603217158177
-0.5018400802944128
0.7565568258238063
2.2693141998998874
-0.45684450970793844
-1.6226848057695422
0.4165278240586471
0.3152480504396843
-0.06615944426066445
1.7543859649122655
-1.1060507482107929
0.5263157894736917
0.1308900523560135
-0.8496732026143865
-0.41199736321687547
1.0921727618732455
0.21280078572598923
2.4011760862463136
0.031903014834909156
-1.8816775633870304
-0.2762879895985587
-3.0149934810951757
0.3192740715846038
1.691792294807374
0.9883050568275408
-1.95726635132931
1.0314423556812395
-0.3457928536143437
-0.1817580964970295
0.16553550736633008
-0.3470500743678768
2.636815920398006
0.22620778801098357
-0.4997581815250539
1.3933895009721173
-0.28763183125598507
0
2.6602564102564137
0.29659694036840106
3.564202334630347
4.839194469492042
-4.744839449541288
1.1437170805116663
-0.7141794375837031
-0.4945301963134954
-0.587349397590358
0.6665656718678953
0.12039127163279978
-0.3457087028408169
1.7496229260935177
-0.6670619626445301
2.9697060140277536
0.2898550724637681
-2.8468208092485616
3.7929495760821066
-3.1241043278876406
-0.8875739644970414
1.5223880597014994
1.073213760658623
-2.2399999999999967
-0.13390864454693904
0.4320619785458845
0.4153686396676983
0.9454867779583361
-6.044197277915989
5.109034267912765
1.7338470657972802
0.18936635105607494
0.610642628671132
0.04335260115606279
-0.6211180124223538
-0.058139534883717627
-1.628853984874934
1.404494382022472
2.1285901734946817
-0.9992862241256245
-0.25955299206920757
1.864970362874075
1.2631280158955402
4.092501751927126
0.44432476100713
-1.9302949061662167
-0.6150902132312739
-0.16503919680924845
0.3168480506956975
-1.3732491073880801
-4.664438874965191
7.8282459471301165
2.885006095083309
-3.3307003686150694
0.7762494893095527
-1.5945945945945885
0.4394397143641763
4.429860541427397
1.5972767740246199
-1.5850515463917467
1.0868141940552514
-2.81088082901555
2.61228841796615
-3.1692427587998413
-2.3205902079141456
3.4743202416918364
-0.46449900464499005
0.7466666666666697
2.699841185812596
-4.793814432989697
-2.1792095289658784
1.0931230109312269
1.0265535176567204
-0.43354559002845755
1.183834535310933
1.1968800430338862
-0.33222591362126247
-2.1466666666666696
3.2293227960212625
1.3595564941921798
0.8725094413335129
-2.439969016266457
-0.7807330951435875
-1.1202987463323524
-0.3371998920960345
3.017999729327388
0.604308985811864
-3.3298511360668583
-2.4719708226394643
2.963988919667587
1.842884046273883
-2.1133271694624223
1.2009175549858289
-1.0533333333333303
-0.1482280016170358
-1.902834008097169
0.5915531710001469
-0.5060175054704658
0.45360824742267414
0.42419266557197904
-0.7766725711949765
1.4693765449052363
-1.4480985248342038
-1.9088162592694438
-1.0919781604367849
1.4012738853503153
0.22333891680625667
-0.15320334261838756
0.6695494490166087
-1.011500623527791
0
-0.7698768197088466
1.4106361969248131
1.4466546112115701
1.6317016317016442
-1.888828926065839
-0.35753575357536066
1.5732818106541508
-0.326086956521736
1.2268266085059978
-0.29625639644492935
2.89032955159373
-0.7613546862693561
1.0582010582010581
1.2041884816753987
-4.0610450077599705
0.8223240765705073
-7.18010429201764
1.4116969173148881
-2.0028409090909123
0.4928250471082733
-1.0096639261502958
0.1602797610374505
0.9892347977887792
-0.403341976375694
1.2583164593578313
-1.1569775746321986
0.49132947976878283
-1.3948806442335249
1.356278255796989
-0.41726618705035645
-2.152868082647013
-0.1772002362669884
-0.11834319526626547
-5.213270142180101
5.6406250000000036
-2.322141695015537
2.543912780133263
-0.0886001181334942
-0.3251551877032287
0.26690391459075746
3.164744158532975
-0.24369266055046523
-2.327920678258361
0.7503310283948667
-1.5332943925233646
1.0974343763903442
-0.3080533959219631
0.07357268981753973
-0.5881488016468166
0.17748853719862917
-0.47246419607263135
-0.029669188547699964
-0.2077459563733458
0
-0.6096654275092971
-0.3590664272890451
0.36036036036035696
0.3889886295631393
-3.3979135618479814
-0.6479481641468752
-1.381987577639748
0.7085498346717052
-1.782363977485925
0.39796243234638645
2.378309814491834
-0.29425429766146677
1.1028269648959341
-1.4134275618374454
-0.3272557269752256
-2.1263289555972515
1.821086261980827
0.04706620646376972
-0.8938372275364662
0.5379746835443002
-3.572552722694355
-0.6038844458952253
-2.70935960591133
-0.08438818565400844
-1.4864864864864789
-2.177640603566537
3.5407537248028125
1.1173184357541746
0.5357441821530295
0.6494587843463743
-1.4394440767703396
0.3189524928655325
0.05020080321284379
0.3512293025589602
-0.3500000000000038
1.0035122930255895
-0.5630071203841658
0.08326394671107411
0.3993344425956701
0.9446470003314626
-1.7895255294697057
0.2674690738883164
-1.183727909303086
-0.3543107811709166
-0.11852353538774897
-1.0849296490930629
1.3881748071979474
-0.16903313049357674
0.13545546901455377
-0.35508961785593895
1.629051416935351
-0.050091835030882374
1.1359839625793442
0
0.1486620416253679
2.0122051789543205
-0.016168148746972148
0.01617076326002955
1.0347615198059785
0.44807169147064624
-1.1470447666082595
-0.27397260273973334
-2.0685197155785318
0.46204620462045454
-1.7247043363994745
0.45127862276450703
-2.44592346089851
-0.3922906361930675
-1.215753424657538
0.12133818686081566
-3.2721606648199404
1.1455163773044525
-0.9201911166165361
-0.5179496338631858
2.0646319569120286
-0.052770448548804666
-0.28159098908835317
0.9354041651958973
-2.3255813953488293
-0.9846043680630147
0.5785572229253176
-1.1324824734855212
0.38181818181818594
0.7607317514942821
-2.0852058241955618
0.6976317238846987
0.30993618960803015
0.9996364958197018
-1.2776678063703477
-0.8202697776157492
0.3308215401580508
-0.16486535995603174
0.1651376146788949
1.8867924528302014
-3.865516001438331
-0.4114456704694306
1.1830985915492873
0.037119524870090105
0.519480519480511
0.9597637504614334
0.5118829981718381
-0.10913059294287179
0.9468317552803953
-0.7395382395382437
0.7268762493185535
-2.5257081003066935
2.1654636313159443
-0.6159420289855031
0.14582573824279155
-0.43684018929741125
-0.10968921389397125
0.5124450951683873
-1.3838310269482925
-0.1292466765140409
-4.5110001848770525
-0.21297192642788437
0.562669771051606
0.3279953694771456
0.40384615384615824
0.6320628232139349
-1.4465169394746904
-0.0965623792970259
0.23197370964624892
1.080038572806176
0.07632131272657455
-0.4957102001906621
0.30657214025675855
0.09551098376313276
-0.5725190839694656
-1.1132437619961526
0.7181677018633408
-0.4432453266525255
0.2516453735965843
0.15446997489864225
-0.07711586658956833
-0.1736446073702445
0.28991109393119446
-0.4432453266525255
-2.2648083623693465
0.27728263022381344
0.1382579498321131
0.41420118343195717
0.2553525829895805
0.07836990595611953
-0.27407987470634965
0.43188064389478714
-3.1274433150899137
1.735270379338169
0.8925029750099167
0.21623746805583305
-0.37269517457827267
-0.3937783028155149
-2.5894445542597286
-5.0324675324675345
1.3247863247863223
1.2231126107127819
4.979166666666662
0.3969041476483429
4.842854319035383
0.2262443438914113
2.1068472535741027
0.20265291083272344
-2.776245633388495
-0.07564296520423171
-0.151400454201354
0.056861258529180156
1.439666603523399
-1.0084033613445336
4.848141860026397
0.6836991723641721
1.8406004288777615
-0.08773469029654325
-1.0713031260976507
-0.4615657731226539
-2.1223470661673067
0.4190962099125489
0.4899292324441901
0.3430841459010638
2.483354327874744
0.43898156277436345
-1.8531468531468571
0.48094050587816983
-3.0136500620457363
-0.21933832937306624
-0.40300421322585306
0.33106492551038336
-0.07332722273143488
0.14676206200696285
1.6303352262319064
0.5767844268204841
2.1684587813620113
4.806174355376245
-3.062761506276143
0.36256906077346496
-0.9633579907104609
0.1737015806843842
-2.2888850355470858
3.6202307009760384
0.34252440486384655
0.35842293906810424
-0.17006802721088435
0.17035775127768313
-0.5442176870748376
0.9062927496580144
-0.6778512116590408
-0.35830063129159234
-1.3356164383561566
1.3884068031933356
-1.0612803834303397
1.7820069204152171
-1.835798062213149
0.22510822510821724
-0.6392536281962564
0.36515388628065076
-1.507276507276515
-0.08795074758135445
-2.183098591549292
0.6119510439164826
-0.12522361359571477
0.8955758552749419
-0.4083081839162
-0.17825311942959002
1.6071428571428572
0.1757469244288225
0.47368421052632376
-0.4889121704208256
1.7546938059308652
-0.3276426970167231
2.041522491349473
-0.2882332994235219
-0.1360312871960667
0.6470287757534596
-1.0150566739976314
-3.384036916766376
6.120643905890682
1.1001833638939862
1.8466611706512852
0.42091630241215944
-2.095760116072868
1.0538448872056794
0.716962685351145
