-4.51882845188285
0.350569675723055
-5.152838427947604
0.36832412523020785
3.2110091743119265
-0.4444444444444444
-0.6250000000000026
-0.0898472596585753
1.1690647482014362
2.311111111111106
-0.17376194613378684
0.0870322019147035
1.7391304347826086
-1.4529914529914554
3.4692107545533393
2.8499580888516394
-2.607986960065202
0.41841004184100417
-2.000000000000005
-0.08503401360543734
1.8723404255319174
2.0050125313283136
-2.948402948402944
1.2658227848101267
0
1.6666666666666667
-1.393442622950822
-1.9118869492934307
4.576271186440683
1.70178282009724
-0.7171314741035902
1.123595505617982
-1.3492063492063515
-0.08045052292839447
0.24154589371980448
0.16064257028112677
0.8821170809943819
0.15898251192369064
-2.5396825396825418
-0.9771986970684062
0.7401315789473731
3.755102040816322
-0.7081038552320941
-0.07923930269414305
0.39651070578905634
0.9478672985782013
-2.7386541471048513
-1.8503620273531756
0
0.08196721311474944
3.4398034398034425
1.7418844022169462
-3.0350194552529226
0.16051364365971335
-1.2820512820512775
-0.9740259740259763
0.573770491803281
1.059494702526485
-1.2096774193548387
0.8979591836734647
1.375404530744339
2.4740622505985703
-2.6479750778816245
-0.23999999999999772
1.202886928628709
-0.4754358161648245
-1.194267515923567
-1.5310233682514034
0.9819967266775801
2.1069692058346794
-0.47619047619047167
0.9569377990430531
-0.07898894154817877
1.7391304347825998
-2.8749028749028662
1.6799999999999955
-1.4162077104641992
-0.7980845969672785
2.9766693483507667
-0.23437499999999778
1.018010963194986
0.6976744186046556
2.8483448806774354
0.8982035928143841
5.860534124629063
-1.8220042046250837
-1.3561741613133518
0.14471780028944795
-1.80635838150289
-2.0603384841795522
1.1269722013523666
1.0401188707280875
-0.4411764705882311
1.9202363367799071
-1.0869565217391304
0.4395604395604354
-0.5835156819839409
-8.217168011738824
6.235011990407683
0.22573363431149956
2.8528528528528616
1.8248175182481752
-1.5770609318996334
0
-0.6554989075018249
-1.7595307917888603
2.164179104477616
-0.511322132943767
1.1747430249633062
0
1.4513788098693758
2.1459227467811157
0.07002801120447781
0.06997900629810659
-1.3286713286713328
0
0.35435861091424525
0
-0.9887005649717555
-1.9971469329529123
5.604075691411928
1.240523776705728
-0.8849557522123971
-1.3736263736263736
-2.924791086350967
-1.8651362984218036
4.3128654970760065
-0.14015416958653723
2.736842105263162
0.34153005464480873
-2.8590878148400387
-1.8920812894183523
0.857142857142849
0
-3.966005665722376
-3.908554572271374
0.5372217958557088
0.07633587786259108
0.6102212051868889
-1.4404852160727866
-0.7692307692307693
1.007751937984505
-0.07674597083654852
0.0768049155146104
2.2256331542593837
0
-1.201201201201197
2.203647416413378
-0.07434944237917793
-1.4136904761904803
3.094339622641505
-1.7569546120058608
1.8628912071535024
-2.560351133869788
1.7267267267267354
0.07380073800737588
-2.286135693215335
-1.4339622641509477
2.2205206738131746
1.722846441947574
-3.240058910162007
1.2176560121765558
-1.7293233082706851
0.15302218821730457
-1.3750954927425603
0
0.61967467079784
-1.2317167051578093
2.4941543257989
-1.0646387832699662
0.6149116064565806
2.4446142093200827
-3.2811334824757687
0.231303006939099
0.6923076923076967
0.3819709702062643
0.22831050228309205
-0.7593014426727411
0.6885998469778162
2.0516717325228093
-2.084884586746099
-0.30418250950570774
1.830663615560645
-1.5730337078651644
1.0654490106544945
-1.731927710843382
0.9961685823754877
-1.289833080424899
0.9992313604919381
-0.30441400304414434
1.6030534351144994
-1.427498121713002
2.4390243902439157
0
-0.1488095238095365
-1.1922503725782374
-0.9049773755656023
0.608828006088267
-1.2859304084720036
-0.7662835249042146
2.0849420849420763
-0.9077155824508235
4.961832061068702
-1.8181818181818181
-0.44444444444444026
0.4464285714285672
-0.44444444444444026
-2.6041666666666665
1.6042780748663057
-1.7293233082706851
0.5355776587605333
-0.9893455098934637
0.3074558032282903
2.6053639846743337
-2.3898431665422084
0.7651109410864576
-0.0759301442672698
-1.9756838905775034
3.023255813953493
-1.429646350639583
0.610687022900772
-1.0622154779969692
6.901840490797546
0.07173601147775775
3.369175627240135
-1.3176144244105252
0.14054813773716698
-0.49122807017543063
-0.9873060648801167
-0.28490028490028896
0.14285714285713474
0.07132667617690638
6.34354953670704
0.4021447721179777
3.8718291054739535
0.6426735218508998
-2.362707535121321
0.06540222367560125
-4.117647058823537
1.2269938650306826
-0.6060606060606099
0.27100271002710413
0.13513513513512745
0.13495276653172542
-1.0107816711590296
-1.2933968686181114
0.1379310344827508
-1.5151515151515074
-0.6293706293706334
4.855735397607323
-3.5570469798657793
-1.4613778705636704
1.765536723163842
-1.457321304649545
-2.53521126760563
0.722543352601156
-3.2281205164992826
0
-5.633802816901415
0
8.012568735271016
0.7272727272727273
1.444043321299639
-1.0676156583629892
1.9424460431654595
-1.9760056457304045
2.087832973362135
-0.14104372355431385
1.0593220338983051
2.7253668763102765
-4.081632653061225
2.765957446808515
-2.2774327122153286
3.1073446327683656
-3.28767123287672
1.983002832861198
-0.763888888888885
-0.48985304408678587
-0.49226441631504125
1.0600706713780919
-1.1888111888111808
0.9907997169143504
-1.1212333566923578
-0.7795889440113355
1.9285714285714204
-2.733006306937616
3.1700288184437873
-0.8379888268156346
-0.49295774647886526
0.4246284501061531
0.4933051444679271
0.7012622720897616
-0.9052924791086232
-1.4054813773717496
3.9201710620099783
0.13717421124827753
1.5753424657534325
1.146325016857713
-1.1333333333333258
-0.06743088334458715
-0.7422402159244227
0.5438477226376692
-1.7579445571331942
0.1376462491397031
-1.0309278350515463
1.8055555555555516
-2.5920873124147223
0
-3.0812324929972026
0.7947976878612676
1.6487455197132699
2.186177715091674
-3.5886818495514263
2.362204724409457
0.979020979020983
-0.2770083102493114
-5.277777777777774
2.052785923753653
-2.7298850574712525
1.0339734121122641
-1.023391812865501
0.7385524372230428
0.14662756598239635
2.6354319180087806
-3.637660485021394
0.07401924500369676
0.2218934911242688
2.952029520295203
-5.519713261648738
1.4415781487101496
-1.7950635751682704
-1.2947448591013075
1.8518518518518563
2.12121212121213
-2.2255192878338277
1.6691957511380793
0
2.0149253731343197
-1.2435991221653173
0.7407407407407407
-1.2499999999999916
1.4892032762472076
-2.6412325752017773
0.07535795026376997
0.22590361445781845
0.07513148009015351
-2.8528528528528403
0
-0.6182380216383395
-3.1104199066874028
3.5313001605136485
0
1.5193798449612466
0.6719609040928493
-1.092233009708736
-0.15337423312884743
1.5668202764977117
4.204476709013916
-4.368650217706828
-2.0336925178327565
2.587141750580948
-1.676230745998187
1.5972968821993645
-1.4361300075585832
1.334355828220844
-0.07567731194187553
-2.756740381702504
0.04672897196261859
-1.4479215319944057
1.2164296998420159
-1.1549867332604884
-1.942207484604448
1.400966183574875
-1.9374305224710162
1.1983805668016227
-3.5045607297167622
2.6202321724709874
-0.3232062055591513
1.6536964980544797
0.2711323763955257
-0.6203276602513131
0.032010243277853914
-0.7840000000000031
-0.016126431220767637
-1.5967741935483903
-1.6554663169972104
-3.500000000000002
1.9516407599309198
3.7777401321361967
3.9830231798890057
-3.139717425431711
1.9448946515397012
-1.7647058823529402
-1.2785240330150496
3.131147540983601
-2.1618184708313457
3.5418359057676683
-1.1454573983994931
2.523809523809529
-1.687567734943495
0.5984251968503977
0.4539762053850957
1.0752688172042975
-0.09250693802035503
2.7623456790123555
1.3665715572908794
-1.9703703703703679
-0.2569140093698076
-0.15151515151514292
-1.289833080424899
6.702536510376633
-0.9076501944964638
2.1663274207618417
2.817703145012102
-4.373702422145324
-0.13026487190621422
0.5942028985507197
4.43740095087163
-2.096840943578419
0.2818092151613398
-1.9811718420682825
0.7454128440366915
-1.5651678998292462
1.1564035848511087
3.543869677050571
1.8492961634005016
-2.6964769647696407
1.9913661049992935
-1.1742217367558705
-0.7736943907156705
1.754385964912288
0.6020799124247369
1.1833514689880367
0.6855760182820341
-0.4806408544726294
0.9390931043734754
0.5715045188729491
0.3700277520814076
-1.8959842001316625
-0.6844718829687358
0.9054054054054077
-0.897281371367352
2.0945945945945907
-0.06618133686300087
0.768211920529799
-1.8007360672975876
0.6424842725204176
0.23939353637452696
2.5739684224492474
-2.341223645065324
1.7218543046357577
-0.911458333333337
2.102496714848894
0.06435006435006069
5.131832797427646
0.3303156349400664
3.109376905255453
0.22469252601702663
-2.0412979351032496
-1.2768007708985813
3.2088823816495973
-1.0403120936280998
2.9148249910405113
0.39466047591409076
-1.202451150422005
-1.5096547688706918
-0.8673954372623452
0.20376363418433116
-1.232057416267944
