0.9029345372460625
0
-8.94854586129754
1.9656019656019585
6.265060240963858
0
0.22675736961451567
0
3.61990950226243
3.0567685589519775
-0.635593220338992
1.9189765458422146
-4.602510460251037
0
4.166666666666663
-0.42105263157895334
2.959830866807623
1.4373716632443443
-2.2267206477732824
1.2422360248447235
-0.2044989775051154
1.844262295081979
0.20120724346075314
1.2048192771084367
-3.769841269841267
0.2061855670103122
-2.05761316872428
0.21008403361344835
3.983228511530395
1.2096774193548416
-0.7968127490039953
0.40160642570281696
-0.20000000000000284
0
-1.0020040080160322
2.0242914979757085
-1.3888888888888804
-0.6036217303823023
-2.6315789473684155
2.494802494802486
-2.8397565922920864
1.4613778705636804
1.440329218106987
0.8113590263691799
0.8048289738430554
0.998003992015968
-0.5928853754940796
0.7952286282306277
-1.3806706114398477
-0.4000000000000057
5.020080321285141
3.250478011472281
-2.59259259259259
-0.570342205323202
-0.7648183556405327
-1.5414258188824608
9.001956947162428
1.4362657091561888
-1.4159292035398179
0
-1.974865350089769
1.8315018315018314
3.0575539568345245
-0.5235602094240789
1.2280701754386014
-0.6932409012131814
-0.6980802792321092
1.0544815465729376
8.173913043478265
0.32154340836012174
-1.7628205128205152
3.4257748776508996
-1.419558359621449
-0.8
-3.225806451612903
0.3333333333333381
-4.318936877076414
0.694444444444442
-0.51724137931034
0
2.2530329289428024
2.0338983050847506
-3.9867109634551587
0
-0.3460207612456674
0.17361111111111358
2.2530329289428024
-1.3559322033898258
-0.8591065292096219
-1.5597920277296458
4.049295774647895
1.522842639593906
4.500000000000004
0
-0.47846889952153787
1.44230769230769
-1.105845181674559
-3.8338658146964835
8.139534883720916
-0.4608294930875533
2.6234567901234613
0.3007518796992524
0.44977511244377383
1.9402985074626824
-3.2210834553440746
-1.210287443267772
2.2970903522205206
1.9461077844311336
-3.0837004405286264
0.45454545454545026
-1.3574660633484035
0.9174311926605417
-2.12121212121213
2.1671826625387087
-1.9696969696969653
0
0.7727975270479134
-0.15337423312884743
0.9216589861751284
-2.130898021308989
9.331259720062208
2.275960170697025
-4.311543810848412
0.2906976744186088
-3.6231884057971016
-1.3533834586466251
0
0.15243902439025692
-1.2176560121765558
-0.7704160246533127
1.0869565217391126
0
-0.9216589861751066
-1.2403100775193754
-2.1978021978022064
-0.4815409309791287
-5.806451612903228
2.2260273972602813
-1.5075376884422205
-1.3605442176870701
3.9655172413793056
0.16583747927031744
-0.6622516556291367
-1.4999999999999976
4.230118443316413
-1.2987012987013056
0.16447368421052866
0.32840722495895375
1.8003273322422282
-0.6430868167202664
4.8543689320388355
-1.2345679012345636
8.906250000000004
-0.28694404591105144
-0.14388489208632277
-1.0086455331412143
-1.0189228529839924
-0.7352941176470589
1.4814814814814814
0
1.7518248175182523
0.7173601147776183
-1.9943019943020024
-2.1802325581395348
5.349182763744441
0.8462623413258029
0
0.6993006993006993
-3.888888888888885
-0.2890173410404665
5.6521739130434865
2.1947873799725572
-1.4765100671140863
7.220708446866482
-1.2706480304955527
1.0296010296010258
1.656050955414009
0.877192982456144
1.614906832298133
0.24449877750611596
-2.3170731707317143
-0.12484394506865708
4.7499999999999964
-0.11933174224342998
-0.35842293906809697
-0.47961630695444324
-3.493975903614465
-0.6242197253433209
3.517587939698507
1.3349514563106726
-3.1137724550898134
1.9777503090234787
0.48484848484849175
-1.0856453558504289
0
-2.0731707317073207
2.8642590286425866
2.784503631961273
-3.29799764428741
0
-7.795371498172949
2.774108322324959
3.727506426735226
1.3630731102849991
-1.1002444987774957
-0.6180469715698392
-1.36815920398011
-0.8827238335435093
2.544529262086514
-2.3573200992555727
-0.1270648030495661
0
-1.1450381679389205
0.25740025740026107
0.7702182284980671
-0.1273885350318399
0.255102040816312
-0.508905852417292
1.1508951406649508
0.3792667509481813
-2.1410579345088196
0.38610038610038244
-1.9230769230769231
-0.3921568627450943
0.6561679790026247
-0.26075619295958646
-0.6535947712418301
-1.0526315789473646
0.5319148936170099
0.13227513227514356
0.6605019815059445
1.3123359580052494
-0.7772020725388711
-0.2610966057441105
-2.8795811518324643
0.13477088948786295
1.4804845222072793
-0.26525198938992417
-3.8563829787234116
-0.8298755186721913
2.928870292887021
1.0840108401083972
-2.0107238605898123
-1.3679890560875514
2.219140083217765
2.3066485753052954
-4.24403183023873
0.41551246537395725
-0.2758620689655212
-1.6597510373444024
9.423347398030947
1.156812339331627
1.9059720457433291
0.8728179551122229
-8.52904820766379
1.0810810810810771
-2.6737967914438503
2.609890109890118
-4.41767068273092
0
2.2408963585434094
2.73972602739726
-1.8666666666666742
0.951086956521743
8.748317631224765
3.960396039603964
-1.1904761904761905
1.927710843373487
-2.2458628841607466
1.2091898428053205
1.6726403823177913
-0.9400705052878933
0
-0.4744958481613185
-2.2646007151370746
-0.1219512195121882
2.3199023199023094
0.11933174224344693
0.9535160905840252
0.23612750885478492
2.002355712603049
0.6928406466512801
-1.8348623853211106
0
-0.5841121495327103
0.8225616921269129
0.6993006993007093
1.5046296296296262
1.8244013683010196
0
-2.5755879059350475
0.11494252873562565
-2.411021814006882
1.4117647058823564
-1.5081206496519688
-0.35335689045937735
0.4728132387706923
-0.35294117647058487
4.486422668240847
-0.5649717514124294
-0.11363636363635718
-1.251422070534708
1.6129032258064582
0
-2.4943310657596403
0
-0.9302325581395315
-0.3521126760563347
3.2979976442873933
1.4823261117445805
0.8988764044943788
-0.5567928730512249
-2.0156774916013407
-2.057142857142854
5.367561260210028
1.4396456256921342
-2.183406113537118
3.348214285714286
-4.427645788336927
0
-2.2598870056497176
-0.34682080924855163
-1.8561484918793603
0.4728132387706923
-1.0588235294117714
0.23781212841855273
-3.440094899169622
0.7371007371007301
-3.658536585365854
-1.0126582278480976
0.7672634271099671
0.1269035532995032
1.5209125475285026
0.49937578027466384
-1.9875776397515457
-0.8871989860583052
0.5115089514066387
-0.508905852417292
-1.4066496163682973
0.9079118028534409
-2.1850899742930627
-4.204993429697751
3.429355281207133
0.26525198938990535
-1.1904761904761794
0.93708165997323
-0.663129973474801
-0.26702269692924274
-2.677376171352075
-0.13755158184320293
2.3415977961432546
-0.9152086137281193
1.9831567508829036
-1.1720831113478896
1.6172506738544512
-0.26525198938992417
4.468085106382977
-0.5600814663951091
2.944188428059392
-0.5471275802039265
0.1250312578144465
-1.848151848151853
1.3486005089058555
-0.8285212151644447
-1.291139240506324
-1.2567324955116748
-2.805194805194801
-0.8551576696953508
0.08086253369272543
-1.6698087799623067
2.1090112298000636
2.736051502145912
-3.8120104438642137
0.352877307274689
1.271301054909383
-1.976495726495713
0.7901907356948205
0.10813733441470437
-0.16203078584931752
0.10819583446037097
-0.6214536611726477
-0.7612833061446469
0.575342465753427
0.7354944156905366
-2.514872904272579
0.13869625520112142
-1.0249307479224503
-0.5037783375314854
-1.8565400843881763
0.257953568357685
8.033161806746719
0.7144747287642317
-1.786652653704676
2.461209202782222
1.2793733681462194
0.18045888115493758
-0.5918682449819785
0.1812063163344558
-0.20671834625324392
0.10357327809424949
-1.2674599068804835
-2.1482839926643966
2.248995983935733
-0.9950248756218787
8.780745834435335
0.8995866763919218
-2.1445783132530134
-2.4870721497168136
2.14646464646465
0.9641532756489507
1.7874632713026366
0.07216742843396953
2.5480769230769114
0.09376465072669071
-0.562060889929747
-1.2953367875647768
0.1193032689095783
-1.882745471877977
2.4532426524168036
-0.42674253200568923
2.1190476190476204
-1.305665656330152
1.0394519253484642
0
1.4496142155716563
1.4058538833832668
-1.8636363636363642
0.04631773969431016
1.0416666666666567
0.3207331042382602
1.6670472710664626
-1.1680143755615524
-1.3409090909090986
0.7832296705828229
-1.8057142857142838
0.209497206703902
-1.3704994192798985
-0.4474799811587323
6.7423704755145355
0.7313829787234163
-0.24202420242024075
-1.1689457432730506
2.2539611693818298
-1.7896115233522485
0.35555555555554796
-1.1293179805137246
2.9787234042553155
1.761635493692915
-1.7952553964522255
-0.9793253536452727
-0.10989010989010364
-0.8800880088008926
3.2186459489456225
-2.3655913978494656
-2.6211453744493345
0.022619316896625222
0.33921302578018675
0.02253775073248843
-2.523659305993701
-1.2944983818770115
0.9836065573770365
-0.8348794063079764
0.07015902712815981
0
-0.1402196774947471
0.6552773227240841
0.3720065101139356
0.2084781097984626
-0.9708737864077546
