-6.141963957337258
-0.3396029258098253
0.5111402359108751
2.0732820445951203
-4.662749105774145
2.4788958863727726
1.8959205020920504
0
-1.026562299499551
3.5135485543886977
-1.3527054108216376
0.025393600812586563
1.3328255902513328
2.054365526744343
-3.694611513440533
-1.7843487127198572
3.5556709057876947
0.2506265664160401
0.29999999999999716
1.6824526420737786
-3.6646647873513882
1.7811704834605597
-0.7750000000000057
0.277147896195521
0.6030150753768787
1.560939060939061
-1.4139923767367515
1.4966325767024196
-2.8999754239370743
1.8982536066818525
0.981122702434175
0
-0.4796458000245944
-3.4478497281265557
7.653910149750426
0.9392462251813075
-5.971731448763256
3.7454591005887625
-1.94397488529341
2.918359807905422
-2.8236420196219085
2.6840679635557687
-2.9616306954436507
-3.6204127023353463
1.782051282051279
1.0202796321954934
-1.2094763092269383
-0.7572889057175313
1.5897240239094494
-0.01251877816723949
-3.330411919368977
0.19427535293355783
2.5723888314374324
2.684310018903586
-1.3377515954835515
0.02487871625824673
-0.8332296977987869
-0.13794833207926044
0.8539495165138853
1.6062756817332806
-1.3848039215686219
-0.5840685969926737
2.262500000000003
-3.190319031903193
2.285353535353538
-1.7281817059622269
2.4996859690993563
-0.9313725490196106
2.4121721919841663
-2.6452470105085126
2.183622828784122
1.639145216124332
-3.583801218492414
3.816131830008667
-3.508771929824559
3.351886209029069
3.0756342747726104
1.0101010101010155
18.79310344827586
12.23996129656507
-0.6637931034482798
2.230321964766124
17.071307300509332
7.316365745776238
2.5
7.448912326961107
2.3742331288343586
9.546353448792471
0.4102844638949672
4.995913919912832
-1.6915732669157397
-6.893275625461834
-4.9659863945578175
-4.557384872345508
-0.4625000000000057
-1.387667964335044
-3.6612543775867556
-4.692663582286848
-0.3190013869625457
-1.0713788785306866
6.132208157524616
0.8481314603763553
4.113009198423121
2.3602170894863117
-7.18249075215783
-1.6937894387246761
-3.21621621621621
0.5305780508237858
0.7361111111111048
0.006893699158978108
-1.1442751775005264
0
-1.4503870023010916
1.6061699568386079
-3.7743732590529278
0
4.99348675640469
4.052936311000824
-5.677000529941695
0
-1.5871901116651546
3.104260329693856
-4.692691029900329
0
-3.4277414669571566
2.000300797112358
0.11795930404009945
2.7982326951399115
-3.7106017191977045
1.1754203243564911
-4.2941176470588305
1.2599877074370076
0.417298937784522
1.9871552701171102
-1.9336197955252563
-1.6015713530256135
6.7024952015355055
4.993524248093258
0
4.995888157894727
0
4.999673650545013
-5.103499720271035
0.09170706144373714
-1.2107329842931938
1.8747929778072179
-2.8027051632201787
2.080685087308484
0.9175514484205007
0.019483049746717402
0.16882020648010757
0.47319634407207845
-2.199999999999994
2.249488752556231
-3.696774193548384
1.0115897367186915
-1.8835389308926824
0.04731647965390145
-2.540368893993643
0.09012131715770916
-1.1220390635822168
2.927991033903067
-4.328297264189474
-0.41257646891449384
-1.414285714285711
0.014490653528477428
1.159084323384526
0.9739329704955534
0.6524822695035494
0.04227733934610407
-1.2184814762642595
-0.884135472370773
-0.9136033378893474
-0.4646435312908444
2.3486506199854156
1.061858608893947
-2.291798885833157
1.0969976905311811
-1.1636207881210705
1.9068255687974063
-3.4162591253809653
2.568430322154546
-1.4953137296987973
-1.9320162696106848
1.8589838542438089
0.05816912673598157
0.9156311314584795
-0.8929214373154815
-0.7701809198575826
3.243757779893092
-0.7730496453900774
0
-1.8226002430133659
0.4659289458357667
-1.5434782608695619
0.3827187752999224
0.11731065327369374
0.32954961552544854
-0.43795620437956206
0.007331378299113567
-2.125943845759109
0.07490075649764064
-1.1750617468752202
0.037867312935474094
-0.04542357483534987
0.007574036203903387
4.089669797031203
0
-0.6475552968568168
2.2189674112046838
-1.311076085399051
-1.1252268602540836
2.0851688693098454
-0.7407940161104848
-0.07970436924859858
0.7976794778825236
-1.215827338129503
1.616779549923534
-3.2179459614419743
-0.7701421800947934
3.388059701492544
-1.104374187960169
2.693234070505809
0.07107320540156362
1.0227272727272791
0.140607424071991
0.8565009828699676
0.09745231797299812
0.027816411682899233
-0.4449388209121309
0.8729050279329609
0
-0.6368985808238176
1.99958196892636
-6.420765027322404
0.16058394160584274
-1.8947675265996209
0.4308423711187011
-2.9807692307692273
-0.8919722497522333
2.984615384615381
-1.8449357633701857
1.5980518986378511
-0.23219234514267914
3.4534534534534536
1.5674891146589194
-1.9862817947985107
-2.150459250619624
2.8831110780004505
-1.4699493120926832
1.0141838759462007
0.4365223717715533
0.13763129300978566
-0.16637731481482795
-2.934569958698645
-0.9405792773962309
-4.091936699321775
0.8878761687750416
-4.60280373831775
0
4.359539554249315
-0.03911444887741532
4.398184379402101
-1.0494752623688155
2.704545454545458
0
-1.8514420594526912
-0.03757703291748084
-0.12029170739041495
1.6033120060218258
-2.6003852422581057
3.004487715828706
-0.8270565647614861
-0.9605361131794558
-0.8495601834448504
0.09857446163178303
-1.1287023710324873
3.271529267545207
-3.9765561243415783
2.4492003399521014
-0.7088989441930686
0.10633449794927016
-2.314112291350531
0.038834951456310676
-0.5590062111801277
-0.062460961898809696
-0.0859374999999929
-0.07037297677692476
0.9780907668231612
1.4180550174350992
-2.3380195599021936
1.861993428258485
-2.4500768049155215
2.0234627194709116
-0.6559654267633894
0
-2.9286102695564398
2.336747759282974
-1.6969033468877108
0.07954816641476414
-1.9553294650663628
-0.37292257802998857
0.6754007649117059
0.881021661816995
-1.8347888790962155
-1.1426705843943845
-0.0660501981505907
-0.8261731658955717
0.4748417194268425
0.3316474587513473
11.643665812742757
2.005921539600289
-3.279878093026618
-2.445794883337095
0.3153118511112925
-0.5366452008586323
4.077385540311381
0
-2.94749314967044
-0.9462037390309112
-0.8859101764116787
0.007772423441639704
-1.5776793347322573
1.7293114339860916
-0.6520220445548291
-0.7734979295257512
0.05511811023622405
1.0860155819626942
-1.44024912417283
1.5797788309636651
-2.729393468118189
-0.07194819729795275
-0.8960000000000037
-1.8404907975460087
1.0444078947368458
-0.7406201676568842
6.305346015086922
2.5838796760509064
-3.0300751879699215
-1.5274870124835267
1.0708661417322762
-0.4362729822374501
-0.11737089201877934
-1.0889150019584874
2.019642008553778
-1.3974070336154025
0.18108810329896718
1.4696636277899888
-3.7874680504995637
-0.7969731122202617
1.7933944656333796
2.814094387755098
-2.5975032953400015
-0.49355198216844814
-3.1279999999999926
2.5518209596168027
-0.7891770011273921
-0.03246753246753985
0.15427086716467125
-1.0863396838265174
1.1720350790918928
-0.25923525599481895
2.9970760233918017
0.7806955287437971
-3.341158059467922
-0.4209503764267826
0.6340947890415561
-1.4217626625737245
1.9011718429894326
-1.3992762364294404
1.3620422477775098
-1.3437399420663056
-0.1304950656553225
0.7839934667211033
0.04051535531966616
1.9601490361250646
-0.33365109628217715
-0.9963334927466923
0.6279687625795172
-1.6481318505480547
0.5612950459611235
-0.06471444750040078
-0.2994981382548199
-0.6170333685150715
-2.450780165019198
0
-1.4822879155849442
-1.224073444406672
-0.8950086058519872
2.4661340743313733
-4.906779661016957
2.4864094109259507
1.6869565217391382
0
2.8305113733538487
2.1871101871101835
2.05891927083333
1.1083645642293352
-2.736593059936912
-2.700072974945265
1.2999999999999925
1.8427114182296884
-1.4539579967689822
1.377049180327865
-0.01617076326002955
-1.7305515122108899
1.4894667544437055
-1.0784075245276863
-0.7459016393442548
-0.5698240977785193
0.6810631229235918
-0.1814882032667914
0.2892561983471074
-0.08240626287597858
0.7010309278350515
-0.6879606879606954
1.3194788058716809
-0.04883607357967679
-0.6514657980456026
0.16393442622950818
-1.2356792144026112
0.008285690612305
0.38111019055508777
-0.13205678441729193
0.47933884297520285
-0.789603553215982
0.6715304261316456
1.2929259655768794
-1.5691056910569068
0.7351119187246934
-0.5329616267628731
0
-0.5440606710081535
0.04144218814753419
-0.19884009942005723
0.7803420222480567
-0.04942339373969597
0.692269655513422
-1.7760680962514361
0.32497291892343066
-0.058139534883724704
-0.24100390592536056
-0.09996667777407908
0.0667111407605032
-0.7583333333333258
0.5961877571584439
-0.5091819699499089
-0.15940934642168728
0.5294117647058786
0.27585053916241364
-0.9003001000333407
0.10094212651413573
-0.42016806722689076
-1.9409282700421941
1.4371772805507785
-0.31390514974124417
0.8340425531914855
-0.23632680621201507
-1.082910321488998
-0.9579199452617213
2.9447322970638954
0.6626960825434185
-1.7666666666666704
-0.39871055310485626
1.5671578230133798
1.0817610062893157
-0.33184005309440845
1.5481937739304068
-0.049180327868845006
0.8610792192881744
-4.122286364745104
1.212686567164175
-0.5613741097612104
0.18537243006404158
0.563498738435664
