-1.3178294573643432
1.3354281225451712
-1.8604651162790742
1.5007898894154863
11.128404669260709
0.07002801120447781
0.7697690692792122
-0.3472222222222222
-6.2717770034843205
3.494423791821553
-1.6522988505747005
1.7531044558071627
-4.307250538406317
2.02550637659414
1.7647058823529453
0
-2.745664739884401
1.0401188707280875
-1.5441176470588194
2.165795369678869
-2.997076023391829
-0.1507159005274971
-2.1132075471698197
0.5397070161912236
2.684049079754601
1.0455563853622147
-1.7738359201773877
-2.0316027088036246
1.305683563748093
-3.3358605003790793
1.2549019607843093
0.46475600309836895
-0.6168080185042275
-0.15515903801397754
-2.097902097902089
1.5873015873015872
-2.109375000000002
-1.0375099760574598
0
0.24193548387096545
-4.505229283990341
1.8534119629317631
-9.181141439205962
2.003642987249547
-3.5714285714285716
1.5740740740740766
0
-1.4585232452142283
-1.6651248843663249
2.069614299153342
-0.4608294930875576
-0.46296296296296297
-2.3255813953488373
0.7619047619047592
-5.4820415879016995
2.5
-8.292682926829269
2.127659574468085
-3.125
2.0430107526881782
-5.057955742887262
1.109877913429523
-3.7321624588364344
1.8244013683010196
14.557670772676373
-0.2932551319648066
-1.1764705882352968
-2.777777777777775
-0.40816326530612823
6.557377049180334
-5.480769230769233
4.78128179043744
-7.669902912621365
-0.9463722397476252
-2.2292993630573337
1.0857763300760044
-0.32223415682061995
0.4310344827586268
-0.8583690987124433
0.32467532467532156
-1.1866235167206132
0.6550218340611447
8.568329718004328
2.7972027972028086
16.42371234207968
3.505843071786313
15.88709677419354
4.523312456506611
-10.719041278295604
0.6711409395973197
0.22222222222223065
0.5173688100517284
-3.3823529411764666
-1.8264840182648445
1.472868217054268
0.45836516424751284
-4.790874524714827
-4.313099041533551
14.941569282136888
3.9215686274509847
-4.1928721174004195
-1.3858497447118934
-0.29585798816566367
-0.8902077151335437
2.020958083832348
-1.3206162876008887
1.710037174721198
2.1929824561403506
-1.5021459227467973
0.14524328249819685
0
4.2059463379260205
2.2268615170494206
3.4717494894486003
5.855263157894741
0.6836544437538808
9.197530864197534
2.656868287167885
-5.616740088105721
-4.200700116686124
2.192448233861159
-1.0131108462455405
2.3479831426851328
-1.0588235294117714
-3.269916765755054
-3.687768899815612
8.679004467134668
1.8203170874926566
-3.114186851211076
3.2142857142857175
-5.074971164936569
4.3134872417982955
-3.7856726849155504
1.6949152542372952
-5.654761904761905
-1.5772870662460567
-3.4615384615384652
2.9880478087649402
-6.1250805931657
1.5109890109890227
1.556156968876849
3.797468354430391
-1.6688061617458425
-0.13054830287205524
0.3921568627450943
2.799479166666674
-6.6497783407219755
2.3066485753052954
-2.453580901856775
0
4.962610469068669
2.8497409326424905
2.0780856423173693
0
5.737199259716232
3.3838973162193597
-6.715575620767482
-2.359346642468243
2.1065675340768313
-0.6674757281553536
1.8937080024435082
6.35491606714628
-9.188275084554684
-2.358783364369946
0.6993006993006956
-1.8308080808080844
0.3858520900321507
-0.06406149903907388
-1.2179487179487216
-0.9085009733939038
5.959397511460395
1.3597033374536394
-3.41463414634146
-0.3787878787878752
0.6337135614702154
-0.9445843828715365
2.2886204704386484
0
-1.6780609073959085
-1.6434892541087196
-0.3213367609254499
-0.06447453255963528
1.806451612903233
0.7604562737642513
1.8867924528301887
-0.1851851851851922
-0.927643784786642
0.37453183520600675
-2.1766169154228856
1.1443102352193153
-3.2055311125078534
-1.2337662337662374
2.761341222879696
-0.19193857965451783
-0.12820512820512092
0.19255455712450764
-3.9718129404227986
1.2675116744496369
1.449275362318833
4.15584415584416
-2.680798004987538
-0.19218449711722163
-2.310654685494238
0
2.956636005256242
0.8296107211231726
-1.2658227848101267
0.769230769230762
-1.3994910941475756
0.1290322580645088
-1.0953608247422608
2.671009771986967
-3.616751269035526
1.382488479262669
-3.0519480519480444
-0.20093770931012148
-1.879194630872491
0.7523939808481688
0.5431093007467637
0
4.591492234976375
4.519044544867656
4.8177887584928865
0.530347672362997
9.378663540445487
3.9657020364415896
-0.670103092783511
2.2314478463933636
-4.568527918781726
0.26595744680851063
-0.7957559681697612
-3.315508021390368
1.4380530973451295
-0.4907306434024022
5.424657534246578
1.871101871101868
-1.98979591836735
-0.10411244143674578
-3.33507034914018
0
2.587601078167122
-0.21019442984761202
-2.52764612954187
1.5126958400864459
-0.8515167642362929
0.6441223832528119
-3.0933333333333395
0
-1.3208585580627283
1.6174010039040585
-1.9209659714599343
2.406267487409072
-1.8032786885245964
0.16694490818030683
-5.1111111111111045
0
-4.976580796252927
-4.990757855822564
0
-4.993514915693897
10.307167235494877
0
2.042079207920799
4.244996967859309
-1.6870273414776065
-1.4792899408284024
-3.3033033033033035
1.2422360248447204
-0.5521472392638072
1.1104256631708893
0.9151921903599756
0.12091898428052517
0.6038647342995169
0.4801920768307391
-1.7921146953405018
-0.18248175182482443
-0.8531383302864142
-0.4302397049784811
0
0.4938271604938342
-0.3071253071253071
-0.6777572396796196
2.419354838709681
0.3634161114476041
-1.3277006638503253
-0.3058103975535168
0
-0.1226993865030605
0.5528255528255388
-0.9163103237629812
0.5548705302096213
-0.7970570202329754
-0.061804697156997976
-0.7421150278293066
-0.062305295950152224
0.9351620947630922
-4.879555281037681
3.896103896103896
-0.9375
-0.4416403785488887
-2.0278833967047003
-3.8809831824062098
5.720053835800808
1.5276893698281386
-2.4451410658307244
-1.6066838046272494
-2.0248203788373575
-5
10.38596491228071
-3.941513032422134
4.169424222369299
0.3811944091486622
-1.5822784810126582
-2.8938906752411575
2.5827814569536462
0
-1.3557133634602931
0.6544502617801047
2.8608582574772283
0
-0.06321112515802423
1.0120177103099268
4.696305572949281
4.545454545454559
-1.0297482837528669
-0.5780346820809249
-9.244186046511631
-4.5483664317745
2.2818791946308763
0.39370078740157105
0.5228758169934715
-2.2106631989596917
4.72074468085106
1.4603174603174676
-1.689612015018784
0.3819223424570301
-1.0145846544070987
0.06406149903907388
-0.896286811779755
0.9043927648578663
-1.5364916773367334
0.520156046814033
-0.3234152652005175
-2.2712524334847504
3.3200531208499338
-0.7712082262210724
-1.5544041450777237
0.13157894736841358
0.8541392904073662
0.9771986970684039
-2.064516129032251
0.4611330698287145
-2.0590163934426142
1.0980182110337346
0.9801324503311191
-2.675760755508909
3.2210242587601083
-3.1205118161639906
-2.2506738544474416
0.30332276299462135
0.41237113402061465
-0.3422313483915127
2.2664835164835244
-2.4177300201477463
2.7942188575361335
0.22763792179966186
-4.42217768871074
-8.442829186469117
8.396946564885496
1.1267605633802777
-1.2952646239554215
2.9349513193170567
6.854009595613434
0.2565747273893558
-2.3544465770953336
1.8215174944306127
-4.697554697554705
0.2025658338960239
-0.26954177897574505
0.13513513513512745
-0.7422402159244227
-2.3385452073419426
6.57107058332173
-0.5225342913128563
-2.1667760998030277
-0.6711409395973155
-3.1891891891891886
2.177554438860975
-1.0245901639344261
-0.1380262249827585
-1.534208707671043
-2.3020774845592373
0.8477011494252923
0.7693403618749199
1.795560582496813
0.13888888888888098
1.7198335644937714
-1.895282247068449
1.3481584433634453
0.45255074053757305
-0.3412969283276451
0.7534246575342427
-2.012236573759353
0.5966421534619215
-1.2275862068965524
-0.08378718056137728
0.7686932215234062
0
-0.873786407766984
-0.09794319294808057
-4.341736694677882
-0.7320644216691069
-3.5398230088495453
-1.3761467889908343
3.844961240310084
1.5228426395939025
-2.8676470588235334
0.757002271006813
-2.930127723516158
0.7739938080495357
-0.9831029185867906
1.070431275209451
0.3990790483499476
-1.849870050450992
0.6386292834890912
0.29407212505803704
-2.0833333333333246
-2.2695035460992985
4.112239961296572
-0.09293680297398121
0.6666666666666773
0.10780840905589584
0.40000000000000785
2.6662580447440924
-2.343283582089542
-4.921289928167515
3.472110593152232
0.978716793537355
-1.3846153846153935
0.23400936037442385
1.3229571984435708
-0.3072196620583543
-0.8320493066255874
-2.113113735239278
0.6825396825396821
0.03153082137790182
1.1820330969267139
7.320872274143306
-4.905660377358505
-0.10683760683759644
-1.3598166539343017
0.3717472118959028
2.6543209876543195
-3.7883343355381784
5.703125000000009
-1.6999260901700008
5.233082706766924
0.6716204629894239
-2.696948190205828
-0.14587892049598003
1.1541271000730344
0.375505488157142
-1.1942446043165442
3.028979175768164
-2.4593639575971658
-0.4492102593827014
0.23289665211062094
-1.2489108335753696
0.4117647058823546
