-0.5336179295624333
0.10729613733904969
-3.536977491961412
1.4444444444444413
3.943044906900338
-0.5268703898840885
-2.0127118644067856
0.9729729729729791
-0.42826552462527373
1.075268817204301
0.7446808510638329
1.4783526927138242
0.31217481789803475
0.6224066390041434
-0.7216494845360854
-0.8307372793354072
2.094240837696335
-0.5128205128205128
-3.0927835051546393
-0.851063829787231
-0.7510729613733936
0.32432432432432123
-1.2931034482758652
0.9825327510917093
-0.21621621621621928
0.10834236186349787
-0.5411255411255411
1.196953210010875
1.6129032258064515
1.0582010582010581
1.3612565445026148
1.1363636363636451
-2.553626149131767
0
1.572327044025157
0.20639834881319774
-1.5447991761071063
0.41841004184101016
-1.5625
1.5873015873015872
-2.7083333333333273
0.21413276231262166
-1.9230769230769202
-0.10893246187363216
-0.5452562704471101
1.7543859649122744
-1.831896551724141
0.32930845225028693
2.735229759299781
1.9169329073482397
0.10449320794147786
-0.8350730688935253
-2.1052631578947367
-0.10752688172042399
2.1528525296017222
0.10537407797681171
1.1578947368420993
-1.4568158168574314
0.3167898627243898
0.9473684210526375
-1.5641293013555786
0.10593220338982448
0
0.8465608465608435
-0.10493179433367715
0.7352941176470618
-2.8154327424400445
1.0729613733905579
-1.1677282377919411
1.0741138560687433
0
-1.5940488841657812
0
0.431965442764585
-3.01075268817204
0.6651884700665125
-0.330396475770922
-0.3314917127071792
0.2217294900221761
0.9955752212389286
-0.547645125958379
0.7709251101321617
-0.7650273224043747
0.6607929515418597
1.422319474835883
0.431499460625665
13.748657357679926
-1.605288007554299
-4.510556621881
-1.5075376884422111
2.7551020408163294
0.6951340615690197
0.9861932938856015
0.5859374999999944
1.2621359223300943
-2.0134228187919407
-0.4892367906066536
0.1966568338249782
-1.5701668302257197
1.3958125623130666
0.7866273352998988
0
0.4878048780487805
0.38834951456311234
0
0.3868471953578254
0.2890173410404597
0
0
-0.6724303554274627
5.029013539651826
0.46040515653775327
-2.841429880843258
0.4716981132075472
-1.314553990610334
-0.6660323501427104
0.2873563218390777
0.7640878701050593
-1.2322274881516562
-0.2879078694817631
3.7536092396535046
1.576994434137294
9.406392694063925
0.9181969949916599
-5.459057071960305
-0.8748906386701663
7.325684024713149
1.9736842105263206
-2.0967741935483826
-0.4942339373970416
-1.9867549668874103
-3.5472972972972996
2.5394045534150536
1.1955593509820714
-5.485232067510548
-2.946428571428569
-4.783808647654096
3.478260869565212
-2.5210084033613342
-1.1494252873563244
3.0038759689922423
1.8814675446848543
3.3240997229916975
1.6085790884718472
-0.3518029903254228
0.6178287731685815
-4.561403508771932
1.3786764705882353
-0.1813236627379899
0.09082652134424027
2.6315789473684132
-1.59151193633952
2.875112309074576
-2.9694323144104855
4.590459045904598
0
-0.6024096385542193
0.34632034632035125
-0.17256255392580055
-0.6050129645635288
-0.7826086956521788
2.103418054338305
-1.8884120171673844
-1.9247594050743682
-0.6244424620874118
0.8078994614003514
-2.0480854853072104
-0.09090909090908574
-0.4549590536851683
-0.36563071297989547
0.45871559633027525
-0.18264840182648662
-0.640439158279966
1.012891344383065
1.2762078395624352
-0.0900090009000849
-1.4414414414414363
-0.5484460694698432
1.0110294117647138
-0.3639672429481398
1.2785388127853934
0.7213706041478783
1.2533572068039314
0.6189213085764835
1.4059753954305876
0.953206239168106
-0.8583690987124464
-1.212121212121217
1.6652059596844924
0.34482758620690146
-0.42955326460481097
-0.25884383088870694
-0.08650519031141377
0
-0.6926406926406902
-0.610287707061903
-2.28070175438596
1.9748653500897564
-1.9366197183098492
0.7181328545780944
-0.3565062388591851
-0.7155635062611782
2.612612612612618
-0.17559262510974788
0.8795074758135444
-0.17436791630340265
-0.17467248908297192
0.7874015748031546
-3.038194444444444
-0.7162041181736769
-0.3606853020739456
0
-0.6334841628959301
0.18214936247723393
-0.45454545454545453
0.18264840182648662
-1.1850501367365516
1.1070110701106906
-1.0036496350364912
0.9216589861751152
0
0.36529680365297323
0.18198362147405697
-0.9082652134423252
5.866177818515129
1.64502164502165
-3.15161839863714
0
0.7915567282321825
-0.5235602094240789
0.2631578947368396
0.26246719160104737
0.17452006980803042
0.17421602787456694
-0.7826086956521788
-0.8764241893076249
2.6525198938992043
0.25839793281654727
-3.6082474226804147
-0.17825311942959254
2.142857142857148
-1.0489510489510514
4.858657243816254
0.3369839932603129
0.2518891687657526
0.5862646566164058
0.9991673605328917
1.40148392415499
-3.821138211382116
1.1834319526627268
-0.2506265664160377
-0.67001675041877
5.649241146711638
1.436552274541099
-6.215578284815099
0.671140939597313
-3.999999999999998
-1.822916666666674
-3.0061892130857575
0.0911577028258836
2.4590163934426257
-1.7777777777777777
5.067873303167415
-0.3445305770887093
0.2592912705272231
-0.51724137931034
0.7798960138648106
0.08598452278590588
3.092783505154634
0
0.6666666666666643
1.6556291390728477
-0.732899022801296
0.0820344544708731
3.1147540983606534
1.1128775834658233
-2.201257861635218
0.32154340836012174
-1.8429487179487156
0.9795918367346962
0.2425222312045248
-1.451612903225804
0.16366612111293194
0.4084967320261438
2.034174125305126
-0.15948963317384596
0.3993610223642172
0.4773269689737425
1.187648456057007
2.7386541471048624
-2.132520944402141
-4.280155642023346
-3.9837398373983786
0.42337002540220153
2.3608768971332306
-0.5766062602965427
-1.4084507042253545
-0.7563025210084081
1.7781541066892537
-0.9151414309484264
0.08396305625525485
-0.25167785234899087
1.1774600504625663
2.2443890274314238
-4.065040650406504
-1.6101694915254285
-1.1197243755383266
-1.5679442508710777
1.0619469026548698
0.08756567425568679
0
0.9623797025371903
-1.9064124783362242
-0.8833922261484098
1.2477718360071226
0.9683098591549372
-1.0462074978204035
0.1762114537444959
1.1433597185576052
-0.8695652173913043
-0.7894736842105313
0.7073386383731313
0.8779631255487269
0.6092254134029492
-0.605536332179921
-0.4351610095735422
0.6993006993006968
0
-1.5624999999999976
0
0.4409171075837742
-0.26338893766462806
1.6725352112676106
0.8658008658008658
-0.8583690987124464
-0.8658008658008658
1.7467248908296944
0.3433476394849834
-0.5132591958939337
2.1496130696474633
0.08417508417509136
1.0092514718250534
-2.0815986677768525
1.5306122448979689
-2.1775544388609784
0.3424657534246624
-0.5972696245733813
0.1716738197424917
-1.6281062553556176
0
-0.5226480836236884
0.08756567425568679
1.7672790901137323
0.06877579092160635
0.10309278350514633
-0.3261242705114963
2.049250904081277
0.7256159298008771
-2.462724074384317
1.3225695637238117
0.6780810306831642
-0.5556490991749424
0.22011513714865466
-1.13194796418313
0.8544087491455912
0
-3.3378515757370484
-0.01752848378614901
0.10518934081346823
0.6654991243432494
-0.8872651356993703
0.0526592943654575
0.49122807017544057
1.0474860335195555
1.9523151347615677
-1.6946280291476021
-0.9308739872435773
0.22620497650948768
-0.9374999999999984
-1.2793550648440308
1.384697319368012
0.1926107511819286
-0.4718629849702832
-0.22827041264267348
-0.7743752199929562
-0.017736786094368774
-0.5499379102359325
0
0.4459507670353193
1.0122535961640922
-0.826300984528843
-0.6913667789398927
4.5519457336665425
1.3317397985316735
-1.0109519797809627
-0.30638297872340375
2.868362642991292
-0.2655601659750981
-0.19970044932601855
-1.1505752876438182
0.16869095816464477
0.6399461098012722
-0.3681392235609084
0.45347665435002205
-1.52148470155493
0.1697792869269973
1.8644067796610193
-2.3294509151414284
1.754684838160126
0.40180813661476983
0.21677505419376783
0.14975041597337155
7.343412526997843
1.0369911778362508
-0.8272058823529508
-0.6178560395427735
0.6061548026111292
0
-1.3131469179669417
-1.0331872260488473
0.18981335020563833
0.5841490369434755
-0.5179720609009548
1.4200063111391583
-3.329184816428128
0.4827808175088464
-1.7937219730941665
-1.9732550554468375
5.623024455165534
-0.5355174043156457
4.623911322248605
0.9232632056909545
-1.3497300539892105
-0.41045910611127395
-0.7021828728438527
0
-0.9992313604919162
0.46583850931676574
-2.8284389489953714
-0.015905837442338176
4.263442570792248
-0.04577357339029773
-0.9769500839566486
-0.7245259750269752
-0.9472049689441094
-1.1600564351779308
0.269627279936561
5.172413793103442
-2.677094299894723
0.3090712409210367
-1.787089816669229
0.4862745098039251
-1.7951920074929841
0.5563503417580694
0.7745810938982011
0
-1.5215686274509785
1.0831474992035675
-2.206114087614243
-0.5961972284885667
-0.5349327281569108
0.06518904823989431
-0.4723127035830605
0.22909507445590013
-0.4244897959183641
-1.6232169208066929
1.8833333333333375
-0.621626042859484
1.9588477366255106
-0.3874717468517838
-1.1993517017828232
-0.9186351706036783
-0.4966887417218496
1.2312811980033311
1.1012491781722462
