-0.24691358024690832
4.950495049504955
-7.075471698113214
2.157360406091381
-1.242236024844727
-7.924528301886791
8.333333333333325
6.935687263556125
0
9.551886792452814
-5.920344456404726
4.118993135011435
0.32967032967034215
2.409638554216855
-1.2834224598930397
-0.32502708559047816
-3.695652173913042
1.4672686230248395
-0.6674082313681924
4.14333706606944
-3.8709677419354964
9.507829977628633
-6.945863125638404
-6.586169045005485
7.403055229142195
2.188183807439817
-4.282655246252681
0.11185682326621686
1.8994413407821222
1.9736842105263324
-2.7956989247311994
2.7654867256637172
-6.35091496232508
-2.0689655172413763
6.455399061032873
1.984564498346193
-11.459459459459465
0
-5.128205128205128
2.3166023166023244
-2.5157232704402537
8.25806451612904
-5.840286054827177
7.594936708860755
-5.882352941176471
3.0000000000000027
-0.606796116504863
8.66910866910868
-11.573033707865171
1.5247776365946646
-0.37546933667084165
4.2713567839196065
-2.2891566265060392
9.371146732429096
-10.259301014656137
-2.889447236180899
0.1293661060802042
3.359173126614984
-0.24999999999999467
0.25062656641603476
1.4999999999999902
-1.4778325123152614
0
0
1.4999999999999902
4.679802955665035
-5.294117647058815
0.621118012422347
1.8518518518518563
2.909090909090912
-7.8916372202591285
2.941176470588241
-2.857142857142862
3.7084398976981987
-4.932182490752151
-2.723735408560311
1.7333333333333318
-0.1310615989515044
-0.39370078740157805
4.743083003952573
-5.911949685534587
4.812834224598922
-0.6377551020408141
-1.7971758664955029
4.052287581699341
4.648241206030153
-7.683073229291713
5.331599479843944
-6.172839506172839
4.736842105263162
-0.7537688442211006
-6.329113924050633
2.162162162162152
5.555555555555567
-1.1278195488721898
0
-0.3802281368821212
-7.124681933842245
1.0958904109589052
5.555555555555557
-4.107830551989734
6.024096385542171
2.525252525252516
2.216748768472925
-5.421686746987964
5.605095541401268
0.9650180940892651
0.35842293906811395
-0.9523809523809532
-2.524038461538472
5.302096177558567
0.7025761124121839
-5.348837209302315
13.513513513513509
-9.09090909090909
9.52380952380951
-4.673913043478258
0.22805017103762343
-3.868031854379976
5.91715976331361
-5.027932960893847
-1.7647058823529453
-1.676646706586812
-4.993909866017064
0.8974358974359011
-1.5247776365946646
2.709677419354838
2.3869346733668393
4.049079754601228
0.23584905660376854
4.117647058823525
-1.6949152542372923
-1.3793103448275774
1.9813519813519804
-1.7142857142857184
2.32558139534885
-10.113636363636369
8.72313527180783
-8.720930232558139
2.038216560509556
-3.495630461922589
5.950840879689509
-2.319902319902314
0
0.24999999999999467
2.244389027431418
-1.951219512195124
1.9900497512437831
-4.8780487804877986
5.128205128205121
-2.439024390243894
-4.8749999999999964
7.62155059132719
0.7326007326007388
-0.3636363636363559
-3.8929440389294436
-0.1265822784810212
8.745247148288978
-6.759906759906761
-1.8750000000000044
1.9108280254777117
0
0.374999999999992
2.1170610211706093
0.975609756097562
-0.966183574879228
1.5853658536585462
1.4405762304921874
-9.585798816568044
3.4031413612565533
0
0
0
0
4.430379746835438
0
-0.7272727272727333
-6.593406593406583
5.098039215686258
1.9900497512437831
-3.9024390243902367
0
-1.6497461928933996
2.5806451612903247
-4.402515723270447
0
0.39473684210526644
-1.7038007863695923
0.7999999999999948
5.026455026455037
-1.1335012594458531
1.2738853503184782
3.5220125786163554
0.8505467800729074
-3.493975903614469
-1.9975031210986285
4.331210191082801
4.63980463980465
-5.2508751458576555
0
0.862068965517245
-0.6105006105005976
-7.493857493857496
1.5936254980079696
-1.307189542483667
0
-1.7218543046357602
0
1.4824797843665811
2.3904382470119483
0.7782101167315124
1.6731016731016832
1.7721518987341618
0
-0.49751243781093474
-1.8750000000000044
-2.1656050955414003
6.770833333333328
-6.707317073170719
17.647058823529406
-12.22222222222222
5.06329113924051
-1.4457831325301322
-2.9339853300733414
3.400503778337537
0.36540803897684965
-0.4854368932038947
4.7560975609756175
-2.7939464493597232
2.395209580838336
-3.157894736842121
-5.434782608695644
6.513409961685821
-0.47961630695442625
-3.493975903614469
5.3682896379525555
-2.014218009478672
-6.89238210399032
2.337662337662334
5.076142131979688
-3.0193236714975846
-0.3735990037359821
-1.6249999999999987
5.336721728081309
-1.8094089264173534
-1.9656019656019672
2.255639097744357
-1.960784313725492
-4.249999999999998
4.438642297650128
-3.749999999999998
7.012987012987013
-6.4320388349514594
7.003891050583658
-8.242424242424239
-1.9815059445178382
0.2695417789757475
-4.569892473118289
-4.225352112676054
8.529411764705884
2.710027100271005
2.2427440633245372
-3.8709677419354818
2.684563758389264
-5.882352941176472
0.694444444444442
6.758620689655175
-0.5167958656330753
-1.2987012987013056
4.473684210526326
-6.171284634760708
4.563758389261743
-1.9255455712451908
3.0104712041884873
-2.4142312579415552
-3.124999999999991
0.6720430107526858
-1.8691588785046804
5.4421768707483045
-5.677419354838715
6.019151846785232
-5.1612903225806495
0.40816326530612584
1.3550135501355085
-0.2673796791443912
0.5361930294906171
-0.4000000000000033
0.2677376171352137
2.670226969292392
0.13003901170350826
-3.2467532467532467
-2.013422818791951
0.27397260273973234
-0.13661202185793273
0.6839945280437854
1.9021739130434738
0.1333333333333305
1.0652463382157134
0.527009222661397
4.3250327653997385
-7.03517587939698
-4.8648648648648685
7.244318181818179
-6.0927152317880795
0.9873060648801169
-2.234636871508382
-1.142857142857144
8.959537572254337
-6.233421750663126
7.4964639321074875
-2.7631578947368416
-3.653585926928276
1.2640449438202228
3.4674063800277395
-0.9383378016085829
0
-16.508795669824085
5.348460291734199
-1.9999999999999984
-1.0989010989011034
4.603174603174604
-4.400606980273142
-2.6984126984126973
-1.957585644371943
4.326123128119797
-2.711323763955342
4.0983606557377055
2.3622047244094544
-3.2307692307692304
1.5898251192368782
-2.9733959311424023
0.9677419354838647
0
-0.1597444089456835
0
0
-2.5600000000000023
7.55336617405583
-2.748091603053431
8.00627943485086
-11.482558139534884
2.6272577996715953
0.9599999999999937
5.54675118858955
-10.66066066066066
-6.554621848739505
12.23021582733814
-1.44230769230769
-1.1382113821138258
2.6315789473684235
-6.250000000000009
7.350427350427361
-5.414012738853501
4.2087542087542085
-5.977382875605818
0
6.529209621993124
9.193548387096765
-5.3175775480059
-2.496099843993762
3.0400000000000063
0
-3.105590062111804
0.6410256410256415
-0.7961783439490417
-6.902086677367585
0.8620689655172383
0
6.495726495726509
-8.507223113964692
2.1052631578947385
4.639175257731951
-3.940886699507393
5.982905982905993
-5.000000000000008
3.5653650254668925
-6.393442622950816
0.3502626970227752
0
4.537521815008722
-2.5041736227045135
6.164383561643841
-5.80645161290323
4.7945205479452095
-10.784313725490199
0.7326007326007332
-6.54545454545455
0.7782101167315183
-0.19305019305018895
-1.9342359767891615
2.5641025641025617
0
2.1153846153846043
18.644067796610177
-5.55555555555555
1.8487394957983097
1.4851485148514976
-5.691056910569115
-0.1724137931034446
-1.5544041450777177
12.807017543859642
-2.332814930015544
0.9554140127388473
0.6309148264984233
-0.470219435736681
-4.7244094488188955
5.785123966942158
6.249999999999991
-11.470588235294121
9.634551495016613
-6.060606060606053
0
0.6451612903225812
8.012820512820513
-8.01186943620178
-8.064516129032258
-0.1754385964912243
-3.339191564147634
6.72727272727273
-4.429301533219758
2.317290552584668
10.10452961672474
-5.06329113924051
5.833333333333328
-3.937007874015748
-3.2786885245901525
1.1864406779660914
0
2.847571189279731
-1.9543973941368096
2.8239202657807447
3.2310177705977265
-0.7824726134585263
-4.5741324921135655
4.297520661157021
-4.120443740095084
5.6198347107438
0.9389671361502425
-5.116279069767443
-1.7973856209150378
-3.9933444259567423
11.61178509532064
-5.124223602484473
9.49263502454992
-6.576980568011964
-4
-3.333333333333336
0
2.4137931034482856
0
1.0101010101010035
2.5000000000000058
0
0
-0.16260162601627112
0
0.9771986970684121
4.67741935483871
-9.55315870570108
2.214650766609879
-0.1666666666666631
2.67111853088481
-2.439024390243908
2.5000000000000058
-6.3414634146341555
4.1666666666666705
0
-6.666666666666672
6.964285714285725
0.16694490818029695
0
-4.999999999999997
-1.9298245614035143
6.440071556350631
-1.8487394957983248
