-1.1023348667650221
2.5013164823591363
-7.766075862659477
0.41774972150018563
3.965979476749548
-0.4090343233149484
0.05357142857142045
0.8388363376762531
-0.05309734513273531
-0.47812998052063843
4.537366548042705
0.425531914893617
0.0847457627118644
-0.0846740050804403
-0.483050847457631
0.8260240143063992
1.241554054054058
0.3336948360724118
2.344724370167128
-0.5605654399220157
0.3022875816993501
1.8164046591186733
0.02399999999999636
1.0557466208110091
-0.3561535417491096
0.08737092930896816
-0.801523688596136
-0.7839999999999964
2.322206095790998
0.7092198581560284
0.13302034428795348
-0.2891302649058409
-1.2539184952978057
0.015873015873019484
-1.5553086811617312
0.9189102047396495
2.1086261980830745
-0.6570713391739745
0
0.6299212598425197
-2.003129890453827
1.8843819865857478
-1.0344827586206933
0.2613240418118431
-1.1531474607060983
1.4622453056332365
-0.48039061269490546
0.9733322782305891
0.3369905956112817
0.28899476685152276
-0.13239875389408454
0
1.6064883412618058
0.5449382147517007
0.25954198473283135
-1.0202527790467557
-1.8076923076923077
-1.2769291030160559
-0.2380574511982225
1.4794782055361047
-1.2384386267440002
1.4285714285714286
1.3302034428794993
1.776061776061776
-1.957511380880118
-0.9441262962389758
-1.0390624999999964
-0.5210389200284311
10.030949924609166
2.84890010818608
-3.457223001402521
0.9660783031887814
0.8201438848920929
2.518909661766801
-4.78875200111366
-0.5775275970465743
3.1470588235294086
-1.5968063872255391
-0.2897710808461315
4.504504504504504
-1.946607341490545
-0.3119682359614358
1.8990042674253234
-0.04885879807357056
-2.2486033519553104
1.443063294756397
-1.4014084507042317
1.4213270480680018
-1.9859154929577496
0.5604253484696045
-0.5930265790225747
0.6253144541076724
5.300000000000003
1.071767738434402
-3.73825503355705
1.0946106114480965
-0.6000000000000031
-2.5879414417539692
15.655270655270654
2.106170710678658
-1.3751507840771986
0.9050880626223063
-0.16363636363636638
-0.054634857038782465
-4.597910592808555
1.865410326605969
1.3375000000000057
0.5304058221290187
-0.19018404907974903
-0.4241194910566163
-2.265432098765435
-0.814753994820935
-0.2865511971472236
1.53905102496966
1.106918238993705
0.5225180393132677
3.3106435643564356
0.02994908655286014
-1.4610778443113828
-0.9358288770053393
0.11655011655010818
1.0967465228846327
-4.187878787878782
0.06958061863494902
-1.7509481668773732
1.010101010101013
-4.312101910828028
2.5094854556346964
-1.487012987012993
-3.895590270911602
-0.02057613168723968
0
-0.8849557522123956
0.22148394241417813
-2.5345303867403346
-1.4738184652448065
-2.495505213951819
-1.0252249594335348
2.652954765630815
0.892921960072592
-2.324075406533311
1.0976058931860104
-0.12387059166424114
0.6784854453928616
1.7173913043478293
0
-1.7382631616442323
1.4717610382077833
3.279508430980287
0.3113109650639917
-1.5034482758620658
0.12603276851981196
-0.9720279720279784
-0.4307605395099152
-1.83687943262412
1.1198612816992992
-1.1789082595027152
-0.22413419130937093
-2.949275362318844
-0.6794594190995228
4.954142234250479
-1.1532125205930743
0.2898550724637681
2.745664739884393
2.433192686357237
0.9199505698201353
-0.7755102040816388
0.23310023310023936
-0.4651162790697643
-0.0068719076415706725
-0.9758779465328719
0.22208342008465667
3.863998338065244
-0.6600440029335349
1.691275167785238
0.6269799366420274
-1.3707614612710757
-2.0880436228221746
1.2972018473240905
0.16761649346295676
0.006693440428374099
0.39488655377820037
-1.4666666666666666
1.4749661705006736
-1.5602080277370225
0.9211595773503054
-0.5436241610738194
0.134961873270801
5.788799784352035
1.9174417123200496
11.888243015188436
4.910340204457857
-2.529286474973376
1.906582900846768
4.717486866087702
0
0.03583495443840576
0
-3.490097743206582
0.22270533962563327
-1.0158192688217458
0
3.6506494200652067
-0.16501650165016735
-1.5392561983471051
2.2925191480432296
-2.3642238063490506
-1.7701439226809563
2.941019196834394
-0.3584229390680933
2.9402564904597988
0.7799047908437198
0.44723618090452716
0
-0.8854870178598251
0
-2.2562083585705657
2.6542731732507145
-0.392373861864288
1.0049997474875052
4.070000000000005
2.3349668492360864
-5.910798122065732
3.188463649518492
-4.627659574468087
-2.3475130558231485
0.4101765316718635
1.2875536480686625
-2.634265877067588
0.6658976510067138
2.2657430074483047
-1.0848528063563299
-0.5406518716852892
1.470283702629949
-1.2448979591836782
-0.2789832610043327
2.595585949642519
0.8938039690955939
-2.7577577577577532
0
0.8183643007874756
1.7970185828058018
-3.4653961885656925
1.8338614992986624
-0.9896949290888731
2.0197856553998377
-3.3838383838383836
1.4061683220073231
-2.5310583019743356
0
2.3323460968902126
1.85022481782004
-3.4150301923174484
0.8826310812230721
-8.91053015310906
2.8071579669544415
-7.184962740518298
-1.605751947273814
-4.293021556448666
5.618120506457973
1.355421686746988
1.6344725111441307
-0.17543859649122806
3.104862331575864
0.2840909090909091
0
0.9405099150141591
2.604400538841496
-2.3194748358862194
0
-0.22961469534049672
-0.06174571989895644
0.9379914625926655
1.424517277836522
-0.0822954956932024
-0.07138150669887736
-0.785757459201065
0.7975188303057207
0.6813186813186863
0.19646365422396359
1.2363834422657978
2.2219831064722633
-2.121052631578945
0.8280905522396012
0.02666524452029225
1.295585412667956
-1.3000684246539316
1.7491467576791784
-1.2893081761006242
0
1.0353615801210576
0
-0.4729623206684534
1.0613020750831568
-2.533960292580982
-1.2597158938622353
1.4386536373507057
0.9312282579609361
-1.1135266981282146
-3.1476218563998093
0.6643782526851955
0.6489935100648968
-0.33879781420765276
4.14519135870162
-5.9176582078551165
2.344711807498606
-5.713817048499098
1.757132915796796
-0.8149541232119425
2.2006435302229344
-0.10681958733907297
0.18009905447996655
1.550561797752804
-2.41203806151803
2.930839002267576
0.7875750399295013
-13.327868852459021
1.0024588613580538
-0.6242197253433208
0.5025125628140703
2.6624999999999943
-0.03652745647144217
0.6516443361753986
-0.1633690324922881
-0.3939393939393939
-0.937024642531189
1.9961918801056446
-0.6383234975310075
-0.5151515151515151
1.7118489186719408
-1.5812170579779508
1.0223953261927918
-2.62650602409638
1.3239297203662375
-2.36292587617536
2.4263648302170084
-3.6265950302216305
1.2290148875514786
-2.0526941610864373
0.18529167465338262
-0.5293367346938747
0.39110085272808287
-3.6850172435815587
3.176181950799025
0.7005141388174866
3.0442274554853412
-3.140096618357477
-0.24937655860349708
-0.5897435897435926
2.392313644570553
-2.915800743119855
1.1935651271406391
-0.42307692307691724
-0.21887472640659783
-1.3032258064516158
1.3204340436658417
0.6645161290322551
0
-0.29481509966031594
-0.6235135308864206
0.9573091849935288
-0.6919528446950253
3.7354838709677476
-0.49132408731886873
-0.5750000000000028
-3.363087754588886
2.810121641839592
-0.664346725719709
-1.961783439490443
0.05197505197504902
-0.3311688311688253
-0.3192390383738413
0.4444444444444415
1.5096304008329025
-0.3397435897435868
-0.3023091271627996
-1.5419354838709736
0.9108184260533446
1.6883116883116882
0.03831417624520492
-3.695901953274599
0.7489891959965503
1.3092105263157954
0.006493928177148454
-2.272727272727273
-0.292358803986717
-1.9792083166733188
0.6186688422054463
-0.5337837837837899
0.5366483255213702
-1.2770270270270332
2.525494490452405
-0.6408544726301675
-0.4299919376511751
1.7611336032388603
0.7227637424574028
1.468071099407502
-1.3819503016933727
10.02631578947369
1.6503228892609367
2.9235294117647084
1.1601988912384953
-1.2316384180790936
0.21736643404644518
2.3801369863013724
0.9421865417851293
4.175411465812446
-0.11663662389990698
-0.16454352441613104
-0.898506034345265
-1.8240343347639485
0.021857923497272728
3.917176573426563
0
3.3279007412859567
1.099012923577893
-0.754906894816306
-0.5983772819472594
1.4386287113559864
0.10561255280627183
1.014820396885207
-0.8305565226040704
-0.4262788365095286
0
-2.8959959707882144
2.1732365145228263
-0.015229199451758053
0.6295694557270558
2.8203834510595405
0.10304725452671422
1.8872549019607843
0.5532836179937455
0.9138755980861201
-1.171115641742915
2.3028209556706964
-0.2063402738698223
4.356203007518788
1.7516999144413965
0.9824747742963478
1.2314839162064997
2.1256331442919567
0
-5.540483255616779
2.2303998563927574
1.215978928884979
1.288112070087187
0.8092832063029927
2.7863908592787623
-0.7107731724451536
-0.2788529570899329
-1.8405676126878092
0.08928951060844037
1.3721325403568472
-0.6830658341365369
-0.7426160337552704
-0.01700391089951075
-1.5901360544217726
-0.02592240559923568
-0.5272255834053509
1.6595707707011824
0.4188034188034266
0.008511362669155592
0.9914893617021354
-11.515611174314254
5.638095238095242
0.08113956004326213
-2.8961354832897817
0.1901757966510464
3.30555555555556
-0.5108900242000578
-2.1936936936936857
-0.059871966103264486
0.6728110599078299
1.721138881259723
-4.531545315453147
