-5.288461538461539
-1.861252115059227
-4.7413793103448185
-0.4524886877828118
-0.454545454545461
4.109589041095901
-3.5087719298245643
0
-0.9090909090909058
3.761467889908258
-2.5641025641025723
-0.1814882032667838
1.6363636363636338
2.8622540250447255
-2.6086956521739193
1.7857142857142954
-1.9298245614035143
-1.6994633273702997
1.000909918107365
4.954954954954961
-5.150214592274675
5.520361990950221
-3.945111492281311
7.053571428571437
-7.08924103419516
2.333931777378813
-2.8070175438596516
1.0830324909747222
0.4464285714285778
3.7333333333333325
-3.3419023136246837
3.7234042553191484
-4.273504273504273
3.4821428571428625
-3.796376186367554
3.139013452914795
-4.608695652173908
2.55241567912488
-2.133333333333335
2.1798365122615824
-4.177777777777783
6.493506493506504
-1.5679442508710777
-0.1769911504424898
-1.8617021276595664
2.529358626919597
4.1409691629956
-3.9763113367174334
-1.3215859030837036
2.232142857142857
11.79039301310045
4.609374999999998
-1.120238984316657
-1.8126888217522674
1.0769230769230813
1.9786910197869085
-3.283582089552235
3.3950617283950577
-5.149253731343279
4.5633359559401905
-1.5048908954100775
5.42398777692896
-6.086956521739129
2.546296296296283
-3.4612490594431837
3.117692907248639
-4.308390022675739
2.606635071090048
-6.389530408006158
4.605263157894741
0.15723270440251236
-7.378335949764517
9.237288135593218
0
-5.197827773467805
-2.618657937806876
-0.9243697478991698
5.682782018659896
-6.8218298555377315
-1.722652885443577
0.9640666082383824
6.684027777777774
-6.509357200976395
2.2628372497824176
4.510638297872335
4.560260586319223
1.1682242990654232
4.541955350269437
-10.014727540500733
-1.800327332242231
-4.916666666666665
7.099035933391766
-1.882160392798694
3.2527105921601382
-3.634894991922464
3.855825649622807
-3.9548022598870074
5.882352941176465
-3.492063492063488
5.263157894736847
6.249999999999991
0
-1.2499999999999996
4.095309009679827
2.6466380543633705
3.4843205574912894
6.868686868686866
4.410838059231262
-4.043452021726011
0.6289308176100606
-7.499999999999996
4.594594594594592
-2.583979328165377
-3.381962864721484
2.8140013726835975
3.1375166889185504
-6.6019417475728135
-2.494802494802491
5.828002842928218
0.7387508394895865
-8.133333333333336
5.587808417997108
-3.7113402061855734
3.3547466095646015
-7.803867403314923
-1.8726591760299627
2.290076335877868
4.477611940298504
-6.571428571428571
4.58715596330275
-5.555555555555554
5.108359133126936
-5.375552282768781
4.046692607003888
-7.853403141361248
-0.7305194805194793
0.24529844644316728
-0.08156606851549582
-4.653061224489798
5.993150684931517
2.827140549273018
3.6920659858601637
-7.424242424242414
2.2913256955810093
3.1200000000000045
6.67183863460046
-4.29090909090909
1.4437689969604826
-4.794007490636695
0
-0.07867820613691237
1.7322834645669343
-1.5479876160990658
1.5723270440251516
0.5417956656346771
1.924557351809084
-5.966767371601215
2.0080321285140563
-3.937007874015748
4.918032786885258
0.46874999999999
1.8662519440124434
-2.9007633587786184
7.232704402515723
-9.530791788856309
-0.7293354943273894
-0.40816326530612823
-2.4590163934426146
-1.428571428571428
3.5805626598465468
-0.905349794238693
2.5747508305647884
-3.805668016194323
-4.882154882154882
6.725663716814156
1.9071310116086122
-3.0105777054515803
2.7684563758389267
-8.244897959183671
3.202846975088963
1.4655172413793098
1.529311809685639
-1.2552301255230007
1.694915254237282
-1.08333333333334
-0.5897219882055477
1.694915254237282
3.250000000000005
-2.582728006456822
4.391052195526092
-5.238095238095239
4.606365159128984
-5.684547638110495
1.8675721561969496
12.749999999999995
2.2912047302291243
1.589595375722548
-1.8492176386913213
-6.0144927536231885
4.70316114109483
-8.836524300441821
-1.0500807754442711
7.591836734693875
2.9590288315629785
-5.9690493736182795
4.231974921630101
-6.165413533834588
-2.1634615384615348
3.521703521703519
0.07911392405063122
5.3754940711462424
4.276069017254316
-2.805755395683457
-0.07401924500369939
0.5185185185185206
2.726602800294762
-7.173601147776184
2.782071097372498
-2.1804511278195555
1.8447348193697173
0
-2.9433962264150986
2.954898911353039
4.229607250755291
-1.086956521739133
3.443223443223435
-4.320113314447588
2.8867505551443418
-2.230215827338133
1.986754966887414
-5.988455988455989
2.7628549501151283
-5.82524271844661
3.013481363996834
-3.6181678214010824
2.1565495207667698
-2.3455824863174275
1.9215372297838287
-1.021209740769841
3.492063492063488
-2.377300613496923
2.749410840534168
-1.3761467889908234
-0.3875968992248117
2.1789883268482577
1.218583396801206
-2.106847253574111
1.998462720983857
-2.8636021100226
3.4910783553141913
-0.7496251874062942
2.2658610271903243
-0.8862629246676457
1.117734724292104
-5.52689756816507
3.978159126365053
-7.651912978244558
2.5995125913891166
1.8210609659540669
3.0326594090202224
-1.1320754716981158
0.6870229007633577
-4.8521607278241
2.7888446215139413
-1.3953488372093001
2.122641509433959
-2.9253271747498135
2.0618556701030912
-4.506604506604507
-1.545972335231892
6.033057851239673
1.3250194855806698
4.461538461538462
2.8718703976435975
-5.082319255547608
2.7903469079939742
-4.25531914893617
0.3831417624520991
1.8320610687022918
1.1994002998500761
-0.8888888888888831
0.8968609865470794
-2.2222222222222276
0.7575757575757683
-3.1578947368421044
4.192546583850925
-1.7883755588673638
0.9104704097116919
0
0
-2.1804511278195555
2.22905457340508
-5.037593984962406
2.6920031670625484
-1.6962220508866663
4.235294117647052
-3.1602708803611734
0.23310023310024194
1.1627906976744213
-3.8314176245210727
6.693227091633465
2.0164301717699744
-3.074670571010248
-1.8126888217522674
0.5384615384615407
-3.978576893649576
3.1872509960159245
4.555984555984555
-5.465288035450506
0
3.90625
1.5037593984962352
-4.444444444444442
3.875968992248062
-1.4925373134328437
2.12121212121213
-6.750741839762612
4.614160700079555
-8.441064638783278
4.983388704318949
-7.1993670886075956
4.859335038363174
-3.5772357723577337
1.1804384485666153
-1.416666666666666
-0.5071851225697421
5.352591333899752
0.8064516129032229
-5.760000000000004
0
-4.923599320882853
-1.7857142857142796
2.272727272727273
0.44444444444445075
-5.221238938053096
2.2408963585434027
-1.8264840182648339
4.37209302325582
-0.17825311942960204
4.017857142857153
-8.15450643776825
4.485981308411219
-9.033989266547405
-4.8180924287119
0.8264462809917363
4.50819672131147
-2.941176470588225
2.020202020202013
-5.148514851485144
-1.3569937369519915
-3.597883597883597
-0.10976948408342248
1.098901098901095
2.1739130434782727
-2.127659574468096
4.673913043478278
0.31152647975077213
4.554865424430637
0.3960396039604052
0
-4.635108481262334
3.412616339193382
-7.7999999999999945
4.989154013015174
-4.235537190082646
2.0496224379719665
-4.862579281183941
4.888888888888883
0.10593220338982826
4.973544973544981
-9.475806451612897
-2.449888641425397
-2.5114155251141628
-4.918032786885245
0
-4.9261083743842295
0
-4.922279792746112
0
-4.904632152588548
2.005730659025783
4.915730337078647
-9.370816599732265
4.726735598227479
0
0.14104372355429884
-4.788732394366195
4.881656804733729
-1.2693935119887145
2.142857142857148
-5.5944055944055995
-1.4814814814814763
1.2030075187969935
3.1203566121842488
-1.296829971181567
-1.459854014598535
6.518518518518525
4.728789986091792
-5.577689243027887
4.922644163150487
-5.227882037533508
4.950495049504945
0
0
4.986522911051215
4.878048780487803
0
4.895960832313346
0
4.900816802800466
0
4.894327030033365
0
3.8176033934252325
0.10214504596528666
4.999999999999984
-4.761904761904747
4.59183673469387
-3.219512195121952
1.8145161290322551
-1.0891089108910834
0.10010010010009797
0.7000000000000028
-0.6951340615690197
1.3000000000000078
1.5794669299111388
-1.3605442176870632
-1.970443349753705
1.3065326633165908
2.182539682539689
-6.601941747572829
-1.2474012474012395
-1.684210526315791
4.925053533190587
-5.61224489795919
4.432432432432434
-4.761904761904771
-3.26086956521738
8.539325842696625
-1.656314699792962
3.157894736842113
0
-0.7142857142857172
-2.363823227132584
3.4736842105263164
-4.883011190233982
5.668449197860975
0
-4.8582995951417045
0
-5.000000000000006
0
-1.9036954087346016
2.168949771689492
-0.6703910614524997
4.499437570303696
-2.691065662002153
4.977876106194702
-3.055848261327723
-1.6304347826086802
0
2.651933701657441
-1.0764262648008573
2.82916213275299
-6.243386243386242
1.5801354401805934
-1.1111111111111072
2.247191011235947
-1.098901098901095
3.2222222222222126
-5.812701829924642
4.799999999999999
-2.508178844056711
4.362416107382557
-8.788853161843518
