-0.22883295194508332
-2.752293577981658
0.7075471698113308
-0.11709601873537298
-0.2344665885111405
0
-4.465334900117505
3.8130381303813143
-0.9478672985782125
-1.9138755980861177
2.682926829268296
0.8313539192399083
4.122497055359246
1.809954751131215
0.7777777777777809
-1.3230429988974672
5.027932960893855
3.829787234042547
-0.5122950819672132
0
-1.1328527291452053
-4.791666666666661
1.531728665207868
3.448275862068969
-5.208333333333333
1.098901098901099
0
0
-2.1739130434782608
0
-1.3333333333333366
-0.33783783783783466
2.937853107344626
4.72008781558728
-9.224318658280934
3.002309468822181
-4.035874439461893
4.672897196261682
-1.7857142857142796
0
2.272727272727273
5
0
2.328042328042331
2.3784901758014447
3.43434343434344
-1.3671875000000056
1.188118811881191
-0.5870841487279926
3.051181102362213
1.3371537726838505
0.6597549481621139
2.5280898876404523
-2.922374429223747
8.090310442144881
4.960835509138371
0
4.975124378109453
-6.161137440758292
4.966329966329972
0
4.971932638331999
0
4.965622612681436
0
4.949053857350788
-9.431345353675448
0
-4.441041347626339
4.96794871794872
-0.5343511450381593
-4.834996162701467
1.451612903225804
-1.192368839427663
-3.781174577634757
0
3.7625418060200673
1.5310233682514147
-4.28571428571429
-1.990049751243774
4.906937394247037
3.225806451612903
-3.515625
0.08097165991902373
-1.0517799352750787
1.2264922322158627
-1.45395799676898
-1.3114754098360608
2.740863787375413
-1.4551333872271601
-0.5742411812961467
2.310231023102308
0.8064516129032258
0.07999999999999545
-2.9576338928856827
2.1416803953871453
-1.854838709677417
0.24650780608052356
0.4918032786885199
1.1419249592169705
-1.1290322580645207
-0.4893964110929807
1.065573770491801
0
-1.1354420113544132
1.7227235438884283
0.9677419354838732
-0.8785942492012847
0
-1.5310233682514034
3.3551554828150527
1.346001583531277
-1.5625
1.5873015873015872
2.8124999999999956
4.939209726443769
-0.14482259232439437
0.21754894851340315
-3.0390738060781395
-1.492537313432836
5.681818181818182
4.659498207885305
-4.109589041095891
-2.7142857142857224
0
2.0558002936857647
-3.165467625899285
4.754829123328385
-5.1063829787233965
1.6442451420029809
1.397058823529416
0
-0.2900652646845581
0.36363636363636365
0.28985507246377223
2.6011560693641576
-5.492957746478881
0.5961251862891292
-5.555555555555555
1.6470588235294072
0.07716049382715612
-0.07710100231302569
-2.160493827160492
0.15772870662460792
0.6299212598425175
0.15649452269170802
-3.125
-1.451612903225804
4.664484451718496
1.6419077404222002
-1.9999999999999956
0.4709576138147522
3.90625
0
3.458646616541349
0
-0.7267441860465117
0
-1.5373352855051203
3.9405204460966625
-3.3619456366237603
4.88527017024426
-1.2702893436838272
-4.932094353109368
0
-4.9624060150375895
0
-4.905063291139242
3.66056572379367
3.0497592295345197
-7.087227414330225
-0.670578373847441
1.434599156118146
4.658901830282857
-0.794912559618442
-1.8429487179487156
-0.3265306122449026
-1.392301392301383
-0.3322259136212672
0.8333333333333334
-2.8099173553719057
4.931972789115656
-2.5931928687196133
4.9916805324459235
-4.675118858954046
-0.08312551953449236
4.825291181364391
-1.2698412698412653
-1.2861736334405212
4.560260586319226
-6.464174454828669
0.08326394671108121
1.5806988352745353
-1.5561015561015492
1.7470881863560686
0
-4.66067048242028
-0.1715265866209165
-1.2027491408934756
-2.1739130434782608
3.2888888888888914
4.81927710843373
-3.77668308702791
-2.1331058020477816
1.9180470793374043
-1.7964071856287498
1.9163763066202115
-0.42735042735042733
0.9442060085836861
1.7006802721088436
-4.013377926421403
0.7839721254355451
0.08643042350907028
0
0.8635578583765112
0
-1.455479452054797
-1.3900955690703687
1.3215859030837005
4.3478260869565215
-4.166666666666667
4.260869565217396
-4.753961634695582
-1.4010507880910756
0.35523978685613294
0
4.336283185840713
3.477523324851564
-6.229508196721307
4.545454545454535
0.2508361204013473
-0.08340283569642079
2.9215358931552586
0.40551500405515006
2.584814216478193
-1.968503937007874
1.2851405622489913
-1.3481363996827824
-0.7234726688102939
-2.1862348178137676
1.407284768211923
4.489795918367347
-0.46874999999999556
-1.8053375196232428
2.5579536370903413
6.001558846453615
-5.882352941176471
-2.34375
-0.4
-0.24096385542168447
9.259259259259249
4.642593957258668
5.07042253521126
6.903485254691697
-7.711598746081512
0.951086956521743
-7.738896366083446
-0.07293946024799002
-6.715328467153286
1.721439749608766
3.538461538461534
-1.0401188707280875
2.4774774774774864
-1.9780219780219697
4.110612855007473
-2.3689877961234824
-0.14705882352940342
-2.5773195876288657
1.4361300075585617
2.0864381520119313
6.0583941605839495
0.1376462491397031
2.4054982817869415
3.221476510067122
-4.356306892067631
5.6424201223657455
-4.826254826254826
-0.8789722785666068
5.320600272851304
9.84455958549222
-5.247641509433966
3.920348475420045
-1.6766467065868331
2.6187576126674856
0.7121661721068182
2.0624631703005303
-11.605080831408774
2.743305029392565
-2.7972027972028006
2.02746893394375
-1.4743589743589816
-1.1060507482107929
-2.3026315789473686
-0.3367003367003367
1.6216216216216255
-1.5957446808510676
0.06756756756756373
0.06752194463200156
-1.1470985155195605
-0.3412969283276451
5.2054794520547905
-2.2786458333333335
0.46635576282479485
3.1830238726790334
-5.205655526992285
-1.8983050847457703
2.626123013130623
2.0202020202020203
-4.9504950495049505
0.13888888888888098
0
0.20804438280167226
2.0069204152249176
-3.6635006784260553
0.5633802816901489
0
0.8403361344537735
0.6944444444444444
-0.2758620689655212
-0.276625172890737
1.1095700416088925
2.05761316872428
-1.5456989247311903
-1.2969283276450552
-2.4896265560165936
4.822695035461001
-2.2327469553450685
3.5294117647058783
-6.016042780748664
1.4224751066856332
6.030855539971946
5.357142857142873
0.5021971123665931
1.9987507807620344
-2.1432945499081444
0
-2.2528160200250453
3.072983354673503
-4.968944099378882
-1.8300653594771317
-1.8641810918774855
2.7815468113975537
-3.564356435643568
2.6694045174538026
-1.7333333333333296
0.13568521031206826
1.1517615176151879
0.06697923643670081
-7.630522088353416
-2.898550724637681
2.6865671641791002
-1.0174418604651205
1.9236417033773896
2.1466647457138874
-0.5641748942172153
-2.127659574468085
2.565217391304342
4.535820262823242
-6.109759394430941
2.0011517420097906
-1.9054340155257508
0
0.8633093525179775
4.122681883024252
-2.740101383751199
0.014086491055085387
-2.3521126760563402
-0.0865426222414572
1.0538472643279977
1.4285714285714286
-2.0422535211267645
5.593098490294753
-10.702614379084968
2.165294297041784
6.104477611940304
-3.1509354339569686
-0.2614379084967213
3.393039172855684
-1.4507042253521143
-1.3863084178933813
-1.4492753623188406
-2.500000000000004
5.188536953242832
-2.4949813593346644
-1.5294117647058916
-2.553763440860206
4.383141762452106
-4.12567904859786
1.0719754977029141
-1.5151515151515151
-4.646153846153851
-0.7744433688286494
4.276422764227635
4.319351317636068
2.3766816143497596
-1.9564899985399171
4.229337304542054
2.1574510644377844
-0.7272727272727217
-0.5353620738236259
1.9688385269121822
1.9586053618558283
4.9046321525885475
2.5974025974025974
-2.443037974683553
0
-4.697028675230298
2.11027910142954
-1.1600000000000061
1.1736139214892818
-6.319999999999993
-3.501280956447492
4.911504424778759
2.488401518346704
-2.592592592592593
11.251936346993373
-11.025316455696194
-0.2703087210129633
-0.7560627674750373
2.917924392698004
-0.13966480446926582
3.4265734265734307
1.1088573360378542
2.0462752440818526
-2.935779816513755
1.2692411558196026
-2.0266666666666615
-2.000544365813825
2.208026662963462
-2.785326086956518
4.612159329140457
0.20040080160321402
-3.826666666666673
-0.11091085539996992
-2.637057598889648
-0.21382751247327964
1.8285714285714303
0.30864197530864035
-0.013986013986021142
0.7133864876206535
-2.9027777777777826
-1.2301530539264762
4.17089065894281
0.09731683581258609
-2.8888888888888866
2.9605263157894637
-2.986525906375874
3.078465063001133
-0.6806500902903111
0.6853146853146782
-2.764272815668836
2.857142857142857
-2.513888888888892
0
0.4986465308448619
2.0697476609016072
3.1666666666666683
4.6715131933225615
-4.823151125401929
0
-0.09459459459458537
2.799945894765309
-0.27631578947367597
-2.5069270352289292
22.168087697929348
3.2125844688157814
-6.332510464741875
0
-3.6667812535808446
