-5.833333333333328
18.584070796460175
-17.61194029850747
-5.615942028985501
4.798464491362764
0.7326007326007332
-0.54545454545455
0.5484460694698401
0.727272727272728
6.498194945848381
-5.254237288135601
0.3577817531305986
-0.8912655971479627
-3.7769784172661867
5.4205607476635524
-3.368794326241126
1.8348623853210944
-1.9819819819819717
0.18382352941176078
4.220183486238524
-4.929577464788721
3.888888888888888
-6.060606060606073
2.4667931688804705
1.4814814814814827
5.474452554744522
-3.9792387543252667
2.7027027027027093
-4.210526315789477
0.7326007326007332
-0.9090909090909058
0.9174311926605472
0
-4.545454545454546
6.285714285714287
-1.4336917562724028
1.6363636363636338
0
-3.9355992844364893
2.420856610800743
1.0909090909090837
-0.17985611510790986
0
-2.5225225225225167
1.2939001848428888
2.0072992700729824
-0.53667262969589
4.316546762589932
-4.827586206896556
2.3550724637681304
-2.1238938053097365
3.0741410488245915
-5.087719298245615
2.4029574861367817
-2.7075812274368296
1.8552875695732938
-6.193078324225862
2.718446601941741
-1.8903591682419592
1.926782273603076
-2.457466918714554
-0.19379844961239898
-1.747572815533995
-0.19762845849801952
-1.3861386138613743
1.405622489959827
-0.7920792079207928
1.5968063872255505
-2.5540275049115895
2.217741935483877
-2.5641025641025617
-0.809716599190284
16.122448979591837
9.841827768014051
-9.760000000000005
6.3829787234042605
-7.33333333333334
0
-5.215827338129498
2.4667931688804705
-4.444444444444448
1.744186046511625
-1.904761904761898
2.718446601941741
3.5916824196597426
3.832116788321167
-5.623901581722325
-1.3035381750465602
-1.6981132075471672
4.606525911708258
-1.8348623853211106
-2.616822429906536
1.3435700575815794
-1.325757575757581
-0.9596928982725493
0
-0.5813953488372141
0.3898635477582936
-0.9708737864077808
1.5686274509803937
-1.3513513513513398
1.5655577299412928
-1.5414258188824674
1.3698630136986183
-1.1583011583011509
-0.390625000000009
-0.9803921568627417
2.9702970297029774
3.8461538461538494
11.111111111111104
8.000000000000007
12.65432098765431
6.438356164383558
9.395109395109401
0.4705882352941076
9.48477751756441
-2.3529411764705763
8.43373493975903
-16.56565656565657
2.784503631961264
-5.418138987043591
-2.864259028642585
0.12820512820512547
-7.810499359795128
-0.13888888888888593
1.6689847009735634
-2.4623803009575886
1.54277699859748
-6.077348066298348
4.999999999999998
-8.683473389355745
1.226993865030676
3.63636363636364
4.970760233918127
0
4.874651810584966
0
4.913678618857904
0
4.430379746835438
-8.969696969696972
-4.926764314247672
1.4005602240896433
2.2099447513812174
2.702702702702693
5.000000000000011
0
4.887218045112767
-5.973715651134996
2.4142312579415552
-0.7444168734491377
2.499999999999991
-0.3658536585365776
4.773561811505515
-6.542056074766361
0.6250000000000089
-2.3602484472049734
0.5089058524173032
-0.5063291139240511
1.7811704834605557
-5.3749999999999964
-2.2457067371202104
0.2702702702702645
2.021563342318064
-3.9630118890356765
4.4016506189821225
0.527009222661397
4.849279161205769
-6.499999999999995
-0.9358288770053513
0.269905533063422
2.1534320323014824
-4.874835309617921
0
2.9085872576177283
0.13458950201885161
-4.166666666666673
0.7012622720897591
4.1782729805014025
4.010695187165773
-7.326478149100261
4.576976421636616
-8.488063660477449
2.173913043478253
-6.950354609929081
-0.9146341463414576
0.46153846153846534
-1.9908116385911163
3.7499999999999893
-2.108433734939754
2.923076923076929
0.14947683109117768
-0.1492537313432804
0
0.8968609865470794
0
-0.148148148148145
3.5608308605341277
-4.44126074498568
-0.5997001499250381
-0.6033182503770744
0
-0.7587253414264009
0
-0.6116207951070342
3.0769230769230798
-1.9402985074626848
-1.0654490106544945
-0.923076923076917
2.3291925465838426
-1.6691957511380795
-1.3888888888889004
-0.7824726134585263
4.731861198738168
-4.969879518072291
3.803486529318546
-3.816793893129771
-1.4285714285714264
2.254428341384858
1.4173228346456812
-0.31055900621118726
1.2461059190031163
0
2.3076923076923133
-2.5563909774436078
1.697530864197522
0.45523520485584595
0.45317220543807024
-2.857142857142863
-0.6191950464396291
3.115264797507791
-3.0211480362537793
2.959501557632405
-1.6641452344931968
0.615384615384616
3.9755351681957154
-2.941176470588238
4.5454545454545565
-3.913043478260876
2.111613876319754
-1.329394387001475
2.0958083832335417
0.5865102639296192
-0.2915451895043799
-1.7543859649122824
2.6785714285714377
-2.7536231884058027
-1.3412816691505196
0.906344410876127
0
1.9461077844311363
-1.6152716593245144
-0.4477611940298544
1.6491754122938578
-4.719764011799414
2.3219814241486123
-7.261724659606663
-6.525285481239795
4.363001745200698
1.1705685618728996
3.801652892561991
0
3.6624203821655974
-0.1536098310291826
1.538461538461533
1.2121212121212133
1.7964071856287442
0
-0.29411764705881727
0
-2.06489675516225
-0.45180722891565306
0
-0.9077155824508396
-0.3053435114503752
-1.9908116385911163
2.0312499999999982
0.15313935681469812
0
-0.6116207951070342
-0.7692307692307665
2.1705426356589097
-3.7936267071320184
-0.6309148264984233
1.5873015873015959
1.5624999999999944
-4.307692307692312
1.2861736334405156
6.349206349206355
8.955223880597009
-11.095890410958898
2.465331278890603
-4.962406015037595
2.056962025316454
-3.5658914728682234
-0.3215434083601218
-0.16129032258064172
-0.9693053311793295
-1.1419249592169705
3.630363036303641
-3.3439490445859867
0.49423393739702404
-0.9836065573770428
2.4834437086092773
-5.6542810985460505
-2.054794520547947
-1.3986013986013999
-3.5460992907801296
3.860294117647058
-2.300884955752226
2.3550724637681304
2.6548672566371585
-2.4137931034482705
-1.7667844522968292
0.35971223021583565
2.3297491039426506
-4.5534150612959685
2.7522935779816415
-1.6071428571428548
0.7259528130671513
1.08108108108109
0.5347593582887586
-5.31914893617021
2.0599250936329647
-3.486238532110099
2.091254752851717
-2.420856610800743
2.099236641221363
-3.738317757009333
-6.796116504854379
3.750000000000013
-1.6064257028112463
0
0
6.530612244897946
1.340996168582381
-9.262759924385637
6.2499999999999964
-12.352941176470587
-3.803131991051453
0.697674418604657
2.771362586605083
-5.842696629213478
0
-7.159904534606212
2.3136246786632353
0.251256281407041
5.513784461152875
5.938242280285036
2.0179372197309386
9.010989010989015
0.8064516129032265
-10.999999999999996
-1.5730337078651748
0
-2.054794520547942
-2.0979020979020944
2.3809523809523725
-3.255813953488365
7.932692307692309
-6.45879732739421
10.952380952380953
-10.944206008583686
0
0.24096385542168158
2.1634615384615348
-3.5294117647058907
-2.195121951219509
0.4987531172069941
2.9776674937965284
0.48192771084336317
1.9184652278177476
-3.7647058823529447
-2.444987775061116
2.7568922305764265
2.4390243902439157
-4.2857142857143
-1.7412935323382936
1.7721518987341618
2.736318407960207
-3.631961259079901
0.251256281407041
-1.253132832080207
2.7918781725888295
-2.962962962962955
-10.687022900763367
7.407407407407414
0
-3.978779840848804
-0.5524861878453043
2.222222222222224
4.3478260869565135
1.0416666666666676
3.092783505154642
-1.2499999999999956
3.7974683544303662
-1.707317073170717
2.7295285359801347
0.24154589371982307
-1.2048192771084507
3.6585365853658627
1.17647058823529
-2.325581395348829
2.1428571428571392
-3.729603729603733
0.48426150121066497
2.65060240963854
4.460093896713625
-4.494382022471914
-2.117647058823526
0.24038461538461026
0
0.4796163069544475
0
0.4773269689737368
0.9501187648456065
-2.8235294117647083
2.4213075060532816
0
-0.9456264775413719
0.9546539379474948
1.1820330969267097
-0.467289719626179
1.8779342723004713
-3.6866359447004644
2.870813397129189
-2.325581395348829
0
-0.9523809523809532
-1.2019230769230727
1.2165450121654457
0.9615384615384623
-1.6666666666666734
2.6634382566586035
-3.3018867924528434
-1.219512195121947
1.2345679012345636
0.975609756097562
-0.966183574879228
1.7073170731707388
-0.47961630695442625
-1.9277108433734955
-0.24570024570026228
-1.4778325123152614
0.7500000000000062
1.4888337468982533
-0.9779951100244508
2.469135802469149
2.409638554216859
10.58823529411765
-3.404255319148939
1.9823788546255474
-13.390928725701947
2.244389027431418
-3.17073170731706
4.785894206549116
-5.0480769230769225
2.0253164556962044
-2.9776674937965284
4.092071611253201
-2.457002457002459
2.0151133501259353
-2.962962962962955
3.053435114503808
-1.9753086419752994
-1.5113350125944598
1.2787723785166194
2.020202020202022
-0.990099009900991
-2.2499999999999964
2.0460358056266004
1.5037593984962307
-1.7283950617283912
-6.28140703517588
7.506702412868627
