-0.09652509652509653
2.5700483091787496
-10.217282089927156
1.4198782961460414
5.737931034482761
-0.8674667362379307
3.2765313507467564
-0.10193030515385974
-1.8621261399145348
0.0714796283059269
4.675324675324675
2.357320099255583
-1.3393939393939338
-1.2715768781866235
2.8994524639123886
-0.8404885717740878
-0.3902676992499598
1.0101010101010102
-1.4545454545454546
-1.1070110701107012
1.7412935323383085
-0.5867970660146644
4.297835710772249
0.16506514177916373
-2.2835618857041937
-0.01806902367041827
-0.20481927710843922
1.3400941687794306
4.47343340481297
1.3968869376817377
-0.9840305892937471
-0.4599920495201395
3.035143769968054
0
-1.9878183831672254
1.1129314727981496
-2.408090289417807
0.06297589740653284
-1.539077697677072
1.1912371433552211
-0.1837601929482052
0.0920492463467903
-0.017243361305894617
0.9485484334578902
1.3553530751708402
1.3934149904483624
-0.9586611991577056
-0.1846360431936415
1.289237668161435
1.8206972883231927
0.7119952171313608
-0.5936319481921208
-0.6677524429967402
0.2787342187243761
-1.8040113363854322
0.7881445301659569
0.03304146704113162
0.6826314340765258
1.4544261577997653
0.2425222312045271
2.5645161290322607
-2.5003931435760363
0.9462365591397801
-1.3634426927993135
-1.7062634989200816
-0.17029224346298266
-3.1750398943487617
0.022732439190730334
-0.8238636363636364
-0.2807218562016666
0.44812133746984845
0.33173186913749453
-2.2289362672443356
0.8337706256195081
0.01156470452178895
0.8903792784458887
-0.6991404011461344
0.9291320406278935
-0.4002515867116473
0.005740857684132789
1.3260619977037835
-0.8384794062659314
1.548306004684919
0.7089006413862894
-0.4022346368715109
-0.011218308279114061
-1.0882979916975128
2.7676950998185093
-1.9426048565121439
0.45024763619991
-0.5546839982070744
0.12958476533888977
-0.028134143596668916
0.5234423369167532
-0.6215005599104092
0.15775536649951852
0.39939247342070705
-1.8825638727028189
3.2834627683873916
1.1499972355835657
0.20770702377698577
-0.19636720667648008
-2.224408372957318
-1.6154276131917322
1.0169876711550532
0.6074240719909986
1.548524150268339
1.6295072942471736
-2.697578679378146
-0.5399988866002363
2.6306951751931043
0.8344240837696435
-0.7193466385418454
0.2070167792547495
-2.560617592693277
0.8313340400602629
-0.6972111553784935
1.4042126379137438
-1.3957577755797266
-0.317654926437809
1.414435064572033
0.7828004410143354
-0.8751777704846296
-0.5959607107383266
0.5939824580881435
1.1092103084818794
-2.19408361532584
1.0993303571428596
-1.8822100789313978
-0.24752475247523986
-2.5716219264606437
0.25468858532068134
0.1501154734411033
0.657212037357321
-2.726231386025195
-1.0833725859632648
-4.089285714285717
0.6888847514429428
-0.7458086785009945
-0.01863006893125222
0.6149068322981422
-2.0618556701030983
4.342893161046334
-0.1812250815512867
4.9201161946259955
-1.9092115129491916
-2.193343525814416
1.3527325196897735
-1.1804484517736307
-0.2941353022390354
1.2823600240818755
-2.0269868632229633
3.525057638636082
0
-0.03516380472366577
-0.36934982705047514
-0.6708249970577904
0.2310426540284414
-0.6265145694190044
-0.5055611729019212
-2.2596843615494953
1.4311926605504643
-1.7848528702363806
-0.41748526522593044
2.447595561035761
-0.04212553409159568
1.6315472606863282
2.837509626206984
-4.279953917050689
-0.5355960763074015
-0.33276863504356247
0.4552904753232562
-0.6707759245830257
-0.24335340998965746
0.5732755991949664
0.04244739554909014
0.8728330706752389
-0.14421343588511543
-1.5164279696714433
0.15275571306366859
-0.09151363553169423
0.024425989252570283
2.4481074481074425
0.6197485251176981
0.6692330470832073
-0.3823979291681374
-1.287426917852711
-0.5862997307807332
0.2708070048745261
0.22806385788020372
0.8083832335329342
1.692901692901693
4.001168224299065
1.0951979780960404
0.027777777777777776
-1.5828936406553735
-2.3589164785553023
0.20228875274534736
0.40952875353290125
1.102941176470591
2.3636363636363584
0
-1.7317939609236135
0.20899231812018854
0.18600980778987555
-0.6132553167548155
2.0039626379847206
0.2275375992008385
0.04983388704319441
4.266976589739327
-1.9957537154989335
0.22746967071056207
-1.0591159623905713
0.4478427089022417
0.538277511961715
0.5840679249364654
-0.494650250013444
-0.578159615280707
1.1250000000000024
0.47831461278012916
-1.1071887034659724
0.16766726161500942
0.21058315334773708
1.8373834797133417
1.820105820105825
-0.4364996882145131
4.389352818371603
0.49997500124993755
3.905278344360977
1.7140668390309386
-4.269440783279986
0.8949205880906744
-1.3207271309518074
0.7457526669300739
-1.259865679690183
0.9681263032469467
-0.17701725918277703
0.7093246638096691
0.6358522866226461
1.0886998784933215
-0.8365786816673922
0.8436363636363681
-1.6443098225876265
0.46438871779829755
-0.18489684702217435
0.17548990933020908
-0.7104622871046185
-0.9949029602038905
1.8761447453096427
1.2585034013605487
-0.2735256010365312
-0.789144451929537
0.8051217382869292
-0.48113933795227093
-2.0982401856507487
-1.876543209876543
-1.2934071464519399
-0.08157854484270173
-6.194825738633469
0.3535875537181091
1.8972246313963574
1.02670496861368
7.382444315728505
0.0343255038493623
-2.9754901960784337
-0.8689940888192819
2.1609500025482946
0.43901222249937416
3.3725723935826686
-0.581395348837205
7.771494852834575
0.9910758329969913
-0.7593250444049693
-0.31321311915521943
-4.030701557520543
2.8904167251297967
0.7545797536251606
0.15339499210467364
-1.5856570115771103
0.35245113745595613
-0.4333150884875023
0.4489440652343088
-1.7056596889679225
0.746995777849947
0.4052684903748608
0.41280616457205765
-1.854558742919784
0.45611095597133866
0.8710155670867182
-0.013779165901144919
-0.2802149846111401
-0.14280449603834364
-2.3527240854361766
0.1748003968441571
5.390492359932075
-0.23269342641069576
3.642072213500777
0.08222616523131913
-3.580385713050235
0.7668849224145622
-1.842538608749837
0.929494445703922
0.2695417789757412
-0.8064516129032258
-1.3685636856368646
0.38008884004213866
-2.705291970802928
-0.30008908894826447
-1.0064431171518642
-0.09501639032733146
3.737695563269766
1.159752463900994
-1.9621170926228104
-0.33741622371158686
-0.13913366107040165
0.9985138398662456
-2.5888628316549287
-2.067598187311187
1.499084160802078
-0.2706938310300526
-0.3047619047619091
-0.5349636988918522
3.8897426046868997
-0.5269483220856102
0.3996282527880999
-0.013885031935560824
3.559690783687434
0.031289111389248746
-3.614996201796331
0.8530366249420533
1.015905120897302
-1.5881683731513125
2.2981596226764207
-1.7673914026126818
1.0169335542057962
0.3917460028242112
0.3493806434048649
0.6601555434979159
-1.1319737669571386
-0.3134938664243567
1.5632833508044384
0.03141267276969207
-1.7450989188461752
1.1505798557209512
-1.0517288074388453
0.7663883946900316
1.4486848657702929
0.26328707215851177
-0.4539789923446801
-1.6364124116963208
-0.1681818181818099
-0.29139917133361065
2.3425727202155224
0.19632339817955075
-0.9173494834342675
0.8359550561797712
-0.9538242110893248
3.9465394653946664
-1.7749686133598856
0.19833399444664815
2.199348992698161
0.568132908668323
1.5235812719335748
-0.12224938875304091
0.7512767484066908
0.45662100456621385
-4.070058381984984
0.7129194922622192
-0.5654350828729439
0.23006467856058438
0.671286271113036
4.706388470638851
-8.094005505567196
1.8463051544548137
-4.701079799841977
-2.814241628667492
-0.8388625592416975
0.8316207044878667
-0.4834810636583315
0.028578232912593905
-2.2284653111756456
-0.3701358788292084
0.6452559026250205
0.09228228665792855
-1.8876164596273335
-0.24234630792819084
0.6643529995042187
-0.5220646178093054
2.2130904049905955
-1.3465730201017174
2.4795011538272584
-0.637217324645445
3.8140701094556104
-0.993961913608922
5.81722649652843
-0.15960276644794774
-2.0381882770870376
0.1405194687457463
-1.0456273764258515
0.5123278898495162
1.69753788740726
0.29535487335540633
0.6603605211493925
0.6294326241134671
1.0924147652189315
-0.1350762527233076
-0.4624983638029543
1.5736641388681731
-1.6916968755394364
0.3424056189640115
-0.29748884416835164
-0.6186924089512904
-0.675526513311854
-0.3778449502133713
-1.200303422426491
-2.0820160780417267
0.5396430053964426
-0.7477750252316809
-1.5576611971342647
0.2582402103483895
-1.1942115861939773
-0.4644990046449986
4.833333333333333
0.009084714967059647
1.7486487714039154
-0.4196053923756645
0.3272368656983919
0.2636164603905139
-0.6238859180035651
0.1748878923766857
0.7789068445319884
-2.696219961799861
4.90733132475121
-0.4177363909316352
-2.385842254752017
-0.4566005640360031
1.0837792867743115
2.1354213008274754
-3.092603885355867
-0.382056814095649
1.5115282227135314
0.9911992177082285
0.48853483561462563
0.4204625087596516
-2.68667131891139
0.8381140193617908
-1.5956264722876612
-0.18066847335140018
-2.0045248868778365
-0.16622800941958302
2.7427038527357746
2.187809489511115
-0.32158590308370844
0.030936491801841732
0.47274012547494115
-0.3825689283672582
-1.222742120596816
0.27260133172455486
1.2701666815224173
0.4884918364652514
3.013050713847759
0.5314173964798912
-0.3467670317587778
-0.3649480161256062
-3.454150517483705
3.908593612140458
-1.7449265517534138
0.6481441472583502
-1.37809642381833
