3.64300882410173
-4.982653769233906
0.7731892337694694
-0.7621418402230129
-0.9561280678997061
-1.3998993876524333
-0.4521463757916928
-4.952901048017956
2.274988146261181
-4.970547596538427
10.49167782666921
4.72001939259619
0.26703042328041726
4.63131683747929
-2.9866036249014973
-4.670619770936561
3.101567825494206
1.5867768595041323
-4.1978522616335825
-4.999999999999994
4.5301773455377505
2.000171027877541
0.9381366376310972
-4.649578896659407
1.2709059233449447
-1.233452893969496
0.6758110167646451
0.0008650444200341156
-0.6608882199270034
-4.124941221546865
4.812853652555377
1.9999999999999938
-1.4518979168790536
-3.42933990810265
0.49901357781129996
0.017765144785930005
-2.3294849023090523
-1.7976485992525775
1.8527777777777812
3.635421496168213
-3.520175438596485
-3.2612945166246985
2.7810150375939817
0.586142887188072
-2.3072727272727205
0.12841748711171644
-0.08828996282527882
-3.7049439560950588
4.422248410965778
2.0342275670675267
-2.0734548817305587
1.784986853312588
-2.935237402219399
-1.8854310159024572
0.6790766086283833
-0.3908473418586188
-0.34285714285714286
0.286697247706422
-2.088812654850398
0.8253202008798332
4.07062048727749
4.978063869848727
-1.117688637568475
1.8630210427556628
-3.654385964912284
3.7929967041171255
-3.8368421052631545
1.9821940050717828
-4.566230467177703
2.0113595891052953
-2.1389195148842273
2.1499924891092084
-1.7490487307218716
2.9008690446122074
-0.5836363636363703
-2.5037034327621144
1.13674732695555
-0.9932116625862486
0.878597989902673
2.000018570274558
-3.5975348875315096
2.697802664752919
-4.761029073723306
4.017184784707476
-2.5997531116288166
1.9630264913283781
-2.803738317757009
-1.9230769230769231
0.16666666666666666
-4.764608006264063
6.160202256890913
-2.000077447335815
-0.027659784648812333
1.9999604750894213
-1.4492472826613485
-0.007863953602666592
-0.5436385442677207
-1.999624390870714
-0.7968047122425513
-1.7589165887185325
2.269575476579795
0.5879436140823158
3.1760563380281766
2.9983326345349415
-3.424151772190252
1.94481203744547
-4.1904249079318
-2.048353589385899
2.462090163934419
-2.3929282121536284
1.9731584878598543
1.9882253656968296
-2.1129882283406394
1.9422360873503068
-1.399802566633754
-4.545363528964177
4.908644668666485
1.9975605366819225
-2.0946873162125144
0
-1.1143037353703762
1.111673585096682
-1.6611927744622867
1.2941787412558967
-1.081624447125054
-4.454087232226325
3.5141085502175007
-2.5317236064731534
1.9386259896058404
2.047569803516029
-3.958248885285776
-3.052524954101328
3.299920549406285
-0.9218968950512575
1.1378378953189137
-0.8495604996425041
-2.3297985153764658
0.0010857409639247779
-2.0878572048988024
1.9804615162839219
-1.9202540041536675
2.146317668318537
-2.2759586268274496
-0.00444247001332337
1.943666977653383
-0.00653694463208293
-1.9394203530180867
1.8888888888888888
-1.8538713195201746
0.0011111111111151532
4.19106454372728
2.000575858722664
2.9388702443308383
9.953280520008125
-3.054683170145952
0.45353634484007477
-5.953769835623964
-1.0811683072454485
9.064029363784666
1.7668505188370571
-6.970420723865509
1.1720910024488398
-2.790384446461508
-1.9477911646586346
2.387876305549874
-0.01200096007681342
-0.7471494298859844
2.178710711154563
-2.3275309433404012
-0.9218962992881231
0.3821772894967489
-1.3320202645765933
0.44554200751143974
1.3296728062447611
1.0372437219458972
-2.026175181605331
1.2163362848126325
-1.9998385599547859
0.2646047402343235
-0.186890935789603
1.4372280120574779
0.20487230978316728
-2.377530364372466
3.678551803506436
0.20300203002031111
2.9919562483782682
-3.074612403100768
-0.924750317414298
0.7033157756654649
-0.5791641198809535
-2.2092097439050273
0.07420461923755504
1.4098721949310473
0.5392505331573105
-0.49292431389583025
-1.961162486169327
-0.5601515826094197
0.0010412328196622636
-0.4352307868514602
1.2308754170021934
0.07644628099173179
-1.6041455911802924
1.2358371800251706
0
-0.8787746896308657
0.001045478306328947
-2.328255846776309
-0.4527744476793894
2.762335888861406
2.270587004290049
-2.710251688152237
-2.639576826408388
2.007971398019028
-2.582592121982207
-0.15760698253279856
-0.9318933983626585
-0.6802197802197762
-0.42154877684469483
0.3111111111111111
4.072884359769613
-3.9081707589642143
-3.291798194605978
2.2001305647498124
-5.81953067216531
4.960673956759196
-0.12470241469221177
2.0601589103291715
1.0142912750931516
-1.269446310017958
0.36465419185048875
-1.0533216297596815
-1.5181970287356845
-0.11630426106886725
0.0011415655429898035
-0.8173515981735201
0.0011509599005612519
-0.8574552569488404
0
-1.271186440677966
-0.051737315538828106
-0.4717591557746422
-0.7115839243498904
-0.2583394842734221
0.7388309998687009
2.867298578199052
0.8281501958074134
-3.2271330492694688
0.46509431735013856
0.6814870517460169
-2.97357856409298
3.0574933846524024
1.4320394015078886
-3.9213430139571193
-0.1209566352498816
0.7182254196642642
-1.6143049322015783
-0.4961097733625353
-0.1617355562851808
-5.859926918392209
-1.6418895314986561
9.204156800841893
-3.5848079309057224
4.946215064779296
-1.2226190476190564
1.2377520398201913
-4.763095238095242
5.00131251640646
-2.036904761904766
-0.9843356949288484
1.8667386688594654
-2.7710843373493974
0.026022304832718262
1.5188117094684204
-0.007321805557254857
-1.9965584994081151
-0.0547911088973244
2.1828783593525984
-0.38164681209075724
-0.1395348837209258
-0.6925207756232686
-0.4480319917058563
0.189689801383622
-1.7435745133707112
0
0.12342258381401201
7.9245283018867925
10.928904428904437
0.23430030364478047
19.71907756813418
7.676951633803797
11.444137258090745
9.99970814423512
0
9.999403020715192
0
0
-9.999758794939524
-4.858258906137984
-5.404225352112674
-3.2056340544645145
-7.01892016612829
-4.858801925653876
0.33385498174230255
3.2719836400818028
1.6730995133411615
3.0749170614158183
-6.66533226581265
2.148831224533562
-3.7982868659724494
-1.4909608317257006
0.06557435156713516
-3.4032039531362015
1.0267693436010268
-0.7078039927404719
0.6360811551818714
-0.9944058992335355
-3.244329074215066
2.0003033635432863
-3.851515883785338
3.332044465925575
-3.9916929380618793
-1.5287927506576988
1.912706187352186
-3.411849233935954
1.3530357860876594
-0.7398885208180466
2.17725819344524
-0.25327844003950395
-1.4127450980392193
-0.793563977366514
-1.24698028287607
0
-1.1754316513901264
2.7023695806242913
-0.4170417041704243
0.3032950699486882
-2.7574468085106347
1.317943596132659
-1.9400209347465944
1.811549143970477
-3.1840390879478755
-0.352216334426781
-2.238939827173267
-0.016189088554314394
0.05181347150258282
-1.8114534783359189
0.026371018250938218
0.37129392637835834
-2.7984809184533463
-3.843988560362101
3.9051522248243558
1.1539978587930313
2.562417139228378
3.841015001249203
-1.6611747476332368
2.800855255459692
-0.12520695364238787
-3.9142552243599633
2.941525323211948
-1.3920749143701059
-1.0877416613554243
1.379999140856566
-0.7415175686698234
-2.6680611733065813
1.1600749991776327
-1.363552607333694
-2.3944791815474513
1.3003535160208055
-2.7829334163175194
4.463091468224498
-4.527397485143972
0.17767079321412196
-1.890268321986392
1.3493812906009905
-1.8457997698503985
4.200665916338389
-5.30946567805668
-1.9938212927756567
3.7256613564171484
1.591958389340199
1.3714233118952437
-0.5595342133039676
0.004565376186993656
-4.082401278246984
1.556346156134373
-4.5119565090039995
4.148466257668716
-0.0011781199561782237
-1.6811969839773884
-2.673361053527129
3.776070522764766
4.307798170579796
-1.2647861692447762
2.502073541609077
2.43650258485052
4.994075569403615
0.00522466039707419
4.999738780627971
0
4.9995024380535344
0
9.50205659912429
0.4543880907045179
2.097962348683927
7.739240506329116
3.3907465281857245
-11.70909090909091
0.022309170785285933
-8.650596208286863
1.9852374960088615
-0.9244935543278051
-1.4833265177144166
-0.02547169811321441
-0.5397601275796563
-1.7476115027371726
0
-0.22402688322597658
4.154770776273377
-2.535774019698937
-1.9925446415803072
0.8297584653845709
-3.235765141721493
2.5802592223329937
2.4414897752896425
-2.399430740037947
-1.3706486764977495
0.2651265018085731
1.6455322913594774
-1.454489188039144
0
0.28263002944062093
0.4021998669119698
-2.7222487548611514
-3.430655471614929
3.2194808159199773
-0.4865055033422087
-1.0343329865354858
-0.058176919072851045
-1.3470179738562054
0.22774091365513813
0.8789415519360506
0.93476124170693
-2.1626008013389533
0.5681523643640021
0.15669941546993235
-1.0097475116568562
2.293806929251742
1.4047856228018534
-2.3807137129109863
-0.08625558350875018
-1.1952600692695974
0.48159936757578786
-0.6925394147058481
-1.8877955218279652
2.079238427131022
0.19463352692604685
-1.1281358749285864
-1.1284001723069126
0.060570639179647494
-1.0216435504768455
1.7682403433476317
1.994770580296904
-1.6404796361381095
0.0010509390140128405
3.02036698404691
1.3975598808503693
3.416567737781448
4.947759596863634
-3.223952539859096
