0.1708074534161526
-0.480545651836928
-7.647975077881623
0.8601787822567082
4.1806020066889635
0.17656500802568584
-3.861560647332162
1
1.1221122112211146
0.5385117493472696
0.25969810095764045
2.5416869030273483
-1.1682980738869557
0.015974440894572322
0.23957834211787254
-0.2549394518801821
0.3035143769968015
-0.6211180124223566
1.025641025641022
0
-0.5869289340101415
0.526567735758729
0.5555555555555556
-0.15785319652722968
-0.25296442687747395
1.7593913456966275
-2.1183800623052993
1.3367281985996144
1.7116834170854416
1.0653080129689636
-1.848457073021696
-1.245136186770428
6.650906225374317
-0.10344318013891612
-0.31065088757396786
-0.13355097195429252
-1.1144130757800892
0.661157024793385
-0.3731900283624422
-0.9889121965837613
-0.7263922518159738
0.3048780487804878
1.0334346504559202
-0.7220216606498127
1.5151515151515151
1.5820895522388094
-0.9697325888921573
0
0.178041543026713
0.4146919431279553
-0.19174041297934433
-4.50716713462391
-2.5069637883008427
-0.6349206349206349
-2.188498402555918
-1.224889759921607
-1.52116402116401
-0.6044325050369413
-0.8783783783783861
-0.13633265167006725
0.5631399317406066
-0.11878499915152416
1.3081889228678103
-0.03354016434679386
2.5163563160543534
0.06545573555882461
-1.3573180703188805
0.9118037135278514
-0.9364218827008453
-0.33167495854063017
0.3660565723793753
0.23209549071617658
-1.1247105524313707
0.06691201070593693
-1.6048144433299936
0
0.44172612979952813
0.8119079837618326
-0.11744966442953783
0.4199563245422476
-0.3178320508531244
0.016781339150868057
3.3892617449664506
0.4057124310288867
-0.2586067561015068
0.3889158969372836
-1.46892655367232
-0.04914809960680776
-3.409277167677441
-0.8993721364330485
1.952054794520544
1.7635203224722875
-1.0562799141772532
2.6688907422852375
-1.9821283509342071
1.7570031493452716
-0.6678612151816294
-3.2797638570022962
3.6961681926076753
1.3734466971877006
1.95161290322581
0
1.5978484417022658
1.0432886951105467
-2.065033132994295
1.6522423288749017
-1.238390092879257
0
-0.6269592476489029
-1.4195583596214512
1.9520000000000073
0.7532956685498986
-0.031152647975084966
-0.2648800249298741
-0.14060303077643763
0.12515644555693906
2.4062499999999964
0.3967043027159022
-0.9118541033434651
-1.211656441717788
1.5215028722248027
0.44349288882091714
0.07612667478684532
-0.8063289213448889
3.880368098159502
0.10335154289089703
0
1.5929203539822943
-0.13066202090592005
-0.7123128361680444
0.2635431918008718
-1.752336448598131
0.5796670630202276
0.16255356878970134
-6.107996459132485
-0.06285355122564068
-5.141509433962272
0.13260401127135227
-1.3408376096672774
-1.6275167785234976
-0.15350503155380818
2.101127434233015
-1.2046177011878945
1.5918712955122738
-0.03333888981495779
0.1667500416875104
-0.4661228566672329
0.3679545074427238
2.31628061989668
0.35830618892508886
1.3956507627393555
-0.12804097311138837
-0.5128205128205201
-0.7570876288659685
1.0712546664502551
-0.016059097478725345
-3.0999036299389764
0.7956240676280572
-0.3782272652524368
0.3796632551997472
-0.41111659266567996
1.0568031704095073
-1.1437908496732025
-0.809917355371897
-0.9831694717547037
2.6422080107707724
-1.2297097884899164
-1.6600265604249669
1.890614449696159
-1.8058316766070206
2.8344862493672944
-0.06562756357669848
-1.3134132326383188
1.4473465313591634
-1.049524434240731
0.3314550878355983
0.363396101750916
-0.49374588545095455
3.0598742970559045
0.44936607286149166
-1.7414922511583284
-0.34146341463415003
-0.5547397617882163
-1.9852337981952457
1.5065282892534315
0.2638522427440671
-0.2960526315789399
-0.5113823820521317
0.845630906980604
0.739888194672805
1.6974049290027708
0.12839030653184955
1.2982849815675626
1.2341772151898662
-1.48483901219131
1.3802950975725918
-2.3943661971830914
1.8117684784351378
0.8188976377952828
-1.265229615745083
2.104097452934655
-0.5113108149984436
0.12459118517364187
-0.9799346710219249
-0.973923971096457
-0.9835025380710553
0.20826658122395938
-0.015987210231818184
-0.4477134633834273
0.24092515258592997
-0.9453613203012301
0.35587188612098536
0.5157962604771189
0.41693393200770085
-0.25550942190993653
-0.896573807236635
1.5670436187399104
0.3022109114044818
0.4915953060577264
0.33138709168374764
-1.761560239068879
0.3842459173871241
1.2280701754386036
0.1890657003308542
0.5818524925302793
-0.6253908692933083
2.6746381371932033
-0.030646644192467893
0.6284488044144732
0.5331302361005331
3.424242424242428
0
-2.666276003515975
-0.9482239614689878
-0.8357392493542014
0.10726325467360279
0.7653451706719732
1.154488834877719
-2.868298543324827
-0.6957328385899815
1.6970263116923698
-1.3165952235150065
1.2876202295997448
0.39822331138000044
1.4797864225781916
-1.9843656043295317
0.27607361963189486
-0.887121443866619
0.9722222222222152
0.24453614549901007
-0.2896783046196032
-0.030581039755358634
-0.15295197308045275
-0.6893382352941176
-1.0797470306956656
-1.122719476064234
-0.2523261315249996
-1.9288537549407188
-3.998065452200541
0
3.711167086481952
1.9268134715025869
3.081810961080219
1.047927261519505
0.03050175385083602
0.32017075773746345
0.6838905775075987
1.1471698113207582
0.01492314579913785
-0.910176066845721
6.053305225116689
0.7951157177339235
-1.662205944499219
0.05729838132072443
-2.2333571939871186
-0.11714745936446838
1.7299516199970613
-0.07205649228995532
-1.197000288433798
1.6056050211647934
-0.40224105731936044
0.10096639261503614
0.8501440922190169
-1.0430061437348128
0.8374241986716654
0.7875143184421535
-1.2927972723398242
-0.3310305123776561
2.064981949458477
1.287492925863048
-1.7739907808353028
-1.8486916951080772
0.8982903506229979
-0.9046524985640372
3.9124764526880162
-0.013945056477481904
0.4323570432357075
-1.0831828912651116
0.6036782254668073
0.027909572983523832
-0.5161830357142763
0.2664422942083827
-1.6363636363636427
0.9384331010948419
-0.7465840259191372
-2.0437127448197527
1.405389742103728
-1.6288041148735501
-0.13071895424836272
-1.5415939499709166
2.8508124076809387
0.5457417779692759
0.571346950435652
0.2414429768498696
-2.2385945026919742
-0.8260869565217457
1.5928686248721455
-0.9493670886075981
-1.6555329654371154
-1.3437684583579477
-3.652147882053581
-0.5748019263632197
1.1093750000000036
0.139082058414461
-0.555555555555559
0.7914338919925548
-2.7405696689761285
1.1556118410637888
-1.5336463223787096
0.3973299427844882
0.20579388950450442
-0.03159557661928049
0.45828065739571605
0.6764196948245956
0.5312499999999964
1.3677339135840951
-0.7206378411530274
0.07722007722007722
0.2623456790123527
0.10774203478527501
0.26137761377614477
-0.15335071308081583
-1.1826140377822216
-1.0879701585327946
1.9327467001885714
1.1253275782333827
-2.621951219512202
0
-3.0369442705071976
-0.5327736519212067
-1.0550235351403991
-0.39370078740157105
1.7786561264822058
0.469255663430417
-1.3206635529070594
0.032642402480811454
1.9089574155653526
0.624399615754079
-1.0182975338106566
-0.3375663076675812
1.4516129032258065
-0.4769475357710652
2.1725239616613456
-0.9380863039399624
0.5997474747474676
-1.9610919359899592
0.7361177788446188
0.3971405877680699
-0.07911392405063292
1.3460015835312746
-0.15625
-1.1111111111111147
-1.7249564804557649
-0.1449275362318804
1.2578616352201184
0.5733397037744901
-1.8685669041963506
1.6620945618847756
-0.2857142857142785
-0.03183699458771816
-0.8598726114649645
0.17667844522968562
-0.5611672278338945
-1.289906481780071
-0.4737014047696979
-0.525192844247486
0.9734367266127664
0.8169934640522876
-0.5834683954619162
-0.5542875774372314
0.9672131147540947
-0.016236402013317542
0.9093861643390749
-0.0804634695848085
0.483169592526977
0.9456643692899467
-0.5080978088281887
-1.0533035429301025
0.7903225806451576
0.6881100976156295
0.3655435473617219
-1.1718131433095769
3.18859157186348
0.6211180124223602
-0.40123456790123807
0.588782150604287
-0.5083179297597147
0
-0.24771636476235065
-0.636349526618021
0.9996875976257383
-0.13918960717599402
0.5885085953228983
-0.5080831408775911
0.21665119158155016
0.20074119827053033
-1.8801047927261414
-0.10994188785928152
0.5974842767295526
-0.5783057205376574
1.0218519100770318
0
0.2334267040149393
1.6767582673497834
-1.3589861047488132
-1.6099071207430304
2.045311516677155
0.770891150169596
1.3616891064871446
0.18113207547170498
-1.0697604339309963
0.5025890953396215
0.39399909077133244
-0.2716981132075403
-1.4984107764492343
0.09219422249539379
0.5680073687442502
0.4121508166692004
-0.31924597141987066
-0.24401403080677483
-0.4280691025837132
0.09212344541686208
-0.5522319374137172
3.5014653709702372
-4.888226527570783
0.9244750861798773
-0.01552553951250159
-0.15527950310559005
-0.5443234836702955
0.09382329945270097
-1.390407748789248
3.279467680608354
-3.6048473692284095
0.28644175684278617
-0.6029831799428861
0
-0.3512132822477541
-0.6728612624158996
1.5806451612903152
-0.36519530009526113
-0.0796812749003984
0.19138755980861968
-0.509391913403382
-1.4239999999999964
3.148839474111342
-0.07867820613690008
2.157480314960637
-1.973177123477735
1.1165277559364717
-0.7309486780715467
-0.5483315055616481
0.5513547574039068
-0.3289989033369746
-0.3458032065388314
1.798107255520501
