4.102167182662534
-4.460966542750927
-2.7237354085603087
7.920000000000003
-4.151223128243147
-0.23201856148491384
-2.635658914728681
2.3089171974522222
-0.9338521400778149
3.299293008641005
-0.2281368821292862
0.7621951219512304
-0.302571860816951
0
-0.45523520485584595
-1.0670731707316983
1.2326656394453015
0.3044140030441335
-2.7314112291350487
-1.6380655226209115
3.7272006344171347
3.211009174311926
-4.88888888888889
1.0903426791277302
0.8474576271186397
0.6875477463712747
-0.07587253414263875
-1.2148823082763869
-2.3827824750192197
-1.4960629921259805
4.316546762589936
3.8314176245210727
-4.944649446494465
-1.0093167701863415
-2.117647058823526
-0.5608974358974381
-3.142626913779215
1.4975041597337748
-2.213114754098357
0.9220452640402299
-2.0764119601328903
3.901611535199329
-1.795918367346944
-1.3300083125519546
1.010951979780969
1.7514595496246794
-8.770491803278677
3.683737646001782
-0.3466204506065784
0.17391304347825717
0.0868055555555537
0.8673026886383471
-1.9776440240756699
0.2631578947368365
-1.9247594050743557
1.159678858162346
-3.5273368606701974
2.193784277879344
0.08944543828264569
2.412868632707787
-3.141361256544513
2.9729729729729737
-0.08748906386701476
1.138353765324
0.5194805194805083
1.5503875968992225
-2.9686174724342633
0.2622377622377722
3.0514385353095
1.9458544839255534
-0.5809128630705418
1.335559265442405
-3.1301482701812255
0.5102040816326573
-5.752961082910319
3.231597845601431
-4.173913043478264
0.2722323049001918
6.24434389140271
-1.5332197614991459
12.889273356401386
3.44827586206896
-4.518518518518515
2.0170674941815343
-5.24714828897338
-0.8828250401284206
-1.3765182186234812
3.2019704433497584
-5.7279236276849685
-2.7004219409282726
4.943625325238511
-2.066115702479339
1.2658227848101296
0
-0.5000000000000041
2.596314907872701
0.1632653061224455
-3.1784841075794525
3.4511784511784374
2.8478437754271884
-2.689873417721518
-1.6260162601626102
1.8181818181818235
-0.5681818181818205
4.571428571428576
4.215456674473061
-2.996254681647943
-0.7722007722007695
0.7782101167315147
0.3861003861003916
-2.153846153846149
0.23584905660376854
0.31372549019607177
-0.31274433150898473
0.6274509803921574
0.5455962587685135
-1.937984496124031
-1.185770750988145
-1.2800000000000011
-0.32414910858994445
-0.3252032520325278
0.7340946166394768
7.692307692307701
0
-3.4586466165413596
-1.7912772585669816
0.7930214115781239
-0.786782061369012
1.6653449643140432
0
-4.056162246489857
-1.219512195121954
0.6584362139917701
0.1635322976287782
-0.5714285714285737
0
-4.1871921182266
7.026563838903173
-5.044035228182552
0
-1.6020236087689672
2.399314481576687
-2.9288702928870265
1.9827586206896588
-0.25359256128486357
-0.423728813559328
-1.7872340425531987
-2.9462738301559783
5.625000000000007
1.3524936601859692
0.7506255212677219
-2.980132450331121
0.6825938566552907
-2.4576271186440755
0
-1.3032145960034784
-0.35211267605633056
-3.886925795052999
3.2169117647058787
0.17809439002671035
-1.4222222222222234
0.9918845807033312
-0.5357142857142744
0.5385996409335612
-7.4107142857142865
4.821600771456124
0.5519779208831693
2.470265324794141
-2.142857142857129
0
-1.642335766423371
3.617810760667909
-2.8648164726947205
5.990783410138252
-2.869565217391305
1.9695613249776243
-2.546093064091316
0.9009009009008977
-0.6249999999999867
1.0781671159029578
0.5333333333333378
-0.5305039787798452
-3.199999999999995
-0.7346189164370989
-1.1100832562442275
-1.5902712815715616
2.6615969581749157
3.1481481481481466
-1.9748653500897722
1.1904761904761976
-1.9909502262443495
-0.27700831024930156
1.0185185185185133
0
1.0082493125572816
0.2722323049001918
-0.36199095022625266
1.18074477747503
-3.7701974865350083
1.6791044776119375
-1.559633027522935
2.8890959925442563
-3.4420289855072377
0.09380863039399424
0.18744142455482263
-0.3741814780168302
-0.18779342723004294
1.128880526810905
-3.906976744186046
-0.774443368828655
-1.365853658536591
1.3847675568743876
-1.7560975609756069
0.29791459781528656
-1.0891089108910834
2.2022022022022085
3.0362389813907806
4.562737642585556
-1.7272727272727229
-0.8325624421831623
17.07089552238806
-0.3984063745019977
-2.239999999999995
1.4729950900163642
-2.177419354838706
0.577081615828512
-1.3114754098360668
-0.6644518272425108
-0.5852842809364572
-0.08410428931875345
3.1144781144781075
-1.632653061224484
1.991701244813265
0
-1.3018714401952676
0.577081615828512
-1.7213114754098287
-2.4186822351960044
-1.7948717948717872
2.175805047867711
1.5332197614991459
2.684563758389264
-1.715686274509811
-1.911886949293422
10.08474576271186
-0.6928406466512691
4.1860465116279
3.422619047619054
-4.244604316546761
-0.7513148009015751
-4.390613171839516
1.1084718923198638
0.5481597494126882
-2.6479750778816187
-3.680000000000007
0.7475083056478542
-4.451772464962909
-1.380500431406386
-6.124234470691158
-0.7455731593662634
5.6338028169014045
0.17777777777777398
0.44365572315883506
-4.32862190812721
7.848568790397042
-1.5410958904109564
-1.7391304347826024
2.8318584070796327
-1.2908777969018812
2.8770706190061035
-0.847457627118656
0.5982905982906007
-0.6796941376380635
-1.1976047904191514
-0.17316017316018484
0.34692107545534195
-1.4693171996542778
0.9649122807017494
-2.6064291920069413
2.319357716324708
-2.789886660854405
-1.9730941704035931
0.640439158279966
1.5454545454545447
-4.744852282900621
1.03383458646616
-0.2790697674418545
0.932835820895519
-0.5545286506469547
2.2304832713754665
-1.3636363636363669
1.3824884792626762
-2.3636363636363615
1.6759776536312823
1.923076923076931
-2.6954177897574185
0.8310249307479212
2.930402930402933
-3.9145907473309562
0.9259259259259226
-2.660550458715605
0
-0.471253534401498
4.071969696969694
-3.821656050955413
2.6490066225165503
-4.6082949308755765
-0.48309178743960324
0.19417475728154923
3.779069767441866
1.213818860877675
-2.214022140221404
-0.2830188679245223
-3.0274361400189242
0.19512195121950804
-0.876338851022394
-1.57170923379175
0
-0.29940119760478406
0
0
1.801801801801799
-0.884955752212388
-0.5952380952381001
-0.5988023952095681
-0.10040160642571849
0.40201005025126557
-1.1011011011010954
0.40485829959513303
-0.7056451612903254
2.030456852791889
-3.3830845771144262
1.8537590113285243
1.1122345803842206
-0.5000000000000071
0.20100502512564172
-4.7141424272818515
-5.157894736842107
2.885682574916757
-0.5393743257820813
-2.277657266811289
-3.440621531631526
0.4597701149425394
2.0594965675057173
-3.0269058295964077
2.312138728323691
-1.0169491525423713
-1.7123287671232919
-1.3937282229965067
1.5312131919905654
-5.80046403712297
7.142857142857144
-2.2988505747126355
-1.7647058823529453
2.1556886227544876
-1.52403282532238
-0.9523809523809532
-0.48076923076924183
-1.6908212560386329
-0.49140049140050274
0.24691358024690832
0
-5.788177339901464
-1.9607843137254948
-2.2666666666666657
-3.81991814461119
0.9929078014184438
5.337078651685391
-6.133333333333334
0
3.8352272727272667
3.9671682626538995
-5.921052631578938
-3.4965034965034962
4.927536231884056
2.4861878453038635
-7.951482479784365
1.0248901903367538
-3.913043478260876
-2.111613876319754
4.006163328197223
-0.7407407407407381
-4.0298507462686635
-5.9097978227060635
-0.8264462809917327
-3.166666666666673
-5.16351118760757
-3.6297640653357566
-4.143126177024477
0.1964636542239644
8.431372549019619
1.2658227848101156
-4.9999999999999885
5.075187969924804
4.651162790697671
1.7094017094017186
8.067226890756295
4.199066874028001
0.7462686567164153
4.88888888888889
0
3.107344632768358
1.7808219178082179
3.903095558546434
1.0362694300518145
0
-4.9999999999999964
-3.5087719298245585
1.2587412587412568
0
-4.143646408839777
0
4.899135446685877
-0.9615384615384654
2.0804438280166484
1.6304347826086971
-4.679144385026746
-0.5610098176718098
1.1283497884344158
0.41841004184100766
-0.9722222222222261
0.8415147265077209
-1.3908205841446526
-0.5641748942172079
-0.8510638297872285
2.8612303290414904
-3.19888734353269
0
0.43103448275862427
2.8612303290414904
-3.477051460361613
-2.449567723342951
3.249630723781398
-3.290414878397717
3.2544378698224947
-1.1461318051575942
1.4492753623188352
-2.142857142857148
1.7518248175182498
-1.0043041606886571
-0.2898550724637748
-0.726744186046509
2.4890190336749622
-2.85714285714286
2.794117647058829
0.5722460658082981
-1.7069701280227612
-0.1447178002894325
1.4492753623188352
-1.4285714285714235
-0.7246376811594305
-3.3576642335766356
1.5105740181268827
-2.976190476190479
5.521472392638041
-3.1976744186046475
4.054054054054047
0.865800865800873
-2.5751072961373476
-4.111600587371504
3.06278713629403
-1.188707280832096
0
-0.7518796992481309
0.9090909090909167
2.1021021021020974
-1.617647058823521
-1.3452914798206388
1.5151515151515234
