1.2479201331114809
-0.4108463434675431
-4.042904290429047
2.2355975924333693
-0.8410428931875525
1.6963528413910092
0.5838198498748862
-0.24875621890547028
-1.5793848711554377
1.4358108108108012
-0.16652789342213875
0
0.5004170141784773
-0.4149377593360996
0.16666666666666904
-1.0815307820299478
0.3364171572750138
0.4191114836546522
-2.754590984974956
0.8583690987124464
0.7659574468085155
-1.0135135135135158
4.948805460750851
0
0.7317073170731754
-0.5649717514124316
-0.8116883116883117
0.3273322422258523
-0.4893964110929807
3.6065573770491848
-3.7974683544303884
3.0427631578947394
-2.3942537909018355
2.044153720359771
-4.086538461538457
0.16708437761069578
0.8340283569641367
-0.6617038875103485
-1.6652789342214822
0.33869602032176604
0.08438818565400365
0.5902192242833076
1.2573344509639564
-0.9105960264900615
-0.2506265664160377
0.8375209380234505
1.6611295681063123
2.4509803921568625
-1.594896331738437
-3.16045380875203
1.3389121338912087
-0.7431874483897535
1.0815307820299478
0.16460905349794472
-0.8216926869350862
-0.5799502899751473
0.5833333333333357
-5.053852526926271
2.9668411867364797
0.6779661016949129
-1.346801346801342
-0.08532423208191854
2.6473099914602978
-0.33277870216306626
-0.7512520868113451
-0.6728343145500516
1.016088060965286
1.0058675607711676
-2.074688796680498
0.08474576271185959
-1.6088060965283586
1.2048192771084263
1.0204081632653086
0.5892255892255917
-3.0962343096234335
1.5544041450777177
1.5306122448979689
-0.5025125628140775
-0.25252525252525015
0
1.2658227848101267
0
-1.416666666666669
-0.08453085376161819
-0.8460236886632826
1.0238907849829375
0.42229729729729726
2.0185029436501187
-3.709810387469085
0.4280821917808219
2.3870417732310294
-0.5828476269775092
-0.67001675041877
1.5177065767285087
-0.5813953488372117
0
0
-0.5847953216374293
-0.42016806722689076
0.2531645569620229
2.861952861952867
0
2.7823240589197966
0.8757961783439558
-4.183109707971584
0.9884678747940597
0.3262642740619949
2.68292682926829
-3.87965162311955
-0.16474464579901388
0.08250825082507782
1.1541632316570534
0.4889975550122203
3.487429034874288
5.721003134796248
0
-1.4084507042253562
-1.5037593984962405
-0.15267175572518216
-0.7645259938837919
1.9260400616332818
0.37792894935752075
-1.3554216867469964
-0.610687022900772
-1.5360983102918588
0.07800312012482273
-1.3250194855806834
0
-3.238546603475509
1.795918367346941
-2.6463512429831573
1.3179571663920875
-1.4634146341463392
-0.9075907590759146
-0.6661115736885905
-7.376362112321876
4.8868778280543035
1.2942191544434858
-1.7035775127768313
0.5199306759098737
-0.17241379310345073
-0.2590673575129509
1.558441558441556
11.338448422847398
-5.742725880551302
5.280259951259139
-7.71604938271605
1.3377926421404753
1.4026402640264048
2.603742880390552
-2.458366375892145
3.495934959349591
-4.5561665357423395
0.32921810699588944
0.8203445447087776
0.4068348250610252
-1.7017828200972516
-0.3297609233305783
-0.5789909015715491
0.998336106489187
0.7413509060955449
3.1071136549468497
-4.36161776367962
-0.9121061359867283
2.928870292887029
-1.707317073170727
-0.08271298593879944
0.8278145695364238
-1.1494252873563149
2.9069767441860463
-1.372074253430188
1.6366612111292962
-3.1400966183574925
-2.3275145469659164
3.5744680851063855
-2.2185702547247352
2.6890756302521033
1.4729950900163642
3.4677419354838803
1.3250194855806614
-3.6923076923076903
0.47923322683705616
-1.192368839427663
1.9308125502815814
-0.9471191791633803
0.07968127490039388
-1.0350318471337558
-0.5631536604987956
-0.7281553398058184
5.13447432762836
-3.3333333333333313
1.202886928628709
-4.675118858954046
-0.16625103906899655
-0.9159034138218105
4.0336134453781485
-3.8772213247172838
-0.08403361344537337
-0.3364171572750258
4.55696202531646
-3.147699757869254
3.1666666666666643
-2.98869143780291
0.7493755203996717
0.6611570247933861
-1.3136288998357917
0.7487520798668814
-4.046242774566467
3.9586919104991343
-0.5794701986754991
-0.16652789342213875
-0.9174311926605575
1.0942760942760918
-0.16652789342213875
0.8340283569641367
0.5789909015715373
0.6578947368421146
1.3071895424836555
0.080645161290318
1.0475423045930794
6.858054226475274
1.7164179104477697
-5.575935436537067
-0.5439005439005351
0.9374999999999911
1.2383900928792746
-0.9174311926605634
0.07716049382715612
-0.46260601387817607
0.2323780015491955
-1.15919629057187
0.0781860828772434
2.734375
0.30418250950570774
-1.4404852160727866
0.4615384615384572
-3.0627871362940278
0.631911532385475
-3.0612244897959227
1.6194331983805668
-1.9123505976095663
1.2185215272136476
0.4815409309791401
0.07987220447283891
-0.7980845969672785
0.32180209171360075
-1.1226944667201328
0.16220600162206233
-2.2672064777327914
0.9113504556752231
-0.6568144499178958
-0.2479338842975183
0.49710024855011953
3.87469084913438
-6.587301587301585
6.966864910790147
-11.914217633042096
0.9017132551848511
-1.60857908847186
1.3623978201634879
5.734767025089611
-0.5084745762711816
-1.2776831345826234
1.2079378774805793
1.449275362318843
-1.8487394957983216
2.825342465753422
0.16652789342215057
1.413133832086453
-1.885245901639342
0.6683375104427712
0.2489626556016574
-0.1655629139072871
-1.1608623548921986
1.342281879194626
-0.1655629139072871
-2.238805970149244
-0.5937234944868557
0.34129692832763775
1.1904761904761954
-0.5882352941176494
-0.42265426880811496
-0.7640067911714699
0.5132591958939215
0.851063829787234
-1.9409282700421917
0.8605851979345955
2.047781569965863
-0.4180602006688963
-2.602854743912674
2.500000000000005
0.5887300252312772
0.2508361204013473
0
-1.0842368640533873
-0.1686340640809348
-1.0135135135135158
-0.17064846416382495
0.6837606837606813
0.3395585738539946
-1.4382402707275828
-3.8626609442060085
3.7500000000000027
-0.5163511187607647
0.7785467128027731
2.2317596566523554
-4.450041981528126
0.175746924428825
-1.3157894736842106
4
-1.538461538461536
1.3020833333333333
-2.570694087403599
0.5277044854881217
-2.8871391076115462
-0.9009009009009009
2.181818181818187
0.8007117437722344
-2.0300088261253286
1.2612612612612664
1.868327402135226
0.6113537117903955
0.5208333333333284
-0.34542314335059715
-1.6464471403812873
-0.3524229074889918
-1.3262599469496021
-0.985663082437271
2.1719457013574712
-1.860053144375561
-2.256317689530686
-1.477377654662968
0.28116213683223723
1.7757009345794446
0.8264462809917277
14.75409836065574
-13.333333333333332
1.5567765567765592
-2.7953110910730463
0.649350649350652
-1.1981566820276472
0.7462686567164153
-0.9259259259259259
2.6168224299065392
-1.8214936247723132
-1.391465677179963
-1.1288805268109152
4.567078972407242
-5.459508644222019
-0.7699711260827828
-3.976721629485931
2.525252525252525
2.2266009852216797
-0.4818812644564379
-1.220220801859389
1.137254901960781
0.19387359441644325
-2.8637770897832757
2.5896414342629424
0
1.844660194174763
-4.346997140133462
7.634044249551521
-0.8333333333333386
8.123249299719891
-0.6908462867012065
-6.139130434782611
-0.8708541782471723
-0.3738317757009399
-1.5009380863039348
2.876190476190472
-1.4441770042584727
3.0246101822280793
0.23705324580597273
-0.9641622703292726
-7.05363703159441
2.411067193675887
2.5086839058278603
0.3388554216867465
0.22514071294559954
1.2729314863347054
-1.0536044362292056
-1.1955912572389324
-1.4936660994516906
-0.422264875239921
-1.4456437933693138
-3.383532172892634
0.6072874493927212
-3.0181086519114686
2.3651452282157686
-0.3445480340494562
2.54220052877771
-1.2296707655692276
0
2.4096385542168735
0.6862745098039243
-0.7789678675754598
1.0206084396467046
2.448027977462596
0.5120424805613563
-0.8679245283018884
0.5329272934906759
-0.4543733434305225
-1.8448079117535163
2.0538655299360635
3.4744636415416714
-3.339449541284404
1.8413059984813949
-0.31686859273066487
1.7950635751682888
0.3490080822924409
-7.5599487461102
4.990099009900996
3.73443983402489
4.000000000000005
-0.402097902097909
1.9835000877654951
-1.2564543889845163
3.5035732961478216
-0.43785786460088433
1.2855209742895892
0.15030060120239863
-3.718525929631477
0.13855213023899945
-0.41508128675199235
1.0420284821118468
0.6703334479202485
1.1951511012463767
0.8773409819470154
0.0167252048837565
-2.7257525083611966
-1.650335224342446
-0.19227407795839788
1.0858143607705735
-1.3513513513513533
-0.10537407797680923
-1.547116736990159
3.39285714285714
-4.473229706390322
1.2475140119327386
-1.3392857142857142
2.986425339366513
-2.3022847100175663
1.8168735384061845
0.4770318021201343
0
-1.248461403200283
2.2079772079772115
0.8710801393728224
-0.8117443868739186
-0.9228626153578289
0.6502636203866512
-1.484197660206044
-0.5671747607231483
-2.5846702317290604
1.7749313815187537
-0.8809780654440758
0.21766733176128683
1.0135746606334883
0
-3.5835871707579283
0.2044229697082316
0.09272997032640422
0.7967389290346484
-1.764705882352943
0.11227544910180066
0
0
-1.8691588785046729
