2.07994800129996
2.9396158335986464
-5.288659793814428
1.0340698813540872
-0.9480715363068377
-1.0550358929736712
-0.14290425414972718
1.0017613386173516
1.6457765667574957
-0.7505897490885696
-0.5077787381158216
1.1944836572917799
1.5988840004292282
-0.15842839036755388
0.8991854437744632
-0.30404697001467573
3.4178147018613947
-0.7524913565181999
2.0081967213114775
-0.7432703897147426
0.48573163327261226
-0.48338368580059965
4.108480064764208
-0.8553654743390314
2.803921568627442
2.040816326530621
-2.841121495327111
0.7502885725279129
-0.907007828909681
-0.18306195201850764
0.3861003861003861
0.4711538461538549
-1.1484352569623886
0.07745183464032863
-0.09673986649898422
0.6100513217778594
-0.11549566891242016
0.3468876469454747
0.7009794507393848
0.2765328501954671
0.8653480410802717
0.6882247572357834
0.589887640449434
-0.8005212696639588
-0.02815051140095285
0.17833677492020494
-3.438583341141202
0.36871725208618106
0.9860788863108872
0.08615738081563191
-1.530368244858919
2.952889752306954
-1.2831399188602826
-0.7741565516582155
1.0017337699865019
-0.8201411405683683
-1.4230769230769187
0.5754974639094678
4.306080884492299
3.2078103207810322
5.405405405405405
0.1965811965811927
1.2198242770621817
0
1.6770605090173683
-0.016576875259017444
0.4642294619912241
0.11552108259756279
0.44506717217506725
0.5989989332895671
-2.6672104404567736
-1.9525685075002057
2.6752136752136715
0.8490801631565842
-0.7676434172513376
2.1793378805523242
0.2523607945294618
0.5115712545675968
1.6884795605105907
-0.05561293397950627
1.0254372019077973
-0.015736879376823155
-2.132682773274584
0.016082341588939005
-1.5114970252452127
0.7836734693877476
-0.8909768346023004
0.04086302713305002
0.5064945674373046
-1.3086239128667732
0.8647669247240981
-0.22862741895974154
1.6613470824126322
-0.2093060698760374
1.3794772507260518
-0.16710432084030685
2.5984377490833843
1.460534493474204
-1.8453292496171447
0.6318745611982143
0.5193798449612438
1.025680573764167
-0.6106870229007634
-1.48233486943164
0.18710532470568828
0.7625865691386027
0.4865240559116499
1.1297264063941013
0.7675355270157237
-1.6591251885369533
3.3895705521472426
-0.3115264797507822
1.1681547619047652
-1.6694859160108881
1.6828721017202692
-1.4196395733725602
2.6339352335472284
0
-3.6859323882224677
-0.9586352657004865
4.4966084902065395
1.159652833491364
-1.593366979091558
-0.937797640852823
6.885585385696335
-1.051757542208694
-5.839160839160839
1.7452655031563313
1.766423357664237
-0.136278869602646
-0.7685125332184188
-1.8746381007527406
4.868333702146493
0.5838081170429735
-5.818181818181821
-0.5271755271755204
3.874001642158682
1.74619143432022
-3.0581255738399733
-0.9543931225411562
0.49282824567856165
0.6294832381788836
1.3020075647366955
-1.8596969914554526
5.414105940883816
-1.429761243753464
1.1970145049992957
1.0297801280267154
-0.9986225895316805
1.6765217391304283
-1.2725779967159216
-0.22176022176022492
1.8127517710793262
-0.688996520908666
0.17172688556120347
0.082287595145035
-1.36348064405619
-0.9377604890247292
0.701213098660683
0.06963303391128751
0.4662166863823009
0.8588447153345402
-2.334844114819393
-0.372662072844885
2.9148140306302457
-0.04800438897270919
3.423670668953694
0.8358763433726886
0.625
-1.5626021575678386
0.7372476089266828
0.21757763565635618
-1.9934210526315759
0.5974357253138124
0.780728680101431
1.3573462226047806
-1.953227070812638
-0.5130255180225228
-2.8663273506563054
0.7032542746828335
-0.8010406682185279
0.07591966319276064
2.8620689655172415
0.5363727790814616
-1.2337445815271757
0.12153950033760665
2.9808470461289485
0.37328094302554327
-0.0782932080642034
-0.1893568396996468
-0.5298966374460231
-2.01907267346268
6.2961471338434665
0.7830260166708822
-2.205513784461156
0.717580727831884
-1.7430025445292678
-2.136475462903017
0.23154273617359092
0.48841660616461563
1.5763546798029557
-0.8018105399288775
0.6583664689394523
0.19427535293355783
-0.17450879007239176
-0.09711880867594691
-0.8749189889825016
0.019614253023861036
-1.287750032684014
-0.6688298788159664
0.8133333333333364
0.6149980161354288
-1.0778836674334598
0.989967444023659
-0.3881578947368481
0.4821346014133929
-0.2497699487314435
-0.4546652609383147
-1.7276759118289624
-0.7409403206250842
0.23751357220412597
-0.4671315415340779
-1.088287307849272
-0.39196809242195335
0.24853296513634165
-0.13773156118724605
-0.8964898972484657
0.8976410827360721
-0.7379310344827618
0.2640172305982043
2.432263876377253
1.7386010012177002
4.215705831504745
0.4211063612582235
-1.7472520490501302
0.142265907915146
-2.45382926514271
0.3574738514497611
-2.4934036939313953
-0.08117981328643252
-1.3134732566012248
0.1783754116355747
1.376523763867957
0.4188340201310576
3.605785401950885
-0.006493084864613276
-1.090909090909088
-0.45299369747899754
1.9785002967750445
0.8859859018301782
-0.47435897435898017
-1.21087208553394
1.343069500586787
0.6176016469377192
-3.510230179028139
-1.2590285600689153
3.0534863431984434
-1.6605886949726492
-0.6357194887755718
-2.692435854715101
3.4586672145743442
0.09267840593142401
2.956349206349209
0.8543714267360413
-1.4585987261146556
-1.9455755930450462
2.6367831245880025
1.6377649325626205
-0.1832543443917909
-0.03165358318561661
-1.7731619276803243
-0.11604667655212138
-1.5426321564577463
0.40645076701191934
-0.5876207887176809
1.740443977407067
-0.45187528242205155
0.5122884378445037
-0.8000000000000058
0.28616024973986026
-1.0376134889753568
0.8519003931847968
-1.4944769330734242
-1.5765171503957844
0.4959453119764152
1.8939646548849678
-2.356175142352248
-0.7306119713117561
-2.0931802835921673
-0.4068965517241442
-4.417976594418667
0.13040643338404365
1.0780696042254607
1.352899069434509
0.014125291334120918
0.2259727420379949
-1.4443739871767773
-0.07863883328566694
-0.23610216784717425
0.251004016064257
-2.5967522712640516
0.036721504112808466
4.955583290507305
0.17487409065472861
-0.38405139305914393
0.3294546474134337
-0.020959966464050482
-3.2005590496156504
-0.28876696505919724
-0.8036490008688196
7.3790234289468035
0
-4.69684611201741
-1.9970044932601099
1.3317808019794908
0.050272910083296325
-0.6891106166104307
-0.968558005059638
1.4451499890519075
0.07914238434419088
0.48885693745506503
0.7082558305909351
-1.506002699438804
1.8319509556437137
0.7507613853672291
-0.5975395430579965
-1.874115983026874
0.19459459459459788
-0.999856135807804
0.5594710455569313
-1.835260115606943
0.6550861180627183
-0.5045703839122553
0.6541231809495878
0.7447973713033987
-2.007682829600641
0.17011834319526292
-0.4578010780477033
-1.142348490468056
-0.05252494935094511
2.1396396396396398
0.014700477765530722
-3.395311236863382
-0.33472803347281027
2.763147851309064
-0.19312188962340557
-0.7442137381856069
0.6673164879657991
-2.480262177863843
1.1074620025968074
-2.122677141562163
0.547966350235387
-0.637089346023945
-0.4016994978756312
5.250911347242694
-0.9137803979366316
-0.2974862412613417
4.415933164254815
-4.443491927418206
-1.211124401913862
2.293022551838955
0.059184730339569024
-0.4584103512014821
1.7603803015672619
-2.1678832116788356
-0.17906438856971302
0.29150160699602834
1.9451483082426693
-2.9022589370568057
-0.5420870350850809
1.4458743376230059
0.5074248190433686
1.2027618976909806
0.6896045778006082
0.42987249544627254
0.11607661056296495
-0.14492753623188406
-0.3991291727140784
-0.9326047358834211
-0.014709127013315103
1.4196395733725602
-1.6536118363794572
1.6224188790560472
0.5805515239477503
-1.7676767676767677
0.1836210062431142
-1.7155425219941416
-0.19394301059226535
-0.022421524663673732
-0.1270838005531917
0.0748502994011976
0.6207928197456959
1.6576228350553746
-0.5557180462123362
1.5514705882352875
0.6444138729997894
4.2589928057553985
2.1253105161468366
-2.743243243243237
0
0.6252605252188411
0
-2.754763877381945
0.8093716719914867
-1.2324811606451158
0.6702795208214392
-0.5666525003541578
1.4389514175808553
2.1769662921348316
0.5979381443299
-3.484320557491289
0.9343809726056519
-3.8572129882880986
1.5318403968196075
-1.9254256771319909
0
2.7397260273972672
0.6631016042780716
3.5699107522312006
0.9369443304609524
0
-5.806626465207672
6.466695439505097
0.43240321599892517
-0.17490750084089532
-0.4649909023519166
3.9201083276912723
0
2.1174017851325817
-1.1101186678576043
-1.0774193548387125
-2.0152612013304547
3.9802981895633622
-0.5249007809499453
-0.8494208494208524
0.597092419522329
2.967741935483871
-1.7481203007518853
-2.0024233148396062
-0.16919372681721456
0.8669578254351205
0.6850200336047505
-2.098844672657256
-0.1639021831770799
0.4005778828473954
-0.7129308653280195
-0.3820816864295095
-0.5356434334082883
0.8975467056711656
-0.1647337901950448
0.4290145864959409
-0.7689274447949408
0.6358036956089747
-1.671602500822645
-0.9035539789840038
-0.04052411184654255
-2.743243243243237
1.979991663192997
-0.1089992506301612
1.2684989429175568
-1.1852650010101782
0.19082668847542797
4.108564043262369
0.20908199934662172
0.04564125969877065
2.704640250260688
-2.93165810013326
-0.07190952474342266
0.8700771948188004
-0.17510863220702025
0.2468814968814939
0.45366169799092676
7.103225806451607
0.9577736280946986
-1.1694510739856747
