-5.616605616605627
0.25873221216041764
-5.677419354838717
9.439124487004113
-7.750000000000003
-0.8130081300812931
-0.13661202185793514
2.735978112175103
-1.198402130492665
1.8867924528301772
-0.5291005291005179
-0.2659574468085144
1.2000000000000075
7.6416337285902465
-7.71113831089351
-1.0610079575596967
-2.9490616621983765
3.1767955801104932
-4.819277108433746
4.078762306610416
-5.270270270270278
0.4279600570613572
2.414772727272711
7.3509015256588235
-1.679586563307508
2.2339027595269423
-2.4421593830334083
2.7667984189723245
-0.6410256410256411
1.935483870967742
-0.6329113924050633
-0.7643312101910755
-2.4390243902439095
-0.13157894736841358
-1.4492753623188517
6.550802139037441
-8.65746549560854
0.9615384615384654
-2.176870748299312
3.6161335187760697
-1.879194630872491
-1.5047879616962987
3.1944444444444406
2.2880215343203267
-2.105263157894729
2.1505376344085945
-1.71052631578947
4.9531459170013425
-4.719387755102044
4.016064257028113
-3.088803088803096
-3.851261620185912
4.281767955801096
0.5298013245033187
-2.6350461133069825
5.412719891745602
-6.16174582798461
-1.5047879616962987
2.0833333333333335
0.9523809523809562
0.13477088948786295
-0.13458950201883488
1.4824797843665691
0.5312084993359969
0.1321003963011814
0.2638522427440671
-3.157894736842113
0.6793478260869565
-2.294197031039121
1.6574585635358958
-0.8152173913043401
0.13698630136985523
-0.13679890560874736
1.0958904109589003
-1.761517615176148
0.6896551724137931
-0.958904109589045
-4.287690179806354
5.4913294797687815
-6.438356164383565
-0.14641288433381305
-1.3196480938416506
2.8231797919762345
-0.43352601156068954
-1.0159651669085672
0.5865102639296063
0.43731778425657636
-1.741654571843255
-0.14771048744462115
1.035502958579886
0.14641288433383387
-1.7543859649122846
22.02380952380952
4.146341463414641
-5.035128805620622
1.1097410604192426
-5.609756097560969
-1.937984496124031
2.2397891963109204
1.6752577319587776
-1.2674271229404308
5.0064184852374725
-7.212713936430307
4.61133069828722
-7.808564231738037
0.13661202185791574
-0.9549795361528006
8.815426997245188
-1.7721518987341844
-1.1597938144329787
-0.7822685788787594
0.39421813403418055
5.628272251308896
-0.24783147459727736
-3.1055900621118013
-2.1794871794871833
3.407601572739199
3.9290240811153283
-2.8048780487804845
-6.398996235884578
5.093833780160874
4.59183673469387
-0.3658536585365819
-0.8567931456548382
-3.0864197530864197
-5.222929936305725
4.5698924731182675
4.113110539845763
-3.8271604938271535
1.0269576379974288
-2.4142312579415575
-0.39062499999999634
-1.6993464052287544
0.3989361702127622
-2.6490066225165565
2.312925170068031
-6.781914893617032
6.419400855920115
-5.63002680965146
-2.414772727272731
2.1834061135371177
1.9943019943019822
-14.664804469273735
1.1456628477905004
-1.9417475728155271
0
-0.3300330033003347
0
-0.1655629139072871
0.16583747927031744
-0.4966887417218496
0.6655574043261208
0
0
-2.8099173553719057
2.7210884353741522
-6.4569536423841045
-0.8849557522123894
1.250000000000005
2.292768959435621
-2.4137931034482736
1.0600706713780943
0
0
-3.4965034965034962
1.4492753623188352
-2.142857142857148
5.474452554744526
-7.266435986159162
3.171641791044768
-3.435804701627484
-2.2471910112359472
9.96168582375478
2.7874564459930338
-2.7118644067796636
-0.5226480836236884
4.378283712784588
4.02684563758389
-5.322580645161286
-0.6814310051107422
-0.6861063464837026
-0.1727115716753047
-3.4602076124567476
-2.8673835125447926
2.2140221402213944
0.9025270758122744
1.9677996422182495
0.17543859649123056
-1.2259194395796897
-2.1276595744680775
9.057971014492754
1.6611295681063123
5.392156862745093
2.015503875968988
5.015197568389054
1.1577424023155014
-0.4291845493562394
0
-2.1551724137931036
2.2026431718061676
-0.2873563218390641
0
-4.466858789625372
-0.7541478129713424
-4.255319148936166
0.158730158730161
-0.31695721077654965
0
-2.8616852146263865
-0.3273322422258639
-0.3284072249589421
8.731466227347607
-7.8787878787878824
0.493421052631586
-1.9639934533551602
2.6711185308848107
2.27642276422764
1.7488076311605747
-1.4062499999999978
4.595879556259903
0
-1.060606060606065
2.1439509954058282
-1.0494752623688197
3.636363636363645
0.2923976608186968
1.0204081632653104
-1.5873015873015792
0.29325513196481356
-1.3157894736842188
-0.8888888888888805
-0.1494768310911936
-1.796407185628747
-0.7621951219512195
-1.689708141321036
1.5625
-3.538461538461534
1.435406698564591
-0.7861635220125786
-0.15847860538827482
1.4285714285714264
0.15649452269170802
-1.4062499999999978
-0.7923930269413629
0.6389776357827454
-0.9523809523809547
-0.3205128205128137
0.9646302250803767
-0.6369426751592334
0
-1.6025641025641026
4.234527687296419
-6.093749999999998
5.490848585690511
-7.255520504731863
0.6802721088435472
-4.054054054054063
-1.4084507042253471
1.9642857142857169
1.5761821366024493
-0.34482758620690146
0.34602076124567965
1.0344827586206922
5.802047781569963
-6.129032258064512
6.357388316151194
-6.300484652665588
0.8620689655172413
-1.8803418803418828
-1.5679442508710777
2.8318584070796486
4.991394148020652
-2.459016393442623
1.5126050420168042
-2.152317880794697
-11.33671742808799
13.167938931297709
11.298482293423277
-9.545454545454541
-2.010050251256286
8.71794871794872
1.4150943396226392
3.10077519379845
4.9624060150375895
-4.154727793696263
1.046337817638249
-2.2189349112426036
-0.15128593040846341
1.2121212121212077
1.4970059880239521
0.29498525073746734
-1.4705882352941178
1.3432835820895608
0
-2.503681885125188
-2.7190332326283944
-1.863354037267085
0.632911392405061
-0.6289308176100606
-0.15822784810126805
17.59112519809826
-1.6172506738544512
9.58904109589041
-3.249999999999993
1.1627906976744076
-0.3831417624521037
-8.846153846153854
0.7032348804500704
-7.402234636871506
1.0558069381598836
2.3880597014925287
1.0204081632653104
-4.906204906204894
1.6691957511380793
-3.880597014925365
1.7080745341614818
-4.732824427480918
-0.3205128205128137
-3.054662379421231
0.9950248756218929
-5.911330049261085
0
-3.141361256544498
1.8018018018018018
-3.5398230088495577
2.7522935779816513
1.9642857142857169
-1.9264448336252213
4.107142857142852
0.17152658662092868
1.0273972602739752
1.694915254237288
0.8333333333333334
3.4710743801652915
-5.111821086261985
-2.0202020202020132
2.7491408934707806
-1.0033444816053416
-9.459459459459461
0
-19.962686567164184
-2.5641025641025674
-5.980861244019139
1.781170483460567
-11.500000000000004
0
-3.9548022598870016
1.17647058823529
-4.651162790697679
-1.524390243902439
-3.4055727554179502
-4.9999999999999964
0
-4.993252361673416
0
-4.971590909090904
10.46337817638265
4.939106901217865
0
3.6750483558994103
1.243781094527381
4.422604422604415
0.5294117647058815
2.399063779988298
2.514285714285722
2.8985507246376785
-7.638136511375948
-0.29325513196481356
-0.3529411764705807
-0.2361275088547975
0.8875739644970541
0.29325513196481356
-5.263157894736854
-1.2345679012345636
0.1875000000000071
3.4934497816593804
-8.197709463532245
-1.4445173998686844
-3.5976015989340384
-2.8334485141672436
-0.9957325746799471
-0.14367816091953717
-4.820143884892087
-1.8140589569161014
-3.2332563510392602
0
-4.932378679395393
-4.937238493723848
0
-4.929577464788721
0.37037037037036247
1.0147601476014707
-5.753424657534238
-0.19379844961239898
2.5242718446601917
-2.46212121212121
-1.9417475728155442
-3.960396039603964
5.05154639175258
0.09813542688910488
-0.686274509803907
0.19743336623889016
-1.7733990147783223
2.8084252758274757
-7.5121951219512155
0.7383966244725768
-5.654450261780114
-4.439511653718095
-0.5807200929152025
-4.672897196261686
10.04901960784314
4.899777282850773
0
4.9893842887473525
0
3.5389282103134443
1.3671875000000056
2.8901734104046137
1.9662921348314688
4.958677685950405
0
2.53718285214349
2.3890784982935096
4.999999999999997
0
3.1746031746031775
1.7692307692307725
4.988662131519275
-8.423326133909287
2.9874213836477908
-2.137404580152667
-1.7160686427457148
-0.15873015873015536
-3.020667726550086
3.442622950819672
1.4263074484944651
3.5156249999999942
3.7735849056603774
1.1636363636363647
3.4507548526240144
1.4593467685892916
2.739726027397263
-1.6666666666666667
1.0169491525423753
0.4697986577181227
0.20040080160320214
-2.666666666666669
-0.34246575342465024
2.199312714776622
0
-2.555480833893739
1.3112491373360904
-2.3841961852861013
2.9309141660851354
-3.5932203389830466
-1.195499296765119
0.2846975088967911
-3.477643718949611
-1.102941176470591
-2.973977695167276
1.072796934865891
-3.3358605003790713
0.7058823529411754
2.0249221183800605
2.213740458015274
-1.4936519790888803
3.032600454890071
0.07358351729212499
-0.8823529411764649
