4.015544041450783
2.9057700290577
-6.373537716821303
2.4989228780698025
-2.1857923497267833
-0.21486892995272885
0.9474590869939781
1.4078498293515285
0.8413967185527976
1.001251564455572
-1.6109045848822825
3.3585222502099077
3.61494719740049
-0.4312034496275948
4.763779527559064
0.07515971439308103
-1.1265490048817124
-0.8355488036460268
-1.3404825737265413
-0.5434782608695784
2.0296643247462876
0.6503442999235064
0.798175598631686
0.8295625942684723
-1.7950635751682704
1.1424219345011424
2.183734939759019
1.2527634487840953
-2.365356622998544
0.9317927692881103
0.3323485967503609
0.7729112992270971
0.14609203798392156
-0.5105762217359509
-1.5762463343108546
1.6014897579143432
-1.099706744868035
-0.6671608598962236
-1.8656716417910448
0.9125475285171016
0.8289374529012983
0.7473841554559043
3.412462908011865
-1.0043041606886698
-0.36231884057971014
1.4545454545454546
-2.2222222222222183
-0.03665689149560951
0.7334066740007334
1.9293775027302553
-2.250000000000004
-0.5480453050785532
-2.7185892725936727
0.2643504531722011
-2.0338983050847372
-1.7301038062283844
1.251956181533653
0.6182380216383175
1.420890937019987
1.703900037864445
-3.3134772896500495
1.9638043896804094
3.209969788519637
0
-0.8049762166117778
-1.1066027296200662
0
0.7086907870197602
4.18518518518519
0.959829363668677
-3.591549295774644
0.7304601899196493
3.2994923857867895
-0.07020007020006622
-0.1756234632946962
-0.4574243490499688
1.519971721456349
0
-1.1838440111420534
0.0704721634954153
1.5845070422535212
-2.1837088388214942
2.515946137491149
0.9332872450743134
0.7191780821917886
0.5440326419585059
-1.7923571187013905
-0.8264462809917278
0.3472222222222222
-0.3460207612456747
2.916666666666659
0.7085020242915057
0.4355108877721981
0.2668445630420318
-0.8982035928143863
1.6448472641826233
1.321003963011889
-0.22816166883963124
0.9147337471414421
0.1294917449012736
2.3601681215648274
-0.1895135818067033
3.227848101265819
0.18393623543838833
1.5299877600979193
0.6630500301386343
-0.02994011976048585
0.8086253369272374
-1.6339869281045751
-1.32890365448506
3.7955310682583514
0
-1.9758183426717915
0.601684717208183
0.26913875598087145
0.8052490307187559
1.4201183431952695
0
-1.896149358226371
-3.0924769550996234
1.841055538508745
-2.350105453449821
1.2033323048441769
0.2743902439024321
-2.280328367284889
0.3733665214685892
3.2548047117172967
0.8706094265986122
-2.0535714285714217
0.21270130659373704
-2.3347483323226164
0
0.2483700714063814
-0.712294828120147
-1.6843418590143586
-2.093908629441614
-3.56448476992871
0.8064516129032181
0.6000000000000038
-0.06626905235254758
-1.0941644562334254
0.5698960777740492
-1
1.0101010101010102
2.7666666666666706
0.5189750243269432
-3.420458212326546
1.6037420648179121
1.9730351857941466
1.4833924540470704
-1.493485859548773
0.032258064516136366
0.7094485649790353
0.7364713416586651
-1.8753973299427953
1.522513767411723
-2.807913209955314
-0.09848982271832284
0.2957607624055134
1.4416775884665904
-0.5490956072351567
0.6820396232543108
-0.6129032258064443
-1.9149626744563564
0.9596293845135785
0.0983284169124728
0.7531106745252166
1.1699707507312391
-1.0600706713780954
-2.5649350649350575
1.0663112295901327
0.5605011539729603
-1.639344262295082
1
0.23102310231022727
0.032927230819895535
-0.6254114549045536
-0.46372971182510014
1.5640599001663855
0.6553079947575361
-1.4973958333333224
-0.19828155981494472
1.8874172185430427
-1.20246993825154
-0.9868421052631579
0
0
0.19933554817276503
3.24933687002651
-0.44958253050737873
3.9677419354838745
0
0
0.5584858827179682
-1.9746991669237994
-0.5350960025180953
1.5506329113923978
0.5609224057338771
-1.89030058878214
1.5476942514213445
1.8973561430793229
0.3968253968253829
8.330799635147473
0.9823182711198428
-1.1117287381878822
-0.36537380550871595
-1.6643159379407553
0.8032128514056094
3.5287421741605107
1.5393073117097211
-2.382241472658353
0
-1.9412090959511923
-0.9332579185520393
2.7119611761347415
-0.16675931072818864
0
-1.9766146993318392
3.748934961658616
2.0257322748425888
6.251676951972098
1.0101010101010102
-5.200000000000002
0.2109704641350241
0.8421052631578917
-0.39144050104384137
-0.9955462405030159
0.5292405398253507
-0.47380889707816654
-0.29092832583973094
-0.61007957559682
-1.4945289564985231
-0.135464643727987
-0.16277807921867138
1.9021739130434783
-0.8533333333333303
0.10758472296933223
-0.053734551316493455
-2.768817204301078
-1.0505944152612694
-0.08382229673091773
1.76174496644294
2.6655674635889106
-0.8297644539614621
-0.7017543859649185
0.4349007882576849
1.6508795669824148
-2.0234291799787067
3.016304347826093
0.7385914006858229
1.6496465043205057
0.23183925811438283
-1.3621177075302007
0.5732152162584649
-4.585492227979271
-0.27151778441487917
-6.561393955894371
-0.5244755244755278
-6.239015817223185
1.8431740081224546
5.7361963190184015
2.0017406440383043
0.3412969283276418
-0.45351473922903135
-0.8257403189065995
1.952339936836064
2.900591382709083
-0.6020799124247369
2.4229074889867874
1.532258064516126
0.6354249404289208
0.9208103130755064
-0.49530761209594215
-0.8121561435682384
-0.4754358161648207
2.3089171974522262
-2.6199740596627814
0.45285029302079
-0.5568814638027109
-0.26666666666666666
0.5347593582887701
0.5053191489361641
-1.8523418893887273
0
-1.5368023726071687
0.2190580503833547
2.158469945355185
1.417491307836323
-1.6613924050632942
1.743094663448646
-3.426462836056932
2.0469432314410483
-2.13960952126237
0.5192675594424799
-1.305057096247964
-1.046831955922868
-0.13919821826280623
0.501812099247285
1.4979195561719771
0.6559169171904986
-1.2489818083084503
-0.41242782513060217
-2.401987852015458
0.4243281471004243
-0.6197183098591518
-1.2755102040816326
-0.6890611541774431
-0.23128071697020947
0.23181686467689205
0
2.7464585140213935
1.1254924029262803
-4.3127434613244295
0.6687990694969501
0.6354708261120707
2.0952927669345613
-9.614843969637333
0.15552099533437014
0.9627329192546654
2.4915410642879006
-4.111644657863142
3.2863849765258215
-1.9393939393939326
-0.6798516687268372
2.6135656502800355
0.6670709520921736
-1.4457831325301238
-1.069682151589242
-0.988569663268455
0.967238689547589
-3.1211372064276954
-2.3604465709728797
1.4047696831100798
0.9664948453608249
0.4148053605615863
-0.09532888465205319
2.1628498727735406
0.8094645080946522
0.8647313156269337
0.06123698714022922
-0.30599755201958384
-0.33763044812769266
-2.2790267939636517
0.22061140876142094
0.06289308176100271
0
0.3456945317410505
0.8455997494519225
-4.844720496894417
0.03263707571802309
-0.5220228384991917
-0.2951787471301992
2.7631578947368345
0
-2.0806658130601794
0
-0.32690421706440015
-0.6559527714004593
0.9243974909210999
-0.5561007523716025
2.105263157894729
-0.6121134020618484
-0.1944894651539782
1.0717765508281947
-2.2493573264781492
-1.3477975016436443
-0.7997334221926138
0.06718172657036904
1.8462571332661968
-1.0547132498351974
-1.1992005329780033
-0.033715441672293574
-3.77740303541315
0.10515247108307443
3.571428571428567
-1.9607843137254939
-3.482758620689663
-0.4644515898535029
-2.763819095477403
1.1443337024732458
0.0364963503649718
-0.5837285662167174
1.6880733944954212
0.2526163839768995
-2.5557955363570994
-0.6649427410417479
-0.3718854592785422
0
-2.090332213512492
0.1524971406786036
3.31176246669204
-1.8054532056005812
1.8011257035647321
0.7003317360855058
1.573938506588584
0.9009009009009009
2.428571428571433
1.080892608089249
0.931355639875835
1.8113465481886377
-2.4840550520308753
1.4802065404475082
-2.2388059701492615
1.0062456627342242
0.20611473720369833
-0.5485087418580616
0.13788348845224999
0.20654044750431075
-2.404671934043284
0.8447729672650395
0.5584642233856973
1.145435612634486
1.0981468771448337
1.7651052274270156
1.9012675116744457
0.6219312602291251
-2.147039687703307
-0.2659574468085144
0.06666666666666288
-0.7328447701532275
0.7718120805369165
1.365301365301354
-1.2812089356110308
0.4326123128119838
2.1868787276341832
-0.1297016861219122
-0.03246753246753985
0.06495615459566272
2.8237585199610478
-0.28409090909091983
-0.6647673314339874
1.9757807520713793
-0.5312499999999964
-0.09425070688030517
4.37106918238993
0.03012955709551755
1.174698795180716
0.029770765108670064
-1.7559523809523743
5.422599212359883
-3.4482758620689653
-0.44642857142857145
3.2286995515695103
1.0425716768027702
-1.2037833190025764
0.029010733971576077
0.14501160092807425
1.1584129742253113
-2.290294875465216
-1.1426897157925677
0.5334914048607029
0
-0.294811320754717
0.7687758722649387
0.029342723004684827
0.23467292461132633
-1.5803336259877019
1.2786202795123436
-1.438637698179693
1.4894250819183796
1.6143234517170533
0
-0.34662045060658253
0.8405797101449209
-0.8048289738430453
0.2897710808461315
1.8491765385726602
-0.368794326241138
-1.3097949886104687
