0
-4.994971505196123
0
-4.975299929428358
0
-4.9758633494244355
1.2114107073075397
-4.2471042471042475
3.225806451612903
-3.0078124999999956
0.16109544905355508
-3.9404905508644887
9.292591042277111
4.940635771734958
0.0364963503649718
4.998175848230568
0
4.968728283530233
0
4.998344918901014
0
4.981084489281215
-4.144144144144148
1.5037593984962443
-2.0679012345678975
-4.6643554995272645
3.1404958677685952
0
-0.6730769230769303
-4.065827686350425
5.785401950891352
1.875993640699516
1.7478152309613055
1.8404907975460123
3.1024096385542204
-0.5842827928717499
5.612694681163669
2.9493600445186487
-3.054054054054057
-4.544187343183722
-0.4672897196261583
3.8145539906103285
-4.578858111927639
10.189573459715632
8.897849462365597
11.922981979758072
7.212174680194099
9.997942810121378
0
9.986908546848696
0
9.998299608910042
0
4.993043747101572
0
4.991166077738512
0
4.613658673397837
0.3619302949061723
-4.995325230399371
0
-4.990861802333756
0
-4.986682450429111
0
-4.999221305092668
0
-5
0
-4.987057808455561
0
-4.994551398474392
0
-4.98948575798127
0
-4.989939637826963
0
-4.9978822532825
0
-4.993312527864475
0
-4.9976536837165675
0
-4.988886144727091
0
-4.990902001559654
0
-4.760601915184672
-0.22981901752370335
-2.101929167866401
-2.9411764705882355
2.939393939393936
-5.269355313511916
4.9720323182100685
-6.660746003552398
-0.9514747859181731
5.411463336535375
0
-4.100850546780073
0.15837820715869497
-0.41113219481341284
0.952683391552874
-0.8178672538534023
-0.2537266095781831
2.162162162162166
-0.4668534080298786
-2.095059412132579
-0.31938677738741617
0.512656199935907
-0.7331845712464174
0.06422607578678403
-1.2195121951219547
1.6569200779726985
-0.8628954937679734
0.9671179883945842
4.7254150702426605
-1.0670731707317074
1.571648690292765
-0.45509708737864074
1.1277049679975581
-1.4165159734779953
-0.9171507184347294
-0.5862388151805104
-0.031036623215383582
3.632412294318531
0.6590772917914884
-0.8928571428571429
-0.8408408408408442
-0.09085402786190533
-0.2728099424067831
-1.7933130699088078
-0.3404518724853057
0.12422360248446498
0.43424317617867064
-0.55589870290303
0.27950310559005503
-1.2697429544750591
0.4705144291091593
-0.49953168904153067
0
0.5334170065892654
-0.9051186017478082
1.039370078740161
0.7169576059850409
0.5571030640668383
0.43090181594337773
-1.3484523444682912
-0.5902454178316177
1.843749999999993
-0.5216324025774743
2.097470697100559
0.8761329305135883
1.7370470200658916
0.4710038269061003
-0.2636976267213695
-0.6169212690951722
4.256577002660354
-1.7862205840657817
-0.43302540415704394
1.0437808060307403
-2.2381635581061725
-0.4989727032579949
0.2949852507374631
0.8823529411764706
-2.7405247813411013
-0.47961630695444324
1.4156626506024061
1.2474012474012441
-1.3200352009386918
0.47562425683710546
1.331360946745562
0.9927007299270006
-1.879155825383059
-1.1785503830288746
1.9677996422182538
-1.1403508771929758
0.4732327713694072
-0.14718869590815425
0.058962264150940046
0.6482027106658944
-2.6346604215456675
1.5333734215273498
-3.9680189517323003
-0.7400555041628227
-4.224914569742146
0.032435939020423576
1.848249027237369
-1.1779687997453185
6.2500000000000115
1.212856276531231
0.17974835230676028
-0.5681818181818115
2.375939849624053
0.9988249118684002
-0.3781268179173971
0.8759124087591241
4.081041968162091
0.055617352614012405
0.027793218454687574
-0.9447068630174986
-1.1500701262272153
0.9931895573212259
0.561955605507165
0.5867560771165193
-1.8333333333333397
-1.528013582342948
1.8103448275862102
-1.1572114027660239
3.2267275842375818
0.08298755186722306
0.24875621890546634
2.4538185828508503
-3.6329386437029063
-0.5864283719631451
3.3146067415730367
-0.10875475802067268
-1.4153511159499153
2.6780784097183847
-3.388007528905611
1.33593097689953
1.3732491073880801
-4.82254131671634
6.0916595502419515
0.34880601019587104
-0.7754010695187105
0.10778765831311701
-1.3458950201884252
2.0463847203274215
-3.3689839572192573
0.8301051466519093
-0.6586169045005427
1.6574585635359116
-1.9565217391304317
0.4434589800443364
-2.317880794701981
0.3389830508474544
1.9988738738738803
4.029809550096595
-3.5553197134518384
1.7881705639614855
-3.5135135135135136
-0.8403361344537815
1.0169491525423793
-1.90156599552573
-0.8266818700114122
-1.6958896234550094
-2.6900584795321603
0.4206730769230701
-0.14961101137043686
0.6592747977225019
-0.35724918130395616
-0.507917538093812
-2.072072072072065
-0.030665440049071676
-0.36809815950919894
-1.1391625615763512
1.6194331983805632
0.4596996628869139
0.24405125076266362
0.5173463177114999
0.7568876778686042
0.6610576923076888
-0.41791044776118724
-0.5395683453237444
0.39180229053647114
1.1708195737015843
0
-0.3560830860534091
-0.8636092912447987
-0.3604686091919461
0.6029544769369912
-2.1875936469883164
0.18382352941177169
4.831804281345569
-7.642940490081678
-0.7580543272267953
0.44557606619988355
0.6337135614702154
0.5352644836272004
0
-1.4406514249921774
0.47664442326024786
1.2966476913346057
-0.09366219169528922
0.40625000000000355
0.1556178026766262
0.6525792417650609
0.6174745291756716
1.5035286897821523
-0.483675937122135
0.2430133657351189
-5.848484848484852
4.505954296749276
1.6322759470280295
-1.3030303030303065
1.6886705557261283
-0.39251207729468945
-2.091542891785383
-0.5263157894736807
0.24898848428260545
0.714063955293373
-1.26387176325523
-0.3122073056509522
0.219229564672718
0.6562500000000071
0
-0.031046258925806498
-4.968944099378882
4.346405228758174
0.2505480739116854
-1.6557325835676386
-2.3189326556543874
2.796747967479682
0.3163555836760519
-0.220750551876394
0.5372945638432508
-0.9430996541967934
1.7137416693113223
0.03120124804992909
1.0605115408608787
0.3395061728395132
-0.7074746231928671
0.06195786864931494
0
0.09287925696594779
-2.010516548097742
2.020202020202013
0.8663366336633699
1.5950920245398739
-1.96256038647343
2.309824453341546
0.5117399157134223
-1.7370470200658745
-1.4020115818348133
1.4528593508500738
1.188299817184654
0
1.2345679012345576
-0.7138607971445501
0.08987417615338866
-0.23944926668662417
-0.9900990099009934
-0.9696969696969663
0.06119951040391329
0.6727828746177336
-0.06075334143377541
1.428571428571425
-1.7380881030866082
0.6404391582799703
-0.6060606060606061
1.7682926829268328
1.82744158178549
-1.7946454839658623
0
1.7675254643499032
-0.6181925228142379
-0.44431279620853076
0.8925914906277893
0.678265998230597
-1.2302284710017541
-1.0083036773428165
0.059916117435586766
0.5089820359281403
1.1915400655347037
-1.677951133352955
-0.6287425149700667
0.6327206990057315
0.4191616766466998
-0.3279666070363643
0.4486987735566856
-2.829064919594997
-0.09193993257738625
1.4417177914110395
-0.3023888720895071
-0.6066120715802245
-0.09154714678059547
-1.099572388515567
0.6794317479925844
-1.3803680981595092
0.7153965785381062
-1.3279802347127891
0.4381846635367691
0.7478965409785087
0.49489638107020284
-0.4924592182209806
-0.21651716671821486
0.4029758214506988
0.030873726458790596
-1.018518518518522
0.34299968818210874
1.3051584835301393
0.06134969325153025
1.9006744328632705
-0.2406738868832595
-1.2062726176115801
