-8.928571428571429
2.3529411764705936
-3.065134099616861
0
-7.905138339920948
2.1459227467811157
-7.142857142857141
4.97737556561085
-8.189655172413786
3.286384976525818
0
2.272727272727273
2.666666666666673
0
-4.329004329004329
4.072398190045242
-7.826086956521742
3.773584905660381
-1.8181818181818117
0
1.9444444444444358
2.1798365122615824
-2.133333333333335
4.904632152588564
-3.4632034632034663
4.843049327354252
-5.902480752780149
3.63636363636364
0
-1.57894736842105
2.049910873440273
3.0567685589519775
-6.3559322033898304
-1.3574660633484195
-2.0183486238532167
2.5280898876404456
-0.3652968036529603
4.766269477543534
-2.5371828521434745
1.436265709156195
-1.327433628318587
0
0
1.793721973094164
-3.171806167400876
-1.728844404003635
6.759259259259245
4.076322636600179
-6.666666666666672
2.232142857142857
-0.4366812227074143
2.6315789473684115
-4.700854700854692
-3.587443946188344
2.883720930232563
1.2658227848101156
-0.5357142857142744
2.782764811490114
-3.056768558951962
4.954954954954961
-5.579399141630904
0
1.8181818181818117
1.9642857142857202
-0.5253940455341549
2.1126760563380302
-4.7413793103448185
3.61990950226243
-2.8820960698689966
2.068345323741011
-2.2026431718061676
4.594594594594593
-8.01033591731266
0
-3.5580524344569198
6.7961165048543615
-0.454545454545461
9.041095890410961
-8.45896147403685
9.789569990850872
-13.33333333333333
-1.4423076923076956
1.1707317073170656
3.1822565091610424
-2.242990654205593
7.265774378585083
-8.467023172905536
3.2132424537487836
6.0377358490566095
9.875444839857646
-10.607287449392718
5.9782608695652195
-11.025641025641018
4.610951008645537
-4.040404040404052
2.3923444976076556
-4.392523364485971
2.150537634408591
-2.9665071770334808
-1.2820512820512897
0.8991008991008977
1.9801980198019908
-4.951456310679626
1.8386108273748878
-1.7051153460381134
0.5102040816326422
0.5076142131979767
6.060606060606057
-4.761904761904762
1.999999999999993
-3.13725490196077
1.1133603238866339
-1.4014014014014071
1.5228426395939123
-3.9000000000000057
-0.10405827263267209
-0.2083333333333289
2.7139874739039644
6.6056910569105725
0.5719733079123022
9.19431279620852
-0.1736111111111074
-3.9130434782608634
0
-1.9909502262443495
2.031394275161594
-6.968325791855216
6.51750972762646
-4.018264840182644
4.662226450999051
5.090909090909095
-0.5190311418685164
0.8695652173913012
2.1551724137931036
-9.029535864978905
0
5.658627087198528
1.7559262510974476
-9.663503019844686
1.719197707736387
3.3802816901408397
4.632152588555856
-2.5173611111111036
-4.185218165627789
5.204460966542755
6.007067137809185
-0.5000000000000041
0.5025125628140745
-0.08333333333333155
7.5896580483736455
2.1705426356589097
9.939301972685893
0
4.968944099378886
0
4.865220249835624
0.12539184952978905
4.94677520350658
0
4.116945107398554
0.8022922636103185
4.604889141557696
0.3260869565217515
4.983748645720467
0
3.0443756449948394
1.8527791687531348
4.965585054080637
0
4.964871194379385
-0.04462293618920823
5.000000000000004
-8.503401360544219
0
-2.4163568773234183
-2.380952380952381
-2.682926829268296
-4.962406015037586
0
-4.957805907173002
5.105438401775814
-1.7951425554382252
-3.2258064516129106
0
-4.999999999999992
-4.970760233918137
0
-4.923076923076928
7.443365695792894
0.3012048192770913
-5.105105105105093
0.3164556962025249
0.9463722397476363
-1.8750000000000044
-0.6369426751592334
-1.9230769230769162
6.86274509803922
4.892966360856251
0
4.956268221574352
-5.555555555555555
4.411764705882353
-0.8450704225352033
4.545454545454529
0.2717391304347865
4.607046070460712
0.25906735751295706
3.875968992248062
-2.487562189054726
2.0408163265306047
-0.25000000000000355
0
-0.5012531328320695
2.015113350125937
-6.172839506172839
0
-1.5789473684210564
3.7433155080213867
-7.731958762886599
4.748603351955316
-3.2000000000000077
0
3.3057851239669502
4.799999999999993
-0.508905852417292
0
-1.5345268542199524
0
-4.935064935064931
0
0.8196721311475332
-4.878048780487798
2.279202279202271
2.2284122562674216
-2.1798365122615917
-3.3426183844011024
3.1700288184437873
0.5586592178771029
0.8333333333333255
-1.9283746556473713
-1.9662921348314686
3.1518624641833854
-1.3888888888888888
3.943661971830982
-2.439024390243899
2.2222222222222143
-0.27173913043476716
4.632152588555846
-7.29166666666666
-3.089887640449442
1.7391304347826129
-0.28490028490028896
0.857142857142849
4.815864022662898
-8.648648648648656
4.733727810650892
-2.542372881355928
0
-2.028985507246385
-1.7751479289940661
3.614457831325288
4.651162790697679
-3.333333333333341
-0.5747126436781487
-1.7341040462427786
1.4705882352941178
2.028985507246385
3.4090909090908967
-7.6923076923076845
0.29761904761905184
-2.077151335311581
4.242424242424238
-0.2906976744186088
-3.7900874635568433
3.636363636363645
4.093567251461984
-2.2471910112359668
0
-2.2988505747126355
-1.4705882352941178
-0.895522388059693
2.409638554216859
0.2941176470588277
-3.5190615835777206
1.8237082066869346
2.089552238805979
0.877192982456132
-4.9275362318840665
0.6097560975609844
3.0303030303030303
0
0
0
-0.2941176470588277
1.1799410029498483
-3.498542274052466
2.1148036253776303
2.3668639053254568
-2.6011560693641576
0.2967359050444935
-2.071005917159751
-2.416918429003034
-1.5479876160990604
3.459119496855339
-7.902735562310024
0
-1.3201320132013272
4.347826086956524
-8.653846153846152
3.8596491228070224
-0.3378378378378426
0
2.7118644067796636
4.620462046204616
-9.085173501577284
4.7883414295627995
-7.880794701986751
2.0848310567936674
0
0
-8.23943661971831
0
-3.376822716807364
-0.7148530579825247
10.72
-4.624277456647403
9.393939393939396
-1.6620498614958463
5.7042253521126804
-0.06662225183211051
0
6.666666666666667
-9.375
6.896551724137931
1.6129032258064515
0
1.2698412698412653
2.006269592476491
-11.124769514443754
4.42600276625172
-4.503311258278144
-3.9528432732316245
8.736462093862823
-1.3944223107569778
2.4915824915824984
7.358738501971085
-8.996328029375768
1.2104909213181003
-0.3986710963455182
0
-0.2668445630420342
3.6789297658862927
-7.032258064516128
0.06939625260235799
-3.606102635228846
-0.35971223021583243
2.888086642599281
-1.7543859649122806
-0.07142857142856991
0
-5.503931379556823
0
0.8320726172465918
4.951237809452364
-1.0007147962830634
0.21660649819495406
-9.870317002881851
7.513988808952833
-8.921933085501854
8.16326530612245
1.6603773584905708
7.646622123236818
-10.55172413793103
-2.00462606013878
2.6750590086546016
2.2988505747126355
-5.0187265917602994
5.5993690851735085
-6.348020911127717
2.073365231259981
0.3906249999999917
2.334630350194558
-8.441064638783278
4.651162790697679
-3.6507936507936436
-2.6359143327841865
1.522842639593906
6.583333333333326
-7.349491790461294
0
-4.472573839662442
0
1.7667844522968135
8.940972222222232
-6.772908366533875
-1.538461538461536
8.333333333333341
3.445512820512818
-3.0983733539891585
2.318145483613117
2.890624999999994
2.505694760820046
8.666666666666666
-3.544648943421947
0.07067137809187128
-1.1299435028248597
2.4999999999999973
3.832752613240423
-9.060402684563757
8.487084870848697
-11.360544217687075
5.9094397544129045
-7.1739130434782625
0
0
3.0444964871194284
1.060606060606065
2.323838080959524
-6.593406593406596
-0.5490196078431395
5.441640378548891
-0.07479431563201037
-4.116766467065861
0
0
-4.996096799375493
10.5176663927691
4.014869888475843
-6.6476054324517495
4.977029096477796
0
4.959883296863601
-7.991660875608063
0
0
-1.8126888217522674
6.923076923076925
4.676258992805757
-8.24742268041238
-3.3707865168539275
8.449612403100774
-4.217298070050035
0
4.402985074626865
-5.646890636168698
0
0.2272727272727359
4.988662131519275
-2.8077753779697665
4.962962962962963
-0.7057163020465748
4.975124378109448
-5.280974949221391
-0.07147962830593128
-4.792560801144492
2.0285499624342567
-0.7363770250368162
-4.673590504451044
4.669260700389103
-3.345724907063192
-1.538461538461533
0.3906249999999917
2.8793774319066228
-4.538577912254171
0.4754358161648217
4.968454258675085
-4.207362885048839
-0.7058823529411754
4.186413902053707
-4.169825625473836
3.560126582278475
-0.6875477463712747
-3.2307692307692304
3.3386327503974558
0.15384615384615058
