-2.15827338129495
2.205882352941162
-10.791366906474815
15.322580645161285
1.3986013986013999
2.758620689655175
2.0134228187919483
3.289473684210529
-5.732484076433125
-1.3513513513513526
1.3698630136986314
4.054054054054058
1.2987012987012998
1.282051282051283
-4.430379746835447
-0.6622516556291397
-3.333333333333336
6.206896551724143
-7.792207792207799
-2.1126760563380302
5.7553956834532425
5.4421768707483045
-10.322580645161299
4.316546762589932
-4.827586206896556
0.724637681159421
-1.4388489208632949
-2.189781021897812
1.492537313432837
2.205882352941162
-2.8776978417266057
2.962962962962949
-2.15827338129495
0.7352941176470594
-4.379562043795624
0
1.5267175572519096
0.7518796992481209
-2.2388059701492558
-15.267175572519081
18.01801801801801
1.5267175572519096
-1.5037593984962419
2.2900763358778646
-2.2388059701492558
2.2900763358778646
-2.2388059701492558
2.2900763358778646
-1.492537313432837
0.7575757575757582
-1.5037593984962419
0.7633587786259548
-3.030303030303033
-2.343750000000002
0.8000000000000007
-0.7936507936507944
2.400000000000002
0.7812500000000007
0
0
3.1007751937984525
0
-2.2556390977443628
0
1.5384615384615399
0.7575757575757582
-2.2556390977443628
-2.3076923076923097
1.5748031496063006
1.5503875968992262
-2.2900763358778646
1.5625000000000013
-2.3076923076923097
0
-0.7874015748031503
1.5873015873015888
10.156249999999991
4.9645390070922035
-8.783783783783777
-2.9629629629629655
3.053435114503819
0
0.7407407407407414
0.7352941176470594
0.7299270072992544
2.898550724637684
-4.2253521126760445
2.9411764705882213
-2.857142857142844
-4.411764705882357
0.7692307692307699
0
0
0
0.7633587786259548
0.7575757575757582
-2.2556390977443628
-6.923076923076929
6.611570247933891
0.7751937984496131
0.7692307692307699
0
-0.7633587786259548
0.7692307692307699
0
0.7633587786259548
0
1.5151515151515165
-1.492537313432837
-2.2727272727272747
1.5503875968992262
2.2900763358778646
16.41791044776119
7.692307692307685
-16.071428571428573
-0.7092198581560291
2.142857142857145
-1.3986013986013999
0
-0.7092198581560291
4.28571428571429
0.6849315068493157
-0.6802721088435381
-0.6849315068493157
-2.0689655172413812
-8.450704225352105
8.461538461538451
0
0
0
-2.1276595744680873
-1.449275362318826
0.7352941176470594
1.459854014598525
-2.15827338129495
-3.676470588235297
-0.7633587786259548
-0.7692307692307699
2.325581395348839
-1.5151515151515165
0.7692307692307699
2.2900763358778646
-2.2388059701492558
-0.7633587786259548
0.7692307692307699
0
-2.2900763358778646
1.5625000000000013
0
3.0769230769230798
-2.985074626865674
-1.5384615384615399
1.5625000000000013
-3.0769230769230798
3.968253968253972
0
-1.5267175572519096
0.7751937984496131
-0.7692307692307699
-1.5503875968992262
0
2.362204724409451
-3.8461538461538494
0.8000000000000007
-0.7936507936507944
0
0
0.8000000000000007
-0.7936507936507944
0
-3.200000000000003
2.479338842975209
4.032258064516133
0.7751937984496131
0
-3.0769230769230798
2.380952380952383
0
0
-1.5503875968992262
3.1496062992126013
0
-3.053435114503819
0
0
-1.5748031496063006
2.400000000000002
-1.5625000000000013
0.7936507936507944
-0.7874015748031503
0
0
-0.7936507936507944
0
1.6000000000000014
-0.7874015748031503
-0.7936507936507944
0
0.8000000000000007
0
0
0
0.7936507936507944
0
-5.511811023622052
0
1.6666666666666683
0.8196721311475418
-2.4390243902439046
-3.3333333333333366
2.5862068965517264
-2.5210084033613467
2.5862068965517264
-2.5210084033613467
0
-0.8620689655172422
1.7391304347826104
-1.709401709401711
0
0
1.7391304347826104
0.8547008547008556
-1.6949152542372898
1.7241379310344844
0
0
0.8474576271186449
0.8403361344537823
2.500000000000002
0
-1.6260162601626031
-0.8264462809917363
2.500000000000002
-1.6260162601626031
2.479338842975209
-0.8064516129032265
-0.8130081300813016
0
1.6393442622950836
-0.8064516129032265
0
1.6260162601626031
-3.200000000000003
0
1.6528925619834727
-1.6260162601626031
5.785123966942154
0.7812500000000007
-3.1007751937984525
0
-3.200000000000003
3.3057851239669453
-2.400000000000002
0
-4.098360655737709
0
-4.273504273504258
1.7857142857142674
-6.140350877192969
-0.9345794392523372
7.54716981132074
-2.631578947368404
4.504504504504488
0
0
3.448275862068969
-0.8333333333333341
0.8403361344537823
-0.8333333333333341
-0.8403361344537823
4.237288135593224
1.6260162601626031
1.6000000000000014
-0.7874015748031503
0
1.5873015873015888
-2.343750000000002
1.6000000000000014
-0.7874015748031503
-3.968253968253972
1.6528925619834727
0
0.8130081300813016
0
-3.225806451612906
0.8333333333333341
-1.6528925619834727
-0.8403361344537823
0
-0.8474576271186449
1.709401709401711
0
0.8403361344537823
-1.6666666666666683
-0.8474576271186449
0
2.5641025641025665
-0.8333333333333341
-0.8403361344537823
-0.8474576271186449
0
1.709401709401711
-0.8403361344537823
0
-1.6949152542372898
-5.172413793103434
1.8181818181818197
-1.7857142857142871
2.7272727272727093
1.7699115044247804
-0.8695652173913052
-0.8771929824561412
0.8849557522123902
0
-3.508771929824545
0.9090909090909098
0.9009009009009016
-1.7857142857142871
0.9090909090909098
-0.9009009009009016
-3.6363636363636394
-0.9433962264150951
-0.9523809523809532
-1.9230769230769247
3.921568627450984
3.7735849056603805
-3.6363636363636394
-2.8301886792452855
4.854368932038839
1.8518518518518534
-4.545454545454549
0.9523809523809532
0
-0.9433962264150951
-0.9523809523809532
0.9615384615384623
-1.9047619047619064
1.9417475728155356
-4.761904761904766
0
0
4.0000000000000036
-4.807692307692312
3.030303030303033
-2.9411764705882377
1.010101010101011
-6.999999999999995
0
0
0
0
-3.225806451612906
9.999999999999996
0
-3.030303030303033
0
-1.0416666666666676
1.0526315789473695
0
2.0833333333333353
-2.040816326530614
2.0833333333333353
-3.0612244897959213
0
0
3.1578947368421084
-12.244897959183673
2.325581395348839
0
1.1363636363636374
-4.494382022471914
2.3529411764705905
-2.2988505747126458
0
1.1764705882352953
-1.1627906976744196
-2.3529411764705905
-1.204819277108435
2.4390243902439046
3.5714285714285747
-4.5977011494252915
-1.204819277108435
0
-1.2195121951219388
1.2345679012345552
-1.2195121951219388
-4.938271604938276
3.8961038961038996
-3.750000000000003
-2.5974025974025996
2.666666666666669
-2.5974025974025996
1.3333333333333346
2.6315789473684235
2.564102564102566
0
18.74999999999999
0
-4.210526315789466
2.1978021978021998
5.376344086021497
-3.0612244897959213
10.526315789473694
3.809523809523813
-6.422018348623858
2.9411764705882377
-6.666666666666672
0
-2.040816326530614
-1.0416666666666676
2.105263157894739
-1.0309278350515474
4.1666666666666705
4.0000000000000036
-6.730769230769236
-3.092783505154642
3.1914893617021307
-4.123711340206178
0
0
4.301075268817196
0
-2.061855670103095
-3.1578947368420964
4.3478260869565135
-1.0416666666666676
2.105263157894739
-3.092783505154642
-1.0638297872340317
-3.225806451612906
1.111111111111112
-1.0989010989010999
3.333333333333336
-2.150537634408604
0
1.0989010989010999
1.0869565217391313
0
0
-3.225806451612906
1.111111111111112
1.0989010989010999
-2.1739130434782625
-2.222222222222224
2.2727272727272747
3.333333333333336
-4.301075268817208
0
1.1235955056179785
-3.333333333333336
1.1494252873563229
1.1363636363636374
-1.1235955056179785
-2.2727272727272747
3.488372093023259
-2.247191011235957
0
-2.2988505747126458
1.1764705882352953
0
0
-2.325581395348839
-1.1904761904761916
0
4.81927710843374
-1.1494252873563229
-1.1627906976744196
-2.3529411764705905
1.204819277108435
-1.1904761904761916
3.6144578313253044
-3.488372093023259
1.204819277108435
0
3.5714285714285747
