-7.580174927113713
5.152471083070458
-14.400000000000004
-1.8691588785046664
4.226190476190473
2.798400913763567
-8.777777777777784
8.40438489646773
-7.865168539325842
3.5975609756097597
-1.412595644496766
5.6119402985074665
-7.348784624081402
4.392922513727876
-1.5195791934541172
6.231454005934718
-6.815642458100553
4.8561151079136655
-2.0011435105774726
2.683780630105014
-2.0454545454545423
6.612529002320188
-2.6115342763873834
8.715083798882679
-11.408016443987663
2.088167053364266
-4.318181818181815
6.8883610451306385
-3.000000000000003
5.211912943871703
-12.139357648339676
-0.24783147459727736
5.465838509316777
-3.4157832744405248
3.658536585365854
3.058823529411758
-1.4269406392694064
1.8529241459177865
-4.036384309266626
4.028436018957335
-0.2847380410022779
2.5699600228440893
-0.5567928730512249
4.031354983202697
-3.3907427341227185
4.679665738161563
-2.341671101649817
2.997275204359673
6.772486772486778
3.022794846382554
6.7340067340067336
1.8476791347453783
-11.3716814159292
-0.049925112331514095
-0.699300699300688
2.0120724346076457
-4.783037475345176
1.5535991714137753
-3.620601733809278
-1.2698412698412729
5.734190782422304
0.10136847440445444
-0.9620253164556991
-3.783231083844584
3.0286928799149933
-3.455389375967002
5.235042735042741
5.888324873096445
-7.094918504314469
-3.405572755417968
2.297008547008553
0.783289817232376
1.5544041450777202
-1.98979591836735
-2.1343050494534066
-16.32978723404255
23.966942148760324
2.5641025641025643
-2.25
0
-1.7391304347826115
5.726184279021343
-2.314130969965529
0.5040322580645161
0.6519558676027999
-2.3418036870951613
-1.0714285714285685
0.05157297576069846
-4.639175257731959
-0.37837837837837224
-1.5735214324471
4.410143329658213
-3.1151003167898654
-2.561307901907351
1.6219239373601662
2.036323610346735
0.5933117583602989
7.024128686327075
-11.172344689378749
0.45121263395374106
4.323413812464917
3.336921420882663
-0.46875000000000294
-3.035060177917312
-0.4856988667026474
-1.735357917570508
0.9381898454746231
0.10934937124110915
-0.2730748225013654
0
-1.9715224534501612
0
-1.0614525139664837
3.6137775268210084
-3.0517711171662096
1.1804384485666073
-0.9444444444444381
1.9629837352776218
-2.75027502750275
-0.5090497737556593
2.2171688459351935
0.055617352614012405
-2.6125625347415324
3.3105022831050297
-6.7955801104972435
4.9199762892709025
-5.084745762711864
4.6428571428571495
-2.844141069397042
-3.6299765807962627
6.37910085054678
0.45688178183895567
0.056850483229104215
-1.0227272727272791
-4.4202066590126226
-0.3003003003003003
-2.108433734939759
2.1538461538461537
-1.8674698795180689
-1.534683855125844
-4.862842892768087
0
2.1625163826998763
0.06414368184733439
1.8589743589743626
0.692259282567649
-1.1875000000000036
3.478810879190386
2.200488997555009
7.057416267942591
-3.4636871508379823
0.11574074074073415
3.526011560693638
2.010050251256278
-2.0799124247400016
4.974846282839578
-9.424920127795536
5.584950029394474
-9.020044543429838
0
-1.1015911872705089
0.24752475247525105
-1.172839506172843
0
2.37351655215491
0.4881025015253099
-0.48573163327260654
4.942037827943865
-5.639534883720923
1.0474430067775653
0.3658536585365819
0
-3.705953827460507
5.48895899053627
-4.1267942583731925
4.304429195258875
-9.270334928229666
0.527356624917608
1.377049180327865
1.5523932729624876
1.0191082802547735
0.8196721311475482
-2.8142589118198873
-0.7078507078507041
1.4906027219701767
4.278416347381875
-2.020820575627686
3.75
-5.000000000000007
5.26315789473685
-3.6746987951807193
11.25703564727955
-7.25126475548061
3.0303030303030303
0.8235294117647092
5.017502917152855
-6.277777777777784
0
2.252519264967405
4.231884057971021
-3.337041156840934
-3.1645569620253164
-10.754604872251944
1.1984021304926842
2.0394736842105226
-0.7092198581560247
-1.168831168831176
0
-0.06570302233902386
3.747534516765297
-3.6755386565272565
-1.3157894736842106
2
1.9607843137254901
-3.0128205128205057
0
-0.727032385988118
3.3954727030625986
-3.4127495170637547
2.6666666666666665
-2.2077922077922114
1.593625498007972
-4.183006535947716
3.2060027285129724
-1.5201586252478594
-0.6711409395973155
-0.4729729729729653
0
2.10454854039375
2.2606382978723443
-0.7802340702210774
0
-0.9829619921363041
1.919258769027138
-3.896103896103896
2.0945945945945907
-1.1250827266710712
1.6064257028112487
-2.8985507246376847
3.1207598371777436
1.907894736842109
0
-2.9696578437701704
2.328675981370592
-3.0559167750325207
-0.7377598926894664
-0.7432432432432394
-4.016337644656232
5.319148936170213
-0.3367003367003367
0.06756756756756373
2.6333558406482145
-2.697368421052628
1.4198782961460408
2.066666666666663
2.0248203788373575
-5.249679897567215
-2.635135135135139
1.040943789035392
9.065934065934078
-8.564231738035279
-0.6887052341597797
0
-2.357836338418847
2.2727272727272645
2.361111111111115
-0.33921302578018997
2.0422055820285907
-2.8685790527018087
2.953296703296711
-1.2675116744496369
-2.635135135135139
0.5551700208188837
0.9661835748792309
-2.392344497607655
-0.5602240896358622
0.8450704225352033
2.932960893854761
1.01763907734057
3.3579583613163195
-4.8732943469785575
0
1.7759562841530014
0
-1.2080536912751754
4.144021739130451
-4.044357469015014
-0.7477906186267806
-1.0273972602739727
1.0380622837370241
-0.06849315068492762
0
-2.6045236463331127
2.322308233638291
-2.6822558459422323
1.0600706713780919
-1.3986013986013985
-0.425531914893613
1.4245014245014245
-1.9662921348314686
0.35816618911174786
7.066381156316921
-6.73333333333333
2.0014295925661063
-1.8920812894183523
-1.2857142857142938
-2.3154848046309615
3.7037037037037037
-7.071428571428576
-0.845503458877782
0.6201550387596987
-5.0077041602465435
0.6488240064882378
-1.5310233682514034
-1.6366612111292962
3.993344425956736
-2.2399999999999975
-3.1096563011456606
2.5337837837837838
1.8945634266886302
6.305578011317702
0
1.368821292775674
-2.550637659414858
1.9245573518090837
-1.81268882175227
5.384615384615385
5.766423357664237
-11.180124223602496
11.888111888111897
-8.680555555555555
8.745247148288973
7.3426573426573425
-4.88599348534202
-3.1506849315068455
-4.31400282885431
2.7346637102734577
-2.158273381294964
4.044117647058823
0.2120141342756264
-5.077574047954878
-1.9316493313521503
-0.9090909090909005
2.370030581039751
-2.837938760268866
-0.15372790161413424
-1.9245573518090837
-2.511773940345371
5.9581320450885595
1.063829787234047
-8.646616541353383
5.59670781893005
-4.770070148090416
-0.9657881813717522
3.7520661157024846
0.270830014338051
-2.081347314903075
0
0.6490345610903757
-2.224729969369664
3.0667765869744428
7.822748360262371
-6.4985163204747804
-3.2053316407489736
1.491803278688519
0
-5.475690518494578
0.4784688995215209
-0.8503401360544218
4.459691252144085
-3.8259441707717543
4.148881680040976
-1.639344262295082
-1.3333333333333286
0.1689189189189093
0
-3.052276559865085
7.496955992346487
-3.3333333333333255
-5.172413793103454
0.8649602824360141
4.917745887294369
-7.272727272727272
4.155423637344837
-5.025906735751289
8.20149118021458
-6.0504201680672285
-1.2522361359570586
-7.228260869565221
9.256004686584657
-9.776586237712253
0.03961965134707434
3.0891089108910936
3.5343834037648794
-1.8181818181818123
8.654572940287222
-4.295652173913042
-0.05451571869889358
0.8909090909090945
2.000360425301855
-2.261484098939931
-0.5784526391901668
8.527272727272724
5.210252973697436
-3.025477707006367
-3.448275862068968
-0.8673469387755068
0
6.347572482415513
4.4200677528633685
-4.263865286575012
1.5814103598515474
0.2065131056393891
1.458465440710212
18.265624999999996
4.901572202404555
-11.272040302267005
0.07097232079488595
-2.6524822695035524
4.910389042692707
-0.6527777777777762
1.286173633440517
3.3678398895790167
-1.8560555481372687
3.4829931972789145
2.5506179332106202
-2.474358974358983
4.903378467201268
-5.802005012531323
-0.2128508713582501
-1.8264231435808618
0.48886474741987973
-1.378378378378373
-1.342833653055637
-1.125000000000003
0.08428150021070695
-3.8175438596491214
1.7656500802568127
-4.172641238887291
-1.0175071075864022
3.053665910808762
0.4840839078773629
6.0875912408759145
-2.298059722031102
1.0422535211267534
-1.031502648452739
-0.6197183098591518
0.6235827664399061
-2.4507042253521054
-3.1186832226393455
8.47988077496276
0.2885011677428132
-1.0958904109589003
-0.2770083102493114
0.013888888888895994
1.374809054298007
-1.3013698630137025
2.428868841082582
-1.9647696476964809
-5.2522460262612265
7.5127644055434075
0.4070556309362241
-3.702702702702696
5.248386191411724
-5.799999999999993
-2.830856334041047
1.9664967225054542
-2.571428571428567
3.3284457478005804
