-2.3596419853539508
0.7500000000000048
-4.466501240694794
2.4242424242424216
2.9585798816568047
0.16420361247947687
-3.1147540983606534
0.16920473773265893
0.5067567567567519
0.1680672268907587
2.4328859060402612
-0.7371007371007301
1.4026402640264048
-0.24410089503662438
0.0815660685155045
-2.037489812550937
1.4975041597337746
0.08196721311474944
2.37510237510238
1.4399999999999977
-1.419558359621449
0.47999999999999543
9.872611464968157
2.028985507246385
-1.8465909090909252
1.0130246020260534
-2.4355300859598894
-1.6152716593245144
12.16417910447762
-1.1310711909514417
-1.3458950201884254
-1.6371077762619413
2.357836338418867
-2.2357723577235658
0.5544005544005426
1.5851137146795393
-2.37449118046133
0.41695621959693835
1.0380622837370241
1.36986301369863
-1.5540540540540617
0.27453671928620843
-1.3689253935660508
-1.873698820263698
2.6874115983026754
0.06887052341599363
-0.3441156228492773
-0.34530386740331487
-0.2772002772002811
0.0694927032661531
-1.1805555555555476
1.8271257905832707
-0.8971704623878615
-2.2284122562674016
0.2136752136752015
0.3553660270078181
-0.566572237960328
-0.07122507122506717
-0.7127583749109051
0.2153625269203036
0.5014326647564592
-1.4255167498218102
1.590744757772949
-2.1352313167259784
2.1090909090909133
0.14245014245013435
0.7112375533428166
0.2824858757062187
-0.8450704225352033
-0.8522727272727393
0.28653295128940237
0.35714285714285715
-0.4270462633451917
0
0.7147962830593281
-0.1419446415897921
-0.42643923240937764
0.07137758743754055
1.9258202567760465
-0.5598320503848925
2.2519352568613775
1.8582243633860898
3.0405405405405403
1.2459016393442661
0
0
-0.25906735751295706
0
-5.7142857142857215
-0.8264462809917278
1.3194444444444484
-2.535983550376982
2.109704641350211
1.2396694214876112
2.312925170068031
0.930851063829791
-2.1739130434782683
-3.0303030303030303
2.013888888888893
0.5445881552076126
-0.40622884224779576
0
-0.40788579197824226
1.023890784982935
-1.0135135135135136
0.2047781569965948
-0.6811989100817438
1.4403292181069918
2.704530087897228
-0.5924950625411493
1.3907284768211883
-0.06531678641410471
0.32679738562091504
-0.6514657980456026
-0.26229508196721685
-1.3806706114398386
-1.8666666666666742
0.2038043478260947
-1.2881355932203429
-1.0302197802197803
2.220680083275515
-0.678886625933469
-1.2987012987013025
0.96952908587258
-8.093278463648842
1.4179104477611983
1.0301692420897761
1.0924981791697013
-2.881844380403458
3.5608308605341117
-2.3638968481375238
-2.3477622890682444
2.854996243426004
0.07304601899196078
-1.897810218978098
-3.1250000000000124
-0.691244239631319
2.7842227378190207
-5.11662904439429
-0.8723235527359194
-1.8399999999999976
0.40749796251018744
-0.0811688311688381
0.7311129163281931
8.629032258064507
-0.593912397921294
-1.792382374906651
1.8250950570342248
0.7468259895444361
0.7412898443291327
0.22075055187636713
-0.5139500734214307
-0.7380073800738007
-0.29739776951673286
-0.8948545861297454
-0.3762227238525207
-0.3021148036253819
0.2272727272727359
0
0.7558578987150415
-0.9752438109527466
0.7575757575757576
-0.07518796992480775
0.8276899924755412
-0.4477611940298465
-0.9745127436281944
1.362604087812272
0.7468259895444361
-1.7049666419570135
0.6033182503770825
-0.899550224887569
0.907715582450845
0.5247376311843992
-1.5659955257270652
2.8030303030302943
0.07369196757555103
-1.5463917525773363
-1.271503365744195
6.666666666666675
0.8522727272727191
-0.0704225352112636
1.127554615926705
-1.1846689895470304
0.7052186177715091
-1.2605042016806802
0.7801418439716272
0.9852216748768513
-2.2996515679442586
5.563480741797441
-0.5405405405405482
5.706521739130439
0.1285347043701909
-2.888318356867779
0.19828155981492593
0.9234828496042254
0.5882352941176507
-4.288499025341126
0.47522063815342064
-2.0945945945945907
1.1042097998619698
-0.27303754266211994
0.5475701574264281
1.7018379850238257
-0.06693440428379807
1.0046885465505693
-0.9283819628647252
-0.870147255689432
0.6076975016880525
0.8053691275167709
-0.13315579227695648
-1.0666666666666629
-2.223719676549873
0.620261888352864
0.06849315068492762
-0.3422313483915127
0.27472527472527863
0.47945205479451275
-1.5678254942058507
0.9002770083102375
-1.2354152367879088
0.9728978457262026
-0.6194081211287031
-1.7313019390581716
0.0704721634954153
4.577464788732394
-0.3367003367003367
1.216216216216224
-0.7343124165554223
2.4882313382649746
1.0498687664041957
1.558441558441562
-0.25575447570332843
-1.3461538461538425
0
-1.299545159194282
-1.382488479262669
-2.6702269692923895
1.234567901234556
-2.9810298102981068
1.5363128491620233
-1.6506189821182982
1.3286713286713328
1.7943409247757034
0
-1.1525423728813482
0
0.8230452674897041
0.20408163265306895
-1.4935505770536435
0.34458993797381116
0.4120879120879082
-1.3679890560875514
0.6934812760055479
1.1019283746556632
0.5449591280653835
1.4905149051490632
-4.405874499332458
-1.3966480446927376
-0.2832861189801539
0.14204545454544645
0.5673758865248307
0.35260930888575454
-0.21082220660577045
0.42253521126760163
1.0518934081346425
0.1387925052047308
-1.2474012474012552
0.9122807017543939
-1.043115438108484
-1.3352073085031662
2.4928774928774926
-1.2508686587908349
2.322308233638291
-0.8253094910591589
-0.6934812760055479
-0.7681564245810016
1.1963406052076124
0.4867872044506179
-1.8685121107266358
0.9873060648800968
-1.3268156424580848
-0.42462845010617317
0.49751243781095744
0.3536067892503536
-0.49330514446794715
0.0708215297450586
0.5661712668081974
0
0.07037297677691366
0.5625879043600643
-1.4685314685314645
1.348474095102914
-2.1708683473389514
0.42949176807446154
1.9957234497505223
-1.3277428371768034
1.8413597733711211
0.27816411682891323
-1.3176144244105252
0.9838369641602088
-0.6958942240779402
0.5606166783461888
-1.324041811846694
0.423728813559318
-2.2503516174402174
0.07194244604316138
-1.150251617541333
-5.381818181818186
3.3051498847040826
2.45535714285713
-0.14524328249817622
0.29090909090909506
-1.5228426395939045
0
-0.441826215022108
-1.1834319526627177
0.8233532934131694
0.22271714922049843
-0.7407407407407407
0.07462686567163755
-0.6711409395973197
0.3753753753753754
0
0.8975317875841564
-0.6671608598962236
5.597014925373134
-0.9187279151943544
-0.6419400855919952
-2.2254127781766133
0
-1.688693098384716
0.4480955937266574
-1.561338289962821
-1.510574018126888
1.2269938650306704
0
-1.1363636363636365
-0.3831417624521073
0.23076923076923953
1.0744435917114177
-2.429764616552763
-1.4785992217898878
0
0.3159557661927375
-0.23622047244094263
0.8681925808997587
-1.4866979655711983
0
-1.5091342335186702
1.2903225806451568
-2.786624203821656
-0.08190008190007725
0.08196721311474944
1.1466011466011512
-0.19433198380566388
-0.1947103683271208
0.8291334742318406
-0.8223153821348035
5.98276702975126
-0.27611596870684557
-0.7998769420089373
-0.7598077221274537
-2.4531250000000004
0.17619734102194368
-0.7675087943715971
-0.09668063164679709
-1.7580645161290378
-0.26268264652765816
0.24691358024691124
1.2479474548440033
-3.065196237431063
1.8905805588087592
-0.11494252873563265
-0.55893473614992
-0.462886427508681
-1.7438963627304505
3.110209601081818
-1.639344262295082
0.3500000000000014
1.3120744062448084
-1.7377049180327906
-1.2178845512178793
0.033778078027353525
1.063650177275034
-1.737387236886066
-0.01700102006120029
-2.0744771297398383
0.46883139433928805
-2.782578638091945
2.7555555555555507
-2.750865051903108
1.2987012987012931
4.1271513874253625
1.8552875695732862
2.5500910746812373
3.3263361860164737
-5.157055789967189
-1.0874938210578293
1.9323671497584485
0.049027618891977674
-1.27409343351846
1.1912640635340817
0.22890778286461833
0.1794453507340937
0.13027194268035402
4.553585948934793
-4.759682687820826
-1.0125755348685244
-0.19798713083649142
-0.628203008761783
0.16636167027117188
0.13286829430326905
2.803118261734944
-0.35495321071313146
-0.9229274611398969
0.8334695211635972
-2.0907617504051963
0.23174971031286307
-0.5119735755573827
0.016600265604246364
-0.18257261410788286
-0.3990688393747955
2.804674457429048
1.6563819421890276
-2.0607028753993597
0.7013537758930023
1.1661807580174908
0.7845020813320557
-1.0802223987291497
-1.1401959209892416
1.0071474983755644
0.6111289803795473
3.0370843989769685
1.4427551970214194
-3.5326502523321643
-0.6816740646797713
3.3040702314445336
1.900494437577262
-2.5928733889310203
-1.1363636363636316
1.322626358053844
-1.3053613053612998
2.377578334120608
2.645339895416793
-3.161522325442013
3.0481200680798377
3.933933933933941
0.17336030049119408
1.8459763484280374
0.2548853016142631
-1.115819209039537
-0.714183688044565
-1.2084592145015154
-0.5242463958060279
-1.4346362172449187
-0.4901232734293752
-0.19402985074626186
0.5533123971885604
-0.5800118976799533
-1.256544502617785
2.0905923344947666
-1.305831725775331
0.13531799729362382
-0.9009009009008925
0.9242424242424234
0.5854976730220696
-0.014925373134335994
0.298552022689958
-0.5357940169668097
-0.9875804279515137
1.2996826356354834
0
0.7608533492466136
0.5330174711282194
0.4418262150220871
