-4.320987654320993
0
-6.912442396313364
2.673267326732676
2.5072324011571787
5.362182502351836
-7.142857142857143
3.8461538461538463
-2.407407407407402
4.36432637571157
-3.454545454545452
5.461393596986815
-3.035714285714291
4.6040515653775325
-3.2570422535211168
1.9108280254777017
-1.3392857142857142
-6.787330316742081
8.446601941747575
0
0
-2.059086839749326
1.919561243144419
0.538116591928246
-1.605709188224797
8.794197642792387
-4.166666666666667
0.17391304347826333
3.819444444444437
0
1.4214046822742499
-1.1541632316570416
-0.6672226855713189
1.0915197313182297
-1.8272425249169457
1.861252115059224
0.5813953488371998
2.312138728323709
-4.681194511702995
0
-2.03217612193056
-0.9507346585998345
2.443280977312401
-0.5962521294718933
-0.25706940874035744
1.804123711340201
6.07594936708861
1.3524264120922855
4.238618524332814
2.861445783132517
0.5124450951683873
0.9468317552803953
-5.772005772005772
0
-1.7611026033690529
1.8706157443491638
-0.5355776587605117
-1.461538461538466
-0.7025761124121713
5.345911949685533
-2.089552238805979
8.23170731707318
-9.014084507042261
3.250773993808063
-3.5982008995502333
-2.2550544323483606
1.1137629276054029
2.202989771833211
-1.0777521170130913
0.7003891050583702
-2.31839258114374
-7.753164556962034
10.548885077186974
-2.2498060512024867
6.111111111111102
3.8893044128646355
-6.047516198704107
1.6091954022988462
2.6395173453996983
-1.4695077149155034
-1.3422818791946183
2.569916855631124
1.105379513633014
-1.6034985422740444
0
1.0370370370370412
-2.4926686217008838
-0.6766917293233126
-1.5897047691143031
0.1538461538461451
-1.5360983102918588
-3.276131045241801
9.758064516129028
1.1021307861866276
0.2906976744186088
-0.07246376811593791
0.5801305293690957
-0.5046863734679082
-2.898550724637681
1.8656716417910448
-2.344322344322336
-1.7254313578394682
4.0458015267175655
-3.0814380044020666
4.087812263436795
2.4727272727272767
-3.4776437189496137
-1.0294117647058865
2.377414561664203
0.5805515239477379
-1.443001443001443
-4.319180087847735
4.1315990818668755
0.07347538574577099
-2.3494860499265706
-0.4511278195488679
10.045317220543792
3.6376115305422183
-3.9072847682119245
-0.620261888352864
1.4563106796116663
-0.13670539986330624
-0.20533880903489593
-0.20576131687243576
-3.7800687285223367
-1.7142857142857184
9.302325581395358
-0.19946808510639052
-1.3990672884743467
-2.7027027027027026
1.4583333333333295
1.4373716632443494
-3.7112010796221324
0.8409250175192832
-1.8068102849200793
0.4953998584571752
-5.422535211267598
1.265822784810118
-0.5882352941176554
0.7396449704142013
6.975036710719531
-2.0590253946465342
2.52277505255783
-0.06835269993166283
-1.6415868673050462
0.13908205841445662
-2.2222222222222143
0.8522727272727191
1.1267605633802777
3.7604456824512575
-1.6778523489932886
-0.8191126279863403
0.8947006194081093
-2.114597544338332
1.1149825783972085
0.9648518263266752
-1.4334470989761052
4.501385041551246
-6.958250497017892
1.4957264957264915
-2.175438596491224
-6.025824964131998
10.1526717557252
2.4948024948024905
-0.7437457741717338
-1.5667574931880186
1.7301038062283738
0.47619047619046845
-0.6770480704129994
0.681663258350375
0.2708192281652036
1.215395003376105
-3.5356904603068786
-0.06915629322267934
2.1453287197231794
-0.5420054200541891
0.8855585831062553
-3.8487508440243006
4.073033707865156
1.6194331983805708
-1.8592297476759516
-5.27740189445197
4.285714285714286
-2.328767123287675
3.997194950911653
-0.6068779501011501
0.06784260515603413
-0.6101694915254275
0.5457025920873202
-0.06784260515603413
0.3394433129667345
-2.3680649526387008
1.4553014553014512
-1.6393442622950858
-7.638888888888889
-2.706766917293229
-0.6955177743431264
-0.2334630350194641
0.390015600624025
-3.6519036519036434
1.5322580645161337
-1.0325655281969908
1.5248796147672599
-0.07905138339920499
-0.3164556962025361
7.857142857142862
-6.622516556291391
-0.31520882584712817
-0.15810276679842122
0.4750593824228096
-4.649330181245079
0.4958677685950366
-0.4111842105263158
1.5689512799339436
-0.08130081300812546
-2.3596419853539508
2.000000000000005
0.49019607843136787
-0.6504065040650383
1.4729950900163642
0
1.6129032258064515
0.23809523809523583
2.137767220902615
-1.550387596899225
0.7874015748031497
-0.6249999999999978
8.490566037735848
-6.23188405797101
8.191653786707878
-5.785714285714282
0.8339651250947644
1.0526315789473728
-1.9345238095238053
1.1380880121396053
0.6001500375093645
0.07457121551080859
1.0432190760059656
-0.14749262536872318
-1.6986706056130068
2.930127723516158
1.094890510948905
-1.0830324909747293
-1.8248175182481752
2.3791821561338207
-0.14524328249817622
-1.3090909090909173
0.6632277081798127
-0.5856515373352731
-0.14727540500737632
0.9587020648967636
0.9495982468955317
3.6179450072358903
1.675977653631289
-3.6401098901098785
0
-1.496792587312917
-1.2301013024601946
-4.395604395604396
-0.3065134099616902
4.842428900845513
2.19941348973607
-1.2195121951219634
-1.815541031227306
1.5532544378698394
-0.9468317552804161
-1.5441176470588194
0.07468259895443936
-1.4179104477611983
0.757002271006813
1.953418482344098
-0.44215180545320143
1.7764618800888274
1.0909090909090908
-3.165467625899285
-2.67459138187221
4.961832061068702
4.436363636363632
-6.615598885793872
0.07457121551080859
0.819672131147558
-1.9216555801921822
0.3014318010550156
-0.07513148009015351
1.7293233082706851
-2.439024390243911
4.242424242424238
2.107558139534888
-2.775800711743776
1.9033674963396738
-1.867816091954019
-0.5856515373352731
1.3991163475699389
1.1619462599854922
-2.297200287150048
0.14695077149156285
-0.5869405722670663
0
0.5166051660516521
-1.321585903083688
0.4464285714285672
2.0740740740740824
-1.741654571843255
-2.3633677991137496
0.6051437216338967
1.804511278195493
-3.9881831610044354
2.38461538461538
-2.329075882794887
1.9999999999999956
-0.6033182503770611
5.993930197268571
-4.080171796707222
-1.492537313432836
-0.9848484848484934
1.6067329762815783
-0.9036144578313381
6.231003039513691
-5.293276108726756
-3.3232628398791584
1.4843750000000044
1.0007698229407105
-4.192073170731697
0.3182179793158246
-2.6169706582077694
0.9771986970684062
1.5322580645161337
3.9714058776806986
-5.882352941176472
0.7305194805194736
-1.5310233682514034
1.4729950900163642
-3.7903225806451637
-2.1793797150041865
4.198800342759204
-0.32894736842104566
-2.8877887788778875
5.182667799490225
-5.977382875605809
1.546391752577317
0.8460236886632826
1.2583892617449663
-13.338856669428342
3.250478011472281
8.148148148148145
-2.054794520547938
3.234265734265724
-0.338696020321754
5.94732370433305
2.6463512429831573
-2.968749999999998
-1.6103059581320451
3.5024549918166947
0.9645793801391515
1.3782302270947573
-7.291827591534073
5.782369605065821
0.9609325771896764
0.7177406771727161
-12.006196746707978
9.542253521126765
5.191256830601099
-4.1864018334606605
-0.1754106203157382
0.7188498402555842
-0.07930214115780676
-3.4920634920634965
2.055921052631579
-2.5946817082997575
-8.173395102581068
4.954954954954955
1.2875536480686696
0.5762711864406838
0.2696326255476855
-1.1764705882352988
-9.013605442176868
8.13084112149533
0.08643042350907028
-0.103626943005173
0.6224066390041484
0.05154639175256706
1.0647432594882442
-2.2939677145284647
-7.391304347826087
4.6760563380281726
-0.430570505920348
-2.378378378378379
1.2366186784791469
-7.711941659070199
3.6151718688265615
-2.040038131553861
-1.6154145581938602
5.677546983184975
-1.946836390864843
8.49560901107292
5.22611296850255
-1.956521739130426
3.4623912672693056
-4.352126607319475
8.583247156153044
-9.34920634920635
-1.4183155314305766
4.351687388987572
-1.8723404255319174
0.41630529054640414
1.5719467956469106
0.6632653061224499
1.3684744044602168
-2.3166666666666678
-9.40112608769834
17.815442561205273
2.3017902813299194
-1.4843750000000044
-1.9032513877874635
-0.4850444624090611
-1.8683996750609237
5.993377483443705
0.2811621368322506
-2.1339563862928417
1.018621677542576
-4.14368993225145
0.8547008547008481
2.3631029986962235
4.887756726635875
-4.098360655737698
1.3611902500791493
-2.5608994378513548
-7.0352564102564115
4.8095156007584885
0.08223684210527017
0.19720624486441649
6.609808102345418
-6.276923076923074
0
-1.9862114248194367
-1.3565566906715831
2.325976230899838
0.8627841380454554
2.1220595492679704
1.4014175257732033
-1.39793486894361
-5.751570807153214
24.44444444444444
1.497252747252752
-4.9803762349438445
-0.29910269192421846
4.071428571428563
1.5785861358956839
-1.1756756756756819
2.5570901134965194
-4.600000000000004
2.865129280223616
-4.945652173913045
2.687249857061192
0.6820712694877434
-1.9079220240564019
0.09866102889357742
-0.5209800056322027
0.5095541401273876
2.8024221940571676
-2.917808219178076
2.299985889657112
-2.5103448275861977
0.45274476513864337
-4.563380281690134
-0.9740259740259899
0.9836065573770654
1.3134592680047232
2.6948288419519217
0.425531914893613
-2.4999999999999947
0.028972910328836768
-1.0861694424330195
1.3030746705710112
1.4452955629426218
