1.2826837691169266
0.12447908210207038
-2.2162162162162162
0
2.4378109452736267
-0.16189088554314393
0.043240905896988376
-0.7293748986979307
0.29389354522694366
0.3907097894508382
0.8054054054054103
1.8714140168373565
-0.32635014212022556
-0.8766370933671266
-0.03196590303675594
-1.5135365593690093
4.258658008658011
-0.08304354595941954
-1.0285179990649813
1.044454941479037
0.16102223145646732
1.0786703313799697
0.8106305474321576
0.005089317522515601
-3.4503816793893107
1.5180265654648932
1.7030114226375885
0.16336532570962045
-0.8562691131498448
0.5346493933785659
-0.36305993045612134
0.07698229407236336
1.8410256410256456
0.5085855279721995
-1.573146292585175
1.0180189351521938
-0.997682152574824
-0.07634364820846906
-1.1256557836295986
1.045744900061815
-0.1172572011215883
0.15822784810126117
2.2422667278193957
-0.8124408114439493
0.6080402010050205
0.9939563458368759
-1.4688427299703286
0.8884204186116572
2.925373134328367
1.1987625676720672
-2.478983568972099
-0.5240730763579392
0.64992614475628
1.751296350650619
-3.6778846153846154
0.3394060394309935
6.033925284783364
0.6755488834678219
-1.3606710158434212
1.7573696145124629
-4.5403899721448555
1.4492753623188495
0.21093000958773206
0.9232682740145296
-0.9764421481727218
0.7132257910104873
-1.886882129277558
0.276122656590603
0.36231884057971014
1.4969915764139547
-0.4410509342691704
-0.061925403706005896
0.01906577693041425
1.3152878383530264
1.3264346190028136
-0.19496796954785156
-0.39999999999999575
-0.5323620061641958
1.042253521126752
0
0.5018120992472903
-0.2820157189089186
-1.7293337660531403
-0.16984336667295288
-0.7230623818525606
-0.318941305279184
-1.3514804202483373
-0.08229655806747438
-2.286821705426359
-1.3189210630702057
5.094965330117569
-0.3585771658060815
1.5882155366824966
-0.12280370300396322
-4.492575427976923
0.4159239453357146
2.504930966469437
-1.8664614200500373
4.11274509803922
0
-0.8380808889307492
0.09021413987940226
2.533206831119549
0.5413158138243647
-3.7688095347660067
0.4208110175975604
-1.7952380952380866
1.532269795858988
1.084101437508946
-1.7433619956534108
0.5577727556859338
0.454262898675465
0.052361005331298026
0.004757600266421288
-0.6089438629876395
-0.15316867700554368
0.3163950143815872
0.7168116219057632
-1.784019738090715
-1.2512077294686035
-0.09784257130277384
0
0.47010430439253265
-0.9748013842179546
-0.3150071368804494
-0.1580012837604328
0.3412294149646452
0.9265648102513531
0.3515968356284816
0.03406326034062375
0.17998735224012616
0.02913469942701316
1.3446601941747485
0.6801743545528703
-4.039202626195351
-0.1536936043629107
-3.6843934654153654
-0.24230551116152216
1.834625322997416
-1.537680791677237
1.3039892794557237
1.1294835919613353
-0.5584343713840185
-0.536274410604063
0.8596134282807778
-0.05547430531041083
-0.36835200322938516
0.7546214231451046
0.30662511309942236
0.5061388123277328
0.7678500199441609
0.05937654626422788
-1.2263871031549773
-2.3580654851306764
0.030764497769580908
1.2609564816238612
-2.7537332320931456
-0.15616053302795274
1.5223398154423673
1.2530169978945254
-1.648323781508343
0.5672442244224423
-0.8101733155573764
0.010339123242339645
-0.12922567972707538
-0.02070286217068804
-0.3520215354351066
-0.24936360330407717
0.6510077600124994
0.1552312946289972
1.2037611076668828
0.9341977640512509
0.536111673073028
0.13079786698863752
0.6531350482315113
0.3693720674852682
-2.481599363437431
-0.025498495588760262
0.6223219751071117
0.2788198316942107
-1.4660532834538194
0.5027961623313417
-1.8071366583286583
0.8110215752534395
-0.3816203393326731
-0.9732360097323577
1.0716712844372418
0.6206682528188683
0.8892772694561506
2.3080450399959216
-5.104581673306773
0.7819469955392333
-1.4267860862320396
-0.6814580031695769
0.24998670283495802
0.8011460101867645
-1.94747091952208
0.1717751892210971
-0.9645785327688763
-1.1741788864238851
0.7665352606219886
0.6248641599652249
-0.5291862411577397
1.8402909722599257
-1.3219616204690807
0.46456352636127424
-1.4356382406710424
-0.04909715782007875
-1.3481061019539375
0
-0.8575380359612724
-0.6473214285714235
0.7807234329364111
0.8694198294599641
-0.12155367699873172
1.161697184267301
-1.3561546453764945
0.2771772271190199
1.7911437890430573
1.0155868136642614
-1.2688172043010704
0.6262252232629056
-0.6223280480545483
1.2796776301459376
0.04838969837087282
0
-1.2736457437661246
-0.2776114528332649
-0.26200873362445165
0.5035026269702302
0.3485079503376096
-0.6566095072715384
0.07647348008957576
-0.44211560504338787
0.778508771929827
0.5222500272005173
4.605476783201653
0.563919499198089
-1.0855026237267162
0
-0.7749518905705566
0.6237551105986
-1.5939990623534999
1.4186649727383507
-0.12004801920769256
-0.36057692307691597
1.3216552158179076
0
-2.3500181168797605
0.005300821627347419
-1.457648680165377
0.04841052121995003
-0.4892473118279521
0.4916527094926743
-1.8870967741935436
-0.04931777083676316
-2.192982456140351
-1.294843049327349
-1.5844170594582367
-0.17311021350259664
0.8786127167630085
0
1.5471006188402474
-0.9141180453673425
2.5056947608200457
0
-1.6722222222222172
0.6780044070286456
-0.8866939783377396
1.3872374157748713
0.06701664246621498
0.2344011608438467
0.2839643652561197
0.2942646160679686
-0.9134189548272807
1.1173808592658807
-0.25968285540637853
0.21050299135829573
-0.27086788280818636
0.16628789978382574
-0.5533728072602513
0
0.5341939791887005
0.5092156971273618
-1.9769811112946798
0
-0.9269662921348315
-0.5387014459880919
-0.44469783352337255
0.538311762684679
0.034176349965831423
-0.34734084956156114
1.2056453916919112
1.5018066847335088
-1.329402603181659
-0.33260048480749144
-0.29977375565610603
0.07375049639756932
-1.6666666666666718
-0.2248356969906528
-0.3004564627029552
-0.19704433497537474
0.46454909703269265
-0.12138026703658222
-1.2210648148148096
1.4997949499091867
-1.3275613275613276
-1.0002924831822118
1.5776412195698308
1.4367983247047902
2.5863057690102154
0.005590027391129133
0.6316377864728874
0.649891684719216
-2.621412803532009
1.5528478322471007
-2.3941068139963217
-0.11435105774728416
2.318259874069834
-0.29650349650349395
1.1558747615306872
0.6101619702684713
1.2349762928658117
-0.005446029844250976
-0.46838407494144707
0.5198358413132695
0.7729994556341887
-1.0317631806395924
-1.4464275967469025
0.016614975631379147
0.7530871033833495
0.027480076944215445
0.34615384615384365
-0.8760882658927888
0.988786388996304
-0.12033694344163906
-0.7831325301204795
0.03311806590494613
0.5462671743088943
-1.2128196685325505
0.09443919782234574
-1.837051837051832
0.6445411884434818
-0.10673557665298937
-0.29805421212461786
0.03384285633706972
0.15224133070200427
-0.46728971962616567
0.8371514225917729
0.4936332529309449
0.3404967903991018
-0.44503782821539833
2.0954403218596336
-0.05473154178753216
-1.0404687585564865
0.17154557025068545
0.2596398188045545
0
2.8486417984461854
-0.3482267223829423
-0.11827321111767207
-0.6351256795306627
-0.20042251232326624
-0.8033000434216337
0.13679142044210987
-1.4206873941314684
-2.555290726678117
-1.4846416382252507
1.818811709683007
0.05670863105364636
-1.0428474268873322
-1.4833906071019525
0.07557700133714214
0.848146857209243
-0.8410138248847874
-1.2431741605669855
0.20000000000000534
0.15850651637899602
1.060899126663158
1.2585546920310895
-0.7045077037631126
0.824873096446711
2.391441157960979
-0.044700229088671536
-1.5596176421264514
-1.8682566723452636
1.689717030264455
0.05121493199795658
-1.2512797178933
-0.9330722267019954
-0.4011627906976797
0.8230692895919758
1.812181565539599
0.6539664486778505
-0.6440677966101747
0.29000341180485256
1.6896297556273716
-0.6356286590465621
3.6810504461029203
0
0.9633598527899526
-1.2597158938622353
0.9989142236699289
-0.1290045151580354
-0.15608180839612976
-0.12398253463424908
0.18890328151986183
-0.12928944674890178
-0.1132747181617205
-0.6156172372826365
1.1627906976744111
0.4404339886131725
1.1122994652406393
0.1692405331076817
-1.689545934530095
-1.3802363050483375
2.4505799705930404
0.037208313400310715
0
0.9511158342189209
-1.315858729406811
-1.8454317563603464
2.124653589088743
-0.05320847078854953
0.9955281090289511
-1.4074113120025207
0.7378100940975167
0.05307292219509606
0.44557606619986545
-0.7129277566539924
0.16488484655072266
-0.1646134239592256
3.6168288920802087
0.005133206714241385
-1.3602299558566882
0.23416766404745798
1.6872598899387394
0.06126512482769415
-2.0664319608143273
-0.48452641450454215
0.41882623946390246
0.3180230436369395
0.7483629560336692
0.15475085112968123
-0.015451174289243641
-0.5666306083552259
-0.4558876858519378
-2.1805880822274313
2.388806128963614
-0.6443232008313895
2.442340881753049
0.5717786399836658
-5.050761421319797
2.731889869018974
-3.575145711906735
-0.9552593232230582
1.640148212728853
0.7880769849354016
-2.047872340425532
-0.4018463209340261
0.5016084182978052
-0.7215320349373382
1.3497267759562865
-0.21027659459751394
1.3021396153014986
0.03200170675768889
1.247667288723012
0
0.9268523882247569
-0.39655622228019355
0.5657708628005633
0.21878418502891314
-1.5541348302926394
0.834213305174232
-0.10472300764477956
