0.27958740499457607
0.2625666567414616
-5.28347732181425
1.4793489724367823
-0.011235323858199996
0.11798415641327653
-0.13468013468013978
0.528208586199151
0.5030743432084964
1.1401557285873192
-0.9238383282925463
1.9037575623022676
-1.2118736383442266
0.013783597518952447
-1.0170893054024281
-0.2589735735568413
0.15634597129934416
0.6299827172882843
-3.7700831024930723
1.2694665937419012
-2.075042637862422
1.5965166908563135
-0.5057142857142806
0.6805846710507371
-1.92241871078152
0.8549991275519133
0.5276816608996592
0.25241660212832306
0.7610654916883611
0.9171706846125502
-0.3038829487901008
0.36125536238429057
3.16085489313836
0.31621415330934216
-1.6059782608695627
1.6432378690380844
-1.3395283121399897
0.9996970614965213
-3.2884332224464172
1.3871658960189415
-2.59733036707453
1.638782618626166
-1.4550561797752861
-0.23373809931018238
1.1599999999999975
0.8303677342823276
-1.5574229691876724
0.7284315957204618
5.423728813559322
1.5541264737406217
-4.192612137203168
0.9611412519622179
0.9056192034915389
0.18382352941176963
-1.8186724230976818
-0.08244929368438411
0.970953900319072
0.5203083712441066
3.124661246612471
1.4374687935248158
-0.564766839378243
0.5679745714136882
2.344559585492228
0.23035058853309479
-1.4471158702899214
-3.7183199651487677
4.52996912594486
0.7282171411111653
1.7795753286147646
0.4967216371945162
0.04942665085013839
-0.4940223298093074
-0.2680965147453128
0.7068896853843113
-0.237271379139889
0.8175602021603409
-0.6290853688504425
-0.11870023245462638
1.7281505323099822
0.4186137071651046
1.5777993213766448
0.6752403903509644
0.3460207612456834
0.3778932451582428
-0.9411764705882353
-0.6532066508313539
-2.388523610280935
-1.8272669377357544
-1.2100798403193613
-1.5027149892663214
1.8846153846153846
0.0025166729583467736
0.17616267364606403
0.18590162287092626
-1.7652958876629912
0.9776393710435007
-0.9428954220278617
-4.047363854437807
3.3829787234042503
1.6129862111545656
0.22279045039114223
-0.47237729557682623
1.786802030456855
0.7380809894274862
-1.881188118811881
0.050454086781029264
1.7902168431669188
0.5201882586078771
-1.296205027106947
-0.6341439057272704
1.5175879396984948
0.38610038610038383
0.3500986193293841
0
0.44469559235419304
0.2861825208521835
6.260975609756093
1.2693093396378035
2.359474161378068
-3.0136622306857763
2.783105022831042
0.7574579621937486
-1.6556437389770804
0
-5.485440157815684
0.09012855177648552
-1.8246445497630333
1.037895244991552
2.6994744386048732
0.6745754826703885
-1.0813308687615568
-0.7334392226478472
1.8094969175019915
0.3536182309843572
-0.3961308152924877
-0.3445246022937603
-3.2761781015800793
0.6069038309305103
-1.928946113495461
-1.4344411757555238
2.432105769467944
1.1390179882967753
-4.37857142857143
-0.15188864819102885
1.591022443890279
-0.08836958122638233
0.7370645177141173
0.9706843568606455
1.734299516908217
0.4796049195118433
2.8426275992438605
-0.00689290719849693
1.36259191176471
-1.471221635345602
1.5161973127185844
-0.27876617637060447
-1.1477272727272727
-0.44372916427175957
2.748140963465891
0.24274026791333683
-0.1816143497757929
1.170286843819501
-1.205595026642988
0
1.4113311009731035
0.8310249307479224
-1.1626373626373547
0.2868515265393172
0.23725055432372102
-0.45789368903045585
-0.1977777777777697
0.1981697134332265
-0.3755555555555475
-0.02453659298254252
-0.1383311021865198
0.16309933419724254
0.5063460551850241
-0.26188468196547077
0.5073431241655582
0.07084661707403068
-0.4092920353982301
-0.1510607575252734
2.943466749727461
0.06483682731791658
0.42332613390929513
0.22367515485202244
0.5772532188841124
-0.3605794875077266
-0.6723768736616624
-0.7092657267279038
0.5406344312482477
0
0.8292661858074468
-0.10708931248661384
-1.434391080617488
-8.15949185355986
-1.515869256276646
0.5291005291005291
1.38755980861244
-0.040113260972152384
1.0929348724122507
0
2.2042684350628035
-0.1142334932602239
-2.264409881061299
0.8729230049145842
-0.2992831125443831
-0.03257783776235948
-2.1275605214152615
0
0.14745754649668977
-0.11161774484658064
0.8891847554741835
0.0023565453045920537
0.32283909887830653
0.8925845019143588
-2.0115009428910797
0.311245218465641
-0.1350071056371345
0.018973981927286526
0.6331365156149917
0.3817333521843588
1.8474178403755825
0.44483370594879074
-0.19963285910967918
0.016094543949596904
-0.4804597701149342
0.4804693816266492
1.6644060783006633
1.2572643194717557
0.7570512963666126
0.006649230905629281
-0.7579619246027509
0.49353491592041726
-1.6977777777777696
-0.4815082738041455
1.6900256684006005
0.741617709473492
-2.8914166611232988
-0.21920310537733448
0.2402800979427447
0.22144096429551477
1.1525933350037458
0.009007588893655183
0.031523721600496185
-0.4817107484524398
-1.5923638913392717
-0.018387845634040084
-3.073633876640838
-0.33442436317061464
-0.41169891244854195
0.10275281972854573
-0.38671791076844014
0.17254187735149965
-1.9090452381522014
-0.1048703753383943
-1.7065429687500022
-1.614465611882467
-4.642649769003562
0
3.383458646616546
1.1523687580025608
0.5544303797468377
0.002517686749412348
0.33987915407854985
-0.6373102496550016
-0.16413726926087727
0.24028733306353703
0.20690873306250845
-0.23166217611362205
0.4391610509578277
-0.4397537379067722
0.9212518929833418
0.03751406777541578
-1.9725000000000024
0.025503047614189898
-0.8388363376762472
-0.7173711817340234
0.308186362106017
0.7358256738614066
-0.8534741266627298
0.04394581739219879
-0.24288778067750422
0.2952832387908952
-0.3538131763125905
0.7127306655608542
-0.07462878612419493
0.0025753283543628394
0.15194045994180141
0
-0.6479814862432455
0.005176251358761274
0.42960662525879684
-0.2190382930474669
-0.162702409545201
-0.406125510890379
-0.03116802160982359
0.3429551300371487
-2.2345356153387983
0.16155516711689996
-0.2697057034823838
0
-0.05567781106662537
0.5385186757215668
-3.0897912873690574
0.7378566761054212
-1.3324684450931155
-0.8354790993261382
1.6408386508660007
0.002717760565291726
2.182302424176546
1.0106651772653528
-2.7146581005292374
0.14073833495723226
-0.11621621621622114
0.6548150553345854
-1.9919890319632223
0.3894892753305123
-0.7459016393442672
-0.344096677402483
-1.9280702723606356
-0.1802613789995519
2.395598194130928
0.030312215822974154
-0.45454545454545453
0
-1.223190812231903
0.01961168856638047
-1.22128851540616
-0.6862522686025485
0.2626920221575088
-0.0655009397960979
2.410874583226466
0.28661268330690326
1.2708102108768087
-0.1589128171406702
-0.9934138309549895
0.060978989966179335
0.27423822714681695
1.0497527556009834
-1.3805735531315781
-0.2051338914453648
-0.3222222222222197
0.32326385018392345
-0.6222222222222248
0.23479427549195245
1.1126603457891826
-0.3281943793265145
0.05534034311012728
-0.2737831858407105
-0.3826848950389542
0.0027837318709436586
2.716846676316666
0.7560975609756122
-1.7240915570617796
0.19431824401992195
-0.3113988363517193
0.07124263597752868
0.2957202705292895
-0.622457615550525
-0.09065685008652859
0.14298284205894793
-0.6644700713893416
-0.32616507269611866
0.6960621186910679
-0.17625512929966378
-0.24829641073744035
-0.4010288464197804
1.6744418527157665
0.23487641676908122
-1.2915179422904033
-0.18494493057663672
0.04701327433627816
0.8928324626143733
-1.2794520547945156
-1.1794743707157327
1.2104021568186898
-0.21643219845168238
-0.1473818859319743
-0.2339311574022527
0.6978561857972309
-0.701336142374014
1.0524552636721554
0.500027625835679
-2.1413452816185186
-0.2752808988764096
1.0168441214579564
0.0027883891475869015
0.2286415346865887
0.1669170422300117
-0.05832361273120894
-0.12227316937613147
2.5207979744581372
0.14383803294705627
-2.2086720867208673
0.09699321047526673
-0.011074197120711267
0
0.07199025362719873
0.005533728072610062
0.7525453740593132
-0.5903998242530756
1.3286925775531038
0.2126383512349431
0.5331882480957538
0.49518346141357783
0.7673873825358787
0
-0.9672937152629402
0.3183854082348546
0.6078536847767593
-0.2807036304336203
-0.9034610332162628
-0.010821339681855073
-0.6033549783549833
0.016332308027339298
-0.3102631793811091
-0.0218406180894969
0.4450998061221753
-0.39147455415398247
1.2718340611353687
-0.28297310408020265
0.4567444123131832
-0.4546677428033385
0.5945785249047323
0.04567314150614634
1.3534561469466575
0.6835885750622697
-0.2736842105263182
-0.7758074730842329
3.7817137386309314
0.4510045100450981
-1.3520408163265305
0.07757951900698215
-1.0697674418604675
0.0026119208065587696
1.1439914331235193
0.4493221433182722
0.1182549679940335
0.6573372705096908
-0.11479298997474555
0.012769435080192052
-1.608743392661066
-1.9880096545638553
2.3990467363961314
0.023273253859483617
-0.1938986556359876
-0.26421447998963393
0.2051788172350112
-0.005183764449738689
2.2680145152928977
0.26612596629071095
-0.6218402426693607
0.0025436231367937387
-1.2463436347450083
-0.571796522858978
0.7253322280651763
0.0514363603631407
0.23391512222707525
0.015386982612707314
9.558974358974362
-0.7676465081445465
-1.9504716981132033
0.014432444134401036
-0.2020250607277625
0
0.31329075792264127
-0.9681681681681725
0.5579544903207025
