-4.04233903698172
1.3839074236989948
-5.069585822514437
0.9703276613697057
-0.20543175487465498
-2.2364886082132482
2.4946466809421874
0.6197987395104191
0.07267190365783174
1.32097655439518
3.621160409556311
1.4459339283949835
3.633116883116886
-1.8734922773269895
3.441780275214718
-1.9445044600141979
5.98067298309673
0.8494460779945917
-2.8861728758651157
-1.0765731614859742
1.5634580012262416
-2.004225777241174
0.33573584673196855
2.0475825019186438
-0.8423079237109681
1.3106000849463102
-1.224770916931188
1.2490525996665096
-3.739856873371849
0.4728132387706799
-0.08049535603714889
-0.22928673235421984
1.9472049689440938
0.22237792061413417
2.808510638297875
-0.005912961210982523
2.0785287682573528
0
-2.076755973931928
2.0971367723615604
0.2897123156705392
1.3663806800127158
-0.06839555428897381
-1.2690355329949239
2.504260419976323
0.09298917944093009
-1.4188789730018887
-0.04569209241225431
-0.5085568983743244
-0.005743330557398066
0.5944688550013002
1.570172433481786
-0.8263533644387006
0.8870876317877714
-1.5197909936230556
2.0281834778639865
-1.277714093997255
1.1045029736618521
-1.8011204481792769
0.04278746042159911
0.44194799270072993
0.4939393079172252
0.5169345498714777
0.5227068345323715
-1.003634330444509
0.5337324560164947
9.174157303370784
-3.2341892656820828
2.720093594618302
-0.005177055290945799
-1.7577012684442166
2.289794735316595
2.977846470891291
0.06003602161297006
2.147500000000002
0
0.4283022100393927
-0.27050738412047215
0.06597756762700237
0
-2.7594627594627594
-0.7483676544450071
-0.9589595668235321
-0.3499987226324061
-1.2587807004050635
0.3738803063741423
2.3694353190718824
-0.39166140240050534
0.6012176560121719
-0.24207579998486797
1.741614216020831
-1.513043478260872
1.5489013899750281
-2.1189914296360746
2.938937109791386
0.591715976331361
-1.1078431372548976
-2.0769307028849058
1.3135914958238444
-0.5720852382023056
-2.170854271356786
0.16694062050544484
-0.6769057203661468
0.16005369543331371
-0.6984716100930413
-0.07267441860465589
-2.1662337662337685
0
-4.555832846599053
1.1349095966620357
-0.891138126409596
0.5772326136426632
3.9732906572484965
0.7908285122870384
-1.2085308056872062
0
0.01865621918393094
0.031976124493706515
-1.5450186467767715
-0.46536796536796043
0.16853321735347987
0.3012211668928062
-2.0075214415194345
0.16841989011292163
-2.356670341786108
0.04234297812279464
-3.0248306997742613
0.0378258845437537
-0.9452895494604578
-0.4198966408268654
0.6044879544717364
-0.34292748695703945
0.03235198964736064
0.026461248970954105
-0.04996913670967397
-0.30584637101517737
-2.176991150442483
0.6573789276883235
-1.6117435590173812
-1.3458376469155295
0.2932098765432099
0.9416833358978276
-1.2774000792658788
-0.9171762090049972
1.714196665108306
0.0030641948827917586
-1.3420762348326918
-0.4845021429902591
0.2871231508644989
2.0103317358560995
-0.10982306284319429
-1.661373075983389
2.2267080745341556
-0.47695719537016795
5.067155067155067
0.06972690296339602
-0.4006503309720178
-0.8307584679064887
-1.8371006143264454
0.6138459695771948
-1.2023451682985653
0.07229568936952409
-1.6766503115499178
-0.19287288758266538
6.43845280819607
-2.0000000000000027
2.7936246544727403
1.2701682114658455
-1.4491525423728866
0.326769283687336
0.24285020427987772
-0.23941173117483017
-1.3799211473630002
1.9728265592861876
0.08522727272727272
-0.5251206358217428
2.2085889570552175
-0.05304447360339738
1.3826815642458101
-2.460393993663044
1.683520705044923
-1.6612034001889044
0.4519774011299435
-2.9752530933633348
1.4752767955480868
-1.4424038159435606
5.039703240016231
-2.325838046627126
2.231512343935371
-1.5942749778956626
4.0292011792783935
0.19163292847503127
1.8183777376687051
-0.04233252195999336
3.9068290100582295
-4.167515793764008
-2.8894205209994634
1.0045712095913233
-2.894308943089436
-0.6446751507032795
-1.1909777815229936
-0.5003269181567476
-1.0113996742950229
1.0188472306404648
-1.3199999999999947
-1.0452255486710396
0.2545571583228567
-0.2539108101797885
-0.7636714749685435
-1.4034673900224057
0.07476076555023924
0.9412819363514119
0.13913558318531138
-1.200224672598809
0.4338589509589779
-1.1589108025978696
0.6721523947312953
-0.29640718562874524
0.7447223807092935
-2.2265939372261547
0.6645936223401068
0
1.3234403391883651
0.1285231790058936
-2.2268656716417885
0.14044086218476853
1.564024390243908
-0.9395731396151706
2.4424242424242397
1.1063124889072973
-0.8250438853130433
-0.21830196471768512
-0.3399952696310312
1.4536177282031504
0.18129185063890224
0
-0.5078660868042407
-1.399360459999408
-0.9818506396905683
-1.310096153846151
-0.24053099500670108
-0.8087898672363802
0.03692307692307133
-0.3444881889763724
0.9074074074074102
-0.8380742643910225
0.02159161011720599
0.0400900484164487
-0.01849568434031779
1.1284454584695045
-1.3597560975609728
-1.0941460097669558
0.421875
-1.039365178154663
-0.27986541303732876
-0.35317860746719915
-3.677215189873412
1.8430908732505389
-3.393657859930974
0
2.781580792733836
-1.2053281351526937
0.43079351507777003
-1.6961362148002679
2.554793151688771
-1.815583487609214
4.14488918293087
-0.18740272528031288
-0.17184317718941225
0.4144086707044947
0.1142857142857114
0.012683916793508719
-1.7501585288522454
-1.5683490383374326
-1.1966428430922562
-0.18913627766532232
-0.43550531914893315
-0.6410898527496836
1.3610242968041133
5.032822757111604
-5.321969696969695
1.286924051476959
-2.2679394338380545
-0.2391297026034795
1.151249155975689
0.7977036814525581
-0.8509933774834377
-0.8115419296663722
2.8013468013467953
-2.0699593868727835
3.4448160535117056
2.1661817006142905
-3.1044303797468324
-1.9203762369770463
2.127801272018917
-1.2063906097163353
0.34983498349834685
-1.2004209695454844
0.6590992310509032
0.20172624756109359
-0.2145214521452145
-0.7772449148338019
1.7933333333333394
-1.761739472133086
0.6666666666666666
-1.2019867549668934
0.34185742534438024
0.203747620160991
0.7
-0.5627275736511089
0.9021304926764284
-1.138200653228201
0.8376159647600584
-1.3138299632657053
-0.023474178403749768
0
1.0431690873109016
-0.41163192139158444
0.13333333333333333
0.196404793608525
-0.7707897272334719
-0.21763149964844145
0.05033219247030401
3.900459469430197
2.714654615881211
1.1910373652619368
2.3664596273291867
-0.4914750318548577
0.38719512195121397
-1.29680809062471
-0.02769230769231049
0.33547751685082305
-1.2546012269938678
0
2.5907862446025316
-0.1483724451173381
-1.7740174672489084
1.7566608008397422
-0.4520631067961193
0
3.312913352229444
-0.5841052569473179
0.7774480712166119
-0.6713385548554186
-1.3636094148336988
0.2584600589048479
-0.13189448441247276
-2.500300156081154
0.8250469476341387
-0.3389209489786544
-0.24509803921568626
-2.027027027027027
3.0094043887147337
-0.1947656725502158
1.0611050128064454
-0.9775524981897203
-0.8074344911639244
0
2.306865304868681
-1.5162433195220082
3.2590469802749946
0.08857395925597875
-0.5044247787610593
-0.6789409706780543
0.020895522388054272
-0.9162264601426514
-1.798192771084332
-0.009201607214065634
3.42331288343558
-0.9224107248783934
0.7034875018709774
0.6539833531510107
-3.5026580035440023
-1.7567484850339747
1.1838006230529594
-0.8620689655172413
-1.9068322981366488
-1.2093965680997854
1.3716190232021448
-0.41729893778451627
1.050793650793648
-1.3540259495460372
1.945859872611462
-1.839992502577242
-0.0827445738654417
-1.2581220537648108
0.432244121157385
-1.9752689898827687
-1.5629095674967175
-0.7921978497486996
-0.6643180674383554
0
-0.6383625493970898
-0.06118702834999598
2.7074829931972757
0.37753344813882933
3.045199604091065
0.534690871834272
0.8439490445859873
0.4263382283278067
1.2138364779874184
0.04349717268377838
0.5279503105590062
0.9576768612913191
2.246022031823748
1.0354941042676695
-1.4514218009478672
0.3907424105801022
7.350299401197605
0.4044066378468833
0.37777777777777527
0.42063316360416964
-1.3723544973545023
-0.516904163174071
-0.9156017413284625
0.5952549675444315
-1.1834652991067653
-0.1397245430437164
0.9337521416333472
0.82892466121595
-1.212121212121207
0.2613042490343052
2.7110481586402213
0.9460242160134645
-1.521857923497263
0.5937352606608671
2.479521195907
0.656690709441277
-0.729946524064176
-0.018854203140566652
-0.638469827586202
0
0.23045847680503212
0.14066219433022661
1.3371150729335495
0
-1.5807010529121732
0
-0.8829424191538896
1.587605202754397
-1.2158054711246151
0.3512593601089201
-0.16823139957671548
0.3315938247445171
-0.4144768922360129
-0.43796414678599355
0.7704918032786836
-0.2196193265007296
-0.5407461753756716
0
0.2950658433965407
0.29964587305911194
0.23356871265616266
3.506204953124156
-2.502617801047118
0.9021587369777657
-1.3704097924427887
1.9830028328611897
-2.1164021164021163
-0.972972972972973
4.661572052401752
-0.0730155418796334
4.402400835073064
0
1.3622616042192617
0.019727756954038812
0.3969428007889524
0.3904619238230911
-3.155577299412916
