-1.6071428571428616
-1.8148820326678767
-0.9858287122612354
0.7882182119892044
-0.3910269602798883
-0.1859504132231358
-3.6017387704409094
4.359029418080312
-3.3539094650205783
0.915477964658295
1.434599156118146
-2.662229617304495
1.3247863247863223
-0.21088148460565162
1.267962806424345
0.1878130217028452
-0.9164757342220441
0.3573680891318034
1.591956430666113
-2.2474226804123663
1.8561484918793407
-0.496997307931244
0.5619146722164389
0.4346026490066272
0.9066556769008813
-2.7976312027772083
3.6554621848739446
0.10133765707336846
-0.30370520348248636
1.056051990251837
0.38183279742764814
-1.001001001001001
1.9009100101112189
-0.9922603691208574
1.1224694327520592
0.6739345887016803
3.9180941130143685
-0.18946570670708604
2.2968868640850464
-0.5381332343662976
1.3619402985074542
0.09203018590097553
2.0228025009194557
-0.3244412400865095
-0.6509945750452121
0.10921004732435799
3.2545454545454504
0
-0.5106532840288743
-0.8318584070796541
6.835623772978774
1.9044437019712623
-3.2622950819672094
-1.5590577868158015
-1.0328800137717336
-0.34788658897199515
-1.8327805899807996
1.7247510668563382
0.6991784653032687
0.8158305849678756
2.4793388429752223
0.10080645161288794
0.33568311513930854
-0.1672800267648043
-1.1394101876675529
2.711864406779661
-3.729372937293733
0.5656496400411498
-0.818135333219715
3.0933150025777625
-0.4667444574095607
-0.20097136158098233
1.678133915086424
-2.294107938603726
-8.158783783783775
1.8944270737539
-1.1552346570397072
0.3287070854638339
1.674554058973434
-1.6469745793054145
1.3651255915544231
0.8080445322319986
2.1731385821161466
-0.5753138075313926
3.261441346659657
0.32263542197316647
-2.3696682464454977
-0.8495145631067922
-0.3671970624235046
-0.7371007371007252
4.879773691654884
0.47201618341199497
0.5536912751677776
0.6340730852661552
-1.707842812137302
0.9446693657220012
-1.2199197860962492
-2.520724073760781
5.779243318292251
0.3609515996718696
0.16347882949158082
-4.357760731189822
4.436860068259386
0.4084967320261438
3.954434499593158
1.7532874139010717
5.0923076923076955
0
3.5133948177426437
0.7778249186819403
0.056132472635416396
0
1.7110799438990245
-0.7170435741864376
3.249999999999997
-0.36319612590798117
6.115836371000398
0
-4.045801526717551
0.981172102890477
3.5582983193277338
0.10143273741599525
-1.8999366687777075
-0.0645577792123951
-1.421188630490956
0.6028833551769361
1.1855132881709254
0.8883738895326351
0.3828483920367534
0.9153318077803116
-0.5416981607457741
-0.18999366687777075
0.1395939086294445
0.4688886072741011
-1.4631685166498372
-2.713773681515623
-3.907894736842111
-0.5887991236478097
0.2617079889807131
0.28850116774282497
2.7534246575342496
1.8530862551659748
0.07853403141361553
0.9155113784985613
0.44064282011404576
0.29677419354838125
-1.3894249324585044
1.7090671885192463
-1.5777321703437748
0.36491593900691627
1.0518114530580474
0.4112053456694849
0.2687484003071439
-1.3656668793873703
-5.007763975155271
-0.25882032420650825
-3.947009013930632
0.966870467794692
2.5911843402337666
-0.34317089910775567
-0.5647382920110224
1.64842776007757
1.3627691469065142
0.48400107555794875
2.9970564624029943
0.2857885164977976
-0.6217616580310822
0.8733055265901892
0
-0.8269802300038736
0.5602605863192123
0.16843741902048048
-1.241753977493212
-2.1872953503601895
4.539367970005369
1.19123863199692
1.8860759493670858
-0.11181513231457042
-1.7164179104477555
-0.22779043280183095
-1.9786910197869132
1.9151138716356197
4.316912138141189
0.4016553067185923
5.055158200994065
0.16155088852988428
-0.4838709677419407
-1.0534846029173315
8.096408096408087
0.22729732655049495
-2.8185745140388794
-0.9556617401933574
-3.590261415909346
-2.187827301291744
0.1665675193337272
-0.26131369521320014
-6.39514112182923
0.5089058524173028
0.31645569620253167
-1.6151419558359563
-0.25650891368475054
0.37289443230036995
5.098642070202402
-2.047781569965865
5.624688899950215
-0.21206409048067326
3.506493506493512
1.2889243754990252
0.18018018018018275
0
-2.697841726618705
-1.5596118299445472
-0.035207135312764724
5.62338577130783
-6.6244303656774495
0.1904535174384029
0.8316502316739931
0.282785436550015
0.17624250969333802
-0.3049495660333125
-1.25882352941177
0.33361134278566285
-1.8643866524165829
-2.6621490803484997
1.5042267528592768
-0.44090630740967823
-1.4146881535244187
-0.09982530571499308
-7.8815888083937065
-2.1016949152542375
-7.465373961218834
0.014967819188747603
1.7958695001496556
-0.8820935019112025
0
-0.10382675763868962
-1.380846325167031
0.22583559168925021
-7.1954333783986915
-1.4729685982518468
1.3471332347625975
0.9888150429567228
6.452648475120393
-0.46743063932449075
1.9239509165277884
0.6837098692033328
-3.808680248007079
-1.166359729895645
0.8385093167701828
-2.2482291345857752
-0.23629489603024575
-0.4421285330806813
-0.856463124504358
-0.7998720204767237
-1.4997581035316994
1.440733464309114
-5.277598450613306
1.891293235644918
-10.334448160535109
-0.037299515106312096
6.529850746268656
1.295971978984234
0.7434301521438569
0.5320061781362466
7.511095937179926
2.2546840266751422
0.4813664596273327
-0.5872353577499719
-1.8342919322244606
-1.314330958036414
-0.9948652118100201
-0.1620745542949757
0.5519480519480483
-0.19373587342588502
-3.3969589129731474
0.4521098459477447
-0.1833638939823342
1.0020040080160322
-1.173941798941784
0.8700016730801291
-0.11610549013102203
0.6974427100630906
-0.24736147757255939
-0.24797487187964953
0.5303281405369648
-0.13188262446423807
-0.6767910201386447
0.3656307129798789
2.0864381520119264
-0.47039740470397035
-1.7275097783572397
-1.7910447761193955
0.7092198581560168
-1.0731052984574074
1.3559322033898304
-0.7190635451504941
-1.4316995115378135
0.22214627477784593
-3.034953111679447
0.4923509759099621
-1.2773403324584347
0.9925558312654925
-4.036504036504037
-1.2435991221653173
0.18518518518518517
0.6839186691312469
9.932072700569103
0.21710086840348503
9.13181136477253
-0.7329363261566583
8.19873865559144
-1.066249644583452
-2.945825549647938
-1.110453064850459
-2.8447372361131906
-1.972568962860218
-1.666404653356394
0.6554756195044001
-1.3024142312579488
-0.9333762471837713
-0.03248862897986444
-0.17874553136171967
5.664984535243378
0.21568325373593855
0.4611837048424289
0.06120887528691312
0.0764642911760208
0.3209046454767761
-2.4676313785224746
0.46853037638606904
-1.9586507072905193
-1.284287299825594
2.8429168005139624
0.07808839606434484
1.9975031210986376
-0.8567931456548382
1.4660493827160495
-0.25855513307985484
-0.7776761207685132
-2.566466881819586
2.350157728706621
-0.23116042533518263
-3.2746370095767583
0.03193867773873072
-0.27139208173689844
0.24011525532255482
0.1916320664324388
-2.3908192540643927
-3.870019595035913
1.6816714795311665
-0.885399264951565
-0.35395246923982965
2.9093369418132493
-0.1808021038790307
-2.7992754816400462
1.7448754870404997
-0.48285048285047905
-0.6023088505939472
1.9861976098299872
-1.303845519062548
-0.16722408026755853
0.4355108877721981
-0.3669112741827961
-0.5691329092735148
1.195286195286199
-0.33272334054233904
-2.8375897179101983
0.2576876825287751
-3.0328992460589523
0.14136773281499704
-2.541026998411874
0
6.01122578308891
0.5123825789923142
-4.010195412064575
2.212781023189945
-2.2861101489435285
-0.7621410847217419
0.9823182711198428
-0.37141846480368285
-0.7101011894194923
-0.6436617200071356
4.138923879791254
0.20736132711248173
-2.052077944473181
-2.112676056338028
-0.5755395683453319
1.338639652677296
-2.088539807211718
0.27347310847766637
3.8909090909090867
0.2625131256562828
0.9076627683714515
0.1729804532087874
-0.37989984458643505
0.39868261397123733
14.934392265193368
-1.3219167793300386
3.6383011112802524
0.22032902467685078
7.430748937417565
0.6821282401091405
-2.940379403794044
-0.04188189306156004
3.1564245810055898
-1.9496344435418327
1.9745926539629872
0.06770480704129993
3.8565629228687417
-0.05211726384364525
0.44322774084212974
-1.5963659961064185
-0.8968609865470941
-0.14639339898855772
1.1462081833933124
0.03953089998683202
-0.6322444678609151
0.7423117709437994
1.7894736842105292
2.3784901758014447
-1.3762626262626234
-0.44808603251824347
-0.9259259259259317
0.2076843198338555
-3.1476683937823777
0.3209843520128363
1.2664978002932943
-0.46076882569773564
0.6083851342415054
-0.35493624293414555
-0.10554089709761932
-1.7960908610670923
1.8423883808499102
0.35652977683877535
-0.7763157894736812
-0.676302877602443
-0.41388518024032345
0.4021986861509586
0.20029376418747497
0.3598081023454219
0.1460629398486287
-0.7159904534606325
0.7211538461538584
-0.3314770617873243
0.15963815351868188
-0.7039447469783443
0.7624398073836185
-0.14602416036106586
-0.2127093858016515
0.026645350386348493
0.09323388385722503
-0.15968063872256094
-0.6130880980940836
-0.18774306021189363
0.5777240360069956
-1.6697835960459524
0.923787528868354
-0.33651904697805896
0.5402485143165856
-0.12090274046211409
-0.013449899125759616
-0.12106537530266039
0.4444444444444383
0.026816840976139112
0.4289544235924994
0.1067805659369934
-1.0666666666666667
-0.8086253369272237
1.3179347826087018
