0.18065363770733445
-1.417122040072863
-1.0328517054062976
0.33045199111326506
3.649050986230003
-0.7809554586093607
-1.64115369304818
0.14349049835354186
1.1646490438488628
-0.5465671587586999
-0.2537885703852408
0.5344950669034031
-0.4296924785609009
-0.060343408854027135
-1.4216708749588287
3.4949978655084766
-3.8055954088952624
0.262873336067703
0.5466817902899003
-0.14609879237328324
0.5593214060821707
0.3757182849565278
0.5137614678899083
0.5147864184008729
7.5260615306382
-0.34793770901598425
-0.2288135593220339
-0.47396585407287245
-1.0377905984364895
-0.017247921625444133
3.117237096329006
1.1125052279381011
-1.9192587690271343
-0.12145748987853944
3.1076881502499663
0.9042065260123152
-2.086038961038961
-0.820691370305894
-0.23570712136409835
-0.4339885051693165
0.23056210030292523
0.3996171734640795
2.277782423279535
-0.10628382687182171
-1.1965560138806957
0.8598267092990446
-0.28745072273324573
0.3657029898690358
-2.1796576230571043
0.06208157854998788
3.004896371319334
-0.8562870352282406
-0.019703786410952318
-0.19707669568073574
0.4261971367450985
-0.12289239541857151
0.004921744266170915
0.48722870219990844
0.04734384693245414
0.1974446420703858
-0.24428376001563418
0.25957488490548447
1.2407796394900072
-0.7800562927221552
1.5626519695250387
-0.08618763367062975
-1.0862619808306708
0.07590439276485494
-1.4959575257798476
-0.16874180865006852
0.8418530613584552
0.43938161106590723
2.237524303305255
0.2836722080474103
-0.7316687737041748
-0.07959628762914497
-0.5990408972867821
-0.5625811415108006
-1.2475822050290077
0.004896680050913596
0.09303236547031497
-0.19078368065748177
0.21075332059011823
-0.061951808014610546
-0.45350734094616935
-0.13273901215954007
2.082341937283596
-0.5947596849381128
-2.061772315653299
-0.9328820275736812
1.360000000000006
-0.1594975006577336
-0.7592351652695113
0.09791231039861323
1.5600908533249394
0.5191158705801721
1.2309990905547497
-3.229377225912011
2.7569171598613957
0.834086215797637
-1.8383705860706314
1.9037684183074746
-2.3400511836212443
3.1724454198535765
-3.7178143950217453
0.6133350920002608
-0.029496591504969725
1.280201947349432
0.5260006150161037
0.22700927357033043
-0.12208246992113414
-0.024124676327259276
-1.7036131398603591
-0.9770387706004585
2.394803821108644
-1.8642563150673876
9.13157894736842
0.43404870991078165
-0.8673469387755129
-2.446186915321962
2.4733885733792573
0.09539672925499973
-2.29490340831732
-0.44282042547921163
-1.7573872472783827
0
2.1054297926230805
0.7441860465116279
0.40320098491843365
0.14561172251003954
-0.20049895158944325
0.2591786031960193
-0.8321223709368969
0.14344989279818715
-2.0408477604583823
-1.841223918615064
-3.3414493496508033
1.3556063769845246
-0.6131458469587966
-0.8768610676976257
1.6713138153090323
1.8609510439282393
-3.812561098735551
0.5631456181272939
2.9954604194970043
-0.7463887012193248
1.0810022365563485
0.9796533534287927
-1.8323277230866883
0.42700481997864387
-0.44129489450796644
-1.2213666364695224
1.9537839209970238
-3.586918109679688
3.6104030256077007
-0.05145687270855821
-0.05791878499260512
1.386027044430141
-2.654768898556719
0.20551631897438166
-3.4182469276471066
-0.9319962922389852
2.7049096662243546
-2.403432054594836
2.5576619541419836
-2.129807374065
2.8491232816489407
-1.622661361917613
3.3874229181637516
-1.078136617851497
1.2140721253615285
0.08717832811340522
-0.47422414349313735
0
-0.040517325208259056
0.98091671125379
0.15574323239458943
-0.5995607496112416
6.404322232078064
-0.2561537528798433
-0.01215676143875548
0.028875818781448744
0.1473760977240241
0.3595539710232848
3.8154553150320556
0.7411613955384652
-1.5812676158126708
-0.5081435138270897
-0.2760351317440375
-0.23387311643328965
1.8323442136498516
-0.7212063815837401
0.08658643968300024
-1.9032537133975467
6.203195766879419
-0.7740918495165444
-1.2879249939717192
0.7630077737703426
-1.3889681136272838
4.295010845986985
-6.939822518025513
0.28160619831631734
0.26892903839296867
1.5025561235830132
-1.922655805194234
1.9603465213896554
-3.0803369392253903
0.375062133787232
-0.9844233020198739
3.1629838440786853
-4.770159690901877
-1.625991175835359
2.82900514364571
4.3143414872201635
-1.5189836405900579
0.05641162673317571
-0.2507418397626059
-1.8458746709107459
1.7502651916957115
1.4208057189664105
-1.4243968340210575
0.48861147939043015
-1.2274485968839437
-0.19210854132583818
1.6480955173606329
-1.488231726260033
-0.05706476851226414
0.20434841404594015
-1.7634092578985958
2.965823576999987
-2.1554791271347327
0.6727068876700789
0.09782379676729976
-0.4089549097141935
0.7457842056794418
0.011988071868493577
1.1237470220703913
0.5200693425790024
-0.3626072344565233
-0.5547665542339784
0.6976986358429603
0.2718274486630172
0.408109143412805
0.013205969098026972
-0.4841549295774648
-0.5661211853162263
-0.08006405124100088
0.2433523266856681
0.3478595535555687
0.23896977474885778
-0.5474371992406489
0.007398529172400526
-0.26188855680171524
0.19581954931835108
3.0322322737300196
-0.471338861026876
-1.4813531424611306
0.5041401040521674
-3.3319237667507546
0.057320421154255015
-0.24121087861062535
1.186302363537448
-1.617455979210541
0.22922549108905432
0.1045058689890138
-2.1514812237116807
1.98231073725878
0.12281286957577045
-0.28166881199364524
-0.22171938829746018
2.053178698080752
-3.20944938256875
3.380585516178731
0.11625480668912544
-0.35431429762401273
0.3705142379059997
0.02679289095293653
0.06994047619047349
-0.42827189316995823
0.6197822548126466
0.22709056906225225
0.04442667377493447
-0.12433944668945685
-0.0029641486224092316
-0.38090438855212944
0.32582497693933626
2.1280382008808743
0.32380786432015135
1.7513134851138352
-0.6557516962774408
-1.5392325315005728
0.18177852104995273
0.1437073595587115
-0.024641609531951734
0.0840920953430404
0.03331884687817155
-0.3924521744167576
-0.04943153732080539
-0.36946529353581986
-0.04525943878295113
0.49515796853774496
-0.35028051510129726
-0.005834220621060744
-0.3019385328996283
-0.6817849305047603
-1.3007483353956644
0.8537186012149045
-0.7710180101519891
0.16405178070751059
-0.6074863762246536
0.528807262486146
-1.618311055478556
2.538586207418843
-0.3205459621548934
-0.2000592768227623
0.07572945281758652
-1.823550359071763
-1.9949521664878263
-0.010794639690345244
-0.009253547193096295
-0.08483203257550051
-0.5356674230846389
3.457909113483986
-0.17851785178517307
1.3780977141912476
-0.02520086572385511
0.14679497634969285
-0.08883624518803672
-1.680497925311198
-0.8515961776143248
0.01520195801219197
-0.07143834263046203
0.9658676076904357
2.439024390243911
-2.347127856701673
-0.36444685401041865
1.756348246674725
-1.2195121951219432
0.8646486518999714
-0.11628600393583668
-0.6283769664766167
-0.5797798038361515
1.4065356317324025
-0.2279431482971333
1.5693828487807846
-0.022052337547780066
-1.317550180133819
-1.794096171899442
0.8406038995523805
0.1655155810349238
0.654959515690492
-0.24326542795314055
0.8093713533407194
-0.27158185298962917
1.147321428571434
0.026481881979068606
-1.2840312403476928
-0.04916860361166014
-1.1090738339072572
-0.4627745368486082
1.8597043857523654
0.3761522450193307
-1.136077496185917
-0.8824498846372898
0.08615868313254559
0
-0.024164074062878762
-0.09365841868334115
-1.7116245312689113
-0.6215002153713562
0.8637770897832846
-0.10436170539304739
0.3134121984943868
0.23585628082213597
2.98863219655298
-0.4332087116491576
-0.3680414828942636
-0.30658790099454125
0.6435643564356381
0.09837678307919874
-2.090685727049358
0.3269912244680689
0.7033926568232064
-0.06322444678608788
1.3963366873531333
-1.6623338037584436
0.8595685539911722
-0.22167303227739357
0.3317471516279683
-0.11071546126455827
-3.660655443053137
-0.5223880597014982
1.5035008752188161
-0.24019955039571894
-0.16669239080105236
0.055656906094436846
1.6456009147377855
-0.05016493622972777
0.7513307984790819
-0.7517661976933651
-0.8350317890061836
0.0015338129055073669
0.03067578760084665
-0.795792572602664
-1.183944110419009
-0.26903164250074013
0.9770863066764836
0.026404075546730986
-0.47359513051039576
-0.062406390414378426
-0.22168102909954926
0.6383577932847292
-0.407325642859361
-0.27630346550108986
-1.7109403127592657
-0.619525402134092
1.2579926603740323
-0.634634254423454
0.3504021661224815
-0.36187604158400416
0.06531054367045835
-0.47438632239167405
1.2555982085732567
0.268541189479504
-0.9042930287514712
0.3243191682167157
1.098169717138106
-0.6379510329477385
0.29183953558076065
0.4026676733358414
-0.8663366336633692
0.03318636514484053
1.2195892575039466
-0.6726807341740457
0.5389607328608801
-0.5360715178794585
0.38025800977357077
2.0913232002254034
-1.5532283537005978
-0.20403077593994895
1.523214982442456
0.2290510522513049
0.9892638036809815
0.29766876756018473
-0.05299738041519662
-0.30300275732509163
1.291675531106586
0.2820451272203443
-1.608222129136497
-0.2569599659413955
0.3368902439024446
0.4846477567949383
-2.4826126398548505
0.11163136841452166
-0.988074957410565
-0.264343364825121
-0.49401690635635087
1.487832555793715
-0.8588023356938779
0.8662416391234228
-0.46744937259286024
-0.1419856142048082
0.5203125000000028
-0.20673682247058556
0.029595015576318322
0.2569333063423598
1.0499502982107414
0.3089455886873711
2.02111521429337
0.5286872934815232
6.333293491902238
0.8837869356900934
-2.5194986072423347
2.224571730651081
-2.173366131827584
