0.20297699594044852
0.06752194463200156
-4.858299595141693
-0.28368794326241537
-2.3470839260312824
-0.9468317552804161
-6.102941176470587
2.7407987470634185
-4.496951219512189
-0.7980845969672785
0.9654062751407907
3.9043824701195264
-1.993865030674853
1.251956181533653
-0.5409582689335526
0.7770007770007771
15.034695451040864
3.0160857908847185
-7.22186076772934
0
-2.244039270687229
-1.0043041606886698
1.3043478260869648
1.4306151645207439
-1.622002820874479
-1.7921146953405018
5.109489051094891
-2.499999999999996
6.552706552706544
0.2673796791443888
2.1333333333333258
1.8276762402088849
0.5769230769230805
0.5736137667304051
0
1.9011406844106462
-2.5497512437811083
1.850670070197834
-4.573934837092722
2.429415627051864
-1.153846153846161
2.0103761348897686
-2.47933884297521
2.346805736636241
-2.5477707006369426
2.6143790849673203
0.7006369426751556
0.4427577482606054
-1.3224181360201654
1.1486917677090054
-1.703470031545734
-0.2567394094993618
-1.2226512226512263
2.3452768729641655
-1.2094207511139439
1.8041237113402135
-2.341772151898727
2.0090732339598145
0.9529860228716646
0.692259282567649
-3.874999999999993
2.0806241872561695
-0.9554140127388535
7.395498392282958
-2.395209580838323
0
-5.6441717791410975
1.3003901170351104
0
1.2836970474967906
-2.4081115335868257
0.06493506493506124
1.5574302401038325
-1.4696485623003268
-2.399481193255505
2.6578073089700998
-2.071197411003229
-0.4626569729015314
1.3944223107569684
3.470857891290119
2.088607594936716
1.4879107253564645
-2.015882712278548
0
-1.496259351620951
1.835443037974687
-2.9210689869484256
-1.3444302176696508
-0.32446463335496434
0.2604166666666704
-1.1038961038960966
0.065659881812209
-0.19685039370079485
0.1972386587771278
-0.19685039370079485
1.1834319526627295
-3.5087719298245648
-0.5387205387205464
1.0832769126608144
0.13395847287340162
-1.1371237458193904
0.8119079837618326
0.8724832214765177
0.06653359946772741
-3.9228723404255357
-2.698961937716267
9.388335704125192
0.13003901170350365
-1.753246753246746
0.991407799074686
-1.701570680628287
-0.13315579227695648
-0.3333333333333333
0
-0.20066889632107784
0.1340482573726656
2.4096385542168637
1.895424836601311
1.0262989095574049
-2.0952380952381024
2.1400778210116806
0.4444444444444372
-0.06321112515802423
-0.06325110689436705
-1.7088607594936638
2.6400515132002536
-4.830614805520713
1.3183915622940015
-1.1060507482107929
1.3157894736842106
-3.116883116883124
0.5361930294906243
2.2000000000000077
1.7612524461839454
-3.2051282051282053
-1.7218543046357577
-1.5498652291105197
-0.06844626967829864
1.0958904109589003
-0.27100271002710413
-0.8152173913043401
1.36986301369863
-0.2702702702702741
0.9485094850948549
-1.543624161073833
0.3408316291751875
-1.0869565217391266
0
0.3434065934065934
0
1.300479123887752
1.9594594594594632
-1.921802518223993
-1.3513513513513513
0.5479452054794598
2.1798365122615726
-4
1.1805555555555476
-0.06863417982154724
1.5796703296703376
-1.352265043948614
1.3022618231665564
0.5412719891745487
-2.9609690444145396
2.357836338418867
1.4905149051490632
1.5353805073431126
1.1834319526627295
0.649772579597141
-1.8721755971594614
6.710526315789466
0.18495684340321294
0.7384615384615315
3.4819792302993386
-2.715466351829985
-1.2135922330097086
-2.027027027027034
1.6927899686520305
5.425400739827381
1.637426900584802
-4.085155350978148
0.9598080383923352
-0.8912655971479501
0.7194244604316478
-2.5595238095238164
0.7941356139279239
-0.6060606060606061
-1.1585365853658571
0.24676125848242178
4.615384615384615
0.5882352941176471
2.8070175438596556
-0.5119453924914708
2.1154945683247504
-4.1993281075028
1.6364699006429055
-3.910293271995406
2.214242968282476
0.058548009367678164
1.0532475131655838
-2.026635784597568
0.4728132387706923
-1.352941176470595
1.1926058437686347
-1.8856806128461927
-1.3213213213213144
2.191113816189893
0.059559261465154445
-0.5357142857142891
0
-0.8378216636744499
1.3880506940253539
-1.904761904761898
1.2742718446601906
-2.0371479928100693
0.3058103975535168
-0.4878048780487874
0
1.409313725490203
-3.20241691842901
3.9950062421972574
1.4405762304922003
-2.248520710059178
0.12106537530267376
-0.6650544135429228
1.0346926354229997
-0.5421686746987986
1.3930950938825024
-1.2544802867383478
0
1.9963702359346538
0.3558718861209931
-0.47281323877067555
0
-0.9501187648456023
0.4796163069544262
-1.2529832935560825
1.389728096676744
0.17878426698449518
0.892325996430696
0.6485849056603741
1.3473930872876458
-1.387283236994223
0.7033997655334215
-1.2805587892898818
0.1768867924528369
-2.4720423778693448
0
-1.0863005431502613
1.7693715680292896
-0.5995203836930455
0
-0.5428226779252144
0.6670709520921736
-5.000000000000007
0
-0.5072923272035402
-1.8483110261312974
-2.6623376623376585
1.4009339559706433
3.9473684210526314
0
0.696202531645566
1.5084852294154656
-4.520123839009295
1.7509727626459255
-2.2944550669216026
1.7612524461839454
-0.5769230769230805
1.482914248871703
-1.3341804320203268
-0.5795235028976211
5.505181347150259
1.0435850214855669
2.5516403402187224
0.35545023696682126
-2.7744982290436937
-0.3035822707953856
-2.009744214372706
1.8023617153511533
-1.404151404151411
-0.9287925696594427
-1.5625
2.2222222222222223
-1.9254658385093133
0.9499683343888536
-2.1957340025094103
0.9621552277100706
0.4447268106734362
0
3.9215686274509913
2.0085209981740615
-2.625298329355612
-0.6127450980392157
2.466091245376079
-2.4669073405535467
-1.480567550894513
-0.43832185347525904
-4.465408805031443
-1.2508229098090886
-2.3333333333333335
0
-2.7986348122866858
0
1.7556179775280898
0.6211180124223642
-4.6639231824417084
-1.7985611510791366
-3.882783882783891
1.371951219512204
4.436090225563914
2.087832973362135
-3.314527503526105
-1.9693654266958343
3.8690476190476106
0
-2.5787965616045807
0.7352941176470589
-1.3868613138686172
-0.5921539600295951
-2.457185405807901
1.9847328244274767
-1.2724550898203508
1.3646702047005177
-1.271503365744195
1.2878787878787792
-2.54300673148839
-0.23023791250960196
-2.9230769230769207
0.23771790808240661
-2.845849802371537
-0.24410089503662438
20.228384991843402
3.6635006784260553
-5.628272251308915
-1.2482662968099745
10.53370786516854
0
-5.400254129606099
-1.2760241773002052
-0.8163265306122371
0
-3.56652949245543
2.062588904694172
-2.926829268292675
0.6460875807609312
-1.8544935805991403
-0.36337209302325585
-3.8657913931436783
0
12.443095599393
0.13495276653172542
-0.5390835579514901
-1.0840108401083972
-4.410958904109587
1.031814273430781
4.453900709219859
1.4394350896252068
-0.3614457831325248
-0.04030632809351221
-2.94354838709679
0
0.6924248719013988
1.4303397056801077
-1.0440677966101641
-3.0419292956974497
-1.2012436404748565
0
2.417393792018306
0.5586592178771029
-1.4583333333333295
-1.4799154334038014
1.1301859799713763
0.4385344461734365
-1.5915492957746415
0
-0.27193359095462677
1.7508610792192865
-2.708039492242597
-1.493186430849523
2.781456953642385
1.6179839633447815
-1.5922220656615407
1.374570446735386
-3.474576271186432
1.697395376060867
4.388489208633089
-0.08270158511371782
-1.7105807697613395
0
9.052631578947372
-0.25740025740026107
4.425806451612912
-2.3847769677499158
-1.240506329113929
-1.8200461420148704
1.0313315926893032
-0.503941077658613
0.753246753246751
0.8636246455272
0.293929712460069
0.40774719673801374
-0.19035532994922777
0.4450095359186196
-0.7721518987341764
0
-0.1913509376196016
0.9713701431492908
-1.3037974683544318
1.2568936770552828
-3.0525649145028453
-0.6401881369218827
0.17094017094018366
0.026253609871352085
-0.09186351706037715
1.1427820832786084
-1.7012987012987042
2.325274144536934
-4.428663653970312
0.6484733855714726
0.13422818791945546
0
-0.7506702412868473
0.013506212857902355
4.2673869007427365
1.5412511332729077
-3.1250000000000036
-0.9874917709019091
0.9840425531914825
-1.2378193310508268
-0.693333333333328
1.03383458646616
-1.448504983388709
0
-0.1618122977346148
-1.2020529443544037
0.8749145591250862
0.28459140804986277
-4.16216216216216
1.4523406655386366
-2.3349548297428866
2.1061619467767243
0.4738675958188201
1.8726591760299545
-1.7973856209150234
-0.16638935108153707
-1.9722222222222245
1.2893170869934778
-1.3848090642047768
1.702127659574472
-1.7852161785216194
0.0426015336552132
-0.5110007097232071
1.8690255385932404
-1.4705882352941335
0.6396588486140766
-2.0338983050847426
-0.5190311418685113
0.507246376811586
-0.5046863734679082
0.4782608695652149
0.9086975335352596
-0.2715837621497967
1.046294969184469
-1.46099290780142
-2.0440477904131304
-2.5569434239529683
1.7946011159704385
0.26666666666667677
