-5.56354916067146
1.5744032503809011
-2.299999999999997
0
1.2794268167860798
2.438100050530565
0.3452953508447488
-1.1920855352095423
-0.373134328358209
1.9975031210986267
0.45287637698898964
1.864262215182156
0.6818181818181872
0.4514672686230194
-0.36664695446481643
1.1039886039886122
1.8081484090642217
1.9374927920655005
-2.8736282384885143
1.10658124635993
-0.35714285714285976
1.4915019077349956
-2.5974025974025925
1.0526315789473684
-1.631944444444447
2.5532415578303382
-0.883432767324466
0.7061002430836929
-0.10344827586206636
1.2541709814750865
-2.42045454545454
0.15139163852334395
0.8023255813953462
0.2999192525089425
-2.208165612420937
1.5994354933552892
0.12732955203148777
0.5664739884393037
-0.5058052649729828
0.5199306759098787
-1.4712643678160868
-0.8399440037330898
0.8117647058823503
2.1822849807445497
-1.2220191868433126
1.2833853624696523
0.38812785388127596
1.887650670911988
3.805803571428574
2.3330824642511483
-0.6198781256566482
1.490643831271807
1.6666666666666667
0.573770491803281
0.5603096984515077
-1.5196028771147807
13.40397078489868
1.2064586357039144
-5.01927041319351
1.5381711805227851
-1.254646840148699
1.4588235294117646
-2.7643784786641885
2.070215607708457
-2.589027011870272
1.7079255421224289
-4.7830188679245325
2.041018527692474
1.41761336052043
1.4839636189564385
-2.9622641509434047
2.04160995527902
-3.2202743902438984
-0.3248670998227953
0.503703703703706
0.6289308176100606
-0.46874999999999556
2.040816326530608
-3.576923076923081
-0.07977662544873898
-0.34930139720558884
1.1517275913870806
0.49504950495049505
0.09852216748768473
-0.34448818897637795
0
0.118518518518523
2.752293577981638
-2.9665898617511393
0.04947066389630948
1.3449367088607505
1.2392661982825963
-0.3855421686746988
1.4029995162070634
-1.4694656488549704
0.4745303118342138
-0.5012048192771128
-0.416545577835896
1.0992217898832641
0.16357163475416583
-0.41306436119115797
1.0803511141120907
-1.6604637847122903
1.8922852983988354
-3.1904761904761907
0.04918839153959666
-1.1897738446411035
1.104587521146385
5.196850393700783
-0.2619760479041874
2.664165103189502
1.4071637426900458
-0.08109569291763052
0.8206330597889718
7.0840787119856925
6.2312061476779075
-3.5461550558263806
1.4021358115268643
-5.096872738966161
-0.042354934349851756
0.5338983050847419
1.154851218073004
4.816666666666663
-2.6713308952138584
-1.4049991831400135
-2.071251035625518
3.553299492385787
-0.6535947712418301
-1.4309210526315865
1.6185549808109538
-0.6896551724138006
2.265211640211648
4.365400161681487
2.0836560805577142
0.5842628424007753
0.33192516596258986
-8.187969924812037
0.728851035951199
2.504065040650403
1.5149111675127012
-5.2738495194937105
3.0847904981854057
-3.2725236037765937
0.6452146579535076
4.224541793375512
-0.323318350287825
-1.653481012658235
2.6385648781272772
-3.1742299553256523
1.8293670066375187
0.21462639109698295
0.7376854128658645
-1.1496062992125913
-1.226700653178277
10.846774193548388
0.4001455074572572
-4.115942028985504
-0.4685610640870651
-0.6529992406985504
1.8037297462549609
4.001501501501498
0.48364975095647483
1.537356321839087
1.1744729022215867
-2.5454545454545516
1.8226176808266428
-0.056377730796332244
1.8192074460583807
-1.2742382271468207
1.0101010101010166
-2.875000000000006
2.2308022308022344
-0.2657714365645513
2.244039270687237
-0.5967078189300443
-0.027599530807966854
-1.9394023051970553
0.29560810810811133
2.6175438596491194
1.470286534910757
1.7724760749427115
1.3177935236077143
-2.712418300653595
0
-0.9606986899563288
1.3431013431013399
-0.5488621151271784
1.3528065688518063
-0.073046018991974
1.4088250930356223
-3.1913499344692036
2.2067284911663263
-2.3180343069077423
3.464641670621731
1.4941022280471792
2.0015495867768593
0.32282567413597524
2.088459839737517
1.6007416563658894
2.1412494677291694
1.0839140015484514
0.748247216166856
-0.14035087719298778
0.023424689622867825
3.2903981264637028
0.8955900691531546
0.6573033707865195
0.9655634313780184
-1.9347705914870095
0.9864712514092446
-5.849846497348588
0.3557241951740084
-9.239676256867732
0.5012041918896079
-1.7810880829015545
0.8902077151335311
-1.7581699346405288
1.0578138513738335
0.1119157340355527
-0.039455513908077625
10.821656469969081
0.9141635996675823
-3.2470588235294144
1.0457198443579794
-4.302045728038508
-1.666142722414335
2.7877237851662344
-1.4431450609604266
3.3514264074728546
0.15267175572519084
-2.457317073170729
1.1252109770581984
-2.998083699078939
1.325516186591891
-0.5408805031446484
-0.46793980017706405
-0.7941550190597204
1.0566762728146013
-1.2040557667934093
0.06414368184733804
-0.3397435897435868
0.9841126905512287
1.732484076433124
1.427498121712995
-2.5308641975308643
0.506649778340722
-2.9678638941398807
-1.2922917072537237
0.993421052631573
-0.9771350400625367
10.038813235971327
1.6320918275841427
-4.0588235294117645
0.9196811771919068
-5.170109356014575
0
-3.280158882695883
-3.1595681261177746
-2.5239398084815385
-0.007017051434980637
8.343859649122813
1.055767860612731
-2.25612101012691
2
-1.2793314046930306
0
0.8726230789268098
-0.0645577792123951
-0.01937984496123737
1.8220585384764518
-1.1929690970239344
0.1862436580823384
2.5
0.6253908692933083
-1.8210068365444347
1.5382667595112967
-3.235660847880305
-0.7216029894980877
2.2908689726783016
4.1682527598020584
-1.6018027894512565
0.27234463976232304
-1.3333333333333277
1.3513513513513455
-1.5740740740740742
0.3386641580432795
-1.9063691480717544
-0.08920606601249464
-1.0905612244897902
0.5867560771165071
-1.4166666666666607
1.430522140581312
-1.3718828130008391
0.09749756256093597
-0.7987012987012958
0.09818681678339988
0.11770860580695491
1.03853690398433
-2.004008016032064
0.13193482419684674
1.4493708412938928
0.5065263978180371
-1.8737481424048588
1.9161124646078822
-1.5570487143041678
-0.2428299534029038
-2.8092105263157925
0.047383740607868784
-4.357239512855216
0.028296547821172253
1.9377652050919443
2.5600111003191244
-1.6640735980518102
0.4333769003233098
1.3630136986301433
1.2027839718899893
-12.425719436469262
-4.536444037816408
1.8528871495886947
2.564102564102568
-10.474006116207951
1.1101622544833476
3.437500000000004
1.412590838572708
-0.7246376811594203
2.003244120032445
-2.4966208157748344
-1.9978798010274812
1.5976035946080918
1.9246519246519247
-1.261550823623949
1.5543619791666778
-0.9455885888292476
-0.1698891675430717
1.361426256077792
0.5756315957787053
-2.662957074721781
-0.8574928542262148
8.196046128500823
2.626570232204035
-0.22255192878338279
-1.843866171003714
1.7573094985608275
1.9428316212594838
-2.227090178897408
-1.687826736370419
0.3798237617745366
-1.5967912819736745
-2.0533722987003036
-1.036432160804006
1.8803554427165834
-0.2803519975079752
3.2096837172979233
0.030266343825672743
-0.2193645990922913
-0.9324539458721822
0.7958371594735301
1.27543273610689
-3.2983508245877062
1.0542635658914659
-0.6827247621969825
1.1431219587549204
-0.8171057655593773
-1.1395133969818259
0.8021806853582519
0.05408328826392996
-1.6911196911196982
-1.814468619904164
-0.4079999999999927
2.7873724797172317
-4.352922788371352
0.1715826456409763
-0.734094616639478
-0.05751848808545978
1.512784674833519
0.9152020733781449
6.532905296950248
2.275124303148999
-2.6959340011785438
2.1650264950794784
5.957320687611151
3.006993006993007
1.0794297352342221
3.8283296393310495
-1.6430558250857163
2.3347583031897403
-11.12467866323907
5.784944681466483
-7.594504067263664
-1.2427873945849945
3.5280898876404425
0.13747196295493025
-0.8092485549132981
3.4236596736596736
-3.2610226792505954
-0.25482344375682564
-1.5839416058394193
0.15575168730995598
0.42950236966824307
0.26544757410410774
-0.37505515516987126
5.21148593784601
-3.8658528029186776
0
5.940738578309726
2.2251308900523687
-0.41781791225824144
0.6699600730865442
-2.7359505243344864
-0.6081968346119415
2.6284681176552525
2.141066467917874
-3.4361525704809255
2.328776533626425
-0.24167561761546114
1.7294751009421296
-1.455315208043924
1.6312009129354872
0.607661822985472
1.726628151260501
-3.633430138754434
1.2590409858023006
0.16534391534391535
0.36315615714757343
-1.1315789473684241
1.6768698429598115
-3.763089005235602
0.006800408024475284
1.332789337685308
-1.8923634411488421
0.08207934336525619
2.2348277747402983
-1.6846045858680423
2.8081865778200825
0.06613756613756613
1.6523463317911433
0.6111833550065079
0.8142690965490441
2.3846153846153877
1.371149511645371
0.475572849113708
1.4015244652077672
-3.237148399612019
0.48866056885101833
-1.1408977556109698
-0.10720817304660689
-0.9785353535353535
1.3643608543194192
1.2453613434807191
0.8386655898614649
-0.8255298176441652
0.8820971549260807
-2.327586206896549
0.870003782625139
-0.6812500000000057
-0.32093637908249384
-0.31565656565656564
0.01266624445852093
-0.6712259371833926
0.9753920693612255
-5.865269272050009
-1.931589537223337
1.4635480782382617
-0.6470746832030136
0.13568521031207598
0
1.1314363143631467
1.5408320493066254
-1.2733390512634395
-0.6682705159048382
1.4329924650161432
0
-0.2122438150825791
0.37221668328347685
-0.4834116945897593
