4.883720930232558
4.878048780487819
0
4.862579281183923
0
4.838709677419359
0
4.999999999999996
0
4.945054945054953
0
4.886561954624771
-9.317803660565717
-4.954128440366981
0
-4.826254826254827
6.085192697768777
0
-1.529636711281072
14.563106796116504
-12.881355932203402
-10.505836575875486
6.521739130434798
2.0408163265306047
3.5999999999999943
15.830115830115837
-2.666666666666669
12.671232876712335
2.5835866261398164
3.8518518518518485
0.9985734664764663
2.966101694915254
-9.739368998628258
-3.191489361702127
-6.907378335949771
-8.7689713322091
0
1.109057301293893
-2.193784277879344
2.9906542056074796
-3.2667876588021727
1.3133208255159527
-6.111111111111112
3.155818540433928
1.1472275334607955
4.914933837429108
-8.648648648648642
-1.3806706114398477
6.400000000000006
0
0
3.1954887218045096
-1.092896174863397
4.05156537753224
-3.5398230088495604
2.7522935779816415
-1.7857142857142796
0
-0.727272727272728
-3.6630036630036664
1.5209125475285186
2.8089887640449507
-4.918032786885254
-0.7662835249042153
-4.247104247104242
-4.838709677419359
0
-1.4830508474576145
5.591397849462361
1.8329938900203637
-1.7999999999999972
3.2586558044806546
-3.7475345167652936
2.2540983606557443
-0.20040080160320214
2.4096385542168517
-7.058823529411754
1.2658227848101182
-6.041666666666668
0
1.552106430155217
0
-4.803493449781654
0.9174311926605512
0.4545454545454448
0
-0.9049773755656116
2.5114155251141628
-7.126948775055685
-2.8776978417266212
-1.9753086419752994
-4.785894206549128
0
-4.761904761904755
9.722222222222223
2.531645569620244
-6.666666666666667
0.5291005291005296
3.684210526315793
4.060913705583749
-6.829268292682922
0.7853403141361321
-0.5194805194805199
3.1331592689295067
-4.810126582278491
2.393617021276604
2.0779220779220795
-2.035623409669213
6.753246753246759
2.1897810218978067
-0.7142857142857202
4.796163069544368
-1.372997711670492
4.872389791183294
0
-3.761061946902654
1.3793103448275978
3.8548752834467104
-4.36681222707424
4.794520547945205
-9.15032679738562
0
-4.556354916067145
-4.271356783919596
0.7874015748031444
4.947916666666677
-0.7444168734491377
-1.2499999999999956
1.518987341772142
1.4962593516209601
-1.9656019656019672
0.25062656641603476
-2.749999999999997
2.8277634961439557
-5.249999999999999
4.221635883905017
-2.7848101265822867
-1.0416666666666676
2.105263157894739
1.8041237113402135
-6.582278481012663
2.710027100271005
-6.860158311345652
3.399433427762043
-7.945205479452056
3.8690476190476293
-8.30945558739255
-4.687500000000011
1.639344262295091
3.225806451612906
-7.8125
3.389830508474564
-1.9672131147540857
0.6688963210702198
-5.31561461794019
-3.5087719298245643
3.2727272727272676
2.1126760563380302
-6.896551724137922
-1.8518518518518616
2.2641509433962286
2.9520295202952056
-2.8673835125448055
0
-0.3690036900368925
1.8518518518518452
-4.727272727272723
3.8167938931297742
-2.5735294117647163
1.8867924528301987
-6.666666666666671
1.984126984126977
-6.614785992217897
0
-5.000000000000004
0.8771929824561412
-5.652173913043474
2.7649769585253483
-7.174887892376688
4.347826086956537
-3.703703703703707
3.3653846153846074
-7.906976744186044
0
-4.545454545454549
2.645502645502648
-7.2164948453608195
2.7777777777777803
-7.567567567567574
2.3391812865497097
2.285714285714288
3.351955307262573
-7.567567567567574
1.1695906432748548
3.4682080924855523
4.469273743016764
0
4.812834224598922
0
4.59183673469387
0
4.878048780487809
0
4.651162790697679
0
4.888888888888883
0
4.661016949152557
0
4.858299595141687
0
4.633204633204637
0
4.797047970479701
0
2.1126760563380302
2.758620689655175
4.697986577181212
0
4.807692307692305
0
0
-4.892966360856273
-4.823151125401926
0
-4.729729729729734
0
-4.9645390070921875
0
-4.850746268656729
3.9215686274509842
-0.7547169811320762
5.703422053231936
0.7194244604316553
3.9285714285714404
0
-4.467353951890046
-4.676258992805752
9.81132075471699
4.467353951890031
0.3289473684210456
4.918032786885258
-4.062500000000011
2.605863192182413
0
3.1746031746031775
-2.461538461538464
4.100946372239744
-5.454545454545446
2.564102564102566
-5.000000000000004
-1.9736842105263175
-1.0067114093959666
3.389830508474564
0.9836065573770574
-0.9740259740259821
-1.6393442622950762
0
-4.999999999999997
-3.5087719298245643
7.636363636363635
-2.027027027027029
6.896551724137938
0
-3.225806451612906
0
-0.6666666666666673
2.3489932885905986
0
3.278688524590167
-7.936507936507937
-1.7241379310344767
1.4035087719298258
-4.498269896193783
-0.36231884057970243
3.63636363636364
-5.263157894736839
0
4.074074074074069
-0.3558718861210047
-3.9285714285714244
0
-1.4869888475836446
0
-4.905660377358487
3.968253968253972
-0.7633587786259548
-3.8461538461538494
5.600000000000005
4.166666666666662
0.727272727272728
-3.610108303249101
8.614232209737828
-4.1379310344827624
-0.7194244604316553
2.898550724637684
-7.042253521126751
-3.030303030303033
1.1718749999999925
0
-1.5444015444015458
2.7450980392156974
-0.7633587786259548
1.1538461538461462
0
-3.8022813688212964
9.090909090909092
4.710144927536245
0
