-5.7610241820768096
0.07547169811320326
-6.938159879336341
1.7828200972447232
0.15923566878981119
3.3386327503974584
-3.7692307692307736
-1.3589128697042276
2.5931928687196018
0
1.1848341232227488
11.553473848555825
-9.027291812456266
2.3076923076923075
-0.7518796992481203
3.0303030303030303
-6.617647058823529
8.661417322834646
-6.159420289855072
3.3204633204633294
-2.8400597907324445
5.9230769230769145
0.14524328249819685
-2.4655547498187134
4.907063197026018
0.6378454996456454
-1.408450704225352
2.000000000000008
-1.8907563025210201
1.3561741613133518
1.1267605633802777
1.6016713091922086
-0.479780671692952
-0.9641873278236759
-1.9471488178025111
2.0567375886524863
-2.779708130646282
2.8591851322373123
-0.13898540653232594
0
-0.06958942240779006
0
1.1142061281337008
1.2396694214876112
5.850340136054418
4.755784061696662
0.49079754601227693
1.4652014652014511
-5.716004813477738
0.19144862795150694
0.2547770700636979
-0.5082592121982283
0.2554278416347418
0
1.0191082802547735
0
0.12610340479194013
0
-2.707808564231745
0
-1.2297734627831751
0.26212319790301813
3.0065359477124147
2.664974619289351
-1.359703337453657
0.2506265664160437
-2.7500000000000036
-1.9280205655526994
5.504587155963307
-2.484472049689441
2.5477707006369426
-3.1055900621118013
0.384615384615381
-0.3831417624521037
1.410256410256403
4.17193426042985
-5.885922330097097
3.0947775628626766
-4.0650406504065035
-0.065189048239892
-0.8480104370515403
0
1.9736842105263157
3.225806451612903
-3.0625000000000036
2.7079303675048467
-0.4394224733207891
-3.278688524590157
-1.4341590612777164
1.8518518518518594
-1.168831168831176
0
-1.5111695137976235
2.0680453635757132
-0.26143790849673576
-1.6382699868938402
1.1325782811459142
-0.13175230566536036
0.6596306068601583
3.8663171690694664
-0.31545741324921134
0.9493670886075949
-4.200626959247642
2.2251308900523408
1.152368758002568
0.6329113924050633
3.1446540880503147
8.536585365853659
-3.258426966292141
4.355400696864112
-2.1146355036171305
3.467879476975551
-3.021978021978022
0.8498583569405099
-0.7865168539325874
4.7565118912797315
-4.864864864864865
0
-1.477272727272724
0.17301038062282753
-1.5544041450777137
0
-2.5146198830409423
1.9196160767846535
-5.179517363154804
0.5586592178770985
-1.172839506172843
-1.3116801998750747
2.1518987341772187
-3.0359355638166083
6.581469648562307
-0.47961630695444324
7.831325301204819
-0.44692737430168233
-1.290684624017948
-2.785673678226268
0.5847953216374269
3.197674418604651
-2.1971830985915526
-5.357142857142848
2.4954351795496006
3.0285035629453647
-5.590778097982702
5.4945054945054945
-0.11574074074075061
1.911935110081119
-5.343945423536103
3.2432432432432465
1.8615474112856245
2.7412906910337016
-1.0561423012784912
2.808988764044944
-3.3879781420764967
0
0.7352941176470491
-1.7405951712521024
0.7428571428571493
2.0986954055587
-1.0555555555555587
3.874227961819206
-6.324324324324318
2.7120600115406743
-2.9213483146067354
-0.5787037037037037
-1.2805587892898818
-0.943396226415091
2.91666666666667
0
-2.197802197802204
1.7149615612063902
-2.383720930232555
0.17867778439546333
-4.756242568370987
1.935081148564309
3.735456215554191
-0.8264462809917389
-0.8928571428571429
0.8408408408408442
-3.633114949374624
-0.8034610630407981
-0.5607476635514054
-2.192982456140351
3.907751441383725
-2.5277435265104775
1.2650221378874131
0
-1.3741411617738843
0.06333122229258664
1.0759493670886005
-1.4402003757044353
1.3341804320203268
-1.8181818181818217
6.513409961685835
0
-1.4388489208633126
-3.1630170316301807
-1.4447236180904417
0.5736137667304051
-2.5982256020278975
-1.0409889394925143
-1.512163050624578
2.8037383177570017
-3.2467532467532467
2.9530201342281917
-4.302477183833112
2.1798365122615726
-0.7333333333333295
-0.6044325050369413
0.6756756756756757
1.2080536912751754
-1.9230769230769267
2.569303583502355
-0.6591957811470007
0.5972130059721339
-1.6490765171503958
-2.682763246143528
2.687801516195731
0.4697986577181132
-0.4676018704074741
-1.9463087248322186
-1.6427104722792647
4.314544189283241
-2.4683122081387703
2.2571819425444675
-3.2107023411371314
2.2805805114029107
-2.1621621621621543
0
-1.7265193370165743
0
3.2326071679550203
1.3614703880190606
-1.2760241773002052
0.6122448979591876
-2.6369168356998007
2.7083333333333375
-1.352265043948614
1.3708019191226868
-0.8789722785666068
0
-0.8185538881309609
2.1320495185694597
-3.0303030303030303
1.1111111111111072
-0.5494505494505377
-1.795580110497253
1.828410689170199
2.762430939226519
-0.6720430107526881
0
-3.3829499323410013
0.8403361344537735
-0.8333333333333255
3.3613445378151137
-0.5420054200541891
-3.6784741144414204
0.42432814710042027
1.1971830985915413
-7.376478775226163
5.108940646130738
-0.2859185132237353
0.35842293906810035
1.4285714285714286
2.816901408450704
-0.2054794520548023
-0.5490734385723974
-0.06901311249136943
2.2099447513812076
-1.4864864864864789
1.4403292181069918
-1.6903313049357673
-2.2008253094910706
2.3909985935302434
-0.27472527472527863
0.41322314049588343
1.3031550068586948
-3.182125930941089
0
1.3986013986013985
0
-2.000000000000004
1.1963406052076124
-1.7385257301808066
3.0431705590941136
-1.2362637362637245
-2.2948539638386727
1.9217081850533726
0.13966480446928567
-0.9762900976290136
0
1.408450704225352
0
-2.8472222222222183
5.503931379556818
-2.439024390243899
-0.06944444444444049
-2.8492008339124353
2.789699570815434
-4.523312456506611
-0.07288629737608916
3.7928519328957093
0
0.9838369641602088
1.5309672929714804
4.18094585332419
2.6315789473684212
-4.358974358974367
3.2171581769437076
-2.012987012987009
3.114645460569906
-4.177377892030848
0.5365526492287133
-2.401601067378248
-1.5721120984278956
1.874999999999992
-2.7266530334015
1.7519271198318151
1.6528925619834751
-1.0840108401083972
1.7808219178082152
-0.8075370121130475
-2.849389416553607
0.6284916201117359
2.498265093684937
-0.7447528774542954
1.8417462482946911
-1.5405224380442137
1.3605442176870748
-4.832214765100663
-0.28208744710860767
0
2.1216407355021216
-3.2548476454293747
3.0064423765211292
-3.6831132731063314
3.6796536796536756
-1.3221990257480705
0
-3.3850493653032516
1.7518248175182523
-1.721664275466288
0
-2.335766423357656
3.736920777279521
-4.394812680115289
2.0346646571213394
-6.573116691285085
-3.0830039525691744
3.9967373572593847
0.07843137254901515
1.567398119122257
0.4629629629629586
2.2273425499231996
0
-0.09015777610819276
-3.444126936381399
0.17133956386292745
1.0729280049758945
-0.6153846153846241
3.4055727554179613
-5.658682634730531
1.555061885115831
-1.765625000000004
1.6383012565611599
-0.938967136150237
0
-6.8878357030015795
1.6287750254496114
0.5843071786310542
5.394190871369295
-7.165354330708657
-1.6115351993214635
-0.4655172413793157
-2.9967088169062825
0.2678571428571403
3.2947462154942144
-3.793103448275867
3.7634408602150566
-6.096718480138171
3.4577892219974298
-5.120000000000004
6.801573917931426
-14.877192982456135
4.492992580379224
2.1696252465483123
0
-3.552123552123545
-2.882305844675736
3.3594394064303286
-3.7886340977068764
0.932642487046638
-2.0533880903490758
4.821802935010476
-3.319999999999993
6.412908564335941
4.004665629860035
0.09345794392522833
2.4836601307189645
1.5488338192419722
0.48447873676655867
-4.321428571428575
6.364315042926472
-3.0882610984383314
4.617055947854435
-1.3499480789200435
1.2982456140350913
-0.4329754069968826
-3.461471560271355
1.909909909909914
0.07072135785006921
-1.9081272084805623
2.6296829971181443
-2.825552825552825
1.1378002528445053
2.4107142857142883
-0.610287707061903
-0.17543859649123056
1.0544815465729376
-0.9739130434782648
-2.9680365296803615
0.9592760180995495
3.0835424883470757
-2.3826086956521695
0
5.5585248530197715
1.434599156118146
15.108153078203005
3.8594969644405714
-4.328462073764787
3.113180098923481
-5.544582392776514
-1.0455563853622147
-0.37735849056603776
-1.5151515151515151
-2.784615384615388
7.532837474283914
-7.402501839587933
2.43165924984107
-0.07757951900697774
-2.7950310559006275
3.33865814696485
-3.292626371927648
2.7653452685422057
1.8665422305179475
-4.076958314246442
0.4457179242279547
-1.2361331220285279
4.0436456996148955
-4.996915484268973
3.3766233766233738
-3.7531407035175888
1.3215859030837043
-5.426731078904999
5.227311425166015
-4.530744336569575
3.389830508474576
-2.2622950819672174
2.2307950352230885
1.6735028712059
1.4200419557850614
-1.9093078758949926
0.5677210056772124
-3.7903225806451637
5.1802179379715065
0.6534905961109285
-4.465558194774347
5.718547986076584
0.3292568203198508
5.563369276449438
-4.115470022205775
3.2885595182955223
-0.1494768310911936
1.9011976047904133
-1.571911267812536
-4.29850746268656
