0.3786479497598944
0.4968258349434045
-6.262015929689644
0.7129602500244231
2.9577191621411947
-0.018837713101633746
1.8841262364578426
-0.06472491909385533
1.1843079200592113
1.5727871250914454
-0.4861361181130594
1.2574633616790178
3.350308228357009
0.7261410788381821
2.3257809818056905
-0.7548435796359977
0.997211189047575
0.5187850389088817
-2.4556730208940314
-0.6656426011264682
1.5893470790378006
1.911205073995764
-1.0538544519126893
2.0798389802079797
-3.5984226092671667
-0.5539457985341741
-0.27423086811209574
0.7648019248947205
-0.6140201262152327
0.3947142611978641
-1.000000000000004
1.0101010101010142
-1.2564102564102604
-0.6318705098242842
0.40069686411149036
0.633350685406922
-0.18105009052505702
0.7600621869061975
-0.8314760843476615
0.26795747255596064
-1.7327586206896473
0.1842266865514439
0.9457092819614671
-0.5898681471200516
1.5706806282722514
3.0326460481099615
-3.5270574501792678
1.745894554883323
-1.0533469249065657
1.923076923076931
-1.9289083557951558
0.48956454522030796
0.5641025641025563
1.138874723780392
-2.462184873949576
-0.18092530369605725
0.14672881063352716
0.060329225200383134
-0.3186907838070668
-0.11233042426336771
0.7093425605536372
1.8038137777014258
-1.8477894026324746
0.5759477348921211
-0.9914529914529837
0.4575276243093883
0.5241900833548087
0.7266199350316294
0.7128914537893652
0.9859273615909704
-0.6174899866488727
0.7556675062972292
-2.5166666666666706
0.8719439220379591
-4.576271186440678
0.6216696269982238
0.9090909090909051
-0.27114493133909817
0.7016312927556568
-0.19160425013064322
-0.1483420593368277
1.8876168836843605
-1.6896817908911608
1.0294887454196435
0.20725388601037054
0.4998276456394307
-1.8350197221745919
-0.7075471698113128
0.7741708454297488
1.4404190309908338
-0.30981067125644657
0.8718922651933623
1.0012836970475008
0.32197932553804054
0.5405405405405482
1.7389112903225652
-1.0403765172157469
-2.3279098873592066
1.4266188279514818
-1.970858249810483
4.424778761061947
0.13164390324172362
0.4519309778142975
0.5480572597137051
-0.21151968760170325
-0.8641774009456962
1.735197368421045
-0.06466736722980798
-0.5176737037935666
0.008130742336767952
2.886178861788618
1.3354405373370282
-2.900810979413603
0.6745904272405929
-1.4119336311422956
-0.13755158184319485
1.9607843137254939
2.2886204704386484
-3.3561218147917997
-1.10932475884244
0.34140790115428754
1.198963058976017
0.7124559718219551
-1.7884110960972897
-0.0485594043379661
-0.32388663967611336
-0.3493095044679086
1.7119100024455856
-0.5850765408351329
0.4837149306675266
2.944480102695749
-0.6468708596368136
-0.4471289614057143
0.07091639744701686
-2.763779527559048
-1.9596728480038905
0.20649211200132153
-0.26376524892845743
0.3471074380165327
-1.1942019436666118
0.5167958656330787
2.1228957625010287
-1.1287048315063006
-0.07391590013139485
1.0355880660803738
1.4479785243634553
-0.47309758640043814
0.7089912987431481
0.35200000000000725
1.1559311224489794
0.031523366695552335
0.05514850705113413
0.5826771653543379
-0.11742602160638797
-0.3918802413982287
1.1487921945078219
-7.366783352781022
1.4276116896204234
-1.0266600430534745
-0.7863476660532115
0.016863406408098268
0.7165739335693811
-0.041851510839541306
0.5861664712778429
-0.7409257409257485
1.2161368783024407
-0.2237321842890326
0.09965949671954535
-1.1615365469177799
0.15948963317385134
-0.12571237009721756
0.5202651674079085
-1.3273228149261282
3.604060913705576
-2.25379715825575
-0.4260651629072606
-0.9564560785300856
0.39813638288861036
0.02531218359770119
-0.20244622522143324
-0.32964246471134
-0.6869063772048962
0.0426949022286739
0.153636053260514
0.1704448610874382
1.0974987238386815
-1.5231843810485493
-0.3247308152452533
0.20576131687241628
0.14544832306639677
-0.3246475865014912
0.44570155138425005
-0.6314531956651669
0.46371833404895585
-0.49576886913412954
-0.017180654582923987
0.19761147864936457
0.26582061395986184
1.4966219105447705
0.6572295247724936
-0.979407332998478
0.6340349987319299
-0.5376344086021582
0
0.11824324324325093
1.8390416736966384
-2.567925778661365
0
-1.0372385648699238
1.3144329896907176
-0.5766132451454214
0.042643923240938165
-0.946291560102294
1.5491866769945777
-1.0763624035935286
0.49691569568197
-0.16197783461211346
-1.434548714883439
0.788356579745312
0.3352243424445473
0.4026385676347165
0.3071672354948728
0.6549846886696195
0.16901884560128455
-0.04218341348181895
0.12660364618501013
0.2275984152406681
-0.04205214465937763
3.4328986116954106
0.8785487675913085
-0.44351261995000407
-0.4049894702737729
-0.4960962914768957
-0.5067429505516997
1.2158054711246165
-0.07304601899195387
-0.3330084470435458
1.0512590660907906
-0.3790322580645198
0
0.11333279365337093
0.24258106250505376
-0.6211180124223639
0.16233766233766234
-0.016207455429501253
0
0.26746636407845314
0.6305068304906783
-1.253112699815257
0.3253884324412267
3.1460309738100993
0.5817152739564572
-1.570926143024612
0.2143878037160408
-1.418271135409228
-0.1366339816749755
-5.360160965794761
-1.1565609320520567
-2.8305945108835813
-0.8323003364618461
5.142857142857134
2.1739130434782727
2.8507313829787195
-0.8565656565656492
0.7824598581791432
0
-0.2021835826930853
0.1701782820097171
0.9707952431033089
1.7466549154715314
-0.7638396724151544
0.6189493731153749
-2.744479495268135
0.1378527408368509
-0.5911409830755674
0.19550342130988035
-2.8211382113821175
1.154521877352962
-0.5293193284260909
-0.6485407832377114
1.0712193488994857
0.8528608098037554
-0.22988505747126065
2.6744568795260037
-4.047447303037589
2.3554961577013067
-1.2812142973722902
1.8764983053649702
-2.1746186303148476
0.7216323822163276
-1.1529276126163222
-0.024993751562105686
2.7749999999999964
-0.5756912348982332
-1.0030990050562676
-0.1565203064502917
-0.8993399339934068
-0.0832570144034635
-0.19998333472209515
0.1920347332387037
-0.5249999999999962
-0.7120717098098349
-1.2909213634829526
0.53850756474912
0.4080938615881614
-1.668077900084678
0.18944286575390043
1.409540180489909
-3.4663954572421467
0.35118525021949076
0.27996500437445715
0.7154074332577252
-0.9095634095634095
-0.42835912230090833
-0.14047410008778832
1.2660453666256253
-1.8579614516408982
-0.02653927813165091
0.9733651889213345
0.24537726754887232
-0.14861438936970411
0.8579933461740461
-0.4600694444444405
1.1598500043603344
-0.5689655172413715
0.3901508583318883
-0.7254512479488807
0.04349717268377556
-0.17391304347826086
0.5226480836236934
-1.438474870017323
1.2748373483383153
-1.2935150620713682
-2.8935795954265693
3.432660085137224
-0.17513134851138354
-0.41228070175438997
2.008279749845852
-1.796045246524476
0
-1.0199595533280497
1.2703206893488455
-1.0263157894736883
-0.1861207125764344
-1.0388918486947296
0.13458950201884254
-0.071684587813616
2.4569583931133305
-2.7918781725888207
-0.28810659944179756
-1.4266365688487543
-0.07328020518457035
0.9533412778439695
-0.4812494324888727
1.5054744525547445
0.18876404494381205
-1.3188587834200447
0.190926447858888
1.9872958257713331
0.5249577364534089
-0.9736236502035759
1.6714336789417275
-1.22197802197803
-0.7475970096119495
2.6452654232424675
-0.7512885472176235
-1.021036880556281
0.8181413961760823
-1.7641351327511687
0.7452635359612063
-0.8734402852049871
0.008991188635129387
-0.20677874674098307
1.3423423423423506
-2.1513023379856024
-0.44517125465613616
-0.930826793210444
-0.5158437730287315
0.7870370370370371
-0.5971520440973818
1.5526802218114562
0.10921004732435799
0.3454545454545413
0.28990759195506843
-1.7253839205058634
-0.7077856420626937
-2.027402332901323
2.0410091656430254
-4.222613204926394
-1.5759450836314373
2.0726915520628593
1.2992012318352422
1.225536766102992
2.1116846550915063
2.1599264705882355
0.6747638326585695
4.718498659517422
0.6912442396313481
-4.839393168912631
0.4987531172069947
-0.717830556540246
-0.026778541462104306
0.4107142857142776
1.3693757780544276
4.9736842105263195
-0.5932982368179273
0.2101546738399462
-1.0150155188323051
-0.7372881355932241
0.45248868778280155
-0.8414074451810185
0.6685523270763654
0.5023414218816595
0.5930193154862758
-1.086407276402231
0.21285653469561516
-0.8920985556499575
1.3201885983712036
-2.631356290718346
-0.4171011470281504
-0.881326352530533
0.6778765736420299
-0.47219307450156206
-0.07028641714988179
-0.5714788113240724
0.26527544433636924
0.12346767792573098
0.9072491852373782
-0.0872905027932961
9.898654551808509
-8.848080133555941
-0.40118611547182187
0.6217162872154036
-0.09572709076667907
-0.9843205574912852
0.46626198645200617
0.052539404553407096
0.5251181515841065
-0.853212606651572
-0.23709167544784385
0.545726608573193
0.21885669263766086
-0.22711390635918144
0.2188758536158291
-0.26207740019219006
-1.1912060961723865
0.93076854888751
-0.13174073423502547
-0.4748922698091517
5.142705664045246
-4.924783595260117
-0.9900114912048127
0.87492188197484
-0.8673333923356209
0.017855548611735158
-0.4641613853432157
0.22419513944937675
0.21474588403723077
-0.13392857142857142
0.3308001788109115
-0.9356620923186597
0.12593325537463915
0.2066301320636225
0.053792361484661017
0.349462365591406
0.9018662380569612
-1.6460176991150361
-0.12596724851539418
0.42342342342342754
0.026913070781372075
1.0224215246636852
-0.13316761363636362
-0.48004267045960447
1.5989280928986236
1.1077896957974247
