2.6852724872713636
-3.037950773654303
4.9789230461203715
-2.0618556701030926
0
-1.4736842105263157
0.3525641025641026
-0.755882039816885
0.4076378459558035
6.6239316239316235
-5.811122244488986
-0.00053191206428979
-0.45372340425531527
2.5226159115561484
2.2187128650947567
1.1497769279796048
-3.2916624659743925
3.883242116236643
-0.6522829904666332
-4.282828282828283
1.3085690164626425
3.7604166666666665
-3.7094669209918685
2.1936089245686246
-2.006243687448348
1.923427292366154
-1.3100102145045964
1.099697259813181
0
-2.9995904995904996
3.367810026385228
-0.0010210228607055655
0.2419848887073793
-2.666103058761217
0.41335503011212904
4.205639131046477
-1.954695469546962
-1.0562500318762007
2.9567010309278277
0.031040974085796893
4.605651708225311
0.47416267942583035
-0.41906557900100483
0.42513306330131584
2.330952380952381
-0.016287023895390773
2.5430512892115864
-0.1561336940142765
-0.4359487226111531
0.44698910150168913
0
-1.2818181818181817
1.3818031126254653
0
-0.08220509489918996
2.272727272727273
-2.2408888888888923
1.7357859227670704
-2.0636708136708104
0.4708931455844675
2.0573141377900903
-4.302242791028832
7.880884623253908
-4.296551724137928
4.488542192116445
-3.0000258622919165
-0.7727583785849405
2.5082960514825348
-1.8217562254259503
2.3445912873225714
-3.9669737694511777
-3.1117147707979593
0.5504621452135927
2.000185890882059
-1.948661405842798
-3.072855436858463
6.404786331342224
-2.031502022941697
0.861827128699218
-1.4677250944970632
0.4252660805182853
1.373612448679602
-0.9090909090909091
-0.9119266055045838
21.10438308982834
5.122324159021407
-4.604363636363639
1.2354291029130442
-2.0404474751392296
-2.1755842558425584
2.161100196463654
0
-3.121153846153846
2.9735792127359706
-4.131084337349398
-0.981259551194402
1.3321419868410365
-3.8076152304609217
1.3762499999999969
-2.4508534625549183
3.1625516137187097
2.104588190127684
-2.989211956847839
-0.6844626967830254
0.37116072837179787
3.201522170747849
-6.8937875751503
2.2815325010761947
-0.9120370370370401
0
-0.08367561047092263
-1.3756397830264013
1.6469827586206833
-0.0038164540053592226
-0.33077197089206656
2.1129037748051265
-0.5637546979558132
3.0400804542311803
-1.1874745831638878
-3.236891925261338
2.0777066541905027
0.20833333333333334
0.6237006237006237
-2.1355371900826414
0.18367450344548034
-0.11210998579660122
0.05021075860440022
-0.045546558704450374
-0.8320253826810488
2.067733151803948
-3.469779074614429
-0.14336546101494582
1.1429485738008305
-1.6191579694467872
0.75228161668839
-2.5151942578861264
-0.4150442477876074
-0.4718699736072759
0.6705357142857176
5.540527356741837
-8.233751827761806
2.206959706959707
-1.5083773855389335
2.3411097415091024
-0.29200000000000326
0.3106849779132878
1.9463206541059368
-4.062418272164589
3.5892776010904135
-3.087719298245614
3.6386676321506153
0
-2.1218340611353774
1.9001432134236997
0
-1.8104203152364273
2.1113414933226315
-2.833187772925761
0.8395052851082155
0.017826900793297084
0
0.2584439889492915
-2.1782222222222156
-0.0004543410011048791
0.7823787585530115
3.6786583716526913
-3.304635185668319
2.075726234373588
0.8819538670284972
-3.0995903894357126
0.16538981523208982
-3.09672600970904
1.1588604538870042
0
0
0.9730126675234074
0.8090909090909091
1.0009919740283164
-0.44642857142857145
-1.2757847533632287
1.2922713542731257
-2.5470852017937218
4.0585311982330206
1.7069072256124525
-0.794782608695649
-2.0826394123731253
3.929818279473637
-2.5404823428079304
1.6345486763204824
0.9652173913043478
0
-0.9559900094737749
-0.9269565217391336
0.057928274264050804
-0.4473684210526316
-1.295268305577584
4.679967862881628
2.223643534804392
-2.451405689496958
0.9137828557745378
-1.6508474576271124
-0.906921035397925
-4.196974769455532
-1.9632759387508671
-1.5521710952689531
-0.8684939365298835
-0.6005122853619133
0.6900369355870016
-0.6824644549763034
0
-1.0412292422218015
1.264357839307934
-2.2857142857142856
-2.2772904483430763
1.183381788986018
-0.7885657959586003
2.405365126676606
0.1285521630720571
1.2063544356538296
0.0014361144487439858
0.738152225945432
-1.9492306668820896
0.8044974314238635
0
-0.987500000000007
0.016509182018594463
0.4112049713564459
-0.409521000643053
1.7671618603747936
-0.7728270203224883
0
-0.9615384615384616
0.970873786407767
-1.922596153846161
0.9798971573668829
2.325242718446602
0.5265904454670525
-2.2458706937234614
0.42434863209119134
-0.4230362465147582
-0.02896591677126581
-1.1976047904191616
-0.7492668621700844
1.4246529470568792
0.5146630413672558
0.125591730267607
-0.7463334619837936
-0.7937472354945453
0.2449779519843214
0.9286412512218963
1.5162227602905498
-2.6384456497369118
1.224889759921607
-1.2584704743465633
-0.49019607843137253
0.016256157635464397
0.34083129343506097
-0.5522149957049944
-0.7245804540967388
2.32086391026788
-1.2269193391642372
1.2815151887836675
0.04857198367981348
0.9806777357024954
-1.9038461538461537
0.47098608116054963
1.462919693074675
1.1538461538461537
-2.091254752851711
0
0
-1.9320388349514563
2.516582516582524
0
-2.464462299134741
1.9702970297029703
-0.29031944849014113
0.19378523921278043
-0.871318884245307
0.9868275919543856
-2.29126213592233
1.2420508744038157
-0.5996663068014562
1.689392667779109
-2.3109039712593455
2.8620415465659548
-0.3430299692239309
2.7202342572078138
-0.12176703794600374
8.410278704482518
-6.722604829570218
-1.8677831932223383
-1.5142857142857142
4.312929117106663
-1.7196625567813109
0.4574824317313588
0
-1.408450704225352
-1.4614285714285784
-0.3435927918001583
3.7726699641159924
-3.5551401869158843
3.3392767161517924
3.1488531722960866
-6.650454545454539
-0.6081735802385045
0.23515579071134626
-0.18572825024437928
0.0039173440407368155
2.4345339522494505
0.8413001912045889
-2.3511566173682215
-0.36844660194175466
1.324784034379103
0.5145220234660511
0.46404822274314694
-2.7990476190476157
1.880248086928402
-0.7390844393152565
-0.6210548243170613
1.224523620339185
-0.3144669231843473
5.148309178743965
1.0672755757912646
-1.8547140649149922
-2.732746641963872
6.156666666666673
3.1718618932485163
-5.463913043478264
-0.6590535935207594
1.5731481481481449
-3.8277468345199104
2.939810426540281
-2.3954549430716856
1.3495283018867856
-1.824900749787065
2.863373471129231
-2.295142409438658
-0.5966981132075472
-0.3297980876456213
-2.6566368310797945
2.5139391568032865
-3.61975190839695
-0.006435229415925076
-2.8603960396039567
-1.642017714629352
1.5580310880829054
2.0371721418112583
-3
-3.0814432989690683
2.1513439916605503
2.047722930019208
-2.9091836734693914
4.151909110973327
-1.1094909661501897
-2.3102040816326492
1.6388819252945561
-1.238374184265968
1.716961498439126
0.36828644501278773
-0.2344307410049944
0.12259910093992644
-1.530102040816334
0.5186501624344029
3.064916856527245
0.01600416108188493
2.0407040704070334
-2.9701902862379317
0.1580808080808044
2.867688956346789
-3.7107843137254903
-1.1352644708038486
2.9845520082389214
-1.9880397607952087
0.49943883277217355
-2.5071193254788167
-0.5258773300010413
0
-0.015702695629416383
4.669668097581405
0.009002700810239433
-1.9794156772922278
2.010204081632653
-3.9211763529058716
4.00832899531494
-3.681181181181181
2.796123567772603
3.575869703678998
-4.516837481698389
0.2938996652099466
-1.1313831413719295
0.10309278350515463
2.62615859938208
1.3045659809332664
-1.188707280832095
-2.5002506265664124
1.1079007978942172
-0.6844056196515031
0.9696857992740231
0.39804274522729
-1.514646464646472
2.9122927574730464
-1.3264899342236431
4.586451736710808
5.206180589087401
0.9720858079143723
-7.954545454545454
0
-1.0958024691358097
3.0552074335558617
-1.8512596899224736
2.1231223374584656
-2.114752513534416
-0.24937655860349128
4.034653465346534
4.687128241732096
-1.8636363636363635
0
2.825382121352478
1.8018018018018018
0.6190265486725728
0.9239266663441728
-2.012200435729844
-2.1709163027721234
0.8977272727272727
-0.07883770694898073
0.18935978358881875
0.8280082800828008
-1.767383736499152
0
1.3634711494775036
1.6570970098744549
0
-2.973130274517409
4.794710413305758
0.1708541841929588
-1.2138528138528202
1.7371031919928548
-1.9335802894555543
-1.6124144049966775
3.6834821428571365
2.4667278074152597
-0.6941759811748917
0.428218408313872
-0.7268054268138535
-0.6005559917662288
-0.08710503842869964
0
-0.8615531889433946
-0.8707647210966463
-0.0013045747086418177
0
-1.712059211069899
-0.09733651889213343
-0.7967227635075352
0.9370493881723808
-2.5210084033613445
0
-0.14519056261343014
2.599054889131225
3.1886625332152345
-3.4334763948497855
3.111111111111111
-2.4827586206896552
-0.1105021216407355
4.818797291915572
-5.4373522458628845
2.232142857142857
7.352838427947596
