-9.69976905311779
-0.04262574595055171
-1.4498933901919
-1.3414106447425334
5.000000000000002
0.041771094402670975
0.4592901878914381
-0.20781379883624274
1.8325697625989195
0
-0.04089979550102017
-0.04091653027823008
-1.7601309864920225
1.8333333333333357
-1.8003273322422282
2.9166666666666665
-1.214574898785425
0.819672131147541
-3.1707317073170778
0
-0.8396305625524769
-1.6511430990685765
1.5497201894102428
4.281475201356504
-3.1707317073170778
4.911838790931998
-1.800720288115246
0
-0.733496332518342
-3.77668308702791
6.655290102389077
-0.039999999999997725
0.2000800320128051
-4.752396166134187
4.863731656184484
9.556177528988407
-1.9343065693430699
7.554893933755122
-9.965397923875436
4.496541122213678
-4.008826774549458
-0.9961685823754877
2.8637770897832953
0
0.07524454477049985
0.7142857142857058
-0.70921985815602
-5.827067669172933
5.0299401197604885
0
-0.5701254275940707
3.2110091743119176
-4.222222222222213
4.2536736272235105
-1.0385756676557905
1.1994002998500706
-0.11111111111111532
-3.0033370411568283
4.128440366972459
-1.6152716593245144
3.7313432835820897
-0.7194244604316546
0.36231884057971014
0
-0.36101083032490977
-1.4492753623188406
0.5882352941176554
0
-0.7675438596491311
3.020257826887657
-0.7508044333214037
-5.5835734870317
3.7771842808088425
2.9411764705882355
-3.5357142857142776
3.295075897815615
-1.8637992831541177
-2.8122717311906458
1.7662532882375004
3.028064992614471
-4.55197132616487
2.065339842283139
-2.0235467255334805
4.618850920015024
0.5025125628140622
2.0714285714285756
0.7347795661301489
-1.35463702674539
-1.408450704225352
-5.607142857142853
7.567158531971245
0.4220893422441043
-3.5726795096322204
3.1238648746821522
-1.8316308559351846
-0.2511661284535302
-1.654676258992814
-0.585223116313082
-0.919793966151582
1.0025993316004413
0
0
2.2058823529411766
-0.43165467625898873
1.1199421965317795
3.001071811361213
-3.6420395421436003
0.7919366450683905
-1.0714285714285714
-0.7220216606498195
1.9272727272727315
1.2843382090617073
-1.2328284607256077
-1.5335235378031222
0.28975009054688683
1.1195377392560575
-0.8214285714285755
1.8725243068059017
-0.3181336161187619
-1.9858156028368874
1.8089725036179451
-0.5330490405117271
-0.6788138620935968
0.7194244604316546
-0.7142857142857143
0.3597122302158273
-4.265232974910386
0.18719580681392736
1.8684603886397606
2.4944974321349793
-1.5032211882605544
0.5813953488372176
-2.2398843930635794
2.6237989652623672
0.7202016564638098
-0.07150518412584506
-5.18783542039356
0.037735849056612356
0
3.809883062995083
-3.924418604651167
-0.2647503782148217
2.8820629503223447
0.22115739034278137
-3.1997057741816803
3.3054711246200568
-0.5148951820522167
2.920517560073929
-2.514367816091954
3.1319086219602066
0.678813862093617
1.4904187366926858
-4.160839160839153
3.2105071141918837
-0.17674089784376107
0.5665722379603481
-4.1197183098591506
-3.0481087036357
4.280303030303035
-2.942244823828559
0.5988023952095893
0.14880952380951534
0.18573551263001487
0.07415647015201655
-0.14820303816227393
1.2987012987012987
-0.32967032967032134
-2.90334435869167
0.075700227100677
0.30257186081694837
1.5082956259426847
3.2317979197622546
-4.857862540482188
-0.7186081694402335
4.380952380952381
-3.4671532846715327
0.3780718336483932
-0.41431261770245675
1.3615733736762567
2.611940298507463
-7.454545454545454
1.8074656188605198
-0.617522192203791
0.46601941747572373
2.8218013142636305
-0.7518796992481203
-1.5909090909090866
0.8083140877598021
0.07636502481865044
2.9378099961846575
-0.8154188287620417
0
4.633781763826598
0.03571428571429384
1.8207782934666068
-0.2805049088359086
1.090014064697617
-0.9043478260869644
-0.10530010530008935
-0.21082220660577045
-4.1197183098591506
0.2570694087403557
0
1.7582417582417624
-1.5838732901368013
0
-0.43891733723481663
-0.2571638501102089
4.419889502762431
-0.5291005291005291
-3.5106382978723323
-0.0367511944138268
1.5808823529411806
1.1581614187477338
-2.6833631484794274
-0.2941176470588277
2.6179941002949936
-1.1857707509881463
11.309090909090918
-1.3394315583142837
1.1589403973509933
5.073649754500818
-6.292834890965729
-1.5292553191489437
3.0722484807562536
2.12905339010809
-4.810776138550352
2.6954177897574123
-0.8530183727034195
-1.3898080741230936
0.16778523489932887
-1.5075376884422111
1.4285714285714246
1.8779342723004773
-1.382488479262669
4.8731642189586
-1.4640356460852852
-0.4844961240310077
-0.06491398896463663
-2.273465410847678
-1.1631771352608842
3.1607262945528025
-4.595827900912654
0.1024940211821016
1.7064846416382253
2.6510067114093885
-1.6018306636155533
1.4617940199335473
-4.518664047151263
-0.4801097393690103
-0.20675396278427496
3.4875690607734686
-3.5702369035702333
2.422145328719723
-4.72972972972973
-3.4397163120567336
0.9548292324641814
-1.709712622771913
0.8142116950407065
0.11013215859031256
1.9435276861019477
4.676258992805756
-4.673539518900351
-3.640951694304242
4.826038159371484
-3.069236259814406
0.1840942562592047
2.903344358691649
-0.5357142857142857
3.3752244165170473
-1.5977770059048164
-3.635721849629372
1.8315018315018314
-2.0503597122302115
1.358795446199041
3.5507246376811636
-0.45486354093772263
-4.674868189806682
4.977876106194691
0
-2.353354408148925
-1.2949640287769866
3.3892128279883424
-1.9386676066267183
3.342918763479515
-0.5565217391304427
-0.34977264777894373
-1.7199017199017121
1.4285714285714286
8.80281690140845
-0.09708737864078038
3.6605118237771337
-5.2187499999999964
2.1760633036597317
-3.0332365279122224
1.0316139767054984
-2.8985507246376847
1.6960651289009496
-0.6337558372248279
-2.6183282980865914
0.13788348845224999
0
-1.8588640275387185
0
0.7716590669940331
-2.78454577097111
0.25062656641603603
1.000000000000004
-1.1315417256011275
-1.2517882689556508
2.1006881564650324
0.7449450159631156
-2.7464788732394405
3.330919623461256
-2.5928521373510782
0
0.43165467625898873
0.28653295128940237
-0.03571428571429384
-1.3933547695605493
-0.03623188405797925
1.4498006524102938
0
1.429081814933905
-2.9235646354349965
0.14513788098692934
-0.5434782608695652
-0.8378870673952683
1.5797207935341704
1.2658227848101267
-3.500000000000004
3.589933382679493
-2.1436227224008575
1.642935377875137
0.5387931034482759
5.037513397642024
-6.088435374149652
1.4125316914161452
0.6785714285714205
-2.6605179141539557
1.3119533527696876
-2.302158273381287
2.724594992636221
0.32258064516128215
-0.25008931761342934
0.46561604584527627
-2.2103386809269123
-0.10936930368210403
0.10948905109489467
7.181917608457888
-8.16326530612245
-0.03703703703704546
1.3338273434605494
-0.5484460694698354
0.14705882352940342
0.25697503671073624
0
2.4533138044672236
-0.8220157255182313
-1.1171171171171252
0.10932944606414409
-0.5824535857298747
-0.03661662394728039
0
1.0622710622710538
2.0297209133744194
-5.541740674955603
-0.18804061677322303
1.3564431047475596
3.345724907063197
-5.683453237410076
-0.0762776506483557
-0.7633587786259542
-1.0000000000000087
3.3411033411033504
-4.511278195488722
5.23622047244095
0.9352787130564908
-0.07412898443290905
-2.818991097922857
2.7862595419847374
-3.0820646119569295
1.1494252873563218
-1.1363636363636365
3.256704980842912
-5.528756957328388
0.5498821681068365
0.15624999999999112
-1.326053042121676
0
-0.3557312252964449
-0.03966679888932738
2.698412698412703
2.550231839258101
1.7332328560663237
-0.03703703703704546
0
1.0744720266765595
-2.2727272727272685
0.5251312828206967
0.07462686567163755
-1.7897091722595122
2.4677296886864086
0
4.483141904409049
0
0
1.7375886524822615
-1.6382014639247087
-0.07087172218284502
-2.021276595744677
6.731813246471214
-3.424889793150209
1.8258426966292094
2.3793103448275783
0
0.33681374200067365
0.9734810339040062
-2.5265957446808587
2.830832196452937
-0.6301824212271898
0.8010680907877094
-1.3245033112582782
2.4832214765100593
-4.780615586116558
1.8569463548830734
2.9034436191762403
0
-2.9855643044619495
2.096719648292184
-0.8280887711162638
0.16700066800267202
-2.1673891297099033
-0.3408316291751875
-1.333789329685355
4.610051993067595
-4.539430086149764
3.8181187087816726
-4.145770645269152
3.0345308685036585
-0.541638456330388
-0.3063308373043002
-0.034141345168988015
0.2049180327868736
-2.7948193592365334
-0.03506311360447612
1.5433181339880662
5.284974093264252
-6.036745406824158
-0.03491620111730653
-0.10478519035976645
0.6993006993006993
-0.27777777777778173
1.9846796657381576
-0.6828269033799932
0
1.7875558611206759
-3.0057413036136555
0.0696378830083526
-0.9742519137091005
0.4216444132115209
0.38488453463959615
-0.209132101777611
0.20957038071951306
-1.5336354130358931
2.5132743362831937
-0.34530386740331487
1.0048510048509969
5.454545454545447
4.0338321405335185
-5.534709193245775
1.1916583912611605
-1.8972849198560717
0
-2.767589196398785
