-0.47393364928909953
-0.23809523809523808
0.2386634844868735
5.714285714285714
-2.027027027027027
3.0000000000000027
-5.1445151210802385
-5.411764705882353
7.475124378109455
-0.06943640782317125
-3.833236826867403
0
3.58863198458575
3.9293187630783484
-1.3982102908277405
0.5104934770277936
0.925507900677206
-2.4826660702303784
2.7293577981651325
-3.773163652601022
2.041763341067288
4.092769440654843
-0.8409785932721762
5.738517457869811
-4.635416666666667
2.6761332605133807
-3.234042553191487
3.1222515391380803
-1.5778251599147073
-2.2963604852686355
6.274944567627497
1.1892343000208614
-2.422680412371134
3.433703116745906
-0.7967313585291067
-2.0799011532125253
0.12618296529968934
2.0793950850661576
-2.0884773662551392
2.5323106020804778
-1.0043041606886611
3.2712215320911
-5.17241379310345
3.5940803382663846
-0.30612244897959184
5.117707267144319
-4.576436222005842
-1.0102040816326507
0.36078754767549737
3.3175842235004063
-1.2227855651655188
2.6469404186795447
-2.0198058633199354
1.2208545982187577
-3.084527928818591
-0.6426604100785428
-5.811088295687887
2.00566819271855
2.1051506732207788
3.3385661957090504
-2.6939436905003062
2.00874271440467
-3.7343128252219184
5.532591414944361
-5.132067891935323
-2.5831039593478695
2.858074331667024
4.035921817221347
-6.4689753224332325
-3.2681867535287754
7.845998428555392
2.3626144879267326
-0.7422470767666451
1.413644744929313
-2.676767676767677
2.6466009340944474
-1.9009100101112189
1.6285301999587667
-2.606490872210958
1.0101010101010148
-1.8350515463917478
-3.25561856752783
4.6026921406860595
0
-1.8161062681610627
3.3717366028960973
-1.0736196319018405
1.9121447028423773
-1.6227180527383367
-2.577319587628866
1.4708994708994685
1.7207216602356867
-1.0559770350625337
-1.4609884986011836
-1.062039957939014
1.90243383994048
-3.243637880684179
-0.6144227659803865
-2.5596529284164884
2.4042742653606437
0.10869565217391304
2.0629750271444083
-2.3404255319148937
1.3071895424836601
0.3548387096774145
1.5750562520090052
-0.464135021097044
2.331496396778296
-1.79163214581608
1.7610460824633603
0.09326424870466085
1.4494254063567658
-1.1429737728339557
2.921441106637757
-0.8425275827482425
17.327533886303872
-13.958099836192781
0.20040080160320642
1.5899999999999976
4.340978442760116
-5.54716981132075
-0.11985617259289306
-4.0100000000000025
-0.3021148036253753
1.327063740856849
6.001856244199241
-2.5780717968674103
-3.87457559416816
4.0411385830043605
0.04992511233150274
-2.2854291417165644
0.9089980594423427
-1.0425101214574852
2.004704919709513
-0.7921387746916653
-0.9500707499494621
-2.520408163265311
2.1668585784570342
-2.3770491803278735
1.8052057094878302
-1.350515463917528
3.4590866339220425
-4.848484848484849
16.56050955414013
-14.289617486338797
14.504303474657304
-9.37268002969561
3.1742781077206637
-3.5926955140928984
-0.15441630636195183
-1.484689143210638
0
0.743066457352174
1.7660502804903386
-0.3674969375255229
2.459016393442623
-3.3
-0.10341261633919338
-0.8385093167701887
-0.3967011170268248
0.18865946965726385
0.041845381316034866
-0.35553696538742835
1.794521985517895
-4.2680412371134
0.3661425802282982
-0.6008583690987149
2.331606217616583
-1.9198312236286967
0.34416003441600834
-1.714898177920686
1.4176663031624863
0.7096774193548412
-1.97522955370489
5.217296590785315
0.4140786749482402
-2.051546391752575
3.568045468898008
-4.898373983739842
4.060696730070528
-5.052372150338871
4.8886004758814545
-4.6607547948030446
2.00086523902228
-0.031809988336344845
1.824352991090374
-0.8333333333333334
-1.1554621848739495
0.2763018065887378
2.5434506146672318
-3.741215378255482
7.139789564097058
-1.022146507666092
1.042826769261917
1.3527054108216432
0.6426099851705388
-1.453831041257363
1.5251196172248758
0.09818360333824251
1.0495340853359534
-0.9609784507862639
0.1666176614721205
-0.7925636007827811
-4.704605976920794
6.2926930242185835
1.6455696202531733
-1.5039754765782205
1.1476366465668113
-2.394230769230767
1.822480543788778
-0.44504643962847423
0.22351797862001502
-1.7938524192766412
-1.4119273301737711
1.9529293940911367
0.7367387033398821
-0.5363237445148707
1.9607843137254901
-3.8365384615384595
0
0.12998700129986546
0.06990213700819307
0.7284702125536328
0.2179512581731767
0.5535784895215523
2.241447109712933
-2.3173076923076943
1.3879318830593586
-1.8155339805825288
1.6513398595866753
1.6342412451361823
-0.5072741194486939
0.5772005772005772
0.2391200382592061
-1.641221374045806
-0.07760962359332116
-1.349514563106794
2.7457927369353388
-2.921455938697318
2.3778983719782842
-3.4502698535080913
1.816729886204836
0
3.4117647058823484
-3.9059537353052645
0
0.009865824782954098
-1.7460787215152456
-2.6204819277108458
2.484792246623366
-1.408450704225352
-1.0204081632653061
0.7525773195876242
3.345953136191553
-3.7722772277227747
-0.360119353842988
-3.4902932672449354
-2.2041515086668118
1.9256017505470484
-6.46200085873766
6.793665366077581
6.060606060606059
-2.522796352583584
0.8315143955929737
1.8348623853210961
2.237068529203363
-1.2277227722772255
2.2353648757016793
-1.4217080105892734
2.436841058285271
-1.7089037770657476
0.3655042971451196
-3.3661417322834692
2.862090038704423
-3.0101990296068895
-1.582440020418581
-0.010373443983404848
2.5002593630044636
-1.1133603238866396
0.3070624360286592
2.6428571428571406
1.2029028730490132
-1.1787819253438114
0.28827037773359615
0.17841213202498446
1.8897793608390134
-5.38939599922315
1.365082623421951
1.7820980153908488
2.467170712296056
-3.6893203883495147
2.7620967741935463
-2.393564842063957
2.502512562814068
-3.7748798901853124
0.0713266761768948
-1.6189797372976251
2.4218588283999147
-2.142279708973327
1.817430813713344
-0.5983772819472594
2.8058361391694726
-1.1314013497419588
-2.830756876129296
-0.30991735537190085
3.523316062176166
-6.906906906906907
6.860215053763436
-7.124169853089149
5.926327193932833
-6.392553953155364
3.791520979020971
-2.768712496052211
6.918579471632739
-9.569620253164556
7.043673012318027
-7.040485406423262
5.784379923475127
0.1170212765957471
0.7331845712464113
2.9852320675105437
0.3789818703267485
-4.632653061224488
-1.348170340252517
2.125813449023864
-1.2319456244689913
4.645161290322585
0.08220304151253129
-2.2587268993839835
-0.9243697478991549
-2.958015267175582
-0.5134928438763173
0.3623984186250774
2.418207681365579
-1.9230769230769231
4.498910675381259
-1.9701865943917416
-0.4678860059549104
2.553418803418801
0
-1.031357433065942
-0.8421052631578947
3.821656050955414
-3.5787321063394684
3.0858960763520704
1.7282172615985962
-3.8932146829810903
2.693602693602696
-1.639344262295082
-3.104166666666662
0.41926467426359676
-1.2846590300824323
0.021689621516097147
0.2060067223246331
-0.33542523263363155
-1.1942242970361523
0.8460608724315934
4.15123120505557
-3.379014541270003
2.8583802511909893
-0.8421052631578947
1.2738853503184713
-0.4716981132075472
1.095313322801472
-1.9168663402437731
1.9649495485926713
-4.812500000000004
4.83694462683301
-3.0897703549060567
1.2386902197328737
-1.0533035429300965
-1.0107526881720406
-2.911144905496423
-0.42515104050122565
3.134831460674155
-0.2069942259505368
0.021834061135376143
0.08731717965509217
0.17448200654307772
-1.8941868060091418
1.4869063470927626
-1.2464465340039337
-1.328609388839681
0.3141831238779123
-8.83668903803132
0.12269938650306748
1.2622549019607787
3.352293355924004
-0.9484777517564429
-0.22461283839697097
-3.5663507109004766
4.50915345865586
-1.9162943804373462
4.722521874625445
-0.22891152569531875
0.2638522427440581
0.38901601830663357
1.6526099840437658
-4.776320215270772
4.509596137996005
3.1996394772419983
-1.7576419213973824
1.6890765640626788
-1.475248606709649
-0.277284826974268
0.10010010010009757
-1.1111111111111112
0.01123595505618233
3.078305808336139
2.4523160762942777
-1.1382978723404304
0
-0.796298289034755
-1.9416422605488641
1.4712389380530924
-1.3844979832115918
2.3325226619500357
-1.4367505671383891
-0.24112231477421436
2.6148099318830975
-3.0728051391863005
3.391141058212752
-0.6837606837606813
0.6777108433734891
-0.09616412009829867
0
-1.3262032085561473
2.9698677650119203
-0.6947368421052655
1.759592961628156
-1.3437499999999976
1.3514940344208588
-0.8646734034795244
-1.0088272383354375
-0.21231422505307856
3.1914893617021276
5.474226804123713
0.09774215619195448
0.36129284249585447
0.2529675034053451
-3.3385093167701947
1.2048192771084338
-1.081349206349204
-1.5143917360345023
0.5498981670061077
0.46586996151509247
0.040322580645159
0.5642885933091518
1.002004008016032
-1.3888888888888888
-1.8913480885311826
-1.3125512715340513
-2.192435577722363
3.8563688515882366
-2.4243044189852747
-1.8345738547017507
1.697992310978212
0.3885330253071559
0.41841004184100417
-2.010416666666662
0.06378228978419358
-1.2004674386486727
1.8924731182795724
-4.548332629801606
4.278606965174134
2.406700593723487
-2.112019877834142
3.225806451612903
0.7172131147540983
-2.7466937945066126
3.629707112970716
2.351872413445034
-3.0276134122288014
2.511949557612127
-1.9345238095238095
