0.02091612633339592
4.34964450020912
-9.939879759519041
1.6911437472185187
2.669584245076584
-0.17050298380221895
0.2561912894961669
1.107325383304938
-2.5905644481887133
1.2540540540540566
0.010676916506515347
1.1529838795772342
1.3192612137203166
0.14583333333333096
0.13521947160391806
-1.4023060143346837
1.169405815423505
-0.21868166198062158
-1.1688582759340478
4.656810982048577
-5.044899606497831
0.743810434597811
-1.7403227507646872
0.6011163589523425
2.4327784891165125
0
0.13541666666666194
5.690211172370753
-3.8090551181102406
0.9516013506599886
-0.4358402594769986
0
-0.4886490888730484
1.278772378516624
-0.4141414141414164
1.0447307029110526
-4.928729170849229
1.6048991658747684
2.11992102255015
17.228045181642408
-15.564236111111107
1.357047393852157
0.4970078101227282
-0.6661283811061677
0.05080268238162975
1.117091499949223
2.008637139700713
1.4078960322929954
-0.39805825242717563
-0.7213178672385311
-0.7167403043691659
0.7416930379746836
-1.1877883577108101
-1.0530498708523766
-1.2048192771084338
0.9756097560975633
-0.3925120772946837
1.7075881580276828
-1.5199682098152263
1.9368506002219354
0.12864918357248437
0.9488041114844854
-1.7818680242803928
0.8771929824561358
-0.385375494071144
0.5753397480408644
-2.5643554591182562
1.1033505415527864
-0.6708049659591442
1.0482814232436224
-1.5261845386533621
5.348460291734193
-4.28846153846154
0.4621257785814771
0.2799999999999955
0.11966493817311982
-0.019920318725104132
-0.3785614664275707
-0.7700000000000046
1.5821828076186684
-1.2797619047619024
-0.6230529595015621
1.0617858226312065
-0.29017410446267533
1.3045659809332664
1.9712729073799
6.55721779677482
0
1.8689032728598778
1.4050474315374815
4.615656164504474
0.7761093301838887
-0.19253306546123847
1.341944141575107
-3.649755855333933
2.0357326919773273
-4.09967168953616
-2.554424157303383
5.080623367264219
-2.2203171881697465
6.4965807469752885
-0.3869268132049103
-0.8842975206611607
1.6009338780955595
-2.1830118998768904
0.6460273512878444
-0.550183394464814
0.5699916177703231
-3.5755959326554314
-0.6396404183594165
-0.3218790778599431
0.7156571827544114
0.01733102253033323
0.9443770577022927
-1.553514719766536
0.26155187445510025
2.01739130434783
-0.09376065461985479
2.5595085743537243
-0.39930122285999126
2.213313288231855
0.3922209511358028
1.8150740680449442
-0.8713726117195691
-0.8629032258064553
1.545595054095827
3.6289353520788237
0.5333951762523261
-2.8450595924644366
0.5144440047487139
0.12598425196849677
-0.11009751494179487
-2.1728861596599067
3.6536294865604453
-7.39130434782609
-1.4000670690811574
-2.7293597483207135
0
3.173076923076919
-1.2708633398288571
-2.1968591778940967
1.0880056155128421
-1.6838816074993372
0.5297077778758718
1.1592166505664394
0.00868130914141063
-3.654513888888881
1.8650328858455552
1.7778170882717264
0.13035543582167375
2.308626974483589
0.3223617237868981
-0.8709622864873968
-2.0813784867354657
-2.395679066120742
2.64191360228489
-3.1652173913043558
0.700431034482775
-1.212769752095607
0.15345730276223557
-1.18071203244704
2.1707406056183833
-4.4009998214604495
0.10271734055466514
-1.5764925373134413
1.355321770448316
-0.22442491116514782
0.8341143392689869
-1.8960869969328087
0.06631927996210758
-0.26510130657072095
1.775204101006248
-1.7628952523085408
1.034941131788821
0.20674748613852512
0.009378223764431813
-1.3690922730682797
1.473664194713824
-1.3773072238358517
1.1875356260687822
-0.6196601258097746
1.4737836561171382
0.44688576482638326
-0.44489758086942083
0.2606833628153973
0.06500139288697354
-2.0786933927245608
0.11372251705838186
-4.0514956455887985
1.0260457774269907
-5.644531249999996
-2.1941626992341177
1.714285714285719
0.7386600083229202
-2.4888980687803275
-0.18004660029655215
-1.5490716180371378
0.5065200991486201
0.04289084280505868
-0.49303322615219963
-4.3408013787160655
0.6868595878842498
1.5097293670319838
-0.0661011347361488
-1.8630801455186834
-0.24713547517412326
-0.9346846846846796
0.18188018642718073
0.6013843186202279
-0.5075569591698624
0.5781657408457117
0.4846708746618524
-0.13460459899047061
-0.12355385825001787
-0.14619883040936438
0.7658520103615349
-0.34648485525874845
0.14580529385374097
0.7167655952514254
-0.1445568775714394
-0.6013363028953204
0.6721935917544253
-1.6915201424438064
0.6678741227077176
-1.1019903294726139
-0.2274019329164298
4.3190883190883165
-0.15293860607384502
0.12035010940919286
0.49174953556988305
0.5437146585471945
-1.5466147523253373
-0.14281006261671478
0.5500550055005501
-1.8052516411378556
1.236768802228415
0.13207131851198897
0.21982853374367994
-1.809607370037289
0.189880486987607
-0.46822742474916895
-0.4928315412186355
1.6659162539396746
-0.1992914083259597
0.7876636343465745
1.1227297743533347
-0.40274300642212313
0.13114754098361153
-1.7572582405588324
1.6220419953338543
-2.612878539411839
-0.0898069151324601
-0.8202247191011185
0.11328877308258752
-2.625325336652715
0.30214991284137394
-0.7646854362182856
-1.5061295971978959
-4.113323850165961
-0.4697737668438564
4.37212768600173
0.011900511722006752
0.45216563541171684
0.37905709547499783
1.9707340099126796
0.16201828492072412
-1.548238012709414
1.1266283300082176
0.3365440408494809
0
2.544529262086514
1.1279043537108053
-0.490742806156589
0.11208249271463797
-1.477832512315276
-0.625
-0.05717552887364208
0.06864988558352662
1.3377544020123406
-2.2791379893941026
1.4894354000692733
0.11376564277588168
0.6818181818181818
0.28216704288939054
-1.710748452447951
0.5381884804763593
-2.380410022779041
0.02333450005832829
-0.011664528169824922
0.43163789080727155
0.847949819955868
-0.9329647546648263
-0.709219858156031
0.15222482435596657
0.9470361276745028
-0.10423905489923295
-0.1275362318840606
-0.5804504295333178
-0.5721625408687503
0
-0.11743981209630065
0.07054673721340655
-1.8329221008107182
0.11968880909634949
-1.5540944411237299
4.18943533697632
-5.221445221445216
0.06148548942449582
-0.4178444144033539
-0.06170554115759595
1.9264015806371972
4.179791616186091
-5.454122572392136
1.0086100861008667
-1.5343399902581614
-1.0635666584219667
3.075000000000003
-0.012127091923359536
-6.9981807155852085
-0.36515388628064094
-0.6675392670157098
0.5929634998023455
0.877652606759241
0.3765744708479389
-0.7891332470892656
0.6650149954361746
-0.20725388601036565
0.44132917964693374
-2.881881623158433
0.0665335994677312
0.03989361702127055
-0.026585138907341724
0.0930727296901917
0.8103081827842751
-0.5139016998286965
-0.3973509933774834
0.23936170212765354
0.9286282833642877
0.6309148264984317
0.5616509926854695
0.20781919729835338
1.101749837977965
-2.2179487179487123
0.4326733971417273
2.702349869451703
0.11440193212151738
-1.2442864398171747
2.0570840833119055
-4.207608969513728
0.9205681220410311
-0.0912170966901136
-0.07825746706665224
0.9267719618848743
-0.0517330574237055
-0.737577639751544
0.14339721027245766
0.026034886748233763
1.7568974492451848
-1.0487274587543076
-0.710869846193615
0.11715699036708893
-0.49408399427903626
0.7970730432510157
-0.2333419756287211
-0.7926195426195456
0.27504911591355896
-2.9258098223615434
-0.16146393972013529
-1.2129380053908356
0.9140518417462545
-1.3654184128700855
-0.08223684210526627
-0.6584362139917633
0.165700082850032
-1.0063413289219678
-1.6014482662581813
-1.1604868383809857
0.27205040091637706
0.4855062116236029
3.7373880915162645
-3.410958904109586
-0.7233016593391041
-0.3999999999999935
-0.14343086632243257
-1.8241884515943758
0.08778346744696748
-2.777371729279345
-0.21049466245676998
-1.2354979659484775
-1.0221205186880313
4.161528976572133
-2.1604024859425732
3.5238959467634534
0.8181154127100106
4.477611940298504
1.2760055478502144
4.560394412489722
-1.7943680419122523
1.6404374499866723
1.4302584962603302
-0.5562742561448841
0.2601795238714713
-0.05190086933957323
-2.245878229261321
-0.14608233731740008
0.545285277297516
-0.9259259259259259
0.09345794392523972
0.8536748032546321
0.11903187409072573
1.4663143989432
-1.8356984767608413
1.15384615384616
2.0584764651894494
2.697841726618705
1.0257693269952521
-1.2630014858841065
0.13794833207926044
0.551033187226046
3.113712791132146
-3.8652011112453195
-0.4900113079532576
0.012626262626265497
-0.2524933720489837
0.9998734337425613
0.4636591478696799
0.8481975801421922
0
1.1131725417439704
0.31804281345566027
5.170101207169855
0
1.8898550724637628
-0.6258534365043241
0.709950761479451
0.3979533826037521
-0.011325028312573357
-4.632461207384752
4.501187648456054
0.25002841231958695
0.328760911461283
0.8813559322033847
-2.3521505376344085
2.9593943565037932
-2.885472370766486
-79.37363771939889
-1.7241379310344953
0.2829654782116582
-1.862302483069968
-1.955146635997703
0.4692082111437017
3.911266783420892
-3.8764044943820255
0.4675628287551206
-3.8976148923793
-3.1476997578692427
-1.875
-2.420382165605103
4.046997389033954
0.062735257214551
-3.3855799373040787
0.32446463335496434
-0.646830530401035
-0.6510416666666667
1.7693315858453587
0.7726980038634826
-1.4057507987220375
0
0.4536616979909194
0.5806451612903263
0.06414368184733439
0.06410256410256046
1.9218449711723256
1.8227529855436868
3.4197530864197483
