-1.8867924528301931
0.16025641025641255
-5.439999999999999
3.2148900169204713
2.6229508196721336
-0.15974440894568917
1.7600000000000022
0.9433962264150966
-0.9345794392523387
1.2578616352201324
1.397515527950297
0
2.909647779479335
-0.29761904761905184
0.4477611940298465
-0.14858841010400345
-0.7440476190476191
-5.997001499250374
0.15948963317383463
-0.31847133757961105
-0.6389776357827454
0
-0.48231511254019976
-1.45395799676898
0.9836065573770515
-1.9480519480519527
0.8278145695364238
-2.7914614121510604
2.8716216216216144
0
-0.6568144499178958
-0.8264462809917356
1.1666666666666714
3.6243822075782464
-2.5437201907790166
0
-1.4681892332789537
0
0.1655629139072871
0.6611570247933861
-1.8062397372742225
0
1.6722408026755853
0.493421052631586
-0.4909983633387958
1.8092105263157918
-0.9693053311793238
-0.16313213703098584
-0.32679738562091964
0
0.9836065573770515
4.545454545454553
-3.4161490683229854
-1.1254019292604547
0.16260162601626246
-1.9480519480519527
0.4966887417218614
-1.1532125205930854
1.4999999999999976
-0.6568144499178958
1.1570247933884346
0.8169934640522876
-0.9724473257698564
0.16366612111293194
1.3071895424836555
-0.6451612903225784
-1.136363636363641
4.433497536945818
-4.245283018867929
0.6568144499178958
-1.141924959216959
-4.290429042904292
4.310344827586207
2.479338842975207
-1.774193548387099
0.8210180623973727
-0.8143322475570033
-0.16420361247947687
0
0.493421052631586
-0.4909983633387958
-0.32894736842104566
0.16501650165016735
1.4827018121911013
-1.785714285714288
0.16528925619834944
-0.4950495049505021
-0.49751243781094057
-0.3333333333333381
1.0033444816053536
-0.8278145695364238
-0.6677796327211997
0.6722689075630228
-1.0016694490818054
3.709949409780781
0.16260162601626246
0.9740259740259763
-0.1607717041800666
-0.3220611916264136
-0.6462035541195453
0.8130081300813008
-2.25806451612903
2.310231023102308
-1.2903225806451568
1.1437908496731957
-0.16155088852988922
-0.8090614886731392
-0.4893964110929807
5.901639344262286
-0.928792569659434
0.46874999999999556
-1.0886469673405843
1.7295597484276752
2.0092735703245705
-3.9393939393939412
-0.47318611987381254
3.8034865293185396
0.7633587786259542
-2.8787878787878873
-1.716068642745701
1.2698412698412653
-1.8808777429467018
16.613418530351435
-0.13698630136985523
-8.093278463648842
0
-1.7910447761194073
-1.063829787234047
0.4608294930875751
-1.2232415902140845
-1.2383900928792526
0
0
-1.2539184952978013
-0.158730158730161
-2.5437201907790166
0
-1.794453507340937
1.4950166112956786
-0.16366612111293194
-0.4918032786885199
-0.16474464579901388
-0.16501650165016735
1.1570247933884346
-0.49019607843137947
-1.1494252873563149
1.9933554817275676
0.16286644951140297
0.16260162601626246
0.649350649350647
-1.2903225806451568
-0.9803921568627474
1.155115511551148
-1.9575856443719344
1.830282861896841
0
-1.1437908496732072
-0.3305785123966989
0.6633499170812698
-0.16474464579901388
-0.4950495049505021
-0.9950248756218811
0.8375209380234505
1.328903654485045
-1.147540983606562
-0.3316749585406231
0.6655574043261208
-1.3223140495867722
1.3400335008375162
-0.4958677685950366
0.49833887043188896
-0.16528925619834944
0.1655629139072871
-0.6611570247933861
0.49916805324458763
0.1655629139072871
-0.3305785123966989
-1.658374792703151
1.8549747048903904
-1.4900662251655605
6.722689075630252
-0.15748031496063217
0.31545741324921583
0.4716981132075427
-1.251956181533642
-0.9508716323296378
0.8
2.222222222222231
-2.484472049689454
-1.5923566878980893
2.103559870550169
-1.1093502377179125
1.6025641025641026
-0.47318611987381254
-2.694136291600638
-1.7915309446254095
2.8192371475953615
1.9354838709677464
-1.4240506329114013
-0.4815409309791287
-1.9354838709677464
-3.4539473684210433
4.429301533219752
-0.16313213703098584
1.6339869281045751
0
0
-0.9646302250803881
0.16233766233766464
-1.9448946515397127
1.6528925619834711
-2.1138211382113776
1.1627906976744116
1.4778325123152687
-1.132686084142388
-0.3273322422258639
1.1494252873563264
0.649350649350647
0.6451612903225784
-1.6025641025641026
4.397394136807811
0
0.6240249609984488
0
0
1.8604651162790742
-1.9786910197869059
0
0.621118012422347
-0.7716049382716049
1.0886469673405954
-0.4615384615384572
0.30911901081916976
0.30816640986130756
-2.304147465437777
0
7.075471698113197
2.2026431718061676
-5.316091954022973
2.4279210925644827
-2.8148148148148233
0.6097560975609844
0.7575757575757576
2.1052631578947456
0.8836524300441742
-1.3138686131386945
0.7396449704142013
-2.2026431718061676
0.15015015015016298
-0.44977511244377383
1.506024096385542
-1.1869436201780583
0.45045045045046755
-0.7473841554559043
0.15060240963854565
-1.3533834586466251
-3.658536585365841
-0.3164556962025361
-2.5396825396825418
-0.6514657980456003
3.6065573770491848
0.3164556962025249
1.419558359621449
0.3110419906687447
0.46511627906976305
-1.2345679012345636
0.15624999999999112
-1.0920436817472634
1.419558359621449
2.0217729393468074
-1.06707317073169
1.3867488443759497
-1.9756838905775034
0.31007751937984934
-1.0819165378670832
0.9374999999999911
0.7739938080495357
-1.2288786482334826
10.575427682737166
3.2348804500703396
-4.768392370572207
-0.5722460658083056
-2.158273381294964
0
-0.5882352941176554
0.2958579881656847
-0.7374631268436579
0
0.297176820208028
-0.7407407407407407
0.895522388059693
-1.3313609467455496
1.0494752623688197
-1.7804154302670663
1.9637462235649503
1.3333333333333417
-2.33918128654972
-0.8982035928143628
0.755287009063444
-0.5997001499250459
0.15082956259428135
-0.9036144578313381
0.4559270516717282
-0.15128593040846341
0.15151515151514292
0
-2.571860816944007
-0.621118012422369
0.31250000000000444
-1.0903426791277302
1.5748031496062993
0.31007751937984934
0.4636785162287437
0
-1.0769230769230813
-1.2441679626749567
0.7874015748031497
1.4062500000000089
-1.3867488443759717
0.15624999999999112
-1.0920436817472634
-1.104100946372233
1.116427432216899
-0.6309148264984205
1.2698412698412653
-0.1567398119122168
-0.31397174254317556
-0.15748031496063217
-0.47318611987381254
-1.426307448494451
0.16077170418005515
4.6548956661316305
-3.680981595092033
-0.9554140127388445
1.7684887459806982
0.7898894154818326
-0.9404388714733454
-1.107594936708865
0.9600000000000023
-0.31695721077654965
-1.4308426073131932
-0.9677419354838732
0.16286644951140297
4.55284552845528
-1.7107309486780629
0.3164556962025249
-3.1545741324921135
-1.7915309446254095
1.3266998341625278
0.4909983633387842
-1.1400651465797977
-0.9884678747940715
2.1963394342762066
0.9443178117876885
-0.45161290322580827
-0.19442644199610734
0.8116883116883117
-4.9919484702093415
5.898305084745757
-0.06402048655569646
-2.6905829596412554
-2.073732718894006
3.3277310924369696
-1.1060507482108
1.6118421052631644
-1.8776303010683129
-0.06598482349059576
-0.6272697259821648
0.631229235880391
0.03301419610433002
0.6600660066006577
-1.639344262295082
1.0999999999999943
0.5275304978569079
-0.22958346999015
-1.0519395134779759
0.56478405315614
-0.23125206475057908
0.9602649006622489
-1.1807149885208248
1.3939595087952263
2.2913256955810124
-2.8480000000000016
-0.03293807641633073
-0.16474464579901388
-0.8250825082508251
0.36605657237936584
2.287798408488068
-1.7828200972447348
-0.9900990099009924
1.033333333333329
-0.8578027053777566
1.2312811980033311
-0.8875739644970516
1.4925373134328452
-0.8169934640522876
0.8896210873146608
0.03265839320704771
2.7424094025465227
-1.1757229107086034
0.06430868167202435
-0.38560411311054305
0.9999999999999959
-0.351325455126156
2.8205128205128176
-0.09351620947631277
0.3744149765990782
0.5595275101025792
1.6074188562596476
-1.1256464861575828
0.4307692307692325
-1.960784313725492
0.8750000000000036
-0.867410161090462
1.5312500000000062
-1.2927054478301068
0.8419083255378956
2.0408163265306016
-2.4545454545454612
0.7766387076731904
-0.3390875462392091
0.5258274048871071
-0.1538461538461451
-1.325115562403697
2.9044347282948144
-2.73141122913507
3.1201248049922
-0.15128593040846341
-0.12121212121211863
0.060679611650473364
1.879927228623422
-2.053571428571443
3.160133697964164
-1.2665684830633275
-2.8639618138424843
-0.7985257985258142
1.5789473684210686
0.5486132276744886
-0.6365565322825124
-0.854179377669314
1.72307692307693
0.24198427102237838
-0.9354254677127407
-0.7005787389582604
0.12269938650306486
-0.8884803921568601
1.0819165378670832
-0.6116207951070423
0.5230769230769283
0.3979185797367476
-0.3658536585365776
-0.8567931456548382
0.5555555555555547
0.49109883364028145
-0.061087354917541616
0
-0.06112469437651596
0.581039755351675
-1.124961994527204
-1.1070110701107212
0.7462686567164242
0.3086419753086464
-0.7384615384615446
-0.03099814011158714
1.0852713178294617
0.15337423312882564
-0.4287901990811656
0.2460781298062301
0.03068425897513964
