-0.7453416149068253
0.12515644555693906
-5
4.9999999999999964
0
4.260651629072689
-0.36057692307691963
0
-3.86007237635706
-0.8782936010037676
0
-0.25316455696202894
-4.568527918781719
0
0
-0.6648936170212766
4.9531459170013425
2.0408163265306047
0
-5
10.526315789473685
2.0238095238095273
-1.9836639439906683
-4.52380952380952
4.738154613466331
-4.761904761904762
2.5
0
-3.048780487804878
3.1446540880503147
-2.4390243902439024
4.7499999999999964
-0.11933174224342998
0
-4.420549581839908
0
0
-3.75
3.7662337662337735
-2.3779724655819843
6.66666666666667
2.043269230769234
-3.4157832744405248
0.7317073170731638
-0.24213075060531314
1.941747572815527
-5.9523809523809526
0.5063291139240579
4.408060453400504
0
3.498190591073572
-1.9813519813519846
7.015457788347213
0
4.222222222222219
2.025586353944569
-2.1943573667711687
-2.991452991452989
-1.9823788546255476
4.943820224719108
-3.640256959314781
0
-0.11111111111110479
-4.338153503893221
-0.5813953488372093
4.678362573099415
-0.11173184357541265
2.013422818791943
-6.79824561403509
4.705882352941177
0
-4.382022471910119
-0.3525264394829579
-0.707547169811314
-2.969121140142518
3.4271725826193356
-1.7751479289940828
2.0481927710843406
-5.6670602125147544
-0.8760951188986268
3.1565656565656566
-0.36719706242349714
2.3341523341523236
-0.12004801920767626
-1.9230769230769333
1.715686274509811
-3.7349397590361377
-3.629536921151446
-0.9090909090909128
0.1310615989515184
0.6544502617801047
2.7308192457737244
-0.3797468354430344
0.3811944091486622
-1.0126582278480976
2.1739130434782643
1.0012515644555657
0
-0.9913258983890919
-3.0037546933667154
3.225806451612903
0.8750000000000036
-3.841387856257755
0
1.0309278350515612
-2.806122448979595
4.72440944881889
-2.0050125313283136
1.1508951406649508
-3.9190897597977177
5.131578947368428
-3.629536921151446
7.792207792207792
1.2048192771084338
-2.6190476190476226
-1.5892420537897276
-1.8633540372670807
-1.8987341772151898
3.870967741935484
-4.3478260869565215
1.948051948051948
-2.420382165605103
2.4804177545691983
4.33121019108281
-1.3431013431013534
-4.9504950495049505
2.994791666666663
-2.907711757269276
1.6927083333333297
3.4571062740076863
-2.1039603960396076
2.4020227560050644
-3.456790123456787
2.046035805626591
-3.383458646616545
-2.983138780804147
0.40106951871657376
4.527296937416786
-0.8917197452229335
0.7712082262210906
-4.974489795918374
4.832214765100663
-3.84122919334187
-1.997336884154461
3.6684782608695694
-2.8833551769331622
0.6747638326585695
2.278820375335125
-0.3931847968545179
-3.9473684210526314
4.109589041095891
0
-3.0263157894736805
-1.8995929443690713
2.351313969571235
-0.2702702702702741
2.168021680216814
-3.1830238726790525
2.4657534246575303
0
0.2673796791443888
-3.4666666666666592
4.696132596685071
-3.693931398416883
0.41095890410958513
-3.1377899045020428
6.7605633802816865
0
0.2638522427440671
-4.9999999999999964
1.6620498614958488
0
0
-1.3623978201634876
-1.6574585635359154
1.8258426966292094
1.9310344827586285
4.194857916102833
-4.675324675324668
-4.2234332425068235
4.5519203413940295
4.489795918367343
-4.947916666666663
-3.0136986301369904
1.6949152542372923
-2.499999999999996
1.1396011396011354
-1.408450704225352
2.999999999999992
-2.4965325936199685
2.9871977240398415
0
-2.762430939226519
-0.2840909090909131
4.558404558404562
2.9972752043596573
-0.13227513227512477
4.105960264900655
-4.580152671755719
1.3333333333333333
0.9210526315789511
-0.9126466753585435
-0.5263157894736917
-0.7936507936507862
1.2000000000000075
-3.4255599472990887
-1.5006821282401015
3.601108033240989
-5.748663101604275
1.1347517730496413
3.7868162692847167
4.054054054054054
-3.896103896103896
-1.3513513513513513
0
3.0136986301369904
-0.930851063829791
0.13422818791945546
-2.680965147453083
0
1.1019283746556632
-3.950953678474122
7.375886524822699
-4.49141347424043
4.149377593360996
-2.2576361221779586
2.8532608695652293
0.1321003963011814
-3.95778364116095
0
0.5494505494505573
-3.0054644808743207
1.5492957746478793
2.0804438280166435
-0.8152173913043401
3.28767123287672
-3.1830238726790525
-1.91780821917809
0
-3.0726256983240066
5.475504322766566
1.9125683060109173
-3.3512064343163543
-2.0804438280166435
5.524079320113323
-0.13422818791945546
-1.2096774193548463
0
0
-3.401360544217687
-1.1267605633802777
-1.7094017094017133
4.3478260869565215
4.166666666666667
0.7999999999999924
4.894179894179898
0
4.918032786885253
0
4.927884615384609
0
4.9255441008018295
0
4.9126637554585155
0
4.994797086368378
0
4.955401387512389
0
4.910292728989602
0
4.9504950495049505
0
4.631217838765013
0.32786885245902103
4.983660130718949
0
4.980544747081717
0
4.96664195700518
0
-1.1299435028248548
-3.857142857142861
-4.97771173848439
0
-4.925723221266623
0
-4.934210526315789
0
-4.930795847750855
0
-4.913557779799823
0
-4.976076555023925
1.6112789526686895
-4.955401387512389
10.427528675703858
4.721435316336166
-4.779080252479721
-4.261363636363637
-0.5934718100890152
-4.7761194029850715
3.4482758620689626
-3.5353535353535355
-1.3612565445026148
-3.078556263269645
-1.9715224534501612
-4.916201117318442
0
-4.817861339600464
9.753086419753094
4.611923509561298
-5.376344086021505
-2.0454545454545423
-2.55220417633411
0
1.904761904761898
2.4532710280373933
-5.929304446978338
-1.9393939393939326
1.9777503090234787
2.060606060606064
2.1377672209026093
0
-1.1627906976744187
-4.705882352941177
0.12345679012344977
2.096177558569671
-6.038647342995169
2.827763496143963
-1.750000000000007
-2.544529262086514
7.702349869451705
4.969696969696963
-0.11547344110853848
4.739884393063577
-3.3112582781456954
-3.995433789954338
7.134363852556481
-4.550499445061037
-0.46511627906977404
-4.205607476635508
-0.7317073170731638
2.0884520884520743
-6.618531889290012
-2.577319587628866
3.1746031746031824
0
0
0
4.358974358974367
-4.914004914004914
6.072351421188615
1.0962241169305795
-5.903614457831332
-0.12804097311138837
1.9230769230769231
-1.9874213836477965
6.955852156057498
-4.487640988720913
7.914572864321623
-4.516880093131559
0
0
-3.56010729090466
4.930467762326177
-0.3614457831325267
1.9347037484885057
1.8268090154211225
4.986020503261884
-0.46604527296937603
-4.90523968784839
5.041031652989446
2.008928571428584
-3.7199124726477084
0
-5.000000000000006
0
0.717703349282307
0
-0.16627078384798166
0.1665477040209381
0.9501187648456023
-1.6470588235294183
2.511961722488049
1.283547257876306
-6.198156682027645
4.151314173421758
-7.665094339622642
0
4.980842911877402
0
3.1630170316301633
0
2.3820754716981085
1.3591338401290105
3.590909090909087
3.1154014918824084
1.8085106382978753
1.1494252873563158
1.3016528925619888
2.386294105649606
2.549800796812737
0
4.020979020979022
4.014939309056967
-5.421903052064637
2.0311313591495828
-5.990697674418603
-4.017415396793986
-1.0103092783505196
-2.4994792751510015
-2.56355479598377
-4.187678140758599
7.871853546910749
-4.751803139584221
2.2271714922048997
-4.684095860566446
-0.3200000000000013
-4.998853473973859
0.7723871590634812
0.3592814371257451
0.5011933174224364
-0.23747328425552464
5.236848369435855
-4.931011083465279
1.118248869854863
3.2941176470588203
-5.466970387243733
-3.373493975903611
3.54114713216958
-1.9749518304431604
2.2113022113022076
-1.6586538461538578
0.58665362991934
-1.9441069258809167
3.59355638166046
-3.8277511961722355
3.2089552238805945
2.6753434562545175
-2.6056338028169
-0.24102193299590605
-0.6764919062575528
-2.213573339819987
0.2487562189054585
0.7692307692307749
1.9453336616596877
0.8454106280193271
-1.7964071856287425
1.097560975609763
-0.024125452352243944
-1.5444015444015458
-1.9362745098039196
0
0.4748812796800921
4.726368159203976
0.11876484560569396
0
-2.728351126927636
2.0731707317073207
-4.8267622461170925
-4.3434597037408915
5.2493438320209975
0.7481296758104667
-4.7029702970297
3.3766233766233693
-4.020100502512549
0
3.5078534031413513
-3.8947900859888698
0.26315789473684587
1.4435695538057667
-0.25873221216041764
0
-1.297016861219196
