-3.9437896645512187
5.049551675318541
4.694519317160835
3.068011156404195
6.723563696919248
-0.5656329237370848
-4.74695959199686
1.1738056013179547
-0.7938123346224372
0.34878949528109265
2.862400327131466
-0.01987676406281509
8.866799204771375
3.3966398831263738
-0.3179088661250562
2.0021261516654976
-6.3401076949800235
0
0.4636498516320474
1.550673804688938
-0.2726776949645519
2.0780167699598935
3.9642857142857224
1.717622810030917
3.377237419790611
0.620712185560267
-5.48701298701298
-2.1813809687392727
-3.6347673397717375
-2.9701166180757936
-5.89671361502347
0.0399121931750127
-5.82485537602234
-0.02118195297606921
1.4406779661016973
1.8379281537176297
-0.6562756357670314
-0.8876961189099823
-2.874401166423664
0.7934805918936283
-0.8297872340425484
3.0036472859901306
-1.6038325348885742
0.2751905165114334
-0.6966434452184951
0.488945578231295
-1.4173894647768117
0.15021459227467568
-0.5999571459181512
0.5820219874973153
-0.3643377625375151
-0.25812002581200016
-0.8626266982963123
-0.9788992821405265
2.086994727592267
-0.8177318700236736
-0.6075070514211227
0.13097576948263825
-1.438848920863302
8.228268082282678
-6.253832004904971
1.9184652278177483
-1.5828877005347546
-0.021734405564012765
0
-0.19565217391303855
-0.08712698758441169
0.21800741225201659
-0.41331303023710625
1.4416775884665718
-1.141257536606364
-0.43563493792202135
1.42200831327937
0
1.9844693701466756
0.8883248730964443
-0.31446540880503143
-3.30178759200841
0.10874293170943888
0.043449923962630595
-1.1726384364820797
-0.2417051197539052
0.5726872246696085
-1.314060446780552
1.1096316023080337
0.43898156277436345
-0.8522727272727347
-5.642495040775835
6.377014716187795
-0.5050505050504951
1.3462811741337377
-4.072299651567942
4.131668558456297
-0.9592326139088679
1.4968082764692958
0.780741704619381
-1.3772326231977572
-1.3746454287584575
1.8805309734513274
0.9554831704668789
-1.6132501613250163
0.13117621337997873
-0.2838427947598278
0.7444712064812862
-1.1736579004564298
2.26522982186057
-2.193548387096772
1.1433597185576052
-0.3695652173913019
0.6764128300239943
-0.9536194191590762
-0.13129102844639448
1.8185801928133243
-1.4848289218850823
-0.1747487986020121
0.6345733041575442
-0.19569471624265652
0
-0.04357298474945286
0.6974716652135982
-0.9523809523809474
1.2019230769230769
-2.6992010364931978
-0.04438526409233144
-0.7770870337477798
-1.5215931975833419
-0.02272210861168433
0.8863636363636312
-2.658256364045946
0
0.416570238370737
-0.5992164093108933
1.5534430790632943
-0.09132420091323681
-1.142595978062157
-3.4211742949607054
-1.7951172809956917
5.191323421886427
-2.062094531974058
0
-0.6150934468890386
2.8326588907402943
-5.995370370370365
0.4678650578675147
1.9852941176470644
0.02403268445084496
1.5136953387794356
0.21301775147928456
-0.5196032120925812
1.5669515669515723
-2.0570359981299697
0.6443914081145558
2.015650936684847
0.4416550441655124
-2.0134228187919567
2.4563060935285863
-3.526970954356849
-0.40621266427717767
-1.199616122840691
-1.3355998057309373
0.7137583066699427
0.2199413489736154
0.14630577907826528
0.9495982468955525
-0.361794500723589
-2.178649237472767
2.6726057906458682
-0.12051096649795132
-0.3861003861003779
0.7751937984496097
-1.3461538461538516
1.5838206627680314
-1.9908851043415579
9.03083700440528
-7.407407407407407
-1.3090909090909035
0.5649717514124182
-0.8304836345871953
1.1330049261083799
1.8022406234778316
-0.5980861244019139
0
1.0348977135980773
-3.001429252024779
3.7573673870334017
-3.4319526627218937
2.9411764705882355
-2.380952380952381
4.439024390243899
0.39701074264362185
-1.8841591067690082
2.4182076813655735
-0.3240740740740688
-2.4616813748258295
5.071428571428574
-2.537956038975751
0.5580097651708852
2.658959537572254
-4.481981981981977
0.919594435274694
-0.607476635514024
3.102961918194651
-3.2603739170086663
-0.09427292010370825
0
-0.7784854918612774
0.11887779362815025
-3.9895511754927595
3.7843185753153628
0.023832221163004264
-0.905408625208485
-1.8754508295263177
1.2496937025238828
2.299128751210068
-1.8925952211970665
0.9886665059078907
0.2626552053486069
1.238390092879268
1.1997177134791732
0
0.9530450953045149
-0.46051116739580933
-1.5498496414526923
-0.21146616541354182
-0.6828349423122151
0.6164058795637662
-0.3063147973609695
-4.987000709052238
4.50248756218906
1.78528921685313
-1.5434985968194628
-0.7838479809976274
1.1730907349772646
-0.4259346900142005
-0.570342205323202
-3.3460803059273423
3.165182987141447
-0.5512943432406547
-0.12051096649795132
-1.544401544401539
1.7401960784313781
1.0118043844856632
-1.1686143572621117
-0.8928571428571401
-0.4382761139517924
2.714600146735149
8.428571428571423
0.9661835748792346
1.7398869073510221
-0.6412997007268063
-3.184165232358006
4
0.384615384615387
1.277139208173691
-5.653635981504841
-1.1583871686344374
3.403200360604017
-3.3565823888404607
2.0072169598556684
-2.6973247844351067
2.4085435128379835
0.4437541601952518
2.34150651645682
-0.3885171595078807
0.6717226435536344
0.08609556607834207
-2.5806451612903225
1.9867549668874172
-1.8398268398268398
0.5071664829106971
-1.0969723562966214
5.146406388642411
-1.5822784810126582
2.1864951768488723
-2.286553387874969
-0.30055817947617736
2.5624461670973373
-1.5956330044089906
-0.34136974610624404
2.140869192892314
-3.5212743659610166
-0.4562242016076521
-1.3094718463553034
5.661211853162323
-3.7044788614483024
-0.8476418169963125
0.9206488382288446
-2.9973935708079833
1.3658755038065307
-0.1325381047050952
0.72992700729926
0.24154589371981178
-0.6352683461117147
-0.4409171075837742
-0.33215234720992026
-0.9775605421017627
1.2564505272604942
-0.9971194327498338
1.8128916741271186
-0.8793141349747198
-0.9980039920159681
0.022401433691761365
-0.7166853303471419
-0.45116174148432214
-0.6118286879673666
-0.15959872321022467
-1.8040648549897187
-1.837209302325576
0.35536602700781805
1.3220018885741185
1.8173345759552684
-3.8901601830663615
-0.9761904761904816
0.024044241404189166
1.4182692307692253
-0.47404598246029866
-1.3574660633484137
0.4345726702076319
0.43269230769231043
2.513164193393968
-2.0079383609619477
1.40576602335002
-1.0808270676691782
0
0.9738717339667512
-0.37638202775817986
-0.7792207792207819
1.6420752022846345
2.317958323577611
0.11441647597254005
-3.954285714285717
-0.16658733936220577
3.4803337306317097
0
0.04607233356369238
-0.39143449228643534
-1.7337031900138695
-2.2347682898141614
2.0933589990375334
0
1.037002121140697
-2.682528574760905
1.4381591562799616
3.6625708884688093
3.9434693412354713
1.4692982456140327
-7.002377350334985
3.067627236811524
-2.9537767756482576
2.4395910780669148
-2.630982082104778
1.5606801770323755
-1.146788990825688
-1.2064965197215751
1.0803193987787614
0.32527881040892986
2.246410375173689
-0.7474518686296742
-1.3692377909630307
0.46274872744099954
0.023030861354219886
-0.5065622841353876
0.8331404767414871
-0.8492081707596945
-1.2731481481481481
1.1723329425556859
-2.5028968713789133
-3.6605657237936717
3.158154453491244
2.5113609184405643
-1.8665422305179653
-0.5943889681407513
0.7653671370485502
0.6408734868264867
-0.8490566037735903
-2.473834443387245
2.7560975609756126
0.45098504628530195
2.8827977315689957
0
-0.6430868167202468
0.7859454461396156
-1.5825688073394444
1.8177580983453634
1.0299839780270086
-1.0421386497507852
-1.739926739926745
-0.6523765144454826
-1.969981238273916
0.07177033492823238
3.2751613674396336
-1.0185185185185133
-1.1693171188026192
1.0175106483672396
0.6090419301944303
-1.5133876600698486
2.576832151300231
0.8988246139663596
2.375513933302873
0
-1.1155734047300312
1.4666064981949458
1.0451412052479405
0.7262323943661997
4.12934236399389
-3.9026437263953047
4.475982532751091
-0.14629049111807496
-2.385935537881966
-0.664665523156082
2.827541549751773
-0.5877413937867243
0.5278716216216216
-0.7141356857803054
1.988576264015239
-1.1615847334577936
-0.3147953830010493
0.18947368421052152
1.1977306156755716
0.062292358803977266
-2.324133637684165
0.148714680263435
2.7153160797624123
0.5369681949607648
1.5406737880032868
0.9306089419380874
-2.7460412908398455
2.535037098103877
-1.989949748743714
1.5381460213289582
1.9390022217733722
-0.05944125222904921
-0.15860428231561352
7.227958697378868
-6.944444444444445
-1.0945273631840795
2.0523138832997967
-1.084384858044164
-2.7905122583217064
-0.7586631125692
3.946280991735542
-0.8348240906380531
1.7638805371818023
-1.2802836320661808
-3.351955307262572
2.4979355904211444
-4.269889224572002
0.9257311171891389
0.6670835939128599
-0.621246634914061
0.18753907063972372
0.9775374376039909
-0.82389289392379
-0.3322949117341688
-0.8335069806209627
-2.1012817818869514
2.5971238463189574
0.46025104602510225
1.270304039983345
-0.7608472136541207
-1.367592208868633
-0.35714285714285476
0.27408812987560854
1.1774600504625663
-0.7273482959268496
-2.030563114925683
1.9658119658119635
-0.9639564124056927
-2.1159542953872195
-0.9943795936013884
-0.5895196506550193
0
1.4715572150230591
-1.2987012987012987
0.8991228070175489
