4.8632218844984845
2.8985507246376705
-3.661971830985913
-2.0467836257309897
5.3731343283582005
1.983002832861198
-5.0000000000000036
2.3391812865497097
-1.9999999999999953
3.4985422740524683
-4.788732394366195
2.9585798816568074
-4.310344827586205
3.3033033033032995
-2.6162790697674376
2.985074626865674
-0.8695652173913115
0.8771929824561476
-0.2898550724637748
3.7790697674418574
-5.042016806722681
2.949852507374634
-2.2922636103151883
4.6920821114369415
-6.442577030812325
2.0958083832335417
-6.158357771260996
4.687499999999997
-5.970149253731348
0
-1.5873015873015817
4.1935483870967705
-8.668730650154792
0
-1.3559322033898316
-2.7491408934707926
0
-4.9469964664310995
7.063197026022302
3.8194444444444557
-8.026755852842816
3.9999999999999956
-6.993006993006984
3.7593984962405878
-6.1594202898550705
0
1.5444015444015458
-1.1406844106463805
1.1538461538461462
4.562737642585556
0.3636363636363559
4.347826086956526
0.34722222222223026
3.806228373702418
-6.000000000000004
3.9007092198581677
-4.436860068259397
-4.64285714285714
7.8651685393258415
2.0833333333333353
-6.802721088435365
1.8248175182481685
-1.4336917562724028
3.63636363636364
-3.859649122807013
-0.3649635036496434
-1.4652014652014664
4.460966542750933
0.35587188612098886
9.219858156028376
0.6493506493506499
9.677419354838703
-0.8823529411764649
8.308605341246285
1.3698630136986374
4.594594594594592
0.25839793281653195
4.8969072164948555
-9.090909090909093
-1.3513513513513584
-3.5616438356164357
-4.545454545454549
-0.2976190476190413
-4.776119402985079
0
-1.2539184952978069
-3.492063492063488
-4.605263157894741
2.0689655172413812
0
4.729729729729734
4.838709677419351
0
4.615384615384612
0.2941176470588303
4.6920821114369415
-3.6414565826330505
4.069767441860469
0.837988826815637
4.709141274238226
0.2645502645502707
4.749340369393144
0
4.785894206549116
0
4.807692307692312
0
4.816513761467888
0
4.814004376367609
0
4.801670146137777
0
4.780876494023909
-0.9505703422053199
0.5758157389635364
4.389312977099228
4.7531992687385864
0.1745200698080242
4.878048780487793
0
4.983388704318949
0
4.905063291139234
0
4.977375565610861
0
4.885057471264366
0
4.931506849315072
0
4.960835509138368
0
4.975124378109458
0
4.976303317535544
0
4.966139954853288
0
4.946236559139774
0
4.9180327868852505
0
4.980468749999998
0
4.9302325581395285
0
4.9645390070922035
0
4.983108108108107
0
4.987932421560748
0
-4.980842911877397
10.483870967741925
4.963503649635047
0
4.9374130737134845
0
4.970178926441352
0
4.987373737373732
0
4.990980156343968
0
4.9828178694157925
-9.49263502454991
-4.94273658830621
0
-4.9461001902346196
0
-4.93662441627752
10.385964912280706
4.958677685950421
-1.393095093882498
4.361179361179344
-8.946439081812818
-4.977375565610869
10.476190476190471
0
-1.8472906403940823
-4.956085319949807
0.9240924092409161
0.0654022236756152
-4.901960784313725
0
-3.0927835051546464
3.546099290780142
1.3698630136986374
4.7297297297297245
0
4.838709677419355
0
0
3.692307692307701
4.747774480712149
-0.2832861189801539
1.9886363636363513
-6.685236768802224
-4.776119402985079
0.3134796238244559
3.125
-4.242424242424238
2.215189873417708
-5.263157894736829
0
1.6339869281045751
-4.501607717041808
-0.3367003367003295
0
1.689189189189189
0
-4.651162790697682
3.135888501742168
-1.689189189189189
-0.3436426116838537
1.3793103448275814
0.3401360544217736
-1.0169491525423753
-2.739726027397263
3.8732394366197234
0
-4.067796610169489
-1.7667844522968197
-0.35971223021583243
0
-1.0830324909747318
-1.8248175182481752
-0.44609665427508344
2.987303958177734
0.6526468455402584
0.36023054755042455
-3.158650394831296
3.7064492216456633
-3.0021443888491772
-4.863669859985262
10.06971340046476
4.785362420830399
-9.335124244459372
-4.518518518518515
0.0775795190069805
0
-4.263565891472874
0
2.7530364372469625
1.260835303388496
-3.6575875486381237
-1.8578352180937028
3.9506172839506206
-4.908946951702304
4.412989175686922
-1.913875598086112
-1.6260162601626102
4.95867768595041
-8.897637795275584
-4.926534140017289
0
-5.000000000000006
0
-4.97607655502392
2.114803625377652
-3.254437869822486
-1.7329255861365944
-0.10373443983402268
4.880581516095522
4.554455445544563
-2.1780303030303068
-1.8393030009680493
0.788954635108482
-1.6634050880626214
-1.592039800995026
4.954499494438829
-0.2890173410404734
4.927536231884056
-4.880294659300178
-4.9370764762826695
5.906313645621182
-2.019230769230777
0.5888125613346468
-4.975609756097559
5.646817248459948
0
-4.373177842565591
3.150406504065046
-3.152709359605914
1.7293997965411996
-3.3000000000000007
-3.3092037228541913
8.02139037433155
1.9801980198019908
-5.728155339805824
2.8836251287332577
-3.103103103103108
3.2024793388429806
-7.907907907907917
4.782608695652188
-6.016597510373444
-2.9801324503311406
5.2332195676905675
4.972972972972983
-5.1493305870236865
0
4.885993485342011
4.968944099378886
-6.60749506903353
-3.8014783526927265
-0.8781558726673993
-4.761904761904759
9.767441860465116
4.661016949152557
-7.894736842105274
0
3.8461538461538423
1.0582010582010732
-1.0471204188481824
0.5291005291005366
-0.6315789473684262
0.10593220338982826
-0.740740740740725
-1.3859275053304987
5.513513513513511
-7.684426229508197
1.886792452830188
-4.684095860566446
10.400000000000002
2.484472049689443
-3.0303030303030374
-3.64583333333333
3.9999999999999916
0.1039501039501202
-6.022845275181724
2.2099447513812076
1.405405405405414
0.746268656716402
-7.513227513227505
7.894736842105257
-4.559915164369032
2.2222222222222143
-2.173913043478253
1.1111111111111072
6.483516483516482
-6.9143446852425186
4.878048780487819
1.5856236786469193
-9.573361082206036
3.452243958573081
6.006674082313673
9.968520461699908
0
8.11068702290076
1.6769638128861386
9.89583333333334
0.07898894154818158
4.5777426992896615
-8.226415094339622
-4.2763157894736805
1.6323024054982775
4.9873203719357555
-7.487922705314007
-4.873803307223677
5.946935041171091
2.5043177892918753
2.3588879528222506
4.69135802469136
0.23584905660376854
4.941176470588242
-0.22421524663677977
2.2471910112359605
-7.032967032967039
-4.885736800630411
1.90555095277548
4.0650406504065035
-3.671875000000005
4.866180048661797
-0.07733952049497128
0.23219814241485573
0
-2.0077220077220064
1.8912529550827442
-4.4856921887084305
8.906882591093115
1.0408921933085544
-1.6924208977189141
0.6736526946107774
-5.130111524163564
-0.07836990595611118
-4.705882352941174
-4.938271604938269
0
-4.935064935064937
3.8251366120218573
0
4.561403508771926
-0.4194630872483281
5.223251895534971
-1.9215372297838287
4.326530612244893
2.1126760563380387
-6.590038314176254
-1.9688269073010682
6.861924686192471
-1.722787783868433
5.2589641434262955
-4.996214988644967
2.1513944223107533
-4.29017160686428
0.488997555012229
-4.703974047039741
5.446808510638303
-1.1299435028248632
0
2.0408163265306123
-6
4.25531914893617
-7.265306122448984
3.7852112676056313
-0.8481764206955017
0.9409751924722088
-2.542372881355938
-3.9130434782608634
1.0859728506787258
-0.08952551477170803
-4.569892473118277
2.159624413145544
0.5514705882352823
0.3656307129798988
-4.189435336976328
-1.99619771863117
-0.6789524733268698
2.050781249999991
-1.1483253588516673
1.54888673765731
1.7159199237368896
1.1246485473289525
-1.1121408711770087
0
-1.686972820993437
0
4.671115347950431
-1.1839708561020108
0.276497695852545
0
-0.3676470588235379
-4.520295202952031
5.410628019323677
2.1081576535288766
2.333931777378813
0
5.000000000000003
0
-1.503759398496253
3.307888040712473
-1.6420361247947397
2.253756260434053
-6.122448979591836
0
-0.34782608695651435
-3.839441535776625
1.270417422867519
-0.17921146953404635
-1.7055655296229917
4.9315068493150775
-5.918189730200171
3.977798334875113
-4.893238434163707
-4.490177736202045
6.268364348677754
-4.976958525345615
0.9699321047526638
