-1.951219512195115
2.0522388059701386
-6.154783668494817
0
-4.935064935064931
0
-4.371584699453556
0
-1.5714285714285634
-1.3062409288824464
0.6617647058823571
0.8035062089116102
4.057971014492749
4.247910863509746
0.6680026720106881
4.644990046449901
-6.21433100824349
2.7721433400946545
-1.3815789473684172
1.4009339559706433
-2.565789473684214
1.2829169480081066
0
1.2000000000000075
-0.06587615283268955
0
-2.5708635464732876
-1.217861975642768
0
2.534246575342458
-1.1356045424181622
1.216216216216224
0.1335113484646119
-0.6666666666666666
-0.6711409395973155
0
0
0
0
0
-3.0405405405405403
-1.0452961672473868
1.971830985915501
-3.3149171270718307
4.071428571428563
2.8826355525051595
-4.136090727151445
4.314544189283241
-1.33422281521014
1.284651791751187
-3.8718291054739726
0
0.763888888888885
0
-1.1026878015161918
3.832752613240418
-1.4093959731543586
-0.4765146358066828
1.6415868673050655
0.9421265141319016
1.7333333333333296
4.9803407601572705
0
4.993757802746567
0
4.99405469678954
0
4.98301245753115
0
4.9622437971952476
0
4.830421377183971
0.14705882352941735
4.992657856093974
0
4.895104895104895
-5.511111111111113
-1.2229539040451525
-0.33333333333332793
-0.6211180124223656
-0.19230769230769504
2.023121387283245
2.8800755429650584
4.956402019274888
0
4.984696108439005
0
4.997917534360683
-0.9916699722332408
-4.96794871794872
0
-4.974704890387851
0
-4.96894409937889
0
-4.995331465919696
7.371007371007371
0.6864988558352403
-4.045454545454548
1.3737565135007133
3.551401869158876
4.602888086642607
-0.25884383088870694
4.5847750865052
0.37220843672455634
0
-1.19489081170168
0.2919099249374431
-1.164241164241169
-2.397980647875469
-1.1206896551724113
4.402789886660852
-3.7160751565762027
0
2.688638334778845
4.603040540540531
-1.0496568429551856
0.3671970624235029
-2.4390243902439024
2.5
-1.707317073170727
0
-0.7444168734491362
0.8333333333333334
-1.1157024793388384
-0.25073129962391255
-0.1675743611227387
0.5874947545111109
-0.08343763037129272
2.7139874739039667
-1.016260162601626
0.2053388090349076
3.9344262295081944
0.9463722397476363
3.359375000000009
2.0030234315948428
-6.113375324194136
4.104183109707973
-3.14632297194845
0.3913894324853229
1.5984405458089757
4.911742133537971
-1.645940014630578
4.983265154332479
0
4.923839886645404
0.06752194463200156
-4.9932523616734
10.511363636363622
4.4987146529562985
0.4612546125461255
4.98928680746863
0
2.011661807580168
-0.8002286367533452
0
-4.9841544223566725
-4.972710733778057
0
-4.9776643267389815
0
-4.969778374748157
0
-4.98233215547704
10.0037188545928
-4.665314401622722
10.106382978723405
4.154589371980669
-6.833642547928251
2.1905077995353355
-2.6307242611237305
-79.28619079386257
-6.4412238325281805
1.0327022375215171
-5.9625212947189095
-4.710144927536233
-0.19011406844106735
-4.5714285714285685
-0.3992015968063929
-4.809619238476952
0.21052631578947667
2.310924369747902
-3.9014373716632558
2.1367521367521367
-4.184100418410042
-0.6550218340611292
-2.4175824175824205
-4.054054054054048
2.112676056338025
0
2.528735632183911
-3.3632286995515694
2.7842227378190154
1.1286681715575622
3.794642857142864
3.6559139784946297
1.2448132780082868
4.0983606557377055
0.7874015748031609
4.8828125
0
2.4208566108007394
2.3636363636363584
4.9733570159857985
-4.906937394247037
-4.804270462633457
9.158878504672895
4.9657534246575326
0
4.730831973898868
-3.4267912772585714
2.0967741935483826
-5.845181674565554
0
-4.362416107382552
-1.4035087719298196
3.024911032028462
1.8998272884283272
-2.7118644067796636
-1.9163763066202115
2.4866785079929055
0.5199306759098737
-2.2413793103448225
-1.234567901234573
1.071428571428574
4.240282685512365
0.5084745762711816
-1.6863406408094437
4.459691252144085
-1.9704433497536877
1.8425460636515816
-2.960526315789469
6.949152542372883
4.437400950871639
0.1517450682852721
4.999999999999996
0
2.886002886002886
-7.012622720897616
-0.45248868778280116
-3.0303030303030303
0
-3.125
-4.51612903225806
6.925675675675666
4.2654028436019
-7.575757575757576
-4.590163934426225
8.07560137457044
1.271860095389514
-6.122448979591845
-0.16722408026754904
2.1775544388609664
1.3114754098360608
-3.3980582524271754
-2.6800670016750443
2.5817555938037864
-4.697986577181216
-0.176056338028159
2.1164021164021087
2.417962003454229
-2.023608768971325
-0.17211703958692154
1.551724137931032
-1.3582342954159545
-0.8605851979345955
0
-2.430555555555553
2.4911032028469724
3.9930555555555505
0.3338898163606058
2.3294509151414284
-3.252032520325203
4.0336134453781485
-3.8772213247172838
4.537815126050425
-5.466237942122196
3.0612244897959258
-0.9900990099009924
0
-1.3333333333333286
1.8581081081080983
-2.321724709784409
3.056027164685916
1.8121911037891174
4.8543689320388355
-5.7098765432098695
2.9459901800327284
-2.384737678855326
-2.7687296416938043
0.3350083752093731
1.836393989983308
-2.6229508196721336
1.346801346801354
-0.1661129568106336
-0.16638935108153313
4.500000000000004
2.0733652312599635
-5.000000000000004
-1.9736842105263088
0.8389261744966443
-0.8319467554076538
0.671140939597313
1.6666666666666667
-1.639344262295082
-1.3333333333333286
-1.5202702702702797
-1.5437392795883338
3.135888501742168
1.1824324324324251
-1.5025041736227023
-3.7288135593220386
0.7042253521126861
1.048951048951039
-1.2110726643598542
2.626970227670753
-1.5358361774744003
-1.7331022530329288
-0.3527336860670244
0
-0.8849557522123894
0
-1.6071428571428545
2.5408348457350245
-2.6548672566371683
-1.6363636363636338
0.5545286506469448
0
-3.4926470588235268
2.476190476190471
0
0.3717472118959161
1.4814814814814763
2.1897810218978155
-2.142857142857148
-3.4671532846715305
0.7561436672967837
-3.939962476547832
5.0781249999999885
1.6728624535316092
-2.5594149908592425
-3.75234521575985
1.3645224171540018
-3.0769230769230798
-0.7936507936507908
2.4000000000000057
-3.90625
2.84552845528455
0.5928853754940655
0
1.7681728880157144
-0.1930501930501821
3.094777562862658
-3.939962476547832
0.7421874999999911
-3.0632027917797564
1.5600000000000023
0.8270972823946469
0.5468749999999883
-0.42735042735042517
-2.614124073351534
2.043269230769223
-3.0231645072634454
2.6315789473684297
-1.420118343195278
-0.04001600640255307
-4.923939151321059
-1.8947368421052602
-2.7467811158798305
0.22065313327449562
0.35226772346982954
-1.3163668275559488
0.8892841262783586
0.8814455707360038
-2.4027959807776353
2.6857654431513045
-1.6564952048823127
1.4627659574468168
-3.0144167758846714
3.108108108108114
0.04368719965049371
4.541484716157218
-0.4177109440267394
0.6291946308724773
-5.0854522717799036
1.010101010101012
-5.173913043478266
-3.255387436955513
-0.37914691943128837
0
0.8563273073263545
3.4905660377358587
0.27347310847766054
2.272727272727273
-4.399999999999993
-2.370990237099031
5.523809523809525
0.18050541516245103
1.4864864864864948
3.062583222370163
-6.675279931093873
-0.09229349330873615
3.6489607390300356
-2.49554367201427
0.9140767824497226
2.9891304347826098
-1.143359718557599
0.08896797153024721
0.8888888888888857
-4.7136563876652
1.941747572815542
3.7641723356008994
-3.146853146853142
2.481949458483758
-0.1321003963011939
0.08818342151675297
-2.2026431718061676
3.063063063063062
-3.8898601398601427
3.6834924965893694
-1.3596491228070275
-1.956425077812351
0.09070294784580306
2.899864068871774
-1.3210039630118922
1.2494422132976402
-1.1018069634200087
1.96078431372548
-3.2342657342657275
1.5356820234869009
-0.4893238434163676
1.4304872597228444
-3.922432789775234
2.935779816513764
0.35650623885917243
0
-2.4422735346358824
2.1847974510696426
1.7371937639198245
0.7005253940455348
-2.1304347826086887
4.13149711239449
-2.6877133105802153
0.3945637878123624
0.4366812227074298
-1.0869565217391304
-0.6153846153846179
4.555506413091558
-3.257191201353636
1.3554875382597233
-2.847282139775669
-2.0426287744227394
4.261106074342708
0
-0.7826086956521727
-3.5056967572305027
0.8174386920980914
2.027027027027024
-1.5452538631346486
-1.345291479820631
0.9090909090909058
0
-0.9009009009008977
3.86363636363637
-1.8818380743982481
0
-0.5352363960749374
-1.345291479820631
-0.727272727272728
-0.18315018315017925
-0.45871559633028175
3.640552995391701
-0.4001778568252551
2.678571428571435
-2.913043478260877
