0
-2.4390243902439046
-2.500000000000002
-4.273504273504258
0
-4.464285714285718
0
-4.672897196261686
9.803921568627459
4.464285714285698
-1.709401709401711
4.347826086956526
-7.4999999999999885
0
-2.702702702702705
-4.629629629629633
2.9126213592233037
2.8301886792452855
-5.504587155963307
1.9417475728155356
-3.809523809523813
0
2.970297029702973
0
-0.9615384615384623
2.9126213592233037
-2.8301886792452855
1.9417475728155356
-5.714285714285719
2.020202020202022
0
2.970297029702973
1.9230769230769247
0
3.7735849056603805
4.545454545454529
0
0
3.478260869565221
4.201680672268911
0
4.838709677419359
0
-3.8461538461538494
-0.8000000000000007
-4.838709677419359
0
-4.237288135593224
0
-4.424778761061932
0
4.629629629629613
-7.964601769911493
1.9230769230769247
-6.603773584905666
1.010101010101011
1.0000000000000009
3.960396039603964
0.9523809523809532
4.7169811320754755
0
4.504504504504488
-8.620689655172402
-4.7169811320754755
0
2.970297029702973
-5.7692307692307745
0
-3.0612244897959213
-2.105263157894727
3.225806451612894
4.1666666666666705
-3.0000000000000027
-1.0309278350515474
-2.0833333333333353
1.0638297872340436
-4.210526315789466
2.1978021978021998
7.526881720430102
9.000000000000007
0.9174311926605512
7.272727272727258
2.5423728813559348
3.3057851239669453
6.400000000000006
4.511278195488709
0
4.316546762589932
0
4.827586206896556
-9.210526315789481
-4.34782608695651
0
-4.545454545454549
0
-4.761904761904766
10.000000000000009
0
0.7575757575757582
0.7518796992481209
2.9850746268656576
0
4.347826086956526
0.6944444444444451
2.0689655172413812
1.3513513513513526
3.333333333333336
3.225806451612906
1.250000000000001
4.938271604938262
0
4.705882352941181
0
4.494382022471914
-2.6881720430107547
4.972375690607727
0
4.736842105263162
0
3.015075376884414
1.4634146341463536
4.807692307692312
0
4.5871559633027355
0
4.8245614035087865
0
4.6025104602510405
0
4.800000000000004
0
4.961832061068698
-9.454545454545446
-4.819277108433739
0
-4.641350210970478
0
-4.867256637168136
0
-4.651162790697679
0
-4.8780487804877986
10.256410256410255
-0.46511627906975755
0.9345794392523372
-2.77777777777778
-1.9047619047619064
-4.854368932038839
0
0
-4.081632653061228
3.7234042553191524
-7.179487179487174
0
-2.2099447513812174
0.5649717514124298
-2.8089887640449462
2.3121387283237014
-5.649717514124299
2.395209580838326
2.3391812865497097
4.571428571428576
0
4.918032786885238
0
4.687499999999993
0
4.975124378109458
0
4.739336492891
-9.049773755656117
-4.975124378109446
0.5235602094240842
1.5625000000000016
2.5641025641025665
2.499999999999991
-1.463414634146332
-4.950495049504955
0
-3.645833333333325
0
-0.540540540540541
-4.347826086956525
0
-1.1363636363636374
0.5747126436781614
4.0000000000000036
0
-4.3956043956043995
0.5747126436781614
3.4285714285714315
3.867403314917118
-3.1914893617021187
1.0989010989010999
-5.978260869565223
0
-4.046242774566478
4.81927710843374
-0.5747126436781614
4.046242774566478
-7.777777777777785
0
-1.204819277108435
0.6097560975609762
-5.454545454545446
-4.487179487179491
0
-4.697986577181212
0
4.929577464788737
0
0
4.697986577181212
4.487179487179477
0
4.907975460122704
0
4.678362573099419
0
1.6759776536312865
-6.04395604395605
-4.678362573099419
0
-1.8404907975460003
5.624999999999991
0.5917159763313615
-1.764705882352943
1.7964071856287442
2.3529411764705905
2.2988505747126458
-6.179775280898882
1.7964071856287442
-4.117647058823533
3.06748466257669
1.7857142857142874
3.5087719298245648
-6.7796610169491585
0
0
0.6060606060606066
-1.204819277108435
0.6097560975609762
-5.454545454545446
0
-2.564102564102566
0
4.605263157894741
0
-2.5157232704402537
0
0
0.6451612903225812
-0.6410256410256415
1.2903225806451624
-5.0955414012738895
-2.0134228187919483
1.3698630136986314
-2.027027027027029
-2.758620689655175
-3.5460992907801296
0
0
4.41176470588234
4.2253521126760605
-4.054054054054058
0
2.8169014084507067
4.7945205479452095
-3.921568627450984
0
0
2.040816326530614
-2.666666666666669
2.739726027397263
-2.666666666666669
1.3698630136986314
-2.027027027027029
0
-2.758620689655175
0
2.1276595744680873
0
-0.6944444444444451
1.3986013986013999
-4.1379310344827624
1.4388489208633106
-2.8368794326241003
0
-2.9197080291970825
0
-3.7593984962406046
0
4.687500000000004
0.7462686567164185
-0.7407407407407414
0.7462686567164185
-4.444444444444448
1.5503875968992262
-3.053435114503819
0
0
0
2.362204724409451
1.5384615384615399
-0.7575757575757582
1.5267175572519096
-4.5112781954887256
0
-4.724409448818902
0.8264462809917363
-5.737704918032792
1.7391304347826104
2.5641025641025665
4.1666666666666705
0.8000000000000007
4.761904761904766
0
4.5454545454545325
-7.971014492753615
0
3.1496062992126013
-3.053435114503819
-0.7874015748031503
-8.730158730158738
4.347826086956526
-0.8333333333333341
-3.361344537815129
0
-5.217391304347812
5.504587155963287
-9.565217391304337
2.8846153846153872
0
-1.8691588785046744
5.714285714285719
0.9009009009009016
2.678571428571411
-2.608695652173896
-1.7857142857142871
1.8181818181818197
-6.250000000000005
0
-4.761904761904766
0
-3.0000000000000027
1.0309278350515474
-2.040816326530614
1.0416666666666676
-4.123711340206178
-1.075268817204302
-3.2608695652173942
-1.1235955056179785
-3.4090909090909123
0
2.3529411764705905
1.1494252873563229
2.2727272727272747
1.111111111111112
3.296703296703287
1.0638297872340436
3.1578947368421084
4.081632653061228
0
3.921568627450984
0.9433962264150951
0
4.672897196261686
4.464285714285698
-8.547008547008536
0
4.672897196261686
0
2.678571428571411
4.347826086956526
0
5.000000000000004
0
4.761904761904766
-0.7575757575757582
-0.7633587786259548
-3.8461538461538494
-1.6000000000000014
-3.2520325203252063
2.5210084033613467
-5.737704918032792
0
-4.347826086956506
-4.545454545454549
0
-4.761904761904766
0
0
5.000000000000004
0.9523809523809532
3.7735849056603805
0.9090909090909098
-5.40540540540541
2.8571428571428594
1.8518518518518534
1.8181818181818197
-0.8928571428571436
1.8018018018017832
-4.424778761061932
0.9259259259259267
-1.8348623853211024
-2.803738317757012
0.9615384615384623
0.9523809523809532
-2.8301886792452855
1.9417475728155356
-0.9523809523809532
4.807692307692312
-2.7522935779816535
-2.8301886792452855
1.9417475728155356
0
0
0
-0.9523809523809532
-0.9615384615384623
-1.9417475728155356
2.970297029702973
-1.9230769230769247
-0.980392156862746
0
0
2.970297029702973
1.9230769230769247
-3.7735849056603805
-1.960784313725492
0
-1.0000000000000009
3.030303030303033
-2.9411764705882377
2.020202020202022
-0.990099009900991
-1.0000000000000009
-3.030303030303033
1.0416666666666676
0
1.0309278350515474
2.040816326530614
-1.0000000000000009
2.020202020202022
-1.980198019801982
0
-3.030303030303033
0
1.0416666666666676
0
-1.0309278350515474
0
-4.166666666666659
0
3.260869565217382
0
1.0526315789473695
0
-3.124999999999991
1.0752688172042901
-2.1276595744680753
1.0869565217391313
-2.150537634408604
2.1978021978021998
-2.150537634408604
-2.1978021978021998
0
1.1235955056179785
2.222222222222224
