-7.0754716981132075
-2.8764805414551655
-1.5679442508710777
8.318584070796465
-7.679738562091508
-0.1769911504424804
-2.8368794326241162
5.474452554744526
0
-2.941176470588228
0.8912655971479501
-0.7067137809187254
0.7117437722419904
1.7667844522968197
3.4722222222222223
0
-4.362416107382552
-4.03508771929824
4.753199268738563
-0.3490401396160484
0
3.3274956217162845
-6.44067796610169
-0.7246376811594305
-1.094890510948895
5.535055350553505
-0.8741258741258741
2.1164021164021087
0.1727115716753047
12.41379310344828
-10.88957055214724
6.368330464715999
-3.7216828478964357
3.86554621848739
-8.252427184466011
-3.350970017636694
10.218978102189784
0.6622516556291367
-3.2894736842105265
-1.0204081632652966
2.9209621993127075
6.01001669449082
-6.456692913385829
2.020202020202025
-1.3201320132013272
-1.0033444816053416
1.0135135135135038
-1.0033444816053416
-3.5472972972972996
-1.5761821366024493
4.448398576512456
-0.5110732538330567
0.5136986301369936
-1.0221465076661012
0
-1.8932874354561124
8.771929824561404
-1.1290322580645207
0.6525285481239897
3.0794165316045357
-7.861635220125786
-1.0238907849829375
-2.758620689655175
3.7234042553191515
0.8547008547008547
0
-2.8813559322033946
0.17452006980803042
-2.090592334494766
3.914590747330953
-2.910958904109582
0
-0.5291005291005366
0
2.6595744680851063
-1.036269430051816
0.6980802792321217
-1.0398613518197597
1.5761821366024493
-1.8965517241379335
10.896309314586999
-3.1695721077654517
-4.746317512274957
-1.7182130584192439
8.041958041958031
-3.236245954692557
3.3444816053511706
4.530744336569575
-5.727554179566557
-1.3136288998357917
0
-1.830282861896841
6.271186440677971
1.435406698564591
-4.402515723270447
0
4.605263157894744
-2.5157232704402537
-4.51612903225806
0.3378378378378306
3.367003367003367
0.4885993485342089
0.32414910858994445
-2.584814216478193
-0.16583747927030568
5.980066445182715
-5.642633228840117
0.6644518272425225
1.980198019801973
3.0744336569579382
-2.6687598116169586
1.6129032258064515
0
0
-1.7460317460317483
2.100161550888537
-1.8987341772151942
2.903225806451608
-4.702194357366771
0.3289473684210573
-1.147540983606562
2.4875621890547266
-5.016181229773454
3.577512776831336
8.717105263157892
2.7231467473525135
11.340206185566993
5.820105820105828
-17.5
3.0303030303030303
-4.411764705882353
2.461538461538453
-6.906906906906899
0
-9.032258064516132
0.5319148936170288
-1.940035273368609
-3.7769784172661893
8.411214953271028
0
-8.103448275862075
5.253283302063799
-6.23885918003565
2.0912547528517136
-0.37243947858473525
-2.6168224299065392
-3.838771593090211
5.788423153692612
-2.830188679245283
2.5242718446601886
-7.765151515151505
2.669404517453793
1.4000000000000057
5.9171597633136095
-3.7243947858472994
-3.0947775628626717
1.5968063872255431
1.9646365422396856
-5.587668593448938
1.632653061224484
-3.0120481927710845
3.5196687370600475
2
0
0
-1.9607843137254901
1.2000000000000028
0.5928853754940655
-4.125736738703343
0.8196721311475527
4.0650406504065035
-0.7812500000000111
3.3464566929133914
-2.857142857142857
5.294117647058829
0
-8.007448789571702
6.477732793522273
-4.9429657794676825
1.7999999999999972
0
0
6.67976424361493
8.471454880294662
-11.54499151103565
-0.9596928982725528
4.457364341085266
-8.534322820037108
9.330628803245439
-0.5565862708719799
10.820895522388055
-3.5353535353535377
0.5235602094240912
19.965277777777764
-10.853835021707662
0
-7.305194805194805
-1.5761821366024493
-1.779359430604982
3.079710144927528
-0.5272407732864625
4.240282685512365
2.7118644067796636
-3.6303630363036348
9.417808219178083
-6.259780907668231
3.33889816360601
0
-0.9693053311793238
-1.9575856443719344
-2.828618968386028
0.1712328767123312
5.128205128205129
2.4390243902439024
-4.761904761904762
0
0
0.16666666666666904
3.1613976705490825
2.0967741935483826
-4.581358609794627
-0.4966887417218496
-0.998336106489187
0.8403361344537815
1.6666666666666667
19.836065573770483
-13.269493844049242
-0.9463722397476363
-0.9554140127388445
-1.607717041800643
-1.4705882352941269
0.3316749585406349
-0.4958677685950366
-2.159468438538213
6.281833616298816
1.43769968051118
-1.102362204724414
-5.4140127388535015
1.5151515151515127
0.16583747927031744
-0.1655629139072871
3.4825870646766193
-1.121794871794865
0.9724473257698448
0
2.086677367576251
-3.3018867924528323
0
-3.739837398373979
3.0405405405405355
-0.16393442622951052
0.8210180623973727
0
0
-4.071661237785016
1.018675721561972
2.5210084033613445
0.32786885245902103
-4.411764705882358
-3.7606837606837655
6.571936056838371
-5
5.2631578947368425
0
-2.000000000000005
-1.1904761904761834
2.237521514629943
3.367003367003367
4.560260586319226
-6.386292834890967
8.98502495840266
1.0687022900763403
0.45317220543806214
0
-2.1052631578947456
-0.4608294930875533
-1.0802469135802513
-0.15600624024960114
1.0937500000000044
-0.15455950540959587
-0.6191950464396153
-6.074766355140196
8.291873963515755
0
0.4594180704440998
6.097560975609756
-7.3275862068965445
6.046511627906986
-3.216374269005852
2.567975830815714
2.6509572901325433
0
-4.017216642754659
4.18535127055306
-1.721664275466288
-3.065693430656926
11.596385542168656
0
-0.4048582995951379
7.317073170731716
-2.020202020202031
0
-3.3505154639175188
4.26666666666667
-1.5345268542199524
-2.337662337662334
-2.393617021276592
7.629427792915523
-9.873417721518985
9.129213483146067
-5.019305019305026
18.157181571815727
-24.19724770642203
7.715582450832086
-4.073033707865176
1.6105417276720477
-7.204610951008645
3.105590062111801
0.45180722891565833
-1.9490254872563675
12.844036697247692
5.420054200542006
-2.9562982005141354
0
4.768211920529794
2.5284450063211126
-1.7262638717632448
-2.0075282308657574
0.25608194622279495
2.0434227330779167
-10.513141426783486
0.2797202797202837
1.5341701534170074
7.142857142857146
-11.666666666666659
-1.0159651669085672
-1.9061583577712566
6.427503736920772
-2.387640449438206
3.165467625899285
-2.3709902370990275
2.428571428571433
-2.092050209205021
2.421652421652426
-5.702364394993057
2.359882005899718
-10.23054755043229
10.91492776886035
-4.630969609261923
3.0349013657056143
-5.007363770250376
-0.7751937984496124
2.6562500000000044
0.4566210045662057
14.090909090909088
-5.444887118193884
-5.870786516853942
19.218143837660413
-11.163954943679602
-7.720484643561573
3.847328244274803
2.02881505439578
0.8645533141210292
8.54285714285715
-5.3698341668860206
-6.230876216968016
-0.3263126668644302
-2.50000000000001
3.571428571428577
14.913056292366644
-11.028468838163644
6.630152781781506
-13.814544471478785
9.786700125470519
-10.742857142857147
-3.8092189500640132
2.595673876871872
0.5514109633473945
6.096774193548389
3.374885983581634
-6.970588235294121
5.912108757508698
-4.447761194029857
-2.4992189940643463
5.703300224287091
2.4552894816610946
-13.816568047337274
5.732921386886377
-4.545454545454553
5.4421768707483045
-7.8709677419354875
-1.960784313725486
0.1785714285714311
14.08199643493761
-5.3749999999999964
3.3685601056803156
8.530351437699675
2.855460700618189
-2.6903262736118996
-0.029411764705876503
-8.708443659899974
1.836932001289076
-0.6329113924050722
-4.458598726114645
1.0000000000000024
3.960396039603958
0
-0.317460317460322
-1.5605095541401224
6.4056939501779375
-3.64852538765582
-2.019564531397919
-0.5797101449275353
2.0408163265306087
-1.6507936507936494
3.066494512588765
-3.78953961791419
1.7252604166666705
17.952
13.212154096581655
-14.545890246824827
-0.16825574873806834
-1.2921348314606764
-5.492316448491747
-0.6624510689551305
0.48499545316761616
-0.5429864253393657
0.09099181073703712
0.5454545454545446
-0.5123568414707707
-2.756740381702504
2.4922118380062215
-0.6079027355622971
-1.9877675840978766
-1.154446177847106
4.1351010101010175
-4.213397999393758
4.335443037974676
-7.885956930542911
5.367138623641748
-2.2812500000000013
2.1746082507195386
-0.15649452269170802
-2.6645768025078302
4.025764895330101
6.811145510835923
-3.7681159420289774
1.4759036144578157
-0.5936479667557012
1.5228426395939025
-3.0588235294117623
0
-2.9126213592233037
0.6250000000000089
0.8385093167701739
3.1721589159223935
-0.38805970149254493
3.386275097392876
4.08695652173912
1.6429963798384948
-3.4246575342465753
-0.17021276595745327
3.6089798238135926
0.10970927043334927
-0.02739726027396715
6.741573033707867
-8.087291399229796
0.5586592178771029
-0.38888888888889045
4.85220301171222
3.3510638297872286
2.5476067936181215
-6.951066499372656
7.8478964401294595
2.0255063765941363
