-1.541357806800803
1.2189292543021089
-2.0188902007083853
1.4580069887938334
-0.09501187648455517
0.1426533523537722
0.29677113010446343
-0.5089359687536933
1.3680704258862717
0.4576927590658347
1.3200934579439199
1.0377032168799725
0.9471642131690139
0.3843545105132237
-2.7252252252252305
-0.43991664737207165
0.5930232558139561
-0.2774245751936166
-1.101193926046134
0.7149554617908941
2.2809263353892733
0.1820457389919243
0.3861442362294125
0.5543613530942388
0.6525652565256602
0.1676727028839705
0.5133355652270977
1.1435550127678422
1.7124039517014296
1.2950571983595942
-1.193266567227791
-0.5067931852490761
2.037498645280151
2.8146574614976103
-1.4049586776859528
0.16764459346186325
0.43933054393305915
-0.4374088731514315
-1.328451882845193
0.6360648786176191
1.43263457284315
0.7373559040398819
4.2371134020618575
0.1879141529027769
0.1875616979269474
1.4779781259237477
1.1166132634236332
-0.39370078740158787
4.251421960859938
3.16256704272238
-3.522768017210466
-1.022019882932268
3.4544259832910877
0.7168133563197615
-1.6126126126126208
0.8241003571101548
3.0242484787939503
0
2.8208744710860363
0.8230452674897041
1.335034013605446
-0.0839137366786943
2.099605274208449
-0.1398371308711068
0.5683690280065973
0.0900974690801793
-1.6939443535188252
0.00832431532507587
-3.3627434659563917
-1.8087855297157622
3.2280701754385923
0.552345343303875
0.5577621904842506
0.5798806622405129
-2.297794117647059
0.9150773967330921
0.5593220338982974
0.08427439743805833
1.1199056921522552
-0.07494379215589066
2.7083333333333335
0.9330628803245437
0.1607717041800643
0.32102728731942215
-0.09600000000000364
0.44042280589365795
-2.9259347843418677
-1.059461235216809
-1.9340914750560267
-1.0749957677332016
2.130572430906123
-0.8713136729222406
7.598039215686262
0.07069358259367614
-1.122448979591833
0.35722791140747795
0.7514633760480937
-1.8685718772081301
1.4241139291143254
-0.5364045121085395
0.4599888968197283
-0.14999605273546152
1.6603415559772297
0.09332711152590181
-1.2043512043512044
-0.8572552103814464
1.2771696017769425
-1.0652463382157231
2.058427677935239
-0.21720580249786323
-0.14771048744459797
0.7785736530675801
-0.0927070457354794
-0.24744819053511022
0.39534883720929526
-0.3165778704347085
1.6266460108443068
0.1524390243902439
-0.9360730593607272
-0.8296842590458596
1.2316988147803751
0.46678910315274996
1.1348922233224055
0.23346889591807024
-4.478172665113843
0.06292771179107642
-7.310746010533763
-1.9676024086167263
-2.171468120079603
0.2829854969932831
-2.619047619047623
-0.02716653083400838
-1.7481884057970973
0.3595464183645122
-4.960499724416683
0
-7.539145563502793
1.1917206773991196
-4.545454545454546
-0.8766233766233791
1.2555955890381045
2.8574509381065343
-1.415242687912779
-0.24457677584006324
2.3451657605798957
-0.4062076866992998
0.6588579795021914
2.015584415584413
0.936958957123948
0.9181717283826074
0.21995600879823352
-0.02992817238626841
-0.24947610018960184
-1.250500200080032
0.7901934960996814
1.0252286661976124
-4.39757238085763
0.13528983244875306
2.3695697360216124
0.26395939086294645
1.5998379910895053
1.6344428941598543
-1.3630123553637947
0.00994134605825855
-0.07952286282305711
-0.8157580580978955
5.255767301905726
0.2287021154945553
-1.3785890853774483
0.26029114046081614
0.21153846153846592
0.03838034926116519
-0.019182812200251115
0.4029163468917707
0.14332123065163388
0
0.2957733040740518
0.7420091324200869
-2.1246458923512748
0.3376748673420164
-0.7499999999999957
0.7556675062972248
0.884615384615389
-0.2954632100648243
-0.4110505687792711
0.009598771357279365
-2.696995872924478
0
2.850660879857969
0.2589431284166151
-1.1957145590204705
0.10649627263044911
0.938104448742751
0.9772923253808609
1.5086820381440234
0
-0.7104131613385595
0.7343249858783614
0.21495327102803313
0.6154993938263673
-0.556121976086755
0.4567061235902566
-0.5474113935795012
-0.7276798208788302
-2.152053378441863
0.07683442182097143
-0.27831094049904903
-0.6929073236454449
-0.8334140905126597
-1.2899442978598585
1.1286011286011264
0.1566324033284408
0.4593881341022316
0.2140494259583621
1.9999999999999911
0.8947268227679509
-1.0283018867924614
0.19063959584405682
3.7484540005708396
-0.09170105456212746
0.31206975676916854
0.22874919937780216
0.24648530217270567
-0.30962571714778836
1.0961907371882706
0.29818378964488607
-1.0990990990991032
0
0.5192202586992207
0.4077933846850929
1.6606498194945931
-0.21306818181818987
-0.5427046263345114
-0.026836031845440724
-1.440586972083027
0.04539264639128461
1.034482758620698
0.2335189509610121
-0.18817204301074453
0.008977466558928903
-0.9066427289048392
0.37141045384544874
-2.545126353790618
-0.34265604741619243
1.6634141808382206
0.009140767824488943
-1.57206836669407
0.28786331135666343
-2.7870370370370288
0
3.1907800742927894
0.4153590548273952
0.3952569169960432
-0.8606482329243811
-1.1451791651274348
-0.12144992526160144
-2.4693667570853863
-1.026182027428795
-5.26162790697674
0.9512120282295136
4.680851063829792
2.516453735965931
-0.02832326283987486
-0.27386910945321474
-0.3314393939393939
-2.508313539192408
3.3427541175324222
0.895888344021124
0.028040003738662913
0.9063726406279242
1.1297342346513397
0.3571101547477421
0.09124087591240876
-0.44667274384686334
-0.5768702499771042
0.4604899613188433
-0.3300330033003217
0.9749816041206686
-0.9928948806704194
0.809642101389268
1.2138359039883138
-0.0811541929666448
-1.3446439851998795
0.11891694109037271
0.511649154865227
-0.36360330879011005
-0.04561627588723657
0.173420956553495
0.06378132118451439
0.3460207612456706
-1.4700544464609842
0.377601768281464
-3.4223323240664447
-0.41801254037619834
1.7744705208929505
0.29996250468691843
-0.6074766355140186
0.15984955336154635
-2.253098009763425
0.6626968882059031
5.28575517603283
0.05437245129133748
2.101258943936242
0.026612259380817398
-1.312522170982614
1.5276779295470886
-4.399008674101615
-0.5369873159892561
0.6329703062459233
0.08324854315050328
4.972273567467648
0.026413100898041428
-4.823519056421086
0.11097752705077643
5.616628175519626
1.0058602291612
0.09525458953932599
0.3460506964270265
0.3965859125786627
-0.37784456848433584
-0.051719679337980266
0.724450194049167
1.3357307988697584
-0.6252640473172869
2.100161550888534
-0.06662225183210814
-0.4333333333333371
-0.041848008034817544
-1.0382650925228054
-0.13537524325240174
0.06777937812420186
-0.2624671916010422
0.8828522920203812
0.47122181083809395
-1.7169179229480738
-0.6391137622496804
-0.7289879931389366
-0.267818574514031
2.278239778239774
0.10163462352841919
-2.1321600812251496
-1.4351171435981789
-1.0788527322164683
-0.6916119879411203
0.48214285714286526
0.3287719921805418
0.41626073864139984
0.18521785147293496
0.3961616339466502
-0.0263065591020854
0.8858872028769527
-0.18257694314033526
0.46163226199809965
0.03468007629615602
-1.7680707228289014
0.061761072878049945
-0.6436822149722207
0.19524316648917692
0.8325952170062082
-0.202037947997205
-0.6689551976058365
0.4962339388568816
0.2116215501278627
-1.0206775186977484
-0.9689750200017859
-0.3590664272890485
-2.6126126126126126
-1.0083256244218401
-1.2989440239229852
0.30297292179511887
-1.9067396639607366
-1.8379522709776772
2.1664542691892974
1.3145269621953604
0.30305900179939554
0.009441979038819416
0.24546827794561074
0.028253908457332316
0.09415309292910273
0.7431097733044955
2.259570494864617
-0.511322132943767
-0.8351688693098301
-0.09254974548819991
-2.5937934228809634
-0.7037565382786583
-0.4214155732209428
-0.29816293161490204
0.1350569168435357
-1.348747591522158
0.6250000000000089
3.3967391304347823
-0.6758025154871452
-0.018900018900023196
3.0529300567107707
-0.9355223333027649
0.7869641699842608
-0.5970971890501562
4.814712133813893
1.7280902839005385
0.9100364014560582
1.1079618654985908
-2.353041114509008
0
-0.9134406263592867
0.0790166812993934
-0.4649530660584421
-0.22915564956812173
0.7597173144876245
-0.008767315448001847
-1.1486190267426488
-0.47897817988292446
0.5525846702317331
0.5140932458783863
-0.7231040564373937
-0.31977260614673203
0.10693281055070802
0.062310842086506855
2.517569611244568
0.3644567858382348
1.0288777451150002
0.13692768506631656
-0.5726006324245636
-0.3008423586040914
2.4743512371756027
0.15143866733974273
3.6290322580645005
0.28372243839169914
1.5115997089968511
0
0.8440834527791159
0.08686039166139521
0.5522682445759369
-1.3103177716751704
2.377166481157584
-0.590199580647677
2.609171158503249
0.03806623524933384
-1.67427701674277
0
0.03869969040247678
0.7195357833655671
-1.1445690582270598
1.0024088895795993
-0.8847515002308047
-0.33377318947449774
2.6323987538940776
0.9257853999089426
-1.0150375939849625
0.26585643752373717
1.6060606060606095
1.3719057560393575
-0.5957634598411231
0.04439511653717418
-1.4495969233044828
-0.8855534709193211
1.4159158022260956
0.4255636852321799
0.5798825366143917
-0.9461157513489675
1.3804939929855982
-1.2880906815839837
0.9395272537469344
-0.3398094112432693
0.28166926098882084
-0.05174070515189928
2.1224670906670644
0.36208269968860884
-0.38963850205643197
-0.5360376675117777
3.015075376884429
0.014139271827504098
2.898140948611013
0.714432918870637
-0.9549143987449698
