-6.918238993710698
5.236486486486495
-7.544141252006431
2.256944444444443
2.716468590831921
0.8264462809917327
-0.16393442622950471
0.16420361247947104
-2.2950819672131098
0.5033557046979907
1.0016694490817963
9.090909090909088
-6.818181818181808
1.6260162601625958
-3.0400000000000063
2.9702970297029805
1.121794871794862
2.060221870047556
-2.79503105590063
0
-1.2779552715654965
1.7799352750809114
4.769475357710649
-1.3657056145675244
-4.153846153846147
0.8025682182985525
-0.6369426751592362
1.6025641025640969
1.7350157728706674
0.15503875968991918
-0.9287925696594367
0.9374999999999939
-2.4767801857585163
1.7460317460317512
-2.0280811232449283
0.9554140127388473
-2.839116719242898
0
1.6233766233766176
2.076677316293928
-3.286384976525821
0.9708737864077751
-1.1217948717948762
0
-0.32414910858994445
0.6504065040650412
2.2617124394184116
-0.4739336492891035
0
-1.4285714285714264
2.7375201288244755
-1.2539184952978069
6.984126984126991
3.857566765578632
-3.1428571428571392
0.29498525073745685
1.0294117647058865
1.8922852983988339
-4.285714285714283
2.2388059701492455
0
1.459854014598548
-1.438848920863317
1.6058394160583989
-2.873563218390807
2.9585798816568074
-3.735632183908043
-1.4925373134328437
1.2121212121212133
-1.7964071856287442
4.115853658536593
0.8784773060029225
-2.0319303338171215
-1.3333333333333313
-0.15015015015014693
2.2556390977443526
-2.05882352941176
0.15015015015014693
0.14992503748125618
1.197604790419163
-1.6272189349112343
0.15037593984962086
-3.6036036036036068
0.6230529595015581
2.786377708978324
0.7530120481927818
2.3916292974588824
2.043795620437965
-0.14306151645207132
0
0
3.1518624641833775
-5.416666666666674
0.5873715124816452
0.5839416058394166
0.8708272859216328
-0.14388489208632788
-6.772334293948136
3.8639876352395675
0.44642857142857517
-1.0370370370370412
0
0.8982035928143788
1.6320474777447986
-3.6496350364963503
2.2727272727272783
-1.0370370370370412
1.0479041916167708
2.9629629629629655
-1.438848920863317
14.598540145985401
0.8917197452229336
1.262626262626258
-0.9975062344139549
2.7707808564231704
0.980392156862746
2.063106796116504
-1.1890606420927425
-1.8050541516245528
-1.960784313725492
1.750000000000007
-1.1056511056511038
14.161490683229799
0.6528835690968499
-2.594594594594597
1.2208657047724687
-9.100877192982457
-0.3618817852834664
8.716707021791775
0.22271714922048522
0.5555555555555635
-0.22099447513813644
0.8859357696567007
-3.2930845225027325
-0.5675368898978513
-1.2557077625570712
-2.427745664739894
4.26540284360191
-6.1363636363636465
1.5738498789346342
-4.886769964243148
4.636591478696732
7.664670658682642
2.3359288097886437
-4.456521739130436
0.9101251422070543
-6.764374295377674
0.48367593712213935
2.527075812274357
2.69953051643193
-3.7714285714285722
-0.23752969121139636
3.214285714285709
0.9227220299884668
-0.4571428571428474
-2.6406429391504065
1.5330188679245165
3.9488966318234597
-4.022346368715078
0.23282887077997175
-3.716608594657379
0.3618817852834878
-2.04326923076923
3.6809815950920113
-6.745562130177508
-3.2994923857867993
4.986876640419945
-2.500000000000002
2.692307692307692
-0.12484394506866152
0
-0.24999999999999467
-0.37593984962406324
0.6289308176100606
0.49999999999998934
-0.6218905472636684
1.1264080100125138
-1.980198019801982
0.7575757575757639
-0.37593984962406324
-0.37735849056604087
-0.25252525252524716
5.189873417721521
0.48134777376653604
-3.3532934131736454
-2.106567534076827
0.759493670886071
-0.5025125628140708
0.5050505050505055
-1.3819095477386976
1.4012738853503226
0
0.7537688442211006
0.7481296758104801
-2.4752475247524774
0.50761421319797
0.7575757575757639
0.12531328320801738
-0.6257822277847287
0.7556675062972242
-1.2499999999999956
-0.8860759493670922
-0.8939974457215872
0
-2.8350515463917496
-1.19363395225464
3.75838926174497
0.9055627425614411
-3.846153846153844
5.333333333333338
-6.582278481012663
-0.2710027100270945
0.8152173913043425
0
-0.539083557951483
-0.4065040650406538
2.448979591836743
-1.3280212483399805
2.018842530282643
-1.0554089709762542
1.7333333333333318
-1.7038007863695923
0.6666666666666643
1.986754966887422
-1.5584415584415598
-0.26385224274406943
1.5873015873015888
-0.7812499999999949
-1.3123359580052563
-1.728723404255318
2.165087956698243
1.5894039735099352
-1.3037809647979093
1.585204755614268
-1.1703511053316091
1.0526315789473695
-0.9114583333333255
-1.9710906701708324
0.8042895442359197
1.3297872340425603
-2.493438320209979
0.9421265141319016
-0.7999999999999948
0.13440860215053477
11.275167785234885
1.2062726176115974
-3.3373063170441135
-0.4932182490752053
0
-2.106567534076827
2.784810126582264
1.4778325123152833
-3.5194174757281558
0.6289308176100606
-3.874999999999995
-0.2600780234070281
-8.213820078226856
0
-6.250000000000006
0.15151515151516176
8.169440242057489
1.8181818181818166
0
-0.4120879120879155
0.4137931034482793
0.4120879120879033
-0.5471956224350211
2.7510316368638263
-1.4725568942436336
0
3.940217391304348
-1.1764705882353037
1.8518518518518594
1.298701298701294
-3.4615384615384563
2.2576361221779537
-3.3766233766233738
-1.2096774193548487
2.8571428571428568
1.8518518518518594
-2.207792207792207
-1.460823373173975
-0.6738544474393507
-0.2713704206241582
-0.13605442176870458
-0.27247956403269175
2.049180327868845
1.4725568942436456
-1.5831134564643814
-1.2064343163538855
-0.1356852103120731
-1.7663043478260854
1.3831258644536604
1.5006821282401135
-1.075268817204302
-0.13586956521740046
-1.2244897959183654
-0.13774104683195298
0.5517241379310349
-0.41152263374485937
1.1019283746556483
2.1798365122615824
-3.3333333333333335
-0.13793103448275568
-1.657458563535913
-0.28089887640450084
-3.0985915492957714
-1.8895348837209287
2.8148148148148207
0.14409221902016983
2.0143884892086286
1.410437235543026
-1.9471488178025114
-0.8510638297872285
-1.5736766809728229
1.0174418604651205
-1.2949640287769764
0
1.7492711370262406
6.0171919770773625
-4.729729729729737
-2.1276595744680775
2.173913043478253
1.8439716312056722
-1.949860724233979
2.1306818181818232
-1.9471488178025114
-0.7092198581560258
-0.571428571428572
-0.43103448275862427
-1.1544011544011554
-0.8759124087591185
-0.5891016200294557
1.4814814814814763
0.14598540145986388
-0.8746355685131267
-0.44117647058823894
-1.033973412112251
0.7462686567164153
1.7777777777777795
-2.328966521106261
2.086438152011918
-2.0437956204379515
1.1922503725782425
-0.44182621502209496
0.4437869822485244
-0.5891016200294557
-2.8148148148148207
0.914634146341471
-0.3021148036253846
0.15151515151516176
-1.6641452344931968
4.769230769230763
0.5873715124816452
-0.7299270072992675
0.2941176470588303
-1.6129032258064562
-1.6393442622950867
1.2121212121212133
0.29940119760479733
-1.3432835820895501
1.059001512859295
0.29940119760479733
-2.0895522388059784
0.4573170731707355
-1.0622154779969695
0.613496932515338
1.2195121951219523
-3.4638554216867403
0
-1.0920436817472743
-4.88958990536277
2.4875621890547173
0.32362459546926314
3.06451612903225
-2.1909233176838763
0
0.7999999999999972
-0.7936507936507908
0.6400000000000006
-0.158982511923685
-1.1146496815286668
-0.1610305958132011
-0.4838709677419395
0
1.782820097244738
-4.458598726114653
0
-2.666666666666669
-0.6849315068493157
1.551724137931032
1.8675721561969496
-1.6666666666666607
-1.525423728813572
7.228915662650618
0.8025682182985525
0.15923566878980552
-1.4308426073131932
1.6129032258064457
-1.269841269841271
2.2508038585209094
-2.201257861635229
1.6077170418006517
0.6329113924050638
0.9433962264150881
-1.0903426791277302
0
-1.1023622047244
1.1146496815286528
0.9448818897637874
0.15600624024960666
-1.7133956386292886
-0.4754358161648076
-0.9554140127388614
-4.34083601286173
0.5042016806722731
0.5016722408026648
3.1613976705490914
-2.9032258064516228
1.9933554817275767
-0.6514657980456032
0.8196721311475527
-0.9756097560975691
0.9852216748768555
-0.16260162601627112
0.16286644951141166
0.8130081300812979
-0.16129032258064172
-0.1615508885298978
3.8834951456310716
-2.8037383177570048
0.9615384615384552
0.6349206349206356
-3.78548895899054
4.0983606557377055
-1.4173228346456672
-1.5974440894568633
-0.16233766233765887
-0.8130081300813123
3.278688524590167
-4.126984126984124
0.16556291390728123
0.9917355371900909
0.16366612111292614
-1.1437908496732072
2.8099173553719
-1.1254019292604405
0.9756097560975545
-0.6441223832528186
-0.32414910858994445
0.8130081300812979
-1.451612903225804
0.654664484451719
0
0
0
0
-0.48780487804878453
-0.16339869281045402
-1.800327332242231
3.166666666666673
-1.4539579967689942
0.8196721311475527
0
2.60162601626015
1.5847860538827343
0.9360374414976538
1.2364760432766626
-1.526717557251903
8.372093023255813
1.2875536480686673
2.542372881355928
2.3415977961432497
1.615074024226112
-2.384105960264897
