1.1463250168577204
0
-3.3999999999999986
0.06901311249137189
4.758620689655168
4.674127715602376
-8.679245283018872
-1.859504132231402
2.315789473684211
4.4581618655692745
0.1313197636244227
2.2950819672131124
-2.8205128205128176
0
3.5620052770448494
1.9745222929936452
-1.9362898188632245
-4.458598726114645
8.333333333333334
4.615384615384615
-6.764705882352943
-4.73186119873817
5.62913907284768
2.1943573667711687
-4.601226993865031
-2.2508038585209094
2.960526315789481
-0.9584664536741236
-0.6451612903225784
4.545454545454553
0.31055900621116245
0.6191950464396373
4.307692307692303
2.359882005899718
-4.322766570605187
2.108433734939746
-5.3097345132743285
-1.8691588785046773
2.222222222222231
2.1739130434782474
2.4316109422492533
2.07715133531156
0.5813953488372176
-4.335260115606936
0.3021148036253819
-1.8072289156626546
-0.6134969325153461
4.938271604938276
-0.5882352941176554
-0.8875739644970331
-2.985074626865672
-1.5384615384615385
1.2499999999999956
2.469135802469149
0.9036144578313167
0.2985074626865714
-4.464285714285714
4.361370716510899
-1.492537313432836
-2.4242424242424154
3.726708074534148
3.592814371257494
-6.647398843930648
-1.857585139318879
-0.3154574132492046
-3.4810126582278524
3.6065573770491848
4.113924050632902
-6.686930091185409
0
0
2.280130293159607
-3.1847133757961785
-1.9736842105263088
0.3355704697986506
-4.682274247491634
6.315789473684212
2.9702970297029654
-5.769230769230771
2.040816326530617
1.6666666666666667
-0.9836065573770515
-2.980132450331121
2.3890784982935127
-6.000000000000002
-0.7092198581560258
-3.9285714285714337
-1.858736059479554
-1.5151515151515098
0
-3.0769230769230798
4.761904761904759
-7.196969696969692
4.081632653061225
-6.666666666666664
-1.680672268907572
0
-1.7094017094017033
4.3478260869565215
0.41666666666667257
2.4896265560165887
2.0242914979757085
1.5873015873015959
-0.7812500000000111
-2.5984251968503944
4.284559417946655
-6.511627906976743
-0.6633499170812609
0.2504173622704454
4.8293089092422985
-4.2891183478951485
4.39834024896265
0.47694753577106913
2.4525316455696102
-3.088803088803078
4.382470119521904
-2.3664122137404617
4.925723221266621
-6.855439642324888
-4
8.000000000000007
3.3950617283950577
-2.4626865671641798
0
-2.6778882938025985
0.6289308176100634
1.484374999999996
0.07698229407236172
-0.3846153846153901
-3.4749034749034697
3.200000000000003
-1.937984496124031
-1.8972332015810294
-1.2892828364222413
4.000000000000002
-3.0612244897959227
-0.7287449392712539
3.996737357259382
-1.8823529411764723
-0.07993605115907104
0
-3.200000000000003
0.0826446280991718
3.2204789430223006
-0.23999999999999488
2.2453889334402515
-1.8039215686274543
-3.3546325878594243
4.132231404958678
5.000000000000006
-2.9478458049886664
4.595015576323987
-4.244229337304544
-2.799377916018658
-1.0400000000000063
4.607922392886017
0
-3.4003091190108155
3.280000000000001
4.1828040278853535
-5.799256505576205
-1.7363851617995314
5.783132530120487
2.1260440394836704
-1.6356877323419992
2.0408163265306087
-3.7777777777777763
-3.002309468822175
2.9365079365079443
3.3153430994602906
-4.402985074626865
0
3.7470725995316054
-1.58013544018058
3.211009174311926
-1.4814814814814763
5.1127819548872155
4.4349070100143
-0.1369863013698601
2.194787379972567
0.4697986577181227
0
3.34001336005344
2.77957336780866
-2.5157232704402537
-4.51612903225806
9.459459459459449
4.320987654320984
0.2958579881656847
0.884955752212402
3.5087719298245488
3.9548022598870016
-2.717391304347826
4.469273743016764
-6.149732620320848
-0.5698005698005779
0.5730659025788047
0.28490028490028896
-1.7045454545454584
-4.04624277456647
2.409638554216859
-2.9411764705882355
7.8787878787878824
3.651685393258419
1.0840108401083972
4.55764075067025
0.25641025641026005
4.347826086956511
0.4901960784313795
4.878048780487805
0
4.8837209302325615
0
4.878048780487795
0
-0.4228329809725069
4.458598726114652
-4.47154471544716
9.361702127659573
1.9455252918287937
-2.2900763358778544
-2.3437500000000053
2.200000000000003
0.39138943248531455
1.1695906432748566
-1.9267822736030829
6.8762278978389
4.227941176470596
0.7054673721340362
-1.0507880910683036
6.017699115044246
1.5025041736227023
0.493421052631586
-2.94599018003274
5.7335581787521175
1.7543859649122715
3.134796238244514
4.8632218844984845
0
-4.3478260869565215
9.393939393939398
1.9390581717451405
2.989130434782613
2.374670184696566
2.44845360824743
2.012578616352194
-4.069050554870527
-4.884318766066834
0
-5.0000000000000036
0
-4.978662873399716
3.8922155688622886
-3.314121037463993
8.196721311475411
3.8567493112947817
-3.978779840848806
-3.3149171270718307
-1.7142857142857184
-4.9418604651162665
5.3516819571865435
-0.5805515239477586
-1.3138686131386945
-2.3668639053254354
0.9090909090909005
4.204204204204221
-1.440922190201729
-1.900584795321654
4.470938897168406
0
1.8544935805991605
1.9607843137254781
-6.5934065934065895
2.9411764705882355
-1.5714285714285634
1.596516690856305
-4.857142857142866
3.6036036036036125
1.3043478260869648
2.4320457796852484
2.374301675977658
-1.5006821282401015
3.185595567867032
-3.087248322147647
6.786703601108021
-2.7237354085603043
6.399999999999996
3.6340852130325887
1.2091898428053205
3.9426523297491003
0.9195402298850542
0.22779043280182557
4.659090909090903
2.931596091205215
2.0042194092827064
0
2.998965873836599
-4.518072289156627
8.412197686645637
1.9398642095053347
-4.376784015223591
-4.975124378109452
0
-4.92146596858639
1.6519823788546255
-4.333694474539545
5.662514156285391
3.858520900321553
-8.152734778121781
-0.3370786516853901
-4.058624577226616
1.0575793184488904
3.3720930232558204
3.48706411698537
-6.956521739130441
1.4018691588785082
3.3410138248847994
4.905239687848374
0
4.888416578108405
0.10131712259371257
4.858299595141697
-9.362934362934352
-4.898828541001074
7.838745800671893
-4.984423676012458
0
-4.918032786885246
0
-4.94252873563218
0
-4.957678355501824
3.689567430025453
-1.8404907975460123
0.5000000000000071
-1.9900497512437916
2.4111675126903624
-1.9826517967782014
0
-1.8963337547408345
0
-1.9329896907216497
0
-1.971090670170828
0
-1.876675603217147
0
-1.9125683060109366
2.367688022284127
-1.9047619047619124
3.883495145631084
0
-1.9759679572763738
-1.9885589757559357
0
-1.9733185102834736
0
-1.9846895378508727
1.6199016488284705
-1.9925989183034523
0
-0.029044437990119115
-1.94654270772807
-1.9259259259259218
-0.06042296072508497
-1.9951632406287685
0
-1.9740900678593478
4.027690371302709
-1.9963702359346753
3.858024691358025
-1.9613670133729468
3.6071536829342152
-1.9894675248683433
3.432835820895518
1.875901875901872
-0.08498583569403409
-1.899631414800118
1.1560693641618456
2.000000000000008
-2.1288515406162607
1.974813966800243
-3.8731406118439584
-1.9854014598540137
0
-1.9958296097706336
1.5197568389057752
-1.9760479041916066
0
-1.985339034819788
0
-1.994390775942674
0
-1.9713831478537394
0
-1.9785922802465115
4.03706154864329
-1.3994910941475867
3.387096774193539
-1.8720748829953133
1.907790143084254
-1.903276131045229
0.98600508905852
-1.984251968503934
0
-1.9922879177377923
3.573770491803278
-1.8676796454574227
-0.12903225806451338
0
0
-1.9702842377260963
0
-1.976935749588143
0.5378151260504207
3.6442661317285183
1.2903225806451568
2.0700636942675117
2.8393135725429133
4.975728155339808
-0.317919075144507
0
-3.885184111336629
-3.1674208144796294
4.080996884735187
2.3645615085303993
0.4093567251462005
1.4851485148514791
0.7173601147776183
4.558404558404562
-5.749318801089916
0
-4.394333622434238
2.0562443302086475
-4.296296296296305
-1.857585139318879
-3.1861198738170287
-2.6067122841316412
1.0705921712947484
-4.998344918901032
8.083623693379792
4.99677627337202
-6.140620202640466
4.023552502453387
-2.9874213836477965
4.505672609400325
-0.46526054590570276
3.770645060766574
1.111111111111125
0.980100980100975
3.794117647058821
2.011901388495327
-0.19444444444444522
3.6738101864736996
-5.771812080536909
0
-2.2222222222222254
-0.9324009324009332
-0.08823529411765041
-4.180158963791586
3.410138248847925
0
-1.5448603683897686
3.6511768255884154
-3.668122270742352
4.865518283469324
-0.08645533141210701
0.20190366310931723
-5.1813471502590795
