-6.545454545454548
-2.5291828793774265
4.99001996007984
3.802281368821293
0
-7.326007326007326
-0.9881422924901185
9.580838323353287
-1.6393442622950793
-0.7407407407407381
5.970149253731335
-1.4084507042253471
-0.7142857142857117
-6.474820143884894
0.19230769230769504
6.525911708253356
-0.7207207207207181
3.2667876588021727
0.175746924428825
4.736842105263163
-3.015075376884429
0
-9.499136442141623
3.0534351145038197
3.518518518518516
0
-6.97674418604651
14.999999999999996
-6.35451505016722
0
0.1785714285714311
0.17825311942959254
-0.35587188612100146
3.5714285714285716
-3.4482758620689653
-3.7500000000000027
3.525046382189237
-10.93189964157705
12.072434607645874
-8.61759425493717
3.9292730844793713
1.1342155009451822
4.672897196261682
-0.5357142857142806
-1.6157989228007283
8.75912408759125
-7.885906040268461
1.2750455373406244
-5.9352517985611595
3.6328871892925543
1.660516605166049
-2.9038112522686053
0.9345794392523364
-5.18518518518518
4.492187499999994
2.4299065420560693
-6.75182481751824
0.9784735812133072
-0.5813953488372176
-3.118908382066266
11.267605633802805
4.882459312839065
-3.4482758620689653
-4.464285714285714
7.102803738317752
-0.8726003490401396
-6.690140845070418
0
4.716981132075472
-7.387387387387389
0.9727626459143969
5.394990366088641
-0.9140767824497257
0.3690036900368925
-0.7352941176470562
-2.9629629629629655
1.9083969465648856
4.494382022471908
-2.5089605734767
-7.169117647058822
6.534653465346529
-4.460966542750927
2.334630350194558
-3.802281368821293
1.3833992094861576
3.1189083820662797
-3.4026465028355335
2.544031311154593
8.587786259541986
-3.8664323374340874
0.3656307129798825
5.46448087431694
-6.735751295336786
2.9629629629629655
-5.9352517985611595
3.250478011472281
-0.1851851851851878
-5.009276437847858
0.7812499999999972
9.689922480620154
-5.300353356890459
0
0
0
-0.9328358208955224
-4.3314500941619665
1.771653543307098
-1.5473887814313427
2.9469548133595285
2.0992366412213768
-0.5607476635513966
3.0075187969924704
-6.75182481751824
6.262230919765157
-5.340699815837936
6.614785992217897
5.291970802919718
-3.4662045060658575
3.7701974865349985
4.844290657439455
-5.940594059405942
-4.912280701754381
-1.4760147601476092
1.3108614232209792
-0.7393715341959308
0.5586592178770896
-0.5555555555555503
-3.16573556797021
3.461538461538456
-3.717472118959108
-0.9652509652509653
1.1695906432748566
2.119460500963394
0.5660377358490513
-0.18761726078798185
0
-3.1954887218045163
0.19417475728155617
-0.5813953488372176
2.144249512670568
-4.580152671755722
3
-0.19417475728155617
-5.058365758754866
2.0491803278688527
3.4136546184739016
-3.106796116504857
-0.4008016032064043
-0.40241448692153486
0
-1.0101010101010102
-4.081632653061225
-0.4255319148936231
4.914529914529924
-3.2586558044806546
-5.8947368421052575
7.829977628635346
1.0373443983402488
-1.437371663244359
-0.6249999999999941
20.754716981132074
12.499999999999991
6.635802469135799
9.985528219971066
-10.131578947368425
-3.0746705710102407
-7.099697885196378
0
-8.94308943089431
3.39285714285714
-1.381692573402413
0
-4.9036777583187465
-4.972375690607727
6.589147286821703
1.6363636363636338
-2.5044722719141297
3.486238532110089
-7.44680851063829
-4.7892720306513406
1.0060362173038229
-4.382470119521917
8.750000000000005
-4.980842911877397
5.040322580645161
-4.2226487523992375
8.016032064128257
-4.82374768089054
0.5847953216374352
-3.875968992248062
9.07258064516129
4.990757855822542
0
4.929577464788741
0
4.865771812080535
0
4.959999999999991
0
4.878048780487809
0
4.941860465116288
0
4.986149584487527
0
4.881266490765175
0
4.9056603773584975
0
4.916067146282966
0
4.914285714285711
0
4.901960784313726
0
4.984423676012458
0
4.945598417408506
0
4.995287464655996
0
4.937163375224416
0
4.961505560307954
0
4.9714751426242945
0
4.968944099378864
0
4.955621301775161
0
4.933051444679352
0
4.969778374748157
0
4.990403071017263
0
4.9969530773918445
0
4.991294254207774
0
4.975124378109452
0
4.94997367035282
0
4.967385850476656
0
4.971319311663482
0
4.963570127504556
0
4.989154013015185
0
4.999999999999998
0
4.998032270759551
0
4.947526236881555
0.03571428571429384
4.998214923241699
0
4.998299897993875
0
4.987046632124345
0
4.996915484268967
0
-1.8801410105757865
-3.173652694610785
-4.978354978354968
0
-4.978848031239834
0
-5.000000000000008
10.526315789473701
2.413568166992817
2.5159235668789734
4.659832246039143
-9.14217868803798
-4.998366546880108
1.581843191196687
4.84089370345295
-9.36390054891831
-4.987531172069826
10.498687664041995
0
4.988123515439426
4.977375565610871
-1.8165024630541977
1.3797428661022373
-3.6498608103928274
-4.269662921348318
9.657947686116703
0.9174311926605505
0.48484848484849175
3.1363088057901014
1.6959064327485414
3.4790109258194266
1.4170602945262638
1.2876712328767093
3.651609413037598
2.792275574112732
2.1325209444021413
0
-2.5851354710415198
3.853023730543512
-8.501228501228507
-4.914070891514489
-0.08472182999153102
-4.974561899378186
0
-4.9970255800119014
4.383218534752662
1.9496100779844032
-1.4710208884966167
1.4929829799940282
-6.384230656075314
-4.996857322438711
0
-4.995038041680457
0
-4.979108635097497
0
-4.9835104433858435
0
-4.974932510605478
5.357142857142865
-3.620955315870583
-1.398880895283773
-4.985812728009721
6.612627986348123
3.5214085634253633
-6.9192114418244985
2.6993355481727574
-7.480792559644157
-4.589160839160839
-0.41227668346312674
-4.967801287948487
0
-4.985479186834454
10.239429444727454
-0.6469500924214444
-4.372093023255816
-4.961089494163419
0
-3.6335721596724637
5.151354221986186
0.7575757575757576
-5.714285714285716
-4.997341839447106
0.055959709009525876
-4.999999999999998
10.526315789473681
4.996271439224457
-0.09131493506493853
4.7019396770589985
0.2812803103782796
4.062288422477999
0.8922762338507237
-0.04606172270842668
5.041474654377879
4.992541896990434
0
4.9974928965402015
0
4.9984081502706035
0
-4.479987871437221
3.729862709308787
4.697421773391467
0.21921812203142957
3.3175355450236843
1.6231474947071358
4.166666666666667
0.5666666666666629
-4.872389791183291
10.37630662020905
3.920702064524281
-7.812879708383953
4.652695400026362
0.2455919395465909
3.6497267416295007
-4.187878787878786
1.0816623442343019
-4.098873591989994
3.615008156606846
-6.858114490836946
3.441514536849225
-3.627688084188516
0.013564839934895708
-4.591075545910762
2.7080815978392225
-1.737024221453281
0.007042749489394256
4.366197183098584
-0.13495276653170624
-4.6959459459459385
4.076568592697624
0.23841961852860646
0.6795786612300373
-3.3074586567667943
-4.9214659685863955
5.433186490455218
-4.561281337047342
1.1674571324334142
-4.724125495852875
9.386828160484486
0.3460207612456747
-4.827586206896552
2.1376811594202816
-1.667257892869808
-1.1904761904761947
0.7667031763417389
-0.7608695652173996
-2.7747353048557746
-0.1126549004881755
2.6315789473684212
1.8315018315018314
1.654676258992814
0.14154281670204433
-0.9893992932862231
-2.8551034975017844
-1.2490815576781695
3.6830357142857055
-1.1481880157875812
2.214156079854818
-1.5980113636363635
4.655359076145787
0.3103448275861991
4.984530766586456
0
4.977079240340553
-4.678727386150967
0
-2.257853403141372
0.43521928356210626
-3.6666666666666665
3.7716262975778467
-6.568856285428473
4.853675945753042
0.13614703880189832
4.996600951733511
0
0.032372936225323
1.2621359223300896
3.483541067433696
1.4515132798023436
0
3.866057838660575
3.0480656506447934
1.877133105802038
-4.997208263539916
10.52012929767852
4.25418771603297
0.7141035450140154
4.710053178019757
-9.238210399032646
0
4.982680522248865
3.959390862944168
1.0009765624999916
4.979453710418183
0
4.99654616624453
0
5.000000000000002
-9.523809523809527
-4.986149584487526
0
