0
2.5862068965517304
-7.352941176470588
13.151927437641717
-2.6052104208416775
3.703703703703698
-2.5793650793650738
-0.20366598778004363
-6.3265306122449
11.982570806100219
-9.92217898832685
3.6717062634989266
0
0
-0.41666666666667257
1.6736401673640258
-4.7325102880658525
4.967602591792666
-3.2921810699588505
0
-1.276595744680854
0
3.448275862068969
0
-4.791666666666661
-0.2188183807439856
0.657894736842099
0
0
0
1.742919389978223
0
-1.4989293361884428
0
0
4.3478260869565215
-3.333333333333336
11.637931034482756
-8.301158301158296
-0.21052631578947667
-5.907172995780585
-5.381165919282508
14.92890995260663
3.0927835051546393
16.200000000000003
1.5490533562822695
-4.067796610169489
-3.180212014134283
-2.3722627737226225
-2.803738317757009
9.423076923076922
5.448154657293499
-6.166666666666671
6.216696269982238
-2.842809364548488
3.098106712564539
-6.8447412353923225
-10.394265232974908
10.799999999999997
-9.747292418772561
6
-1.8867924528301887
0.7692307692307665
10.30534351145038
-0.6920415224913471
1.0452961672473893
3.4482758620689653
0
-6.499999999999998
3.2085561497326154
0
0
1.8998272884283272
16.61016949152542
-15.261627906976745
6.174957118353347
-3.2310177705977385
3.505843071786313
-5.1612903225806495
0
-0.3401360544217615
9.215017064846414
-5.625000000000002
0
-0.6622516556291367
0
-4.666666666666662
1.3986013986013937
-2.586206896551724
-2.6548672566371683
-0.3636363636363688
9.306569343065696
-3.839732888146907
0
0.5208333333333284
-3.2815198618307404
1.250000000000005
2.9982363315696574
1.1986301369863062
3.045685279187812
-3.940886699507387
2.051282051282056
-6.197654941373539
2.142857142857148
-2.27272727272728
4.6511627906976765
-2.393162393162391
6.654991243432569
-3.448275862068968
0
-4.251700680272109
2.309058614564839
-2.6041666666666665
-1.9607843137254928
8.181818181818182
-1.3445378151260456
-3.4071550255536627
1.5873015873015848
1.7361111111111112
0
-4.0955631399317385
-0.17793594306050073
3.9215686274509727
1.3722126929674174
-5.0761421319796955
2.4955436720142576
0.8695652173913043
-3.793103448275867
3.942652329749109
0.51724137931034
0.34305317324185736
-14.188034188034184
19.123505976095604
7.023411371237463
-11.71875
0
1.7699115044247788
2.95652173913044
-3.885135135135142
2.108963093145875
3.098106712564539
-0.3338898163605939
-3.8525963149078795
11.32404181184669
-10.798122065727698
0
4.210526315789471
0.5050505050505122
-8.877721943048583
0.36764705882353466
8.058608058608057
-3.220338983050845
7.705779334500874
-8.617886178861784
8.540925266903908
0
0.16393442622951052
4.582651391162025
-5.477308294209703
5.298013245033117
-3.930817610062893
4.091653027823241
-4.245283018867929
0
1.4778325123152687
-6.148867313915853
5.51724137931035
-4.248366013071897
1.0238907849829375
4.391891891891882
-3.236245954692557
-3.6789297658862807
2.083333333333326
2.040816326530617
2.833333333333338
-7.4554294975688835
1.7513134851138352
2.9259896729776176
0.16722408026756092
0.1669449081803029
-2.999999999999995
0.5154639175257683
0.8547008547008547
-1.694915254237288
3.793103448275867
-1.9933554817275794
-0.847457627118644
0.17094017094017336
0.34129692832763775
-3.741496598639449
4.240282685512365
1.1864406779661065
-0.5025125628140775
3.367003367003367
-3.9087947882736134
1.1864406779661065
-2.5125628140703515
-0.5154639175257805
-1.381692573402413
0
1.2259194395796773
0.17301038062283983
-0.5181347150259018
0.694444444444442
0.8620689655172413
0.17094017094017336
-2.2184300341297
0.8726003490401396
-3.114186851211068
0
-2.3214285714285663
1.0968921389396604
-1.265822784810119
1.2820512820512742
0
1.9891500904159158
1.0638297872340452
-7.192982456140353
4.725897920604915
-1.2635379061371765
2.9250457038391118
19.36056838365898
-14.434523809523812
-3.6521739130434807
2.527075812274366
2.1126760563380333
-0.8620689655172413
0
-1.7391304347826086
0.8849557522123894
-0.7017543859649098
-0.17667844522968448
-1.2389380530973502
-1.2544802867383438
2.722323049001815
0.7067137809187254
-0.17543859649123056
3.339191564147625
-1.7006802721088436
3.6332179930795876
-8.681135225375618
7.861060329067636
-2.542372881355932
0.8695652173913043
-2.9310344827586254
0
1.4209591474245191
-2.626970227670753
2.8776978417266212
0.3496503496503422
-1.7421602787456447
0
-3.0141843971631133
0.5484460694698302
-3.2727272727272676
-0.37593984962406546
-2.6415094339622613
3.875968992248062
-7.089552238805979
-7.228915662650591
11.688311688311686
4.26356589147286
-0.557620817843861
-2.803738317757009
1.3461538461538516
-3.9848197343453533
1.976284584980237
1.744186046511625
0.7619047619047592
2.6465028355387497
0.7366482504604157
3.1078610603290597
-3.368794326241132
2.3853211009174258
-3.225806451612898
-5.555555555555555
2.156862745098042
6.717850287907869
-2.5179856115107886
4.797047970479694
-6.338028169014075
4.6992481203007515
-7.71992818671455
12.645914396887159
-7.944732297063905
-1.3133208255159396
0.38022813688212115
0.18939393939394208
-2.4574669187145504
4.651162790697671
0.7407407407407381
0
-0.3676470588235216
1.2915129151291433
-3.4608378870673926
0
0
-3.3962264150943344
4.687499999999997
1.4925373134328306
-5.147058823529407
4.457364341085266
-0.37105751391464886
0
0
-3.16573556797021
4.423076923076918
-0.5524861878452987
0.1851851851851878
-1.2939001848428888
-1.1235955056179803
1.3257575757575812
1.682242990654203
7.352941176470589
-7.363013698630132
-3.696857670979667
3.4548944337811847
-5.3803339517625215
1.7647058823529385
1.3487475915221636
-0.7604562737642558
2.6819923371647483
-0.37313432835821425
0
-0.18726591760299893
-2.439024390243897
1.9230769230769231
2.2641509433962317
-4.0590405904059095
0
1.9230769230769231
0
-0.5660377358490513
-0.7590132827324586
-10.325047801147226
5.330490405117271
-1.214574898785428
0
3.278688524590167
0
-1.9841269841269842
1.214574898785428
-4.200000000000003
3.5490605427975006
-2.0161290322580645
0
-3.9094650205761288
2.7837259100642338
-4.375000000000003
-2.614379084967311
0.4474272930648674
1.7817371937639295
2.9759299781181605
0
-0.04249893752656848
-2.4659863945578158
1.3949433304272025
0
-1.1177987962166875
0
-0.652173913043472
3.676148796498905
5.783030814689732
1.1173184357541945
-2.722967640094717
-3.0425963488843815
1.4225941422594137
1.7326732673267398
-6.528791565287913
8.45986984815618
-4
14.166666666666663
-15.255474452554745
-1.5934539190353034
0.9190371991247146
0
-0.47701647875108166
5.4030501089324705
-0.496072757337747
0
-2.9081844619858717
6.974753958065891
-3.1200000000000045
0.041288191577215375
1.8572018159306616
0.04051863857375026
-5.427298501417578
6.209850107066378
-5.524193548387101
-9.04822876653863
12.623181604880344
0
-0.20833333333333628
-7.515657620041757
4.018058690744923
4.123263888888886
2.084201750729471
0
-0.36749693752552004
-1.8442622950819645
0.626304801670155
0
-3.1950207468879794
7.115302186026576
-0.5602240896358425
2.0120724346076457
-2.2090729783037566
0
2.016942315449778
-6.880189798339258
3.2271762208067853
6.129164952694373
0.15503875968991918
-3.6377708978328225
3.61445783132531
-8.4108527131783
6.136267456622935
-0.31897926634768065
-3
6.185567010309279
-5.0485436893203905
0
4.662576687116567
-5.041031652989446
3.0864197530864197
3.792415169660676
0.4230769230769209
2.029873611643053
-0.22522522522523375
-1.1286681715575515
-0.11415525114155683
0
-2.819047619047613
0.9408075264602055
-1.7864077669902945
3.4400948991696363
0.11467889908257316
0
-0.15273004963727643
-0.19120458891012299
-0.7662835249042254
-3.4749034749034697
2
0
0
-1.9607843137254901
1.9599999999999937
0
1.9615535504119264
-3.770681031165821
1.9992003198720512
5.60564484515876
-6.198960653303644
2.45350217649387
-0.5793742757821635
0.03885003885004493
-3.6893203883495116
0
-0.8467741935483906
3.4566897112647474
-3.6556603773584895
0.4079967360261031
2.3161316537992698
0.2779984114376501
-2.851485148514847
10.069302894414998
-5.629629629629627
1.8445839874411258
-4.8554913294797615
