0
2.027027027027027
-10.331125827814567
6.351550960118164
-8.958333333333336
6.788710907704047
-1.7142857142857184
-5.595930232558132
0.8468052347959925
9.389312977099245
-7.32728541521284
3.9156626506024006
-1.3043478260869648
-5.4331864904551965
3.726708074534148
4.7155688622754575
-2.5017869907076484
0
-0.4398826979472099
3.0927835051546304
0
2.857142857142857
-0.27777777777778173
0.0696378830083526
0.8350730688935402
-0.6211180124223642
2.2222222222222143
2.0380434782608696
-4.127829560585878
0
-2.638888888888897
2.7104136947218342
4.375000000000008
-1.6633399866932799
-0.20297699594046775
0.3389830508474576
-7.229729729729722
4.7341587764020385
-1.5994436717663498
1.7667844522968197
8.055555555555552
9.640102827763496
-3.4583821805392767
2.0036429872495516
0.47619047619048294
2.0142180094786593
-4.355400696864112
-5.03946569520339
4.2838874680306835
4.230533415082775
-7.764705882352935
0.7653061224489723
-4.113924050632911
2.9702970297029703
-3.5897435897435863
5.984042553191489
-2.697616060225854
-0.7092198581560247
4.350649350649343
-5.4138145612943305
2.565789473684214
1.347017318794095
-5.69620253164557
0.6711409395973155
-1.3333333333333333
6.689189189189193
-0.06333122229258664
0
-7.477820025348549
9.58904109589041
-3.1874999999999964
-7.8114912846998035
5.882352941176454
-0.13227513227512477
5.695364238410592
0.2506265664160437
6.125000000000007
-1.0600706713780985
-4.940476190476197
3.819661865998762
-6.51387213510254
7.096774193548387
0
0
1.0843373493975972
-3.0393325387366046
8.051628764597433
1.251422070534692
-5.617977528089888
0
2.440476190476187
1.1040092969203985
0.3448275862068933
4.8109965635738865
5.792349726775954
15.702479338842979
-8.883928571428573
7.741303282704562
-20.964074579354246
9.32105868814729
-1.0526315789473684
0
2.4468085106382946
-0.25960539979231567
2.758979698073926
1.3171225937183355
2.299999999999997
0.04887585532746545
8.402540302882276
1.8476791347453783
17.78761061946902
4.432757325319313
5.323741007194249
5.874316939890706
3.870967741935484
7.142857142857143
-1.7101449275362253
3.03745207903272
1.8317115054379034
-4.974704890387855
0.44365572315882873
2.002355712603049
-6.841801385681291
-4.989154013015174
0
-4.99021526418787
0
0
-2.5060075523515315
-0.03521126760564181
2.4656569214512154
2.4407012719147554
-0.033557046979873405
0
-0.6377979187646785
-5.0000000000000036
0
-4.623044096728307
-0.37285607755406414
-4.491017964071856
-0.4702194357366727
-4.645669291338587
8.587943848059458
-2.8897338403041806
5.638214565387629
3.7435137138621073
-1.7506252232940256
0
4.945454545454553
4.989604989604981
-4.323432343234331
4.967230079337715
-0.7558330594807793
-1.9867549668874172
1.3513513513513513
-4.933333333333337
9.747545582047689
-4.984025559105438
0.20174848688635602
-4.966442953020138
8.333333333333341
4.465449804432851
-8.892355694227769
1.9863013698630176
-3.2907991940899968
-4.513888888888889
1.3090909090909173
-4.917444364680562
2.114005285013221
-4.621072088724584
5.116279069767438
-3.244837758112099
0.6097560975609844
3.409090909090909
-7.912087912087911
-4.932378679395388
5.439330543933054
-4.5238095238095255
1.5378221113882033
-4.871060171919773
6.454388984509467
-4.931285367825391
2.0833333333333357
0.7913369429404439
4.049586776859509
-4.84511517077046
1.8781302170283807
-4.301515772224498
7.0205479452054815
-4.720000000000004
8.144416456759041
-4.464285714285724
9.101991060544496
-4.655493482309125
1.4843750000000044
-4.503464203233263
0.6045949214026602
-4.126602564102557
1.2118679481821886
3.0140379851362558
0.5210420841683412
2.033492822966505
1.0941774130519668
0
-4.909161190568222
-4.67479674796748
2.388059701492535
-3.2069970845481004
1.2048192771084263
4.931972789115656
0.04051863857374162
4.900769542324826
0.07722007722007283
4.976851851851865
0
4.998162440279296
0
4.970248512425617
0
4.968322774258098
0
4.987293519695041
0
4.689863842662632
-0.43352601156069365
-3.0478955007256894
8.293413173652691
4.976499861763893
0
4.977613905715048
0
4.992473657802302
0
4.99402628434886
-6.759217114246698
-1.098364657066146
-3.5784797630799607
-3.9416432045047296
-1.092459365840667
-4.094827586206893
2.3876404494382024
0.6858710562414266
-3.6239782016348805
-3.845066440486278
0.6468685680682118
-3.30119777972539
1.9637462235649548
-4.148148148148148
9.520865533230296
3.3022861981371685
-1.4480874316939922
-2.9664541169947296
4.085714285714289
-3.074389239637658
-1.8691588785046793
4.761904761904762
-9.311294765840223
4.25273390036452
-8.857808857808852
-4.635549872122762
2.547770700636931
-3.236351748937554
2.83783783783783
-0.7227332457292999
1.12508272667109
-3.14136125654451
0.3716216216216293
-1.7165937394816635
-2.0890410958904186
-2.65827212311996
2.515271289974847
-3.1896249561864782
3.8740043446777657
-1.6382014639247087
6.73281360737066
3.585657370517932
1.2820512820512822
3.0696202531645533
1.8728891618053494
2.4713682941531006
2.4411764705882386
4.507608383577373
0.46703296703296393
4.976756904566582
0
3.021620213597297
1.8963337547408343
3.374689826302735
1.5602496399423906
4.987000709052225
0
4.997748761818999
0
4.995711835334479
0
4.982642434143361
0
2.6648511962653045
2.065176203107255
3.5826990904028126
1.2544802867383513
3.3628318584070795
1.0616438356164462
-0.7793968146391091
1.3490437158469906
-0.2527379949452401
-2.888513513513517
-3.28752826578535
1.5287769784172662
4.1629760850310005
-1.3605442176870748
2.2413793103448274
-5.767284991568305
-4.795991410164631
4.342105263157899
-4.845973698432711
8.38697463082165
3.056768558951965
-2.1525423728813635
-2.130608002771515
2.584070796460181
-0.10351966873706396
-0.829015544041443
2.002786485545106
-2.5781116612600345
-0.9463722397476301
2.2646850672328296
0
-0.5190311418685121
0.5043478260869526
1.4016265789929094
2.0307167235494843
-4.683057367452752
-1.7371468678715525
-0.9107142857142898
0.9190845197332894
0.07142857142856737
-0.07137758743754055
-2.9642857142857184
4.821494295178514
0.1580056179775241
3.488168273444343
-0.8299457994579907
-1.8958155422715666
2.0717270194986033
-1.0745352208766765
1.706896551724134
-2.7631802000338963
-2.092050209205021
-0.14245014245015458
-1.8723252496433667
-1.871706341995267
3.6481481481481564
-1.9653385742361977
2.80663386185529
0.6204573657152986
-2.818886539816772
2.9731689630166747
1.1971830985915413
0.8350730688935402
0.7591442374051031
-0.7191780821917886
2.086926526388414
1.3515796587261362
3.000500083347225
3.7384690079300897
1.201248049922004
4.825034684754116
0.16176470588235628
4.991924827484951
-0.12585652356313484
2.198263791654989
2.740101383751199
4.987331644219227
0
0.3429442398069409
4.632911392405066
1.8630534720541951
1.8646080760095065
-1.8304768567098104
-3.218527315914492
-4.7735918517609495
5.592783505154637
-4.198193800341711
-0.8280254777070064
-4.688503532434169
-0.3234501347708864
-3.934559221200652
-1.0978184377199092
-4.995019211612355
10.125823846614741
0.6528835690968382
3.7837837837837838
0
1.523437500000006
0.03847633705270675
3.8461538461538463
3.7037037037037037
0.5357142857142857
3.966844286560095
-3.234624145785874
2.8719397363465133
1.041189931350117
0
-2.570490318197265
-0.9646675964667544
-3.544184954817515
3.4189074096605454
0.058823529411764705
3.4567901234567873
0.4545971133083305
2.5002828374250505
1.1037527593818985
-2.8384279475982535
3.4269662921348316
1.5100488864747394
-0.181934931506842
1.425967620885596
-1.818181818181823
-4.1774332472006845
1.3595505617977555
4.8331670546502625
-1.871629480807872
2.586206896551724
-2.0798319327731045
0.1930916112422178
0.6209850107066333
0.4469035965099006
-0.33898305084746244
-2.200255102040809
2.5975437452450794
0.211864406779661
-1.8921775898520061
-0.010774701002049643
-0.8836206896551773
2.8267014568384434
-3.689997885388029
-1.174662421780649
-0.9553432570539905
0.4934948407357534
-3.5714285714285716
-1.0416666666666667
-3.321637426900582
3.2784902008226497
-0.45683495373082944
2.377029889385743
2.5517241379310396
3.9901367406411015
-5.971114464324206
2.922971114167813
-5.134202026951779
4.472880957971357
-0.1123721766490617
-2.767465406682419
2.4644220756681787
-0.6323396567299032
0.7272727272727247
2.651173285198556
-1.780415430267055
3.3903994629070104
-1.2987012987012987
2.412280701754386
-0.8672376873661695
0.8532238902689251
-1.5099593060612455
3.2510601283027047
-1.2320977253580503
-0.09595905746881088
0.32017075773745995
-4.978723404255314
5.239587998208682
0.425531914893617
-0.635593220338983
0.21321961620469082
-0.2127659574468085
