-7.799767171129222
-47.601010101010104
0
1.2048192771084338
3.33333333333333
4.1474654377880285
-7.964601769911506
-4.8076923076923075
6.818181818181807
4.0189125295508346
0.454545454545461
4.751131221719444
-4.535637149028066
1.809954751131215
-4.444444444444445
-4.1860465116279
-0.7281553398058356
-4.88997555012225
1.028277634961436
-2.035623409669204
-2.8571428571428608
4.545454545454553
0.25575447570332843
4.8469387755102
0
4.13625304136252
0.7009345794392623
3.9443155452436094
0.8928571428571556
4.646017699115031
0.21141649048626093
-4.85232067510548
0
-4.878048780487811
10.256410256410254
-4.862579281183927
5.555555555555555
3.1578947368421053
-6.122448979591836
2.1739130434782608
-4.25531914893617
1.1111111111111112
3.7362637362637425
4.661016949152533
-0.6072874493927068
-0.20366598778004363
0.816326530612242
-4.048582995951417
3.1645569620253164
-4.703476482617582
4.7210300429184455
2.0491803278688527
1.6064257028112536
-4.743083003952567
2.4896265560165887
0.40485829959514746
-0.2016129032258093
1.0101010101010102
0.7999999999999972
-4.761904761904759
2.0833333333333335
3.061224489795918
1.7821782178217793
2.7237354085603087
-5.6818181818181825
2.0080321285140563
-1.3779527559055036
-2.9940119760479043
0.617283950617278
-1.8404907975460094
-2.2916666666666696
0.8528784648187603
-3.805496828752637
7.6923076923076925
-11.020408163265303
7.568807339449535
2.1321961620469083
0.41753653444677
0.6237006237006177
7.231404958677686
-4.8169556840077075
0.40485829959514746
-6.451612903225812
3.448275862068969
-4.791666666666661
-0.6564551422319568
3.0837004405286312
-0.4273504273504183
-0.8583690987124433
-1.2987012987013018
-0.21929824561403818
-3.2967032967032965
0
-3.1818181818181785
6.807511737089199
4.6153846153846185
-6.302521008403361
-3.587443946188344
4.1860465116279
-3.348214285714286
4.3879907621247245
3.0973451327433597
-3.862660944206018
-2.901785714285708
5.517241379310342
4.575163398692814
-7.708333333333339
8.12641083521445
-7.098121085594987
-0.8988764044943788
-1.1337868480725624
0.9174311926605472
0
-0.9090909090909058
0.6880733944954063
-1.1389521640091116
1.6129032258064582
-0.22675736961451567
0
4.318181818181815
-5.446623093681917
-2.5345622119815703
3.7825059101654883
1.3667425968109372
-3.3707865168539324
-1.3953488372093057
1.8867924528301987
-1.3888888888888922
0.9389671361502314
2.09302325581395
-1.3667425968109372
0
-2.5404157043879776
4.028436018957335
-2.505694760820049
1.8691588785046829
-2.0642201834862353
-3.278688524590177
-0.7263922518159738
5.365853658536592
-7.638888888888899
5.263157894736846
-3.809523809523813
6.435643564356439
-0.9302325581395315
2.112676056338025
-6.206896551724144
-1.4705882352941038
1.7412935323382976
-1.9559902200488928
1.745635910224428
1.715686274509811
-0.4819277108433803
-2.9055690072639124
7.231920199501244
0.46511627906977404
-4.166666666666676
6.038647342995169
-9.339407744874718
3.0150753768844294
-5.121951219512199
6.940874035989725
-3.605769230769231
0
-1.9950124688279407
0
-0.763358778625947
2.051282051282044
-4.773869346733665
4.485488126649084
-2.7777777777777812
7.272727272727265
-3.1476997578692427
6.999999999999993
-3.9719626168224202
0.7299270072992632
-4.347826086956515
-1.7676767676767748
3.34190231362469
0.9950248756218869
0
3.4482758620689618
-4.52380952380952
-2.244389027431418
4.8469387755102
1.2165450121654502
-4.8076923076923075
-2.020202020202031
1.5463917525773234
-0.25380710659898836
-2.798982188295151
-0.5235602094240912
-0.5263157894736917
-1.8518518518518408
4.312668463611863
-3.875968992248062
2.4193548387096735
2.887139107611552
-2.295918367346953
0.2610966057441291
3.385416666666678
3.022670025188906
-7.090464547677259
2.894736842105267
-3.324808184143233
-1.8518518518518408
4.8517520215633345
1.542416452442163
3.7974683544303796
2.92682926829269
-3.0805687203791567
2.200488997555009
1.4354066985645968
1.8867924528301987
-6.712962962962976
-1.9851116625310106
1.7721518987341844
2.7363184079601846
-0.4842615012106435
2.1897810218978067
0
2.857142857142864
-7.407407407407414
-3.249999999999993
2.0671834625322925
2.025316455696195
-0.9925558312655053
-1.2531328320802007
-0.7614213197969472
0.25575447570332843
1.5306122448979447
5.025125628140704
-2.6315789473684075
-3.4398034398034536
1.781170483460567
1.999999999999993
-1.7156862745097936
2.9925187032418847
-3.6319612590799033
1.005025125628155
-0.7462686567164285
0
-0.7518796992481132
1.0101010101010064
1.25
-0.9876543209876508
0.2493765586034948
1.9900497512437738
-2.195121951219509
1.2468827930174564
1.7241379310344722
1.6949152542372952
-1.1904761904761905
2.1686746987951775
-6.603773584905654
0
-3.0303030303030374
4.1666666666666705
-4.499999999999993
-3.14136125654451
3.7837837837837798
3.90625
0.2506265664160437
3.000000000000007
-3.398058252427198
-0.5025125628140596
2.272727272727269
0
-1.9753086419753016
-3.022670025188924
2.337662337662334
3.8071065989847717
-2.933985330073339
-1.2594458438287153
1.0204081632653024
4.545454545454538
-2.1739130434782576
1.481481481481485
-2.6763990267639937
3.000000000000007
-5.339805825242725
-0.769230769230762
3.3591731266149796
-3.249999999999993
2.3255813953488333
0
-2.525252525252525
0
14.76683937823833
1.3544018058690779
1.7817371937639295
-2.8446389496717814
3.6036036036036068
0.8695652173913012
6.249999999999997
2.636916835699806
16.798418972332016
1.522842639593906
-1.8333333333333357
-6.6213921901527995
9.636363636363631
1.1608623548922103
1.8032786885245924
-0.1610305958132068
-0.16129032258064746
0
-3.0694668820678492
0.6666666666666643
-1.9867549668874103
2.8716216216216144
0.8210180623973727
0.9771986970684062
1.9354838709677464
1.107594936708854
2.660406885758992
0
-1.3719512195121824
0.30911901081916976
0.30816640986130756
3.225806451612917
0.14880952380951534
-1.9316493313521503
-1.5151515151515151
-4.153846153846159
5.617977528089888
-2.2796352583586628
1.866251944012446
-3.664122137404578
0.7923930269413629
0.6289308176100606
2.187500000000009
0.3058103975534994
-2.439024390243894
-1.0937500000000044
6.161137440758303
0
4.315476190476177
0
2.7104136947218342
3.888888888888885
-1.0695187165775364
-1.8918918918918997
1.9283746556473909
3.243243243243251
-3.14136125654451
0.6756756756756757
-1.4765100671140863
-1.7711171662125493
4.715672676837734
3.8410596026490142
-4.4642857142857135
-2.403204272363166
0.7660738714090319
-1.9820798262286097
-0.47091412742382743
4.341775674923468
-0.8535609495865571
-1.5334947538337376
2.459016393442619
2.6400000000000055
-1.7147310989867592
-2.987047316944212
2.4250681198910096
2.3144453312051008
-0.05200208008321146
0.9365244536940672
-3.298969072164933
-0.05330490405118104
-3.6533333333333267
3.6257957376141574
0.9081196581196673
-4.579142403388047
2.63522884882109
-2.9459459459459554
3.787245892509069
-1.931848671854054
-3.1190150478796186
-0.2824060999717434
-2.2373265363919543
2.3754345307068374
2.546689303904919
4.44260485651214
-3.1439894319683086
1.22749590834698
-0.7275666936135705
0.43431053203039244
-1.9729729729729646
-0.8547008547008609
-4.171301446051168
-3.772489843296588
0.9951749095295701
0
2.896386981188411
-1.189785258270469
-2.6138032305433208
2.201447527141146
-0.38359398052523624
0
3.7618483412322368
-2.940336854125039
3.5882352941176436
2.6689381033503627
-1.8252212389380438
-2.816901408450704
2.5507246376811668
0.3674392312040572
0.8729935229512877
-2.2892238972640993
1.2857142857142938
1.8335684062059197
-0.47091412742382743
-2.0595602560534427
0.14208581983519258
0
-0.6810442678774177
-2.11428571428572
0.70052539404554
3.333333333333329
-0.22440392706871892
-0.3654765251616603
2.313769751693003
-2.4820739106453353
2.3472850678732984
0.8289582757667983
-1.342833653055637
4.527777777777785
-4.464522986978474
1.5299026425591018
-2.1917808219178005
0.4481792717086739
-0.8087005019520334
-0.3654765251616603
0.7336343115124299
-3.165266106442584
3.2687301128145867
0.028011204481787143
0.4760571268552274
-1.031215161649957
-1.5206983948183588
-0.7720903631684187
1.4985590778097866
0.1703577512776896
0.6235827664399061
-0.16901408450704866
1.185101580135445
-0.11154489682096806
1.3400335008375122
4.24242424242426
-5.10042283298099
0.41771094402674935
9.539656128674425
0.12658227848100545
1.491782553729465
4.45939212755356
-11.853088480801333
0.05411255411254334
-2.7041644131963225
2.251250694830468
-2.582223430279956
0
-0.6417410714285825
2.330805953383876
-0.7409440175631066
1.0782416367155117
0.7932166301969341
-3.527815468113987
2.6722925457102753
1.041095890410966
-2.060737527114981
-2.325581395348827
4.903628117913823
-0.13509862199404798
-0.48701298701298623
0.21750951604132215
0.02712967986977214
