0
-4.482758620689651
0
4.693140794223823
0
4.827586206896556
0
4.934210526315787
0
4.702194357366769
0
4.790419161676652
0
4.857142857142855
0
4.90463215258856
0
4.935064935064933
0
4.950495049504955
0
4.952830188679244
0
4.943820224719095
0
4.925053533190587
0
4.897959183673455
0
4.863813229571985
0
4.823747680890551
0
4.955752212389369
0
4.890387858347387
0
4.983922829582002
0
4.900459418070435
0
4.963503649635047
0
4.867872044506253
0
4.90716180371353
0
4.930467762326177
0
4.939759036144579
0
4.93685419058553
0
4.923413566739598
0
4.90093847758082
0
4.970178926441352
0
4.92424242424242
0
4.963898916967516
0
4.987102321582116
0
4.995904995904991
0
4.992199687987524
0
4.977711738484398
0
4.953998584571828
0
4.989885367498316
0
4.945407835581243
0
4.95716034271725
0
4.956268221574352
0
4.999999999999992
0
4.973544973544981
0
4.989919354838702
0
4.896783485357672
0
4.805491990846669
0
4.803493449781666
0
4.999999999999997
0
4.9603174603174605
0
4.914933837429114
0
4.86486486486487
0
4.982817869415805
0
4.909983633387878
0
4.992199687987524
0
4.903417533432388
0
4.957507082152975
0
4.993252361673418
0
4.884318766066834
0
4.901960784313726
0
4.90654205607477
0
4.899777282850786
0
4.989384288747349
0
4.954499494438818
0
-4.913294797687856
0
-4.964539007092204
0
-4.9040511727078835
0
-4.932735426008975
0
-4.952830188679249
0
-4.962779156327544
0
-4.960835509138378
0
-4.945054945054937
0
-4.913294797687869
0
-4.863221884498474
0
-4.952076677316295
0
-4.873949579831931
0
-4.946996466431103
0
1.6728624535316092
3.1078610603290597
4.964539007092207
0
4.8986486486486465
0
4.9919484702093415
0
4.907975460122704
0
4.970760233918115
0
4.874651810584958
0
4.913678618857905
0
4.9367088607595
0
3.715319662243665
-1.3956734124214967
4.718093890068412
-5.4967334985357015
-2.2646007151370746
-2.7804878048780504
-4.9924736578023134
6.07340903089518
4.30669653970624
0.644391408114566
2.4899217453165687
2.4062933826931956
0
-4.8802530501581485
-4.988123515439433
3.3000000000000007
1.403678606001932
-1.0978520286396203
2.075289575289574
2.86052009456265
4.918409561020456
0.06571741511500796
0
3.9404553415061234
4.254422914911548
0.70707070707071
0.30090270812437026
-4.459999999999994
-1.6118903077245197
6.702127659574466
0
-0.19940179461615437
-1.318681318681312
-0.5871633933994719
-4.989816700611003
0
4.994640943193994
-8.96284197631685
4.283471630410398
-4.516129032258068
4.954954954954961
-5.321888412017175
4.827742520398918
0.15135135135135197
4.922279792746116
0.06172839506173073
4.4622660908903855
0.5118110236220573
4.974539757148451
0.018656716417906734
-4.999067338183175
10.406440212055758
4.659434465587773
0.322854715378076
-0.4065040650406538
5.425170068027219
-4.984674947572194
10.492359932088286
4.993853718500308
0
-0.7756475925654926
5.81120943952802
4.112071368831897
0.8434864104967137
2.0977164099840846
2.808842652795834
-4.249936756893498
9.65653896961691
4.999397662932166
-0.9866911427260205
0.17381228273465318
4.511278195488712
4.316546762589935
-1.2944297082228104
-0.5697086961195326
-4.454054054054059
-4.989816700610994
3.763248779325946
4.441638930333989
0.2417582417582405
0
2.071914053935541
-4.994093008269795
0
-4.521817770743839
4.00189438787593
-4.257741347905292
0.16646848989298524
-3.311965811965803
-1.6820135052179306
-4.9950049950049955
10.3180862250263
4.980340760157265
-0.45397798206787615
-3.6597879375213704
-1.3846153846153866
-4.992199687987515
2.0714917266641413
4.566266551169407
-5.349112426035498
3.7134283570892705
-1.0729355033152508
4.496709724591759
-2.938775510204077
-1.9584284512795982
5.526960784313732
-0.6967831842991457
-3.6019179043386718
-2.4626956205265085
6.218905472636815
-1.990632318501174
2.2222222222222214
-1.8232819074333826
0.952380952380949
2.5943396226415127
-1.735632183908052
3.9887706164463808
-4.949381327334089
4.1420118343195265
-3.840909090909086
2.0444339399668987
-3.2657788071800735
0
-3.0887106428827944
