-0.4228329809725069
0
-8.563340410474174
-0.15479876160990383
8.294573643410855
0
0
-6.87186828919113
7.609531129900079
6.071428571428569
-10.774410774410773
0
1.1320754716981158
-8.955223880597023
2.459016393442629
0
6.799999999999998
-5.617977528089888
-0.07936507936507768
0
9.531374106433672
5.076142131979704
-12.284334023464455
9.5987411487018
-0.5743000717875095
6.425992779783398
0
-1.085481682496609
-5.692729766803841
-8.945454545454549
-0.71884984025559
9.171359613837495
-4.200442151805455
7.999999999999994
-1.99430199430199
9.011627906976747
-10
-0.0740740740740725
-0.07412898443291169
0
-0.29673590504451725
-9.895833333333334
7.349298100743193
-1.1538461538461566
1.9455252918287937
6.717557251908404
-7.010014306151648
-6.923076923076925
14.462809917355372
4.0433212996389924
-12.005551700208192
-0.6309148264984233
2.301587301587309
0
-0.853374709076813
0.9389671361502425
-0.3875968992248117
0.7782101167315147
-6.872586872586864
-6.633499170812609
11.456483126110133
-1.99203187250996
-7.804878048780494
-3.880070546737209
2.0183486238532007
9.53237410071943
-8.210180623973727
6.797853309481214
-0.6700167504187611
9.612141652613833
-12.61538461538462
9.154929577464797
-8.870967741935482
2.2123893805309733
3.89610389610389
-0.3333333333333262
-0.08361204013379232
-5.439330543933043
-2.566371681415937
1.7257039055404133
0.4464285714285778
0
0.6222222222222248
0.7067137809187285
-0.08771929824561216
-0.08779631255487082
-2.284710017574706
1.5287769784172656
-5.225863596102745
2.336448598130841
-4.109589041095885
4.4761904761904825
-0.7292616226071109
-3.581267217630859
0.6666666666666694
-0.09460737937558927
0.47348484848483835
3.5815268614514686
-2.18380345768881
-5.395348837209303
8.259587020648967
0
-1.1807447774750137
0
1.5624999999999993
9.954751131221716
0
0
-0.49382716049383124
-0.7444168734491303
-4.833333333333334
0
8.581436077057797
-3.225806451612906
-0.8333333333333304
5.042016806722686
-0.23999999999999488
8.259823576583797
-7.259259259259262
-0.1597444089456835
5.200000000000002
6.463878326996196
-2.4285714285714275
-0.07320644216690912
-4.542124542124549
0
2.5326170376055264
9.955089820359282
-2.791014295439075
0
-2.030812324929966
-4.574696211579703
0.8239700374531926
-0.965824665676083
-1.8004501125281336
0
6.340718105423988
0.5747126436781614
-3.5714285714285716
5.555555555555555
-2.0350877192982395
-1.8624641833811
-6.0583941605839415
4.584304584304597
-2.0802377414561746
2.0485584218512867
1.4126394052044706
-0.9530791788856362
3.626943005181349
3.5714285714285716
-1.0344827586206922
-2.4390243902439
0
0
3.6428571428571415
1.309441764300479
-6.938775510204079
-3.1432748538011674
5.660377358490566
0
0
5.857142857142859
-6.207827260458839
-0.7194244604316521
1.4492753623188352
0
-4.571428571428576
0
0
0
-2.6197604790419136
0.07686395080706984
0.23041474654378755
7.203065134099612
0
-7.005003573981418
1.5372790161414378
2.1953065859197514
-2.1481481481481417
2.1196063588190714
-2.81690140845071
-0.7627765064835976
4.996156802459649
9.809663250366032
-8.66666666666667
-2.7737226277372193
-2.4024024024024047
0.3846153846153901
0
0
1.5325670498084236
0
-3.6226415094339655
-0.07830853563038205
-1.0971786833855843
0.633914421553091
4.251968503937015
0
5.664652567975831
-3.502501786990709
8
4.526748971193417
-11.089238845144353
4.8708487084870855
3.94088669950738
-0.7447528774542954
8.049113233287857
1.6414141414141512
2.919254658385086
3.1985515992758065
-1.286549707602353
0.23696682464456578
-6.4420803782506
-0.37902716361339545
-0.6975269499048791
-3.8314176245210705
9.628154050464815
2.907328891580841
-5.709240729841077
-0.12484394506866152
-3.874999999999995
-5.656697009102737
0.2067539627842823
4.539202200825311
-4.539473684210523
3.101309441764308
-3.0748663101604334
0
-2.758620689655175
6.241134751773056
-0.6008010680907867
5.775688381464065
-5.26984126984127
0
3.4182305630026795
-1.4906027219701907
1.9736842105263206
-6.38709677419355
1.6540317022742952
-1.694915254237288
0.6896551724137907
6.164383561643838
1.741935483870965
1.458465440710212
-1.2499999999999956
1.265822784810122
-3.0625000000000013
3.1592520954223096
-0.187499999999996
3.3187226048841536
-0.6060606060606146
0
-0.4268292682926847
-7.77709736680954
1.7928286852589612
6.9145466405740414
-0.9762050030506415
0.7393715341959396
-10.275229357798173
2.9993183367416463
4.367968232958307
-2.9803424223208554
4.313725490196079
-5.388471177944869
5.2317880794702045
-4.971680302076783
-2.119205298013247
1.488497970230045
0
3.266666666666668
0.9683666881859286
7.736572890025581
-7.299703264094968
6.594110115236872
-4.264264264264259
-0.25094102885821296
-8.17610062893082
-2.054794520547938
7.9020979020978945
7.258587167854835
-3.806646525679763
4.899497487437182
4.790419161676652
7.4285714285714315
2.393617021276592
9.974025974025983
0
4.9598488427019225
0
4.995499549954993
0
4.972138876982427
0
4.981625153123734
0
4.978607545702052
0
4.964801778436458
0
4.977056124249912
0
4.976462676529928
0
4.996796925048054
0
4.972544234289186
-4.620749782040094
-4.936014625228522
-0.06410256410256274
-4.9711353431687
0
-4.994937563280461
8.525754884547078
-4.909983633387888
2.237521514629943
-4.882154882154881
0
4.247787610619467
-8.658743633276742
-1.858736059479554
6.250000000000009
-1.9607843137254928
-1.0909090909090935
-3.6764705882352944
3.816793893129771
-4.044117647058815
1.3409961685823673
-4.914933837429114
0.9940357852882704
-4.330708661417314
0.823045267489709
-0.20408163265306412
0.2044989775051154
0.20408163265306412
-2.6476578411405383
-2.5104602510460166
5.364806866952789
0
4.887983706720974
3.883495145631068
0.9345794392523364
5.000000000000005
0
4.938271604938266
0
4.873949579831931
0
4.96794871794872
-9.007633587786257
-4.865771812080535
1.9400352733685966
3.737024221453294
-4.969979986657778
-3.4749034749034697
6.872727272727275
3.742769649540653
-3.542144965562474
4.386263175790544
-0.22801302931596185
-3.5259549461312383
-1.455160744500845
-3.468406593406599
8.75133404482391
4.97219496238143
-2.1502025553131965
-0.15923566878979986
-4.784688995215311
0.5025125628140655
-5.466666666666669
2.186177715091682
-5.072463768115938
-2.035623409669219
6.4935064935064934
0.5923344947735251
-3.740907516453072
-4.965815041381788
1.4009844755774365
0
-4.555638536221069
-1.9953051643192412
5.508982035928139
4.615966704502455
-3.327305605786612
-3.8533482977927465
8.054474708171208
0
-4.969391429600284
-4.964001515725662
8.333333333333348
-1.9138755980861357
6.941838649155728
0
4.000000000000002
-2.4966261808367136
3.0449826989619466
1.9476158495634597
0.8893280632411054
4.995102840352589
-7.338308457711431
-4.966442953020136
8.156779661016945
9.957557949722496
-4.691211401425173
2.024922118380058
-2.8091603053435166
6.346214263273652
-7.828655834564261
1.3461538461538516
-1.9607843137254932
7.7419354838709635
-9.22155688622754
5.375989445910286
-4.694835680751174
4.729064039408871
-10.536218250235182
8.131791097090783
-3.079416531604547
0
-5.317725752508362
9.43129636170965
0.4841833440929586
-9.380019274012202
7.19602977667493
7.04365079365079
-4.108742662959526
-9.761597938144323
12.388432702606208
0.06353240152477628
-1.4920634920634885
9.087979374798582
-8.419497784342692
2.5806451612903247
-7.798742138364782
-1.0914051841746257
0
0.034482758620695046
0.5170630816959619
1.2002743484225014
-1.6943409013893596
2.895553257497414
-0.5025125628140775
9.898989898989903
-10.998774509803921
2.065404475043022
3.4401349072512755
0
0.3586566677535032
3.9311241065626943
-3.094717099093462
-2.548387096774191
5.594174114531604
-3.448275862068959
-1.3311688311688317
7.93024021059558
-4.725609756097553
-7.1039999999999965
5.856011023079571
-4.393101204035149
5.479918311776717
0
0
-6.389157792836389
3.412616339193376
0
0.5666666666666723
4.4083526682134515
-5.650793650793655
-9.993270524899055
8.261682242990657
