-3.111111111111104
-7.798165137614695
-0.49751243781093474
2.499999999999991
7.317073170731725
9.999999999999988
0
9.50413223140496
-7.1698113207547145
7.723577235772355
-10.18867924528302
-2.941176470588229
-2.164502164502176
3.982300884955766
5.531914893617016
7.661290322580642
-5.2434456928839
4.743083003952574
-4.905660377358487
4.36507936507936
-4.942965779467677
0
-3.200000000000003
4.132231404958682
-5.158730158730155
-3.3472803347280364
3.4632034632034663
4.6025104602510405
-5.600000000000005
3.8135593220339112
-6.122448979591851
-2.173913043478253
0.8888888888888897
-0.4405286343612437
-3.5398230088495413
3.211009174311919
-3.111111111111104
0.9174311926605512
-4.090909090909104
6.16113744075831
-3.5714285714285743
2.3148148148148064
-4.524886877828059
-0.47393364928908943
-3.809523809523813
0
5.44554455445544
1.4084507042253638
-1.3888888888889004
2.8169014084507067
-5.936073059360726
5.3398058252427125
-4.147465437788012
2.4038461538461453
-3.2863849765258144
-1.4563106796116625
0.9852216748768483
1.951219512195124
-3.8277511961722523
0
-1.4925373134328264
5.050505050505055
-3.8461538461538494
0
0.49999999999998934
9.950248756218915
-12.669683257918553
0.5181347150259072
9.278350515463925
4.7169811320754755
14.414414414414408
14.173228346456687
4.827586206896556
3.6184210526315748
-11.111111111111114
-6.071428571428569
10.26615969581749
0
-2.4137931034482705
1.7667844522968135
-0.3472222222222148
0
-1.7421602787456538
2.1276595744680873
-1.3888888888888902
2.1126760563380302
-4.482758620689651
2.8880866425992804
-4.561403508771926
3.6764705882352806
-4.609929078014181
1.8587360594795639
-6.5693430656934355
3.5156249999999942
-1.886792452830182
0
9.999999999999991
1.0489510489510576
-3.114186851211083
5.35714285714287
-6.7796610169491585
0
2.5454545454545396
-2.4822695035460938
0.727272727272728
0.7220216606498201
1.4336917562724028
2.473498233215542
-1.7241379310344767
1.7543859649122744
-3.103448275862064
1.0676156583629823
-1.4084507042253533
2.85714285714286
-2.43055555555555
3.202846975088963
-4.1379310344827624
3.5971223021582768
-6.944444444444435
3.731343283582076
-4.676258992805752
0
3.773584905660381
5.090909090909095
-4.1522491349481
4.693140794223823
-6.551724137931032
0
-2.583025830258297
-1.1363636363636458
-3.8314176245210763
-0.3984063745019836
-1.6000000000000014
-0.40650406504064174
1.6326530612244912
-1.2048192771084436
-8.536585365853657
0
3.111111111111104
-0.8620689655172422
-5.217391304347812
3.211009174311919
-1.3333333333333246
2.702702702702685
-1.7543859649122628
1.7857142857142674
7.89473684210527
3.2520325203252063
1.5748031496063006
1.5503875968992262
-1.5267175572519096
1.5503875968992262
-2.6717557251908506
-1.1764705882352866
1.1904761904761827
-1.9607843137254835
1.6000000000000014
3.5433070866141674
-1.1406844106463805
-3.0769230769230798
-2.380952380952383
-0.40650406504064174
0
4.0816326530612095
-3.13725490196077
3.2388663967611184
-4.705882352941163
-0.8230452674897126
-2.4896265560165998
-5.957446808510643
6.334841628959282
2.5531914893617045
2.0746887966804906
6.097560975609753
-2.2988505747126458
-1.9607843137254835
-1.6000000000000014
-0.40650406504064174
1.2244897959183594
-2.822580645161284
1.6597510373443998
2.0408163265306047
0.8000000000000007
4.761904761904766
-4.545454545454549
-1.984126984126977
2.429149797570834
2.371541501976287
-3.0888030888030915
-7.569721115537846
7.327586206896568
-1.6064257028112463
2.8571428571428505
4.36507936507936
-0.3802281368821212
1.9083969465648787
-3.7453183520599285
-2.334630350194555
1.992031872509971
1.1718749999999925
-0.3861003861003779
-1.1627906976744282
2.3529411764705905
-0.38314176245209913
-2.692307692307703
0
1.1857707509881523
1.9531249999999931
-4.214559386973176
1.999999999999993
-1.5686274509803937
3.187250996015939
-3.0888030888030915
-0.3984063745019836
-1.6000000000000014
-0.40650406504064174
0.8163265306122456
3.6437246963562693
-1.5625000000000013
2.380952380952383
0
9.30232558139534
-8.156028368794328
8.108108108108107
-1.42857142857143
4.347826086956526
12.15277777777778
-1.2383900928792582
-3.4482758620689618
2.2727272727272676
-4.761904761904759
2.666666666666669
-4.220779220779217
-4.745762711864411
4.62633451957295
-1.0204081632652995
4.810996563573872
1.639344262295091
-2.5806451612903247
0
1.3245033112582794
1.3071895424836613
-3.5483870967741895
2.341137123745814
-2.2875816993463998
2.006688963210689
-2.9508196721311433
4.729729729729734
-4.838709677419351
5.0847457627118615
-1.9354838709677435
1.9736842105263175
-2.9032258064516228
2.9900332225913724
-3.5483870967741895
0
-6.6889632107023465
2.1505376344086042
-10.526315789473694
1.176470588235304
8.139534883720929
7.1684587813620135
-3.678929765886298
3.8194444444444557
-3.3444816053511732
2.07612456747405
-2.372881355932213
-9.027777777777771
9.923664122137396
2.4305555555555656
2.0338983050847323
1.9933554817275767
0.32573289902280883
3.571428571428567
-6.269592476489019
2.006688963210689
-1.6393442622950762
3.333333333333336
-13.225806451612907
7.806691449814125
11.0344827586207
0.9316770186335342
-4.307692307692312
1.6077170418006517
7.594936708860752
5.588235294117645
5.571030640668529
3.166226912928763
15.601023017902799
9.955752212389385
0
4.828973843058354
4.798464491362764
6.4102564102564035
3.0981067125645545
-0.5008347245409056
-4.362416107382547
-4.912280701754391
0
-4.9815498154981475
0
-4.854368932038835
0
-4.897959183673473
0
-4.935622317596575
0
-4.966139954853268
0
-4.988123515439429
0
-5.000000000000004
0
-4.999999999999998
0
-4.986149584487527
10.49562682215743
-4.749340369393144
0.2770083102493139
-4.9723756906077385
0
-4.941860465116277
0
-4.892966360856273
7.395498392282959
3.2934131736527044
1.4492753623188352
2.85714285714286
-7.5
-4.804804804804809
3.78548895899054
3.039513677811553
1.7699115044247802
2.8985507246376705
1.971830985915501
4.972375690607727
0
4.736842105263162
0.251256281407041
4.761904761904749
0
0
-4.784688995215305
-4.773869346733666
6.068601583113444
0
-0.9950248756218805
0
-4.522613065326636
2.6315789473684235
-2.307692307692304
0.26246719160104426
-3.141361256544494
-2.4324324324324405
-1.3850415512465326
-1.4044943820224793
2.5641025641025728
3.8888888888888924
-2.139037433155082
0
1.36612021857923
2.4258760107816673
0.5263157894736847
-1.832460732984289
-1.3333333333333286
-1.8918918918918994
-2.754820936639121
1.133144475920681
-4.76190476190476
-1.764705882352943
0.5988023952095815
0
4.464285714285712
3.7037037037037135
-3.8461538461538494
0.571428571428572
-2.8409090909090935
-2.0467836257309897
-2.6865671641791136
2.760736196319028
-3.582089552238809
3.405572755417953
-3.293413173652691
3.405572755417953
-7.784431137724545
2.2727272727272676
-6.34920634920634
-1.6949152542372972
-3.103448275862064
2.1352313167259807
-6.968641114982584
4.494382022471914
0.3584229390680927
4.642857142857155
0.34129692832763775
4.761904761904766
0
4.870129870129867
0
3.7151702786377743
1.1940298507462697
5.014749262536871
4.494382022471914
8.333333333333334
-14.64019851116626
-6.395348837209295
14.906832298136646
0
-3.243243243243246
1.955307262569828
-4.931506849315061
-2.017291066282429
3.529411764705886
0.284090909090903
0
1.983002832861198
-3.8888888888888924
-5.491329479768784
2.140672782874613
4.491017964071867
-1.7191977077363911
2.0408163265306074
-2.571428571428567
-1.4662756598240547
2.6785714285714377
1.4492753623188352
-2.85714285714286
2.941176470588238
-0.8571428571428515
3.7463976945244926
-3.333333333333336
2.0114942528735584
-0.5633802816901414
4.532577903682724
-3.794037940379407
3.9436619718309895
-3.794037940379407
0
0.8450704225352184
1.955307262569828
4.931506849315072
2.872062663185375
-3.2994923857867993
-0.2624671916010559
-5.2631578947368345
0.555555555555556
-2.2099447513812174
0.8474576271186386
0.8403361344537885
4.166666666666664
-5.333333333333338
-0.8450704225352058
-3.6931818181818152
1.7699115044247802
0
2.8985507246376705
-3.661971830985913
0
-0.8771929824561346
3.2448377581120904
-7.428571428571423
2.7777777777777732
-3.3033033033032995
3.4161490683229774
-2.1021021021021107
1.226993865030676
1.5151515151515234
-1.7910447761194046
6.686930091185403
0
-1.7094017094016984
2.8985507246376705
-1.1267605633802829
2.2792022792022815
-1.6713091922005587
