-13.85767790262173
-0.43478260869564295
-7.86026200873363
-0.47393364928908943
10.476190476190464
9.051724137931034
0.7905138339920956
8.235294117647058
1.449275362318842
7.1428571428571495
-8.000000000000007
0
0
4.710144927536245
-2.07612456747405
0.7067137809187285
-4.210526315789477
0
0.7326007326007332
0
-2.5454545454545396
0
-1.119402985074636
0.3773584905660465
-1.8796992481203108
4.980842911877408
-5.1094890510948945
0
-1.5384615384615399
3.1250000000000027
-2.2727272727272747
0
-0.38759689922481516
2.334630350194555
-1.5209125475285186
2.7027027027027137
-3.3834586466165524
2.7237354085603225
-1.5151515151515165
-1.1538461538461633
0.7782101167315183
-0.3861003861003779
-1.5503875968992262
-1.181102362204734
1.992031872509971
4.687500000000004
-8.582089552238806
0
0.40816326530611374
1.6260162601626031
-4.800000000000004
0
-2.941176470588229
2.5974025974025996
-2.531645569620255
1.7316017316017331
2.1276595744680775
0
-3.7499999999999942
-2.5974025974025996
4.444444444444448
-2.127659574468096
1.7391304347826104
4.273504273504278
0.40983606557377994
4.0816326530612095
-4.313725490196074
4.50819672131147
-6.274509803921557
5.020920502092036
-5.577689243027876
0
2.1097046413502034
3.3057851239669453
-4.0000000000000036
4.1666666666666705
-4.800000000000004
4.621848739495812
-6.827309236947805
9.913793103448276
0
9.803921568627452
0
10.000000000000009
0
4.870129870129867
0
4.953560371517033
0
0
4.719764011799401
4.788732394366208
0
4.838709677419347
-9.230769230769228
-4.802259887005648
0
-4.74777448071217
0
-4.984423676012465
0.6557377049180334
-0.6514657980456032
5.573770491803291
4.968944099378873
-5.9171597633136015
-4.716981132075483
1.3201320132013215
0
-2.9315960912052073
-4.697986577181212
8.450704225352121
0.32467532467531773
1.618122977346287
-1.2738853503184724
6.129032258064513
4.8632218844984845
-2.318840579710147
2.077151335311568
-6.104651162790697
-4.953560371517033
2.2801302931596186
1.9108280254777086
-4.3750000000000036
4.575163398692815
-6.250000000000005
2.0000000000000018
2.2875816993463998
4.792332268370604
-6.707317073170724
2.6143790849673225
2.2292993630573195
4.984423676012465
-0.8902077151335385
0
-3.8922155688622726
4.984423676012465
-9.198813056379823
-4.901960784313722
4.123711340206174
2.31023102310232
-0.967741935483879
2.605863192182413
-4.761904761904759
1.6666666666666607
-1.9672131147540857
0
-4.347826086956533
-2.0979020979020997
6.7857142857143
0
3.6789297658862834
0.9677419354838647
-3.514376996805108
0
-1.986754966887419
-1.3513513513513526
-0.6849315068493157
-1.7241379310344767
2.4561403508771873
0
2.739726027397263
-4.3333333333333295
0.3484320557491215
-4.513888888888886
3.2727272727272676
-1.4084507042253533
5.000000000000004
3.7414965986394515
-3.934426229508186
3.754266211604091
-4.605263157894741
2.758620689655175
-2.3489932885905986
-0.34364261168385674
4.827586206896556
0.3289473684210456
2.9508196721311575
-1.2738853503184724
4.5161290322580685
3.0864197530864086
0.29940119760479733
-4.477611940298504
7.8125
0.2898550724637619
4.624277456647403
4.972375690607727
-3.9473684210526296
-0.8219178082191727
0.8287292817679504
0.27397260273973234
2.73224043715846
0
3.7234042553191524
0
0
-0.5128205128205133
0.7731958762886663
2.3017902813299194
1.4999999999999902
4.926108374384241
-0.7042253521126611
-4.964539007092219
0
-4.975124378109446
0
-4.973821989528794
0
-4.958677685950406
0
-1.4492753623188481
-3.2352941176470553
-4.8632218844984845
8.626198083067093
-2.05882352941176
0.30030030030029387
-0.8982035928143655
5.135951661631418
-0.8620689655172358
-1.1594202898550734
-3.2258064516129124
2.7272727272727364
2.654867256637164
-2.0114942528735584
-4.398826979472151
7.361963190184056
-1.4285714285714235
3.1884057971014457
2.5280898876404456
-4.109589041095888
1.4285714285714235
1.1267605633802829
4.456824512534823
-3.4666666666666637
1.933701657458559
-0.542005420054201
-2.9972752043596698
5.337078651685391
3.7333333333333365
-1.5424164524421606
-3.394255874673626
1.081081081081082
-1.069518716577541
-2.9729729729729817
2.7855153203342646
-6.233062330623306
-2.3121387283237014
2.0710059171597717
2.8985507246376705
-1.9718309859154886
0
0.8620689655172358
-0.28490028490027886
-0.28571428571427965
2.8653295128939726
-4.45682451253481
0.5830903790087468
-4.057971014492757
1.2084592145015116
-3.283582089552235
-4.320987654320991
9.35483870967742
1.7699115044247802
2.8985507246376705
-1.4084507042253471
5.428571428571426
0
-1.8970189701896976
1.657458563535913
-0.8152173913043546
4.109589041095888
-3.4210526315789447
2.1798365122615824
-1.3333333333333286
4.054054054054052
-3.896103896103894
1.081081081081082
-3.208556149732623
-2.4861878453038755
7.365439093484426
0
-4.749340369393144
1.6620498614958463
-5.9945504087193395
1.4492753623188352
2.85714285714286
4.7222222222222205
-2.9177718832891215
-1.3661202185792423
0.5540166204986154
-2.2038567493112966
1.690140845070424
-0.27700831024930156
0.8333333333333279
0.5509641873278242
-2.1917808219178103
2.2408963585434196
-2.739726027397263
-1.4084507042253471
-1.142857142857144
2.0231213872832323
-1.4164305949008449
2.0114942528735584
-3.0985915492957714
1.453488372093031
-2.865329512893985
0.29498525073745685
-3.529411764705886
1.8292682926829285
-0.8982035928143655
2.7190332326283944
-2.941176470588238
0
-2.1212121212121167
2.167182662538695
-1.8181818181818064
-4.0123456790123555
3.858520900321547
-3.7151702786377743
0.9646302250803939
4.777070063694264
3.3434650455927013
-1.1764705882352953
2.6785714285714377
0
-4.927536231884068
2.1341463414634236
-0.2985074626865741
-2.6946107784431095
-1.230769230769232
-0.3115264797507722
3.124999999999989
0
0
6.060606060606066
-1.9999999999999953
2.0408163265306074
-4.0000000000000036
-0.2976190476190413
2.3880597014925393
-0.8746355685131267
4.411764705882351
-4.225352112676054
-1.1764705882352953
-4.166666666666657
4.037267080745338
2.985074626865674
-2.8985507246376834
0
-4.1791044776119435
2.4922118380062326
-6.079027355623106
3.2362459546925595
6.269592476489034
3.2448377581120904
-4.285714285714283
0
1.1940298507462697
-5.014749262536871
3.1055900621117902
-2.108433734939754
1.538461538461533
0
4.848484848484853
2.6011560693641576
-8.169014084507044
0.3067484662576758
-1.2232415902140683
0.30959752321982137
0.30864197530863535
0
-6.461538461538461
0
0
-4.2763157894736805
7.560137457044664
2.2364217252396257
1.250000000000001
4.629629629629626
-6.489675516224195
-0.6309148264984233
-1.5873015873015817
-0.32258064516129775
-0.9708737864077607
-5.228758169934645
2.4137931034482856
1.0101010101010035
-6.000000000000004
-3.1914893617021227
-6.959706959706957
0
-9.05511811023622
0
2.5974025974025996
4.641350210970459
0
0
2.822580645161284
1.9607843137255008
1.9230769230769162
0
-2.2641509433962286
1.9305019305019409
-1.893939393939404
3.861003861003865
-5.204460966542755
3.5294117647058942
-5.303030303030307
3.5999999999999943
-2.702702702702697
2.7777777777777715
-1.5444015444015458
-1.9607843137254835
1.999999999999993
1.9607843137255008
-3.8461538461538494
3.200000000000003
-1.5503875968992262
0
-0.3937007874015839
-2.766798418972326
1.6260162601626031
-1.6000000000000014
4.065040650406508
-0.390625000000009
-0.7843137254901968
-1.9762845849802302
0.4032258064516222
0.40160642570280264
0.3999999999999915
-0.3984063745019836
1.6000000000000014
-2.7559055118110174
3.6437246963562693
1.5625000000000013
-3.0769230769230798
-3.968253968253972
9.0909090909091
2.2727272727272747
-2.5925925925926028
2.6615969581749157
-2.5925925925926028
0.3802281368821381
4.166666666666662
0.727272727272728
-4.693140794223823
3.4090909090909034
-2.1978021978021998
-1.872659176029956
-1.1450381679389408
2.3166023166023186
-0.7547169811320762
-0.3802281368821212
-2.2900763358778646
2.343750000000002
-0.3816793893129859
0.3831417624521161
-2.2900763358778646
-3.1250000000000027
-0.8064516129032265
2.4390243902439046
-3.571428571428566
0.41152263374484715
3.278688524590167
1.1904761904761827
-3.13725490196077
0
0.809716599190284
2.0080321285140488
-1.968503937007867
1.6064257028112285
-0.39525691699603904
0.7936507936507944
-3.5433070866141674
2.0408163265306047
-2.7999999999999936
