-12.542372881355936
0.7751937984496131
-5.3846153846153895
4.674796747967489
-0.1941747572815665
-6.225680933852129
6.016597510373444
4.500978473581204
-3.5580524344569198
3.3009708737864063
2.631578947368415
4.945054945054953
-5.06108202443281
-4.779411764705895
5.984555984555994
2.73224043715846
-3.7234042553191484
-1.8416206261510064
2.2514071294559117
2.935779816513764
-4.278074866310164
-0.18621973929236102
2.425373134328356
2.73224043715846
-4.432624113475177
0
-1.2987012987012876
3.1954887218045096
-2.367941712204005
1.6791044776119375
-3.3027522935779925
2.8462998102466863
-0.9225092250922476
-1.3035381750465602
0.18867924528301486
-1.883239171374758
2.303262955854129
-5.816135084427777
6.772908366533879
0
-1.8656716417910546
1.711026615969579
-0.3738317757009266
1.3133208255159527
1.1111111111111038
-2.0146520146520204
5.233644859813089
2.6642984014209654
-2.249134948096884
-1.7699115044247882
1.2612612612612664
1.0676156583629823
-0.7042253521126767
2.8368794326241162
-3.103448275862064
2.313167259786475
3.130434782608691
2.023608768971334
-1.322314049586778
5.0251256281407
-0.6379585326953613
2.728731942215087
0
4.218749999999993
-1.9490254872563701
0
-2.140672782874613
1.5624999999999944
-4.461538461538462
-0.9661835748792208
0.9756097560975545
1.1272141706924361
-3.821656050955417
0
-0.8278145695364209
3.005008347245404
-4.051863857374392
0
-1.013513513513507
2.2184300341296908
-6.1769616026711205
-5.693950177935948
10.18867924528302
2.739726027397263
-4.0000000000000036
2.4305555555555656
0.3389830508474504
2.1959459459459443
-0.661157024793389
1.4975041597337748
0.327868852459024
2.9411764705882306
6.349206349206355
0
0.7462686567164153
1.3333333333333313
-6.140350877192981
2.0249221183800605
-3.9694656488549587
-0.9538950715421242
-0.4815409309791372
0
1.451612903225804
1.7488076311605774
-2.6562499999999987
-0.32102728731942953
0
-1.7713365539452548
1.3114754098360668
1.9417475728155358
-1.269841269841271
-0.6430868167202578
-0.8090614886731363
1.1419249592169705
-1.1290322580645207
1.957585644371943
-2.239999999999995
0.16366612111292614
0.9803921568627387
-0.4854368932038732
-0.8130081300813123
-1.3114754098360668
1.3289036544850512
-0.6557377049180334
-0.16501650165016152
0.1652892561983436
-0.6600660066006607
2.6578073089701024
-2.9126213592232966
2.5000000000000058
-2.1138211382113945
2.9900332225913724
-4.5161290322580685
0
-2.1959459459459443
3.454231433506048
-7.5125208681135245
-0.7220216606498201
-1.6363636363636338
5.175600739371538
-9.841827768014069
3.313840155945418
2.641509433962275
2.9411764705882213
-2.32142857142857
-0.36563071297988253
0.3669724770642124
3.6563071297989067
-4.232804232804237
-0.36832412523019475
2.4029574861367817
1.9855595667870094
3.1858407079645965
2.0583190394511166
-4.033613445378155
2.626970227670759
-2.047781569965872
-7.317073170731706
4.323308270676683
2.3423423423423406
-4.5774647887323905
1.4760147601476028
0.54545454545455
-0.36166365280290164
2.7223230490018215
0
0.8833922261484067
0.7005253940455348
-0.6956521739130441
-0.1751313485113798
-4.7368421052631655
2.9465930018416233
-2.3255813953488356
5.311355311355312
-1.217391304347831
0.35211267605634616
-2.982456140350876
1.2658227848101156
-1.6071428571428548
0
0
0
0.3629764065335837
2.1699819168173615
-1.946902654867262
-1.4440433212996402
0.36630036630037477
0.3649635036496272
0.3636363636363559
-1.2681159420289747
1.6513761467889883
0.18050541516245103
0
2.7027027027027093
-1.9298245614035143
0.17889087656529137
-0.5357142857142744
0.3590664272890408
-1.4311270125223627
7.985480943738665
-5.88235294117648
2.678571428571435
-4.000000000000007
-0.36231884057970243
0.54545454545455
-1.6274864376130171
-0.5514705882352986
0
2.0332717190388063
0
-2.3550724637681144
-0.18552875695732443
0.7434944237918223
-0.5535055350553552
-2.411873840445267
-0.7604562737642593
0.7662835249042153
2.4714828897338386
-1.113172541743963
0.375234521575977
-2.429906542056073
0
3.2567049808429105
-1.6697588126159528
8.113207547169822
3.8394415357766096
2.352941176470583
1.6420361247947544
-8.400646203554127
1.9400352733686124
-1.9031141868512165
1.7636684303350907
0.17331022530330462
1.5570934256055338
-1.1925042589437869
5.344827586206906
-5.400981996726679
0
-0.6920415224913501
0
-1.7421602787456538
-0.7092198581560291
0
1.7857142857142954
0.8771929824561372
0
0.17391304347825717
0.6944444444444451
-2.4137931034482705
4.9469964664310995
-4.713804713804718
-1.9434628975265074
2.5225225225225327
0.7029876977152906
-2.094240837696337
0
-4.812834224598938
2.0599250936329647
-8.807339449541292
3.018108651911476
5.664062500000001
3.88170055452865
2.4911032028469693
3.1250000000000107
-4.545454545454553
1.4109347442680789
-1.5652173913043455
0.7067137809187285
2.280701754385963
1.2006861063464886
-0.16949152542374024
1.1884550084889693
-1.6778523489932826
1.3651877133105814
-0.1683501683501797
1.1804384485666153
-3.333333333333336
0.3448275862069045
-0.5154639175257775
0.518134715025911
1.2027491408934603
1.1884550084889693
-2.1812080536912735
2.0583190394511166
-2.3529411764705976
-2.753872633390693
1.7699115044247724
2.2608695652173894
-2.040816326530614
2.0833333333333353
0.5102040816326573
-2.5380710659898535
4.1666666666666705
1.1666666666666714
1.3179571663920933
5.040650406504058
-3.869969040247678
4.186795491143314
-6.646058732612052
-0.6622516556291397
-1.4999999999999976
-0.33840947546532085
-3.5653650254668925
-1.4084507042253533
-0.35714285714284955
2.1505376344086042
-2.982456140350876
2.1699819168173615
-4.601769911504436
5.565862708719865
1.5817223198594
1.211072664359851
-4.957264957264958
-0.7194244604316553
-1.0869565217391235
-2.0146520146520204
0.3738317757009432
-0.18621973929236102
-0.18656716417911706
2.4299065420560897
-0.3649635036496434
2.380952380952379
-2.683363148479418
1.6544117647058796
-2.5316455696202635
-0.7421150278293143
0.5607476635514066
0.18587360594795144
-0.5565862708719733
-2.2388059701492558
1.3358778625954082
-5.461393596986818
6.972111553784872
2.234636871508382
-3.4608378870674024
2.2641509433962286
-2.214022140221404
1.5094339622641524
-0.3717472118959029
2.0522388059701386
-3.473491773308949
1.3257575757575644
-2.429906542056073
0.19157088122606658
-3.250478011472291
-0.39525691699603904
0.9920634920634885
1.964636542239696
-3.4682080924855607
2.7944111776447222
-2.330097087378643
4.373757455268384
-4.952380952380948
2.004008016032057
-5.108055009823179
1.8633540372670778
-5.6910569105691104
0
-0.8620689655172422
3.043478260869578
-2.109704641350222
-0.21551724137930578
-1.0799136069114432
3.056768558951958
-2.330508474576259
1.5184381778741733
-2.136752136752129
0
-5.0218340611353804
3.908045977011493
-3.5398230088495413
5.045871559633022
-4.36681222707424
-1.8264840182648419
0.697674418604657
1.616628175519637
-3.6363636363636394
-0.23584905660376854
0.7092198581560132
4.225352112676071
-1.576576576576583
2.2883295194507927
-2.684563758389264
0.4597701149425394
-5.720823798627002
3.3980582524271767
-3.0516431924882608
3.8740920096852336
-7.459207459207456
4.534005037783379
-5.060240963855431
0.7614213197969606
-4.030226700251893
-2.0997375328084007
6.4343163538874055
13.350125944584377
-5.555555555555555
2.117647058823526
-0.6912442396313422
-0.46403712296982774
3.0303030303030276
3.8461538461538445
2.1786492374727784
1.9189765458422143
-5.648535564853566
4.212860310421295
-6.808510638297878
2.054794520547942
-2.4608501118568107
2.2935779816513677
-0.44843049327353307
-2.0270270270270436
4.5977011494252915
0
-1.5384615384615252
2.45535714285713
-0.6535947712418355
1.9736842105263324
-2.7956989247311994
-0.4424778761061853
4.444444444444448
14.680851063829774
4.63821892393321
11.524822695035466
7.47217806041335
7.100591715976338
2.6243093922651863
4.979811574697176
-14.230769230769225
-9.865470852017939
0
-6.965174129353232
9.447415329768258
0
-2.1172638436482067
4.159733777038269
-3.194888178913741
0
-4.125412541254126
1.376936316695354
-3.056027164685904
0
-1.4010507880910696
1.2433392539964527
-2.280701754385963
-0.35906642728905674
-3.243243243243238
3.5381750465549255
-1.7985611510791304
1.6483516483516458
-3.243243243243238
-2.048417132216021
0.3802281368821381
0
-1.325757575757581
0
-1.9193857965450987
2.1526418786692645
-1.7241379310344802
-2.1442495126705716
0
-0.3984063745019836
2.2000000000000064
3.326810176125243
-1.893939393939404
1.7374517374517349
-0.37950664136621587
2.6666666666666607
-2.5974025974025916
2.476190476190474
-2.044609665427515
0.5692599620493406
-2.075471698113197
-0.19267822736032128
0.1930501930502061
