7.164179104477605
-9.470752089136486
7.384615384615391
0
-6.8767908309455645
0
5.846153846153844
-1.453488372093018
7.079646017699108
0
3.030303030303039
-8.556149732620328
7.602339181286556
-9.782608695652181
9.939759036144581
-9.589041095890414
0
9.0909090909091
0
-9.722222222222223
-0.30769230769230116
9.876543209876537
-1.6853932584269677
-8.571428571428566
20.312499999999993
0
-9.090909090909092
-8.285714285714286
12.14953271028038
-9.999999999999996
0.30864197530863535
9.846153846153841
0
0
9.803921568627453
0
-8.163265306122446
-8.055555555555557
0
0
2.7190332326283944
-5.588235294117645
1.2461059190031163
-1.538461538461533
-6.250000000000005
2.0000000000000018
-0.9803921568627532
-4.620462046204611
8.996539792387535
0
4.761904761904759
4.848484848484853
-3.4682080924855523
0
4.790419161676652
4.285714285714283
-0.5479452054794526
0
-4.958677685950406
-4.637681159420294
0.3039513677811485
-4.84848484848484
9.554140127388528
0
-2.906976744186049
-4.491017964071854
0.31347962382445865
4.99999999999999
0
0.8928571428571503
5.309734513274328
0
-9.243697478991587
0.6172839506172707
-0.30674846625766217
9.846153846153841
-0.8403361344537761
-8.192090395480227
8.923076923076923
-8.474576271186436
15.432098765432098
-8.556149732620328
8.187134502923984
-7.837837837837839
2.9325513196480832
0
0
-3.98860398860398
3.5608308605341277
5.444126074498565
4.076086956521737
9.660574412532641
0.238095238095233
1.1876484560570029
8.685446009389675
4.967602591792666
0
4.938271604938257
0
0
-4.901960784313726
-1.0309278350515427
-3.9583333333333233
0.21691973969630773
-5.194805194805199
-4.794520547945205
0
0
0
-4.0767386091127085
9.250000000000004
0
-4.805491990846681
0
4.807692307692312
0.45871559633026543
-0.22831050228310015
0
-4.805491990846681
0
-4.807692307692312
4.797979797979808
0
0
0
-4.578313253012057
9.595959595959592
-4.838709677419354
0
-2.4213075060532603
-2.481389578163774
0
-4.071246819338426
0.7957559681697561
0.2631578947368482
-0.2624671916010559
0
3.947368421052641
1.0126582278481022
4.761904761904749
-9.090909090909088
0
5.000000000000011
0
4.761904761904749
-4.784688995215305
1.0050251256281304
0
4.975124378109458
-4.976303317535544
8.977556109725693
-4.805491990846681
0.9615384615384623
0
-4.761904761904766
5.000000000000004
0
0
-4.999999999999999
-4.5112781954887256
8.661417322834636
-4.830917874396129
0
-4.822335025380709
0
-4.800000000000003
0.8403361344537885
0
-5.0000000000000036
0.2923976608187202
4.373177842565595
0
-1.6759776536312865
-4.829545454545452
0
-4.1791044776119435
9.34579439252336
-4.5584045584045505
4.477611940298504
-4.857142857142855
0.6006006006006012
0
0
-4.776119402985079
9.090909090909092
0
0
-4.5977011494252915
0
3.6144578313253044
-0.29069767441859845
0
-4.664723032069975
0
0
-4.58715596330275
9.935897435897438
4.664723032069962
-8.913649025069635
4.58715596330275
-2.9239766081871372
4.81927710843374
-7.471264367816086
-2.79503105590063
5.431309904153353
4.5454545454545565
-1.7391304347826102
-4.719764011799414
2.167182662538695
-4.242424242424233
1.8987341772151916
-4.347826086956525
2.2727272727272676
-4.761904761904759
9.999999999999995
-4.84848484848484
0.6369426751592362
0
0
4.746835443037972
0
4.531722054380662
-7.514450867052017
-2.8125000000000093
7.717041800643094
-4.477611940298504
0
4.99999999999999
-0.2976190476190413
-1.7910447761194046
-1.2158054711246211
-4.615384615384612
10.000000000000002
0.29325513196480313
8.187134502923984
0
5.405405405405397
-8.974358974358976
-0.8450704225352058
-8.522727272727268
1.8633540372670685
-1.5243902439024337
11.455108359133131
9.166666666666668
-3.5623409669211226
2.902374670184693
-10.000000000000004
-4.273504273504272
14.880952380952381
1.0362694300518145
0.5128205128205133
9.948979591836727
0
9.976798143851521
0
-4.852320675105494
0
0
-4.878048780487799
-4.895104895104894
0
0
-4.901960784313729
-0.25773195876288113
-4.651162790697678
-2.9810298102980997
0.837988826815637
0
4.9861495844875385
0
4.749340369393144
-0.25188916876574885
5.050505050505055
-2.1634615384615348
7.125307125307126
0.22935779816513271
-5.0343249427917565
-3.6144578313253093
-0.24999999999999467
0
0.5012531328320695
-0.49875311720697196
-4.5112781954887256
2.362204724409445
2.5641025641025665
0
0
0
0
4.75000000000001
-9.30787589498808
4.736842105263162
0.251256281407041
0
0
-1.0025062656641612
-3.7974683544303884
2.6315789473684235
-6.410256410256411
2.739726027397263
2.133333333333335
0
-0.7832898172323824
5.000000000000011
-2.0050125313283225
4.859335038363159
-9.268292682926816
4.301075268817196
-4.123711340206178
-4.569892473118289
1.4084507042253598
-1.3888888888888962
3.380281690140848
4.632152588555856
-7.291666666666662
0
4.775280898876402
0.2680965147453145
0
0
-1.069518716577541
-3.783783783783787
0
-1.1235955056179785
5.96590909090909
0
-3.485254691689005
2.7777777777777803
2.162162162162152
3.1746031746031775
0
-1.2820512820512775
1.298701298701294
-4.8717948717948705
0
2.4258760107816673
-3.9473684210526296
3.5616438356164357
-8.20105820105819
2.3054755043227555
2.5352112676056424
3.0219780219780183
1.3333333333333286
1.3157894736842175
0
0
-4.935064935064933
3.2786885245901547
1.5873015873015888
-0.26041666666666113
-4.69973890339426
0
4.931506849315072
4.960835509138368
-7.711442786069643
4.851752021563346
-2.5706940874036013
4.221635883905017
-6.329113924050633
-4.594594594594604
3.399433427762043
-3.5616438356164357
2.2727272727272747
0
-3.611111111111108
-3.458213256484153
2.6865671641791002
4.941860465116277
-6.094182825484758
1.7699115044247802
-4.637681159420294
-0.6079027355623106
3.363914373088681
0
2.0710059171597717
2.8985507246376705
-4.788732394366195
-4.4378698224852045
2.786377708978324
0.9036144578313329
1.1940298507462697
0
-4.129793510324487
4.307692307692312
0
2.949852507374634
-0.5730659025787971
3.1700288184438
0
3.072625698324019
1.3550135501355085
1.871657754010691
0
4.724409448818902
-2.506265664160403
-4.627249357326481
0
0
0
4.851752021563346
-9.254498714652962
-6.515580736543909
17.575757575757578
-2.061855670103095
9.473684210526324
0
-0.9615384615384623
-9.951456310679616
20.485175202156327
0
-2.237136465324377
-4.805491990846681
0
-0.24038461538461026
0
0
0
-4.578313253012057
-0.25252525252524716
-4.810126582278491
0
-4.787234042553184
0
-4.748603351955305
9.970674486803514
-4.26666666666667
1.1142061281337057
0
4.683195592286499
4.473684210526326
0
0
0
-4.785894206549128
0
0
-4.761904761904755
0.555555555555556
-5.248618784530384
-4.956268221574354
10.429447852760745
0
-5.0000000000000036
0
3.801169590643272
-4.788732394366195
5.029585798816566
-4.788732394366195
5.029585798816566
-4.225352112676054
-0.29411764705881727
-4.719764011799414
0.30959752321982137
-4.938271604938276
10.064935064935067
-4.129793510324487
0
-4.923076923076928
0.32362459546926314
0
4.1935483870967705
-4.953560371517033
0
-4.560260586319208
9.897610921501707
-4.968944099378886
0
0
4.575163398692815
4.99999999999999
-7.142857142857137
0.32051282051281366
4.472843450479237
0
0
