-0.13414634146341742
-0.024423006472088386
0.024428972761687037
0.8303822200512967
3.0156231076662197
0.035269221725835236
-1.1399694441179846
0.2853067047075579
-1.3513513513513487
0.7450132179764397
-0.5725190839694603
4.750479846449139
-1.0192395785616228
0.8561841953025675
-1.5486979465412412
-2.0508040083896555
1.118248869854863
-0.458823529411762
2.3519678524997016
0
0.4387990762124659
0.2529317084387268
-0.8371559633027471
1.711576269226316
-2.0693575895395164
0.0812724950656038
0.6728538283062592
0.034570177460252156
-0.8524363552586082
-0.3136981526664396
0.8741258741258742
-0.1733102253032929
3.576388888888886
-2.9165269862554504
3.970994475138122
-0.35425661463521885
0.8221308743472922
-0.27548209366391185
-0.585635359116017
0.3667889296432093
-0.07751937984496628
0.74254682478112
-0.6160616061606186
0.4095638698251102
0.1653621430933745
0.7153863086066475
-1.9779259097366433
-1.7614269788182781
2.4058102587380765
0.8311170212765958
-0.26376524892845116
-0.8264462809917356
0.699999999999995
1.257861635220136
-3.835676146888966
-0.33994334277620397
-1.0801591813530416
1.5862068965517189
-1.2106811495813457
0.7902874813881545
0.2840909090909091
0.8158640226628947
5.619871866921434
1.0322443332978537
4.9504950495049505
0
-0.612203934162989
-0.4443098051095605
-0.060858099198704003
0.15223789708718158
-0.5370895824888483
0.9882832399388737
3.7227602905568866
-0.00972668028401022
-9.727626459143968
1.0775862068965518
0.18123667377399205
1.074811109928691
-1.7161507685828548
-0.3749330476700589
2.3978494623655866
1.2286044313766717
-0.020746887966809697
0
-1.3488275575845612
-0.820361800588973
-1.2937433722163356
-0.4082509669101799
-0.5609492988133814
-2.3540898242568815
3.1440951005443787
-0.09694097371822245
0.3342318059299216
1.6441005802707882
-1.3849244106142322
0.3537735849056677
-0.3738916782395043
-1.9622560583315536
0.645302417149742
1.0649858726363783
0.16129032258064516
-0.5904455179817498
0.2483801295896279
0.42012280512766254
-0.15018236429951629
0
0.3008165019338277
0.04284490145672421
-0.4175588865096335
-0.22578217395979172
1.30387931034483
0.6063184767577845
-0.4440685134277788
1.285046728971965
-0.2831078955646477
1.9978969505783386
4.6597938144329945
0.43341213553979285
-0.6669282071400616
-2.5375197472353803
0.6483638942356375
0.29189733266230267
2.870333199518268
-1.2097560975609734
-0.7604187240766389
1.5026370783162526
-4.196078431372545
-1.3200982398690229
1.109613190915695
-1.0051282051282004
-0.8392043099875697
0.19851635147842203
-1.0010427528675727
-0.768906677901828
-0.8597813395605586
-1.0706638115631693
2.099567099567097
0.92219631121476
0.49364562545950336
-0.7002508361203943
-0.094726870855697
0.5267593763168984
-2.4523160762942875
-1.8586162440910996
2.6163108921729585
6.678045658203544
-2.65
1.4894709809964046
-0.7287449392712597
0.050978792822185974
1.5387750942627152
-1.4150943396226439
-0.5599104143337066
0.12285012285012752
0.35787321063394684
0.10188487009679063
-1.496183206106875
1.9942136805125097
-2.400972545841358
0.051899522524392776
-2.3238925199709493
0.07434944237918699
1.6875398004669897
-1.6490971714852383
3.0139021543033104
-0.8859585865870013
-1.1953019436648997
0.1472754050073614
-1.3130252100840336
-0.37253858435337944
-0.5662393162393113
-0.9777586762651791
-0.2387152777777827
1.5662388514248398
-0.21417862497322768
-0.02146383344064518
-2.9089738085015053
0.23217247097844365
-0.8052062651665639
0.300233514956082
-1.0753880266075437
-0.8517314804437868
0.13563919972871388
0.9481882831019277
-1.800290730180019
-0.5693463903438852
0.29775538250113476
2.454898378625257
-2.88643708904491
-0.13770943309615927
0.3677315559641383
0
0.06869704602702344
2.745995423340961
-0.4788418708240484
-0.2573570549401441
-0.28045770697778777
1.2487343908201174
-1.344444444444447
0
-2.4439689154183952
0.011544677903475992
-0.30012697679786554
0.046312376982746005
-1.7474829302164128
-0.11778563015312132
0.44811320754716444
1.6435783047663772
-1.8595518595518492
0.011768859597494297
-6.425041186161439
0
-5.331991951710273
0.29224229543039926
-3.2052980132450393
0.7252326217843553
5.651406058959383
0.552912434100547
-0.3580562659846489
-0.9111909650924054
0.1683719725424109
0
-0.5559865528833663
0.013002210375766836
0.06500260010400416
0.805508639729756
-0.15465910555483076
1.0713824706337878
1.40485312899106
1.7632241813602014
-0.6683168316831655
0.049838026414151165
0.03735990037359334
0.8340595045437628
-0.6419753086419809
0.894632206759449
-0.8620689655172413
0.17391304347825803
-0.39682539682538837
-0.37350597609561753
-0.31242189452636837
1.0404914128118283
-0.6699751861042156
-0.3247564326754962
0.2506265664160401
1.4874999999999972
-1.5272816849365658
1.3133208255159474
-2.728395061728398
0.26653128569615725
-0.6962025316455697
0
-0.6246016571064343
-0.9492047203694173
-0.10360010360011243
2.087114337568061
-1.0031746031746003
-2.2319138019497147
-1.3251115192862795
0.03988831272436571
2.166400850611386
0.27318850006503304
0.454073689673067
0.21955314477593252
1.2628865979381385
-1.9725120895902266
1.5448526548098263
0
-1.3551521350038382
0.16848107827889508
0.9315564756113398
0.05127547750288133
0.02562459961563683
-0.08966312283848411
-0.44871794871794873
1.468126207340628
-1.840335067902018
0.012929919834499967
-0.8791208791208732
0.4304160688665651
-0.6363636363636334
1.411580185596648
-1.0697254800876344
-0.2996352266805717
1.6464131713053736
0
-0.23139220979559771
-1.5333075634583142
1.766553258309343
3.356049890703344
-4.180144314506085
0.4803947026746211
0.9949605892234198
0.5629477993858722
-1.2595419847328215
0.2576987501610617
-0.7968127490039899
-0.5052467936261145
0.7291666666666696
0.7626680455015482
-0.3207184092366902
0.8622908622908682
-0.727319127217053
-1.0796915167095087
1.4423076923076952
0
-3.304726527475351
-1.4968870049013054
2.6896180742334588
0.5762179151388132
0.42968749999999406
0.7519771813820911
-1.016600180156991
0.2860114404576094
0.8037334716100656
0.308641975308639
-0.39743589743590035
0.9010168618869868
0.051026916698555594
-1.8105316843044668
0.11686793922866864
1.1543450064850813
-0.4231311706628997
1.1846510430079746
-1.4762025960804162
0.7233273056057749
-0.3718902282636545
1.7119320375852836
-1.5312579093900307
0.2441845521141212
-0.6282051282051253
-0.6579796155334825
0.45454545454545453
2.1331609566903684
-2.2025316455696173
0.4400724825265308
-0.24484536082473934
0.07750936571502684
-1.832967600361436
-0.06574621959237344
-0.3157894736842075
1.8875395987328345
-2.5262339681305868
0.42530568846358924
-0.8337744838539
0.5738689443480673
-0.96868365180468
0.48237974005092094
-1.8402453660488005
0.5026490965901279
-1.1084076777507343
0.8474576271186347
-0.31173759826510633
-0.5438477226376615
-0.6971975393028056
0.2615638766519793
0.2746121103940684
0.2327810488840265
0.040983606557370836
-0.32773453502662536
2.45239073845732
0.28082374966568907
-1.1601546872916297
0
-1.6055045871559754
-0.1782531194295838
-1.6483516483516483
0
-0.460893854748597
1.0102427388803046
-0.9862480900125049
-0.8136924803591407
-2.4893917963224927
0.3771395416304066
-0.8526011560693608
-0.8453578195598408
-0.24988975452005466
0.20630710285882364
-1.6617647058823461
0.5084492298489572
-0.5802707930367471
-0.5986231667165519
0.4667268894911034
0.4046156151655995
-0.10447761194030529
1.5837442103690458
-2.9269010148551224
0
-0.24242424242424587
0.2430133657351189
0.5909090909090875
-1.174875734297327
3.5665294924554147
1.5452538631346577
2.9275362318840648
0.26753027316248623
3.1877545288582967
-0.10887316276537215
-0.7629427792915562
-0.26084568918176515
-1.4865794907088719
0.880257090959893
-1.592797783933518
-0.07037297677691766
2.5492957746478906
1.3597033374536434
-1.8834688346883437
0
-0.19334346084794604
0.1798810017988037
-0.04143646408839151
-0.04145364101147826
0.552944429084877
2.488314544954636
-2.3876592890677335
0.1923869726535629
-0.5897682073789697
-0.7450331125827784
1.6819571865443457
-0.19138755980860933
-1.0546500479386447
1.315060908084164
-1.093045498018855
-0.5111203204862456
1.8605942793668393
-0.04089422028354256
-1.3091504159279843
-0.23490396573166303
0.6648199445983316
-0.24766097963675765
2.882758620689652
0.5496715377396465
-0.3466666666666697
1.0302381589510363
-1.575950205270822
-0.43057050592035057
0.5540540540540572
0.268781077812122
-1.5547513738104841
0
-0.040844111640565624
-0.5448106782892944
0.9175568337441703
-0.9363550006785151
2.2876712328767184
-0.8571045935449432
0.2026205592327435
-1.0380156376381682
0.6947282386595862
0.12175324675324367
-0.553979192001084
0
-0.20380434782608695
0.06807351940095303
-0.09523809523810142
-1.0758545553588421
0.11013215859031776
-0.9488448844884613
1.263362487852287
-1.0008225939127988
4.985459077690071
1.5565228861627693
-2.558773866735931
-0.253265795787802
1.65708940264601
-0.28920730905745307
1.2392880685563583
0
2.109649693970575
-0.012753475322028151
-0.30612244897958896
0.2942681678607925
-2.0793468554662526
1.6154247003647704
-1.358974358974362
