-1.8789144050104356
-0.9574468085106443
-9.344790547798056
1.3033175355450168
5.029239766081868
2.282850779510019
5.443658138268917
-2.0134228187919345
1.5279241306638447
2.17955371043073
-2.6409344845099123
2.138758476786658
-1.4300306435137953
0.5181347150259067
0.8247422680412342
-0.7157464212678966
-1.4933058702368576
0.8886565603763662
-4.041450777202078
1.4038876889848935
-1.2779552715654983
1.2944983818770257
3.3546325878594154
0.7727975270479135
-0.10224948875255042
0.30706243602865624
-1.6836734693877609
0.6746237675142768
4.484536082474221
0.5426739023187088
3.3366045142296286
-0.4748338081671415
1.8606870229007662
-1.030444964871189
-2.602934216753431
0
-0.24295432458697763
0
-1.31514856307843
0.6910167818361331
6.7647058823529465
1.33149678604223
2.8998640688717745
-0.5284015852047507
4.1168658698539105
2.040816326530617
-0.5416666666666714
-1.6338500209467857
0.21294718909710392
-1.2324691882702956
-0.7745266781411408
-0.26019080659149796
2.95652173913044
0.12668918918918198
-0.2952340784479075
0
-0.08460236886633547
0.9737510584250684
-1.9287211740041905
0.8978195810175265
8.43220338983051
0.9769441187963938
-1.0061919504643833
0.5863956215793589
0.11659541391372381
0.15527950310558122
-0.03875968992248943
-1.4734393175649412
2.1251475796930364
0.1926782273603083
-3.384615384615389
0.31847133757962237
-0.9523809523809547
-10.857371794871794
-2.786516853932579
-0.09246417013408093
-3.6094400740397887
-0.5760921747479678
3.235152100434581
0.23386342376052385
5.086327578161445
0.7992895204262929
-0.044052863436120845
0.04407227853679785
-1.1013215859030836
0
-2.138084632516709
0.5461993627674179
5.885015844273426
-1.111586147926462
0.34587116299177817
-0.4308487720809996
1.6443098225876294
0
-2.085994040017031
2.2608695652173862
-1.8282312925169997
-2.9449978345604206
0.4016064257028138
1.1999999999999948
-0.2635046113306958
-0.7485689123733988
0.31055900621117505
0.3095975232198218
0.5291005291005241
0.9210526315789449
3.042155584528466
-0.2952340784479075
0.16920473773265893
-0.1689189189189213
2.2419627749576914
0.9102192800993038
-3.2800328003280033
0.6358626536668079
-2.3588879528222386
0.4745470232959423
-0.42936882782310004
0.08624407072013308
-1.5510555794915961
-1.9256017505470484
0.4016064257028138
3.3333333333333335
-2.193548387096772
1.0554089709762557
-3.655352480417757
0
-2.3035230352303495
1.8492834026814609
-0.6808896958692692
-1.4168190127970852
1.668984700973585
0.04559963520291578
-0.7292616226071077
-0.6427915518824635
-1.3863216266173752
-1.2652296157450875
-4.129093497864257
0
0.6930693069306959
-0.6882989183874167
-0.6435643564356492
1.2954658694569123
1.5248401377274934
-1.9864341085271289
2.273850716757288
-1.208313194780087
0.5381604696673162
0.6812652068126548
2.416626389560174
0.047192071731946346
5.566037735849062
-1.2064343163538949
-0.6784260515603799
-0.18214936247723393
-1.4142335766423333
-0.647848218417402
-1.8630647414997672
-0.0474608448030348
-0.9971509971509945
-0.9592326139088729
-0.6295399515738553
0.877192982456146
-0.43478260869565494
-0.485201358563804
0.7801072647489002
1.451378809869376
-2.908917501192177
-0.6876227897838928
0.3461918892186039
0.7392804337111878
-0.9784735812133072
1.4822134387351777
-2.288218111002929
1.843547583457906
-0.9784735812133072
0.04940711462450312
-0.7407407407407407
1.243781094527363
-1.1793611793611822
-0.4972650422675286
-0.09995002498750057
0.05002501250625028
-2.700000000000003
0.6166495375128557
1.4811031664964132
0.6542526421741376
-0.09999999999999432
0.450450450450439
3.487792725460887
-0.14443909484833076
3.13404050144648
1.3557737260402083
-2.9520295202952056
-4.0399239543726235
-2.7241208519068847
-0.81466395112016
-1.2320328542094485
0.9355509355509266
-1.4418125643666238
0.31347962382444844
-2.656249999999997
0.21401819154628446
1.0144153764014827
0.0528541226215765
0.15847860538826355
1.0548523206751055
-2.713987473903961
0.053648068669524845
-1.1796246648793505
0.3798155181768793
-1.2432432432432494
0.7662835249042177
0.10863661053776048
0.05425935973955198
-1.0303687635574867
-0.7123287671232938
0.7174392935982403
0.273972602739726
0.054644808743166295
0
-1.6930638995084624
0
-0.2777777777777778
-0.7242339832869145
0.28058361391694725
0.7274762171236774
-0.33333333333333015
0.3901895206242969
5.052748473070514
0.0528541226215765
1.9017432646592678
-0.05184033177812043
-0.5705394190871487
-0.9389671361502259
2.4749868351764026
1.6957862281603349
-3.233956543708947
-0.3133159268929474
-2.4620220010476777
0.590762620837821
-1.2813667912439966
0.10816657652784674
-0.5402485143165856
0.3802281368821386
-0.5411255411255411
-0.48966267682263637
0.6014215418261314
-0.9782608695652236
-0.16465422612512787
0.10995052226497451
-0.6040637012630392
0
0.05524861878452725
-0.27609055770292656
-3.986710963455143
1.2110726643598582
-0.05698005698005374
-1.8244013683010358
-3.3681765389082368
0.36057692307691963
2.0359281437125785
0.410798122065721
0.8766803039158387
-0.28968713789107764
0.29052876234747244
0
-0.11587485515642447
0.4060324825986013
1.270941652224158
0.1711351968054666
0.6833712984054767
1.187782805429861
-1.73281162660704
-0.967007963595004
-0.11487650775415775
-0.4025301897642421
0
-0.11547344110853848
0.0578034682080892
-0.5777007510109763
-0.3486345148169636
-1.1078717201166215
2.122641509433959
0
-0.9815242494226263
0
-0.3498542274052445
0.9362200117027468
-1.1014492753623222
0
2.4032825322391527
0.05724098454494719
1.0869565217391173
-0.39615166949631503
-1.0795454545454577
0.8615738081562321
-1.3667425968109372
-0.17321016166280773
-1.156737998843262
0.6436512580456374
-1.1627906976744187
0.05882352941176136
-0.8818342151675486
0.23724792408066767
-1.8934911242603483
-0.18094089264174387
-3.444108761329298
-0.5632040050062613
-4.09062303335431
1.1154855643044543
1.5574302401038325
0.38338658146964494
-1.9732654360280042
-2.5324675324675363
1.3324450366422385
0
-2.43261012491781
-1.8867924528301963
0.7554945054945016
-0.7498295841854086
-1.304945054945059
-0.2087682672233702
2.7894002789400276
1.4925373134328281
2.473262032085573
0.39138943248531916
-1.6244314489928524
-0.7926023778071447
-2.1304926764314174
1.8367346938775433
-3.6072144288577004
-2.7720027720027716
1.781895937277263
0.07002801120447781
-0.13995801259623306
-0.28030833917307446
-2.9515108924806865
-0.21723388848659156
-0.36284470246734396
0
0.8011653313911101
0.361271676300578
-3.4557235421166386
3.5048471290082155
-3.3861671469740755
-0.8202833706189369
0.37593984962406013
-1.0486891385767834
-3.330809992429971
0
-2.349256068911511
0
0.14434643143543913
0.09609224855861992
0
2.6559999999999944
-2.6028678304239317
0.032005120819324724
-0.2079667253239409
-0.2885540237255526
0.2893890675241153
0.737415838409748
18.34818586887333
1.2639505176818577
7.475766830434199
0.5683222139856783
-9.533169533169538
0.5024443237371056
4.756114038643421
1.4575003224558176
-4.411390795830154
-0.5186859954781229
-1.7112299465240657
0.87051142546246
-1.8203883495145554
0
1.7717346518335284
2.4291497975708656
3.386034255599464
0.5989550146552808
-3.9777045857613387
0
-2.8364116094986698
-0.21724372029872477
-2.3540617771125185
0.3344481605351099
-5.055555555555556
-1.1849034523112965
-0.029607698001474496
0
4.857100547904636
-1.1439062279339107
3.700000000000005
-1.4189282270285177
2.2079373951928427
-0.8340169537872565
2.2887081207776045
0
0.8356921417980921
-1.269883705386984
-1.1779041429731987
0.2192081107001107
0.7382091592617799
0.013570362328681118
-0.5156037991859018
0.21822149481725425
-2.6265650517147616
-0.08385744234801157
-1.6505805007693282
0.9813682264258252
-0.028169014084501436
0
8.960270498732037
0.2844582363589331
-4.2547705002578615
0.013466199838393353
1.4137606032045202
-0.21242697822623022
0.731772219265563
0
-0.2245410117553659
-1.376754037595984
-0.9261744966442923
0
0.09483809781871451
0.5684894423389303
-0.6460296096904495
-0.09482525060958166
3.10508474576272
-1.6175697001578169
1.604063627857242
-0.6051835284831047
2.8457974851092067
-1.544401544401548
5.267973856209152
1.0679249968955662
-0.8723430396854573
0.7684680218145641
-0.23370233702336746
0.48082850450006237
-4.208588957055223
-0.4739336492890872
1.248391248391247
1.6778950044489553
-4.9131141392674
0.18406521167499418
-1.3910761154855673
2.262443438914031
3.5658511192087388
-0.7288263382759466
0.3797468354430344
-0.9457755359394704
2.2915340547421987
-1.0578718108276222
-1.4465408805031519
0.7913209955328712
-0.025326073192346487
0.06333122229258664
-2.037974683544303
-9.355213851918847
4.70420527441197
0.013614703880178223
0.21780560849443345
0.5161640858462312
0.1621621621621683
-1.1602806260118719
0.17745017745017122
-1.1309442703365558
0.9371554575523603
