-0.4199160167966339
0.6475903614457763
-2.8280712254975278
-2.202032645518934
10.581010864430786
-2.4633347572262503
0.16058394160584274
-0.0145751348200004
-0.4810495626822091
2.4608173429031717
0.08577555396712262
2.4710755606341883
3.805408419291897
-0.7922653417483672
-0.2301028695181283
-1.4380681047347745
3.4824501032346804
-0.35913806863526626
0.3203844613536213
1.1044577511643319
-5.238220584364301
-1.374999999999997
-2.154626108998742
1.1658031088082934
-0.5690709916062029
0.7297181284876267
2.2869318181818215
0.9026524093875851
-1.2386457473162675
-0.7525083612040102
0.9267059814658676
-1.5998887033945466
2.573165559168676
0.01378359751895558
-1.0060639470782895
1.1137407768341918
-0.12391573729863381
-1.0063413289219678
-1.1001253307338779
0.35201351731906505
2.216921565876239
-1.866849691146194
2.6017624842635367
3.5991820040899762
-1.0396104750625053
0.013297872340428556
-0.8110623587288954
-0.7372654155495979
1.3774476704929164
-1.1455974423871083
-0.5120603692224859
1.4899092509819858
-0.44041105031362
-0.2680965147453083
-0.5510752688172074
4.135694012704422
-2.855288773523686
-1.2959251837007408
-0.8798050893340553
2.990577632117997
-2.93025722619995
-1.4478896325638604
0.5959805959805897
1.3915679250482258
3.7505095801059958
1.8729535036018277
0.7456929802005745
1.1357835630423656
-2.536277602523662
0.47902641118591993
-0.45097281278185797
2.2003624126326686
-0.5572441742654479
-1.4136525725929727
-0.8267665676269186
-0.07815552950371535
-2.5811497849041936
2.769971898835815
-1.1979166666666725
0.4612546125461255
0.9838646202282566
0.2598077422707197
1.6455040165846133
1.338432122370937
6.427672955974845
-0.6973171019973972
-3.177814805998577
1.0448678549477566
-1.5571776155717707
-1.8660405338606059
0.2896360659866458
0.9417378201908589
0.06219679064560269
1.6907011437096
0.12224938875305623
-0.7692307692307637
0.19687461547925544
-1.7438290556305946
-0.18747656542932134
2.1537690959178475
2.157391517528809
-0.5759539236860997
0.5068790731354009
1.9812680115273775
-0.7771105616389862
0
-0.8543965824136757
-0.8976660682226212
-0.07246376811594478
-2.0908871162678215
1.4566102950253
0.6205134444579661
1.6082224909310707
1.999285969296688
3.943530509858821
-0.8755191379503822
1.0757558600385007
1.8597356038539123
1.2208534975802803
-0.06519613169617615
-0.08698488637599959
0.9794319294809011
1.9721952796637643
-0.5495666878038518
-1.2539851222104097
0.7318123116659443
1.1004273504273456
-2.5150586494769054
-0.953929539295388
1.2148407573601738
-0.15138408304498024
-1.5053064760667076
1.2424409015942777
-0.0651607298001639
0.5107585307541764
-0.9406422315925973
-7.170923379174857
1.8694885361552
-2.5507848568790426
-2.1556318844012714
2.0941774603558834
12.6037467393882
-9.739917868800674
-1.621558562762493
1.5297047314123196
-0.747488904461585
0.3294892915980311
2.287121745249824
0.11466574934067193
2.130340167220252
1.4915330268027311
0.5193370165745906
0.4177201275145602
-0.5911330049261059
-0.9139962559189592
-1.5670148921982563
0.0790335327989084
-1.9517148014440382
1.6453802784489648
0
-1.2565089427213068
3.3704000917115775
-3.7373849395586163
0.6912442396313364
-0.7894736842105237
1.3262599469496021
-1.650352834054177
1.5160282374725174
-2.9297765617875107
0.4462712859659371
0.19876066877119672
-0.5600933488914767
0.6688570758037938
-1.3288262035202212
3.2959243945658567
-0.7090576395242374
-0.5298318359824951
0.02315886984714356
2.014355174808994
-2.394462097140266
-0.15114521567260414
-0.7801583605030196
-1.7486210538669142
0.5852842809364521
2.422515140719627
0.3594202898550751
1.6982439926062767
0.6475065318641424
0.6884875846501154
6.938684004035419
1.1635220125786188
2.35208786654232
4.575825065802799
0
5.1694094869312766
-0.6167157584683399
0.787255719181254
2.5546774489983415
0.6003584229390722
-0.6947537187138109
3.991389362274643
1.7164050370881372
-5.638938353260409
1.9230769230769313
-4.417210368541715
1.1622544045752363
-4.331175344214461
-2.4685474647350447
3.009870028339681
-0.009486765961475102
-3.377609108159395
0.6382560879811581
8.752073373011983
11.968419163825597
-7.307692307692311
0.16424619640388063
-0.9234486925002197
1.9773519163763107
-4.851798069531045
0.5566029266540818
4.169270600839215
2.0397668837847065
-0.7139257517218209
-1.6411471110735019
7.706201083684519
1.3974287311347122
-3.8352496456134864
-0.8598804356727542
2.180736824715025
1.2691996766370288
-2.4906202602378897
0.27015963978714325
1.2083605486610023
-1.137463697967079
-4.055487556099555
3.2233373022622973
-2.4305841641262256
1.3342340820807257
-2.2250000000000036
1.1932157163555783
2.712035711277693
1.0988109881098886
-5.126125395409201
1.7354877318970636
1.100840336134446
0
1.138724960518664
-0.8053911900065709
-2.80861640430821
1.7219333390162856
0.9553339478756466
-0.7802772474475048
0.16732201121057474
1.0607199532281004
-6.842975206611567
0.7806955287437859
-2.9049295774647885
-2.8105167724388034
-1.9029850746268742
0.171167744389519
0.3037782418834078
-0.624645088018163
2.31428571428571
3.3044773340780043
-4.018742115696514
-0.7604205782951686
-1.2392394286254764
-0.9482758620689742
-0.8799922638042655
-0.08780487804878936
0.11717605702568554
2.0286745342826444
-1.041965395277685
2.299072642967538
-0.33994334277619537
-0.8527572484366116
-2.1311162079510875
0.0878820427692697
2.3902439024390243
-0.9051929490233445
0.13461538461539335
0.38409832917226805
-0.028697149416508694
-0.8611616113290594
0.39571469935335746
0.15381657373581129
-0.7679017085813016
-0.2514993228864296
-0.9115593483320491
0
4.570366020747705
4.239588207767895
-0.5207398096606173
1.723826714801436
0.41699937893709926
0.10602579961124275
1.703442188879078
-0.22563568515142837
-1.0350526224232488
1.0019335559852427
0.904977375565599
-0.6553984132459391
1.701388888888881
-1.0669170365312395
0.5521525321370108
2.51394251394251
-0.9290257783729419
-1.2756610627692941
0.9755262707513342
-0.5000000000000077
2.5977344348862963
-4.499418894238737
-11.995827538247575
1.2050572896088436
-4.831153620925229
-2.7792021331145547
0.464135021097044
0.20999580008399832
-3.887259010896901
1.3953995421345327
3.4834963982367464
0.6441558441558489
-3.1279033756581054
3.090366581415175
-1.7572875749431467
2.2411616161616235
4.466399094370688
2.945522608609987
-2.459330143540674
0.9712547826940147
-3.429848425961919
2.5555890934701657
-2.972628274305892
0.9302325581395395
0.4307753957122775
-1.2369077306733145
-0.6564993435006565
-0.7320048800325382
4.373207701761578
1.0695711902659186
0.9126213592233098
0.49066769289974105
-1.0914313068453894
-2.235988771658108
2.871287128712871
4.128970163618873
-4.168592291339323
-0.45331790123457233
-2.131576397635877
0.6732006732006687
-0.6883666043858787
-0.5743142885434156
0.2987750224081267
0.8539370469665398
0.9746972531259095
0.3022620904836327
-0.5540974044911097
-0.08797653958944059
0.0684864494667774
2.3758310520140746
-2.1965428325852354
0.41011619958988826
-1.5462413692502166
-0.20742789411300105
-0.1484707512620014
-0.27755749405233493
-0.9840954274353854
-0.40156610782049995
-1.2599536337062796
-1.6129032258064586
1.3695787507781745
-1.351074718526105
4.440755343432255
4.112855155970593
-2.5477099236641263
-0.11749730735336648
-2.4703460445054453
-0.3819479344657709
0.1008979921299566
0.6148573732486667
0.28050490883590007
-1.0889110889110867
-0.4241995758004288
1.0345876863779335
-1.666499347455077
-1.4905564063297625
-0.5078246450409345
1.5937499999999953
-2.6350866400081956
-0.08424599831508721
2.0341483979763986
0.1962607168680898
1.134020618556701
-0.37716615698267536
0.8083495344316066
0.8729192042224836
-0.9358019722278079
0.8836973082783185
1.2585581957309706
-1.7599681813662171
1.801619433198376
2.018293895406637
-1.2864243251145047
0.18758021522361312
1.7047694126921518
0.3778703613990981
0.9942084942084898
-0.5734492975246106
2.7395943477842932
-0.4023203592814329
-1.3151714419915452
0.22846263683960885
-0.5318643745844939
0.6779337343645695
-3.1866464339909077
-0.3624608150470153
-0.5997443712515999
-0.3857566765578613
1.4099890775493924
1.840791148536175
-2.567060859532731
1.7071245312808436
-1.804598816338413
0.6224681355597228
2.5923016496465023
-0.12442572741194052
-0.4120747484427364
1.8090839107005343
-1.871455576559542
-2.5524947023694855
1.8088366116437633
1.5145631067961076
-0.9181331293037405
0.8494208494208451
-0.8326952526799432
1.0423704275649246
-0.22924825675805624
-0.22977501196745725
-0.47980040303233856
0.9931539870793735
-2.5778117242696306
0.7448059584476698
-0.5933852140077843
0.37185634602212236
-0.42897533391830855
3.5934593165573334
-1.7863894139886665
1.8092580117409474
-0.40646563947444764
1.186408504176158
-3.442453803583137
1.777734602681169
0.06681301899399117
-0.801220908050371
-0.5288461538461539
-0.10633156114063887
-0.1354751306367419
4.457364341085271
-1.6141001855287653
1.8197246841410695
-2.583572553014176
1.5684410646387832
3.38792700046795
0.8599619806282248
2.6745647101059014
0.8741258741258742
-4.852686308492201
3.615664845173046
-3.47191702557792
