16.042345276872965
0.9824561403508811
-15.288394718554551
2.543068088597206
0
-0.9600000000000023
-0.7269789983844842
1.5459723352318888
-1.8429487179487156
3.0204081632653086
-2.77337559429477
-1.059494702526485
2.7182866556836878
-0.16038492381716346
-2.168674698795183
0.903119868637117
-1.0577705451586747
2.3848684210526363
-2.730923694779121
-0.4128819157720892
1.658374792703151
0
0.978792822185973
-0.48465266558965614
-0.649350649350647
0.32679738562090804
0.24429967426709867
0.08123476848091676
2.840909090909091
-1.1838989739542225
0.7188498402555842
-3.965107057890563
4.046242774566479
-0.158730158730161
0.07949125596185097
-4.289118347895159
9.460580912863074
0.4548900682335059
0.452830188679241
0.6010518407212708
-3.659447348767741
0.7751937984496124
1.1538461538461537
-1.1406844106463878
1.3846153846153935
1.896813353566009
4.020848845867444
-2.2190408017179633
0.2928257686676469
0.29197080291971217
-0.8733624454148595
-2.7165932452275983
0.37735849056603776
-1.278195488721796
-2.056359482102069
0.46656298600310603
0
-0.07739938080494917
0.2323780015491955
0.6955177743431264
-1.3046815042210413
1.3996889580093401
1.763803680981582
-0.3767897513187642
0.8320726172466133
-5.476369092273076
5.000000000000009
-0.1511715797430212
-1.1355034065102196
-0.5359877488514462
-1.0777521170130913
1.6342412451361823
0.9954058192955677
0.7581501137225171
-1.2039127163280618
0.5331302361005245
-0.6060606060606146
-0.9146341463414548
8.461538461538462
4.964539007092198
-7.5675675675675595
-1.7543859649122846
0.8184523809523767
0.5166051660516521
0.5873715124816531
0.07299270072992285
-2.771699489423766
-1.4253563390847754
-0.9893455098934637
-0.7686395080707149
1.549186676994578
1.449275362318845
-0.9022556390977358
-2.0485584218513027
2.6336173508907867
0.37735849056603776
-2.4060150375939764
0.15408320493065378
4.0769230769230855
-0.9608277900960911
2.611940298507463
-0.7272727272727273
0.5860805860805944
1.2381646030589866
-2.2302158273381254
-0.07358351729212238
0.5891016200294424
-0.21961932650071958
-0.9537784299339774
2.2222222222222223
-2.8260869565217432
0.4474272930648727
3.6377134372680073
1.5042979942693369
1.4820042342978283
2.086230876216968
-3.269754768392378
8.02816901408451
-8.409387222946547
-1.2811387900355953
7.49819754866619
4.493628437290421
-2.310654685494238
0
-1.8396846254927617
-0.33467202141900937
2.0819341840161143
0.32894736842105265
-5.3770491803278615
0.8316008316008237
-1.9931271477663268
-2.244039270687229
1.9368723098995613
-0.07037297677691366
0.8450704225352033
-4.888268156424582
-1.1013215859030838
1.11358574610245
-0.3671071953010279
2.431834929992639
-3.237410071942446
1.2639405204460883
2.716593245227619
1.3581129378127275
1.6925246826516058
0.2773925104022231
-2.074688796680498
0.1412429378531194
1.6925246826516058
-4.022191400832166
1.5173410404624237
0
1.7793594306049823
-6.783216783216775
6.676669167291806
-2.109704641350211
-0.6465517241379147
0.21691973969630002
-0.36075036075036077
2.027516292541645
-0.35486160397444994
1.4957264957264915
-2.1052631578947367
-4.946236559139789
3.0165912518853695
0.2928257686676469
0.7299270072992701
1.1594202898550683
-1.7191977077363938
-1.6034985422740444
-0.44444444444444026
3.6458333333333375
-3.374012921751627
1.9316493313521503
-2.5510204081632657
-0.8975317875841352
2.566037735849061
-0.14716703458426567
0.2210759027266112
1.6911764705882437
-0.2892263195950872
-0.5801305293691162
0.8752735229759424
0.3615328994938539
1.0806916426512967
-0.2851033499643661
-2.0729092208720554
-0.1459854014598457
-0.511695906432761
-1.5429831006612744
4.253731343283573
-1.8611309949892587
1.8234865061998542
4.226361031518629
-3.5051546391752537
-0.28490028490028896
-0.9285714285714367
2.3071377072819157
-1.6913319238900673
-0.2867383512544844
-0.14378145219265898
0.6479481641468723
0.4291845493562191
-3.7037037037037157
0.7396449704142013
0.14684287812042368
-1.3929618768328487
3.568773234200752
-1.4357501794687724
0.29133284777857044
-3.631082062454612
3.6171816126601444
-1.9636363636363554
6.083086053412454
-5.174825174825179
-0.14749262536872318
-0.2954209748892213
1.0370370370370412
1.2463343108504314
-2.099927588703842
3.1804733727810737
-0.35842293906810035
0.28776978417266597
-0.21520803443329364
-1.509705248023001
0.5839416058394243
0.14513788098692934
0.28985507246377223
0.8670520231213791
-0.9312320916905322
0.7953723788864745
-0.932568149210912
-0.6517016654598159
-0.8017492711370222
5.510653930933137
0.27855153203343014
1.250000000000008
-0.20576131687243576
-1.8556701030927758
0
-2.871148459383769
0.7209805335255949
-1.2168933428775868
0
-1.4492753623188406
0.14705882352940342
-0.5139500734214307
-0.6642066420664249
1.9316493313521503
0
1.384839650145777
-0.5032350826743268
0.2167630057803345
0.9372746935832815
-3.999999999999996
-0.37202380952380953
-1.1949215832710935
-1.738473167044604
-6.461538461538466
2.4671052631578947
1.123595505617982
1.5079365079365123
7.818608287724785
4.2059463379260205
1.4613778705636902
1.5089163237311307
-4.054054054054054
-0.0704225352112636
0
0
2.0436927413671637
-1.795580110497253
1.6174402250351698
-0.20761245674741272
-1.7337031900138697
-0.2822865208186149
-0.21231422505308659
0.851063829787226
-1.2658227848101147
-0.28490028490028896
0.6428571428571469
1.348474095102914
-1.2605042016806802
0.851063829787226
1.3361462728551377
-0.6939625260235948
-0.7686932215234062
1.4788732394366157
-1.457321304649545
1.1971830985915413
-0.48712595685455023
1.7482517482517483
-2.6804123711340244
0.8474576271186561
0.9803921568627291
0
-1.7337031900138697
-1.1997177134791734
2.142857142857143
0.4195804195804156
-1.392757660167131
-0.07062146892654966
0
-1.2014134275618293
-1.6452074391988636
1.9636363636363554
-3.138373751783151
-3.82916053019147
2.2970903522205206
15.269461077844316
-14.025974025974023
0.6797583081571039
-6.9017254313578515
3.948428686543115
-4.108527131782944
-0.8892481810832729
-1.8760195758564415
0.6650041562759744
1.4863748967795305
-0.24410089503662438
-0.5709624796084736
1.2305168170631664
0.16207455429496648
0
-0.4854368932038789
2.520325203252028
-0.23790642347343155
0
-0.07949125596183967
-6.762132060461416
4.010238907849832
-0.6562756357670314
0.4128819157720892
0.3289473684210573
1.2295081967213115
0.4048582995951417
1.2903225806451568
-0.5573248407643222
2.7221777421937596
-0.467653936087302
-1.9577133907595927
-0.23961661341852808
0.32025620496396434
-0.6384676775738206
-1.2048192771084338
-1.0569105691056888
0.5751848808545628
-1.4705882352941269
-2.5704809286898795
0.425531914893617
2.796610169491523
0.494641384995885
0.34454470877767635
7.5866579463701775
-6.717325227963517
0.4235907461713881
-1.0220635950681418
-1.163743648582201
-0.9618573797678247
0.46885465505693424
-1.3333333333333286
1.4358108108108012
-1.6985845129059052
-1.321362019312216
0.9957081545064348
-0.1359850416454161
-3.6425531914893625
14.46740858505564
-13.348765432098764
0
-0.08904719501335202
-0.17825311942959254
-2.053571428571426
0.9115770282588879
1.0840108401084037
0.4647006255585308
-3.913894324853234
3.036474726902427
-0.808625336927216
-2.173913043478266
6.037037037037033
0.943066713237861
-2.993079584775081
-0.21401819154627688
-3.038427167113499
0
-1.5299539170506882
-0.03743916136279132
-1.7041198501872596
0.40007620499142854
-3.7760910815939313
7.079471504634188
-7.8268876611418055
2.3976023976024035
2.2439024390243874
0
3.0534351145038197
0.8333333333333386
13.278236914600544
-1.6699092088197165
-5.061830173124485
0.903091351163604
-1.0327022375215171
1.0434782608695676
1.566265060240958
1.6776817488561295
-0.9333333333333371
-1.4131897711978405
-0.2559726962457314
0.3421727972626103
0.8525149190110827
1.5215553677092115
-2.9808492922564516
2.300034328870586
-1.023489932885905
-2.525851839294799
-0.5565217391304352
12.80167890870934
-11.085271317829456
-0.3487358326068053
-2.7471566054243226
16.94854264123786
-12.492307692307689
2.232770745428966
12.450558899398112
0.9328643523474529
7.424242424242433
1.5373765867418747
3.4310320877899696
-8.622078968573716
8.054085831863594
-7.236126224156683
8.181818181818178
0.2981837896448887
-5.1351351351351315
-0.8547008547008668
-5.158045977011479
-1.9845477957885203
-2.6893353941267417
-1.5247776365946646
-2.2258064516129075
2.606400527878597
-0.5305466237942209
0.37174721189591725
2.2544283413848607
-2.834645669291334
3.5008103727714692
1.0804885687441241
2.370255615801706
-0.12106537530266086
-0.8030303030303048
-0.18329005651444105
-1.4996174445294412
-0.24856299518410874
-0.763121009188592
-1.129943502824857
-2.5873015873015914
-0.716962685351145
3.938946331856226
-0.5210800568450944
1.2857142857142894
-1.7395392571697217
0.5582137161084438
0.5075337034099926
2.6353163957708836
-0.06150061500615967
4.138461538461535
0
-3.8558132663613525
