6.402266288951848
-1.7571884984025619
-6.7208672086720895
2.1499128413713056
2.844141069397042
5.088495575221232
-7.631578947368421
2.9059829059829028
-1.328903654485053
1.0101010101010166
0.22222222222222537
4.046563192904647
-0.9057005860415497
-1.2365591397849522
0.7076755579749654
-0.48648648648648957
0.27159152634437805
0.5417118093174431
-2.7478448275862037
1.3850415512465375
0.6010928961748603
-1.3036393264530177
2.5316455696202658
-0.4294149221685514
5.552560646900275
9.19305413687436
-7.1094480823199335
1.6616314199395827
0.8915304606240628
0
0.0981836033382509
0.6866110838646423
-0.24354603019970772
-0.39062500000000555
-0.44117647058823806
-1.4278680452978856
2.7472527472527473
0.24307243558580457
-2.812803103782727
0.19960079840319644
0.3984063745019835
0.5952380952381037
-1.5779092702169708
2.1543086172344745
-2.059833251593927
0.20030045067601687
4.497751124437781
-1.2912482065997077
10.029069767441856
2.157639806252755
1.7672413793103423
1.1012282930961432
-7.498952660242973
7.789855072463762
-9.369747899159668
0.18544274455262202
-0.6015733456732916
2.094972067039106
2.5535795713634264
2.356602934637609
-4.474370112945257
2.9558890404729423
-0.26501766784452047
-1.6386182462356143
-0.31517334533993185
8.401084010840107
-7.000000000000004
-0.26881720430107275
-1.0781671159029675
1.4986376021798418
5.592841163310962
2.6694915254237337
0.8254230293025175
1.5554645927138693
-4.675534058847237
0.6342494714587738
-2.6470588235294166
0.43159257660768235
-0.2578427159432722
-1.163291684618694
3.443766346992156
3.2869785082174388
-4.324765401876784
-0.12793176972281936
2.9888983774551665
5.306799336650088
-6.496062992125984
5.178947368421057
-5.4843875100080135
-0.0847098686996987
0.9325985587113135
4.1579168416631695
-5.5241935483870925
-5.676483141271878
6.1538461538461515
-0.2983802216538741
-0.08550662676358146
-1.4548566538296865
1.910551454624393
6.945036216446533
-5.179282868525896
-0.7563025210084081
-1.7781541066892417
0.7758620689655221
0.2566295979469608
2.3037542662116066
-1.918265221017524
-0.3401360544217615
0.6399317406143344
-3.348876642645191
2.8947368421052606
2.8132992327365707
16.70812603648425
5.86145648312611
4.060402684563766
0
-4.3856820380522485
-2.4620573355817914
-2.1784232365145266
-1.7320607988688503
3.525179856115112
0
1.772063933286993
-2.8337316490269564
0.2459592410400522
0.24535576586049374
-0.2797202797202837
3.7868162692847167
-1.0810810810810771
0.4098360655737666
-1.0544217687074908
-0.3093846682708757
-0.24137931034482366
2.1431040442447244
-4.4331641285956085
-1.5580736543909268
-5.89928057553956
0.11467889908255141
-1.6418480336005936
-1.242236024844727
-1.1006289308176145
1.669316375198735
-8.326817826426899
-1.7910447761193982
3.603994789405116
2.2212908633696613
17.38417384173842
12.120153684945857
4.4548286604361405
-1.5806740232627532
-3.848484848484845
-2.300661834226288
-2.8387096774193585
-1.3280212483399736
-3.0619111709286564
0.3471017007983339
1.072293324109293
-0.5475701574264086
-3.06262904335858
-0.5324813631522897
-2.0342612419700172
3.5336976320582836
2.2167487684729106
-1.7555938037865828
1.261387526278915
2.8027681660899733
1.413665432514301
-2.5555924327912343
-0.9877384196185401
-1.7199862401100792
-0.280014000700039
2.421902421902434
-3.598355037697053
-2.4528972627088637
3.8994169096210083
-1.7888460189407305
-0.17857142857142858
1.4311270125223614
-0.6701940035273288
0.7102272727272727
-3.032440056417497
-1.8545454545454627
3.3716191181919317
1.82795698924732
-1.6543470608940674
0.25053686471010933
0.21420921099606063
-2.315639472746705
3.3552151714077274
0.2822865208186349
5.77058409570726
1.996007984031936
-2.9354207436399213
3.4946236559139705
-4.220779220779221
-1.4237288135593182
15.5433287482806
0.8928571428571429
-3.5988200589970467
3.8555691554467457
-5.332940483205648
2.489884842826019
-0.6984512602490165
-0.7951070336391507
1.2638717632552476
-0.8828006088279992
-3.409090909090916
-3.2750397456279847
0.7232084155161042
2.1214099216710185
-3.9309683604985475
3.792415169660671
15.064102564102564
0.8356545961002786
-3.480662983425421
-1.57412707498569
19.307938354172737
-0.07311723129417776
9.585365853658539
0.1557979078566634
-5.777777777777778
-0.44811320754716444
0.2606017531390585
-1.7013232514177667
-0.09615384615384069
0.5774783445620734
-2.6794258373205713
1.671583087512294
-3.3849129593810443
0.27527527527526674
2.5455452957324654
-2.652713555609632
-0.9749999999999943
-1.4642766978035877
-0.0768639508070744
2.5641025641025643
1.2249999999999943
-1.2101753519387448
0.45000000000000284
-4.106520657043305
0.6747988580326929
0.5413766434648164
-0.8974358974358975
-0.10349288486415971
1.2173012173012143
-2.226202661207776
0.2878827532059581
-1.3048016701461378
2.2474881015335804
0.3103180760279257
2.345965455014185
4.030226700251889
-3.0992736077481866
2.448775612193906
-4.65853658536586
-2.2512151445382336
-2.64328709761843
0
-5.000000000000006
-3.791737408036213
2.264705882352938
-1.8981880931837694
7.006742890647897
1.3424657534246514
3.5955663692890005
3.8361169102296424
-3.8451872329730974
-2.090956612650287
3.2301121195942244
-4.111714507370048
4.611650485436884
-1.4694508894044829
1.282051282051291
-0.2583311805734952
-0.5439005439005498
-1.6666666666666607
-0.423728813559328
3.696808510638292
-1.1028468838163517
-3.0082987551867277
0.7754010695187105
0
0.026532236667557108
2.625994694960206
-3.0240372189196147
-0.8262260127931679
0.08062348830958196
1.4500537056928127
-2.0381154049761747
0.5133747635774053
-1.586021505376338
0.054629882545749416
1.556101556101553
-2.0430107526881782
3.1009879253567543
-1.4107000266169847
-2.132829373650102
3.0068965517241315
-1.9550080342795808
3.3870527178366503
-3.038309114927345
-2.234332425068117
1.5050167224080204
2.114222954420645
-1.9628932508738788
-1.289083927591894
-1.2503473186996388
-4.980303882948787
0.11844832691739239
-4.6140195208518255
4.279069767441864
2.230151650312221
1.1634671320535195
-3.910293271995406
1.3165769000598546
-3.51447135262848
4.98928680746863
0.4664723032070037
-1.3348810214741795
0.5882352941176471
-1.1403508771929758
-2.3661638568470864
1.8176310209027566
-0.02975304968759974
0.47619047619048294
3.0509478672985644
-0.5173900546133816
-3.3805258595781695
8.403110047846898
4.9931034482758685
-7.488176563321072
2.6980971314967337
-0.1659292035398293
-4.404432132963983
-0.2897710808461315
-0.3196745132229069
0.3206997084548171
0.8427782621330941
1.440922190201729
3.125
-2.920110192837472
2.695800227014756
-3.28820116054158
-1.6000000000000065
1.8292682926829302
4.79041916167665
-6.965986394557829
-2.544603685288093
-1.8007202881152462
-3.881418092909532
1.3672496025437237
3.826850690087826
0.36253776435044976
-1.2341962673088398
1.0057909174032167
-0.4224502112250988
3.6666666666666736
-0.5553931598947776
-3.115814226925328
1.0012135922329959
1.8023430459597478
0.3245795219828925
-1.5000000000000067
0.7763511495969014
4.177777777777784
2.9010238907849795
-3.1785516860143725
2.198115900656577
-4.888268156424581
1.5859030837004338
-3.4981208441746072
0.4194128220491244
-2.774463007159908
-1.7490027615833044
2.7795128044972
-1.2762078395624568
1.7543859649122948
-2.934059286146414
3.0227485197881103
-4.022988505747129
8.446265364008827
0.8718395815170008
-3.745318352059925
0.5088296917090657
-0.416914830256115
-1.2858851674641014
-1.969100272644653
-1.8232385661310364
-3.2105760151085896
-3.349593495934963
-0.10094212651413573
3.738632536207485
0.42207792207792577
4.914322664080177
0.06163328197226152
2.186633815830004
0.7233273056057797
0.029922202274094176
0
-0.3888722704157976
-0.8108108108108074
-2.240387526491079
4.24279962836793
1.4557338086749783
3.5724743777452383
2.2052586938083154
-1.6320885200553188
0.8155230596175413
-3.905160390516039
2.5834542815674824
-0.5376344086021442
-2.0199146514936053
0.9872241579558753
-1.7538815411155901
2.429031314018148
0.6857142857142792
1.0783200908059056
-3.396967995508132
6.596919500145304
0.8724100327153731
2.1621621621621623
-0.18518518518518218
-2.3588656241717554
0.922909880564613
-4.626143087681546
1.720248166948665
0.027723870252293524
-1.0532150776053246
1.3165266106442546
-1.327066629803708
8.013449145418893
2.749675745784701
-1.0855844483716262
-1.9652884124553314
-0.7550117156990456
-2.570828961175239
4.98115239633818
3.6932546806873647
0.3215434083601314
-1.849112426035503
-3.0645566440592926
-0.6737496760818777
-2.0610487868510394
3.2765050612679842
0.4126902244003154
-0.30824556896994315
0.2576655501159495
0.05140066820868379
-1.8237862830721867
7.273678702250133
-8.243902439024392
5.688463583200435
-3.797786720321937
0.10457516339868686
-0.23504831548706642
-0.0523560209424054
2.357255107386066
0.10235414534288056
2.2494887525562404
0.875
-3.890954151177197
0.0257864878803419
-3.2740397009538516
0.26652452025586354
0.9037745879851234
0.3951527924130664
0.026239832065065832
0.4459601259181502
-0.7834943849569078
