-4.2873696407879525
4.116222760290564
-8.720930232558139
-1.910828025477707
3.2467532467532467
-4.40251572327044
0.5263157894736917
4.712041884816746
0
4.499999999999993
-2.3923444976076556
0
2.818627450980406
-0.47675804529202104
-1.9161676646706518
3.54090354090353
-3.5377358490566038
0
0.12224938875306667
-0.36630036630038015
1.1029411764705952
1.5757575757575724
-1.9093078758949813
0.24330900243309347
-0.2427184466019452
0
-3.527980535279812
-0.37831021437578455
3.7974683544303796
0
0.8536585365853693
1.088270858524778
0.11961722488039299
0.11947431302269332
-3.579952267303103
0
0.9900990099009866
0.980392156862759
-1.4563106796116538
1.9704433497536875
-4.2270531400966185
3.1525851197982346
-1.4669926650366782
-0.7444168734491245
0.625
0.37267080745341263
0.24752475247525105
-0.7407407407407337
-0.7462686567164285
2.5062656641604013
-5.378973105134464
-1.679586563307508
3.8107752956636083
0
-4.430379746835443
1.5894039735099375
2.9986962190351982
1.645569620253161
-2.9887920298879096
1.4120667522464625
-1.8987341772151898
-3.0967741935483946
4.394141145139829
1.4030612244897886
-1.63522012578616
3.4526854219948886
-6.427688504326331
4.227212681638049
-3.295310519645131
4.587155963302752
-3.508771929824558
-0.25974025974026343
1.5625000000000038
-1.2820512820512822
1.0389610389610353
0
0
2.05655526992289
-5.037783375314861
-1.8567639257294504
-1.6216216216216255
2.3351648351648393
-3.3557046979865772
0.27777777777778173
1.2465373961218718
-3.5567715458276257
4.113475177304973
0
-2.997275204359677
-1.6853932584269702
2.2857142857142776
-0.13966480446926582
2.097902097902098
2.0547945205479454
-3.3557046979865772
0
4.5833333333333295
-0.3984063745019883
-1.6000000000000039
1.3550135501355014
-1.0695187165775364
-3.7837837837837798
1.1235955056179734
3.888888888888885
-0.13368983957218492
0
1.4725568942436336
0.1319261213720429
-2.503293807641641
-2.4324324324324285
4.84764542936288
4.3593130779392295
-2.025316455696195
1.8087855297157511
-1.2690355329949239
-4.4987146529562985
2.691790040376851
4.325032765399734
-4.648241206030137
-1.1857707509881497
2.1333333333333258
2.088772845953014
-2.429667519181593
-1.9659239842726082
2.2727272727272765
3.0065359477124147
-2.791878172588836
1.6971279373368295
-1.6688061617458425
1.0443864229765163
-5.038759689922488
0
-2.176870748299312
2.086230876216968
-2.588555858310634
2.5174825174825135
-5.729877216916784
-2.7496382054992643
2.529761904761909
-3.6284470246734393
2.259036144578313
4.565537555228268
-8.309859154929585
-1.38248847926266
0.9345794392523276
1.8518518518518563
-4.545454545454546
-1.5873015873015872
3.387096774193539
-0.3120124804992133
5.0078247261345785
1.3412816691505303
-3.676470588235294
0
-2.1374045801526806
0
3.744149765990649
4.661654135338337
0
4.5977011494252915
-3.983516483516472
4.005722460658078
-5.914718019257218
1.900584795321633
-2.4390243902439064
0.8823529411764622
-4.373177842565598
0
2.4390243902439157
1.1904761904761862
-2.058823529411773
3.0030030030030033
-2.623906705539355
3.293413173652699
-2.4637681159420333
4.6062407132243814
-3.8352272727272765
0
-2.0679468242245282
3.318250377073911
-0.8759124087591158
1.620029455080993
-0.28985507246377223
-1.8895348837209263
0.14814814814813973
-0.8875739644970331
-0.1492537313432751
-3.886397608370715
4.043545878693637
-2.9895366218236172
3.697996918335888
4.754829123328385
-4.822695035461001
0
1.7883755588673664
1.0248901903367538
-4.492753623188397
-0.3034901365705657
1.3698630136986172
1.9519519519519692
-2.503681885125188
-2.416918429003034
3.71517027863778
-0.2985074626865714
0.29940119760479467
1.7910447761194073
-3.9589442815249307
2.748091603053431
-1.783060921248147
-2.571860816944007
2.3291925465838506
-2.1244309559939385
-0.31007751937984934
-3.1104199066874028
4.494382022471906
1.2288786482335046
-2.2761760242792106
0
0.621118012422347
-4.320987654320984
4.032258064516129
-0.31007751937984934
1.0886469673405954
1.8461538461538505
-3.3232628398791584
0.9374999999999911
-0.928792569659434
1.2499999999999956
-0.7716049382716049
1.5552099533437014
-0.9188361408881996
-1.8547140649149967
2.51968503937007
-0.15360983102917716
-0.30769230769231204
-0.9259259259259172
0.15576323987538054
1.866251944012446
-0.9160305343511363
-2.927580893682597
2.698412698412703
0
-1.5455950540958268
1.7268445839874322
-1.2345679012345636
1.5625
-2.9230769230769207
2.3771790808240776
-1.393188854489151
1.4128728414442566
-5.572755417956648
0
4.754098360655735
1.8779342723004628
-1.5360983102918588
-1.8720748829953133
-1.4308426073131932
-1.9354838709677464
-3.124999999999998
-4.92359932088285
7.142857142857143
2.999999999999995
-3.7216828478964357
1.8487394957983216
-0.4950495049505021
-0.49751243781094057
0.4999999999999953
-3.1509121061359844
3.5958904109589067
1.8181818181818206
-2.2727272727272703
2.3255813953488347
-3.571428571428576
-1.5151515151515127
1.3675213675213627
2.5295109612141653
-4.111842105263158
3.945111492281311
-0.3300330033003347
1.1589403973509982
-3.2733224222585924
-1.1844331641286003
1.3698630136986374
-1.1824324324324371
1.1965811965812014
0
-1.0135135135135158
-1.0238907849829375
2.0689655172413843
0.1689189189189093
-1.0118043844856566
-1.0221465076661012
2.237521514629943
0
0
0.3367003367003415
-1.0067114093959755
1.3559322033898258
-2.1739130434782563
2.051282051282056
-2.5125628140703515
1.8900343642611586
-1.8549747048903784
-0.17182130584192684
-1.0327022375215171
0.8695652173913043
0.51724137931034
1.3722126929674174
-4.56852791878173
0
-3.9007092198581486
-1.1070110701107037
1.3059701492537235
-0.18416206261509083
-0.1845018450184528
-3.3271719038817085
-1.1472275334607922
3.8684719535783363
-5.772811918063317
-2.1739130434782634
-2.8282828282828256
3.3264033264033293
-7.243460764587527
3.2537960954446854
-2.731092436974799
3.6717062634989266
-2.2916666666666696
2.1321961620469083
2.7139874739039755
4.878048780487802
0
4.651162790697671
0.1851851851851878
4.621072088724584
0.3533568904593564
4.929577464788741
0
4.530201342281871
0.3210272873194267
4.959999999999991
0
0.6097560975609844
4.242424242424238
4.941860465116288
-9.418282548476451
-4.892966360856273
0
-4.983922829581995
0
-4.906937394247037
0
-4.982206405693958
0
-4.981273408239694
10.484824595979504
4.994648590795571
0
-4.994903160040771
0
-4.971387696709587
0
-2.145276627775688
7.1538461538461515
0.10768126346016202
-5.019720329867344
-0.07550018875047027
-2.6822818284850674
-4.697204968944102
8.83910386965376
0.6736526946107774
-1.5985130111524153
-1.7755950132225118
0.8846153846153862
-3.7361799466260024
4.63366336633664
2.0060560181680454
-6.864564007421142
-4.780876494023915
4.728033472803358
-1.9176987614862182
0
0
-0.4887983706721018
-4.830126893164142
0.6451612903225745
-4.914529914529909
0
2.471910112359554
-5.7017543859649145
-2.3255813953488373
6.66666666666666
0
4.866071428571428
2.171136653895281
2.7500000000000004
4.541768045417684
-0.03878975950349714
-4.928211098176172
9.795918367346934
4.052044609665427
-3.644158628081456
-3.2258064516128937
-1.0344827586207015
3.832752613240426
-5.853840417598808
2.376237623762382
-2.9013539651837523
-0.3984063745019977
-2.1599999999999966
-1.4717906786590327
0.8298755186721962
0
0.823045267489709
-1.632653061224484
-1.6182572614107906
4.175453395191895
-4.210526315789471
-0.6762468300929846
-4.170212765957449
4.3516873889875685
0.5957446808510662
0
2.4534686971235122
-2.9727497935590375
0.4680851063829763
2.0753917831427446
1.493775933609956
0
-0.44971381847914726
-1.0266940451745379
-0.16597510373445104
-0.24937655860348598
3.7083333333333357
-1.1651265568501372
-2.845528455284564
-1.0460251046025104
-0.21141649048624592
-0.423728813559328
4.6808510638297935
-0.40650406504065617
-0.5306122448979551
-0.6975789905621735
0.41322314049587366
-0.823045267489709
-2.0746887966804977
0
3.34745762711864
2.255022550225505
-1.844426623897357
-1.5522875816993422
3.4854771784232357
-3.3680834001603843
-0.9128630705394291
-1.1725293132328207
0.29661016949152663
1.3941698352344667
-3.3749999999999947
-0.6037084950409684
0.4772234273318847
-0.25906735751294785
1.7316017316017254
-1.276595744680854
1.724137931034492
1.9915254237288087
-0.41545492314084514
3.2123487692949504
-1.8593371059013635
-1.1532125205930854
-1.708333333333334
