-0.05993407252022435
4.94752623688156
0.02857142857143507
4.998571836618109
0
4.978237214363426
0
4.975382223373943
0
4.98642310540607
0
4.984716670585467
0
4.994400895856665
0
4.991467576791804
0
4.997968305566835
0
4.992260061919518
0
4.994471065241434
0
4.9850798665964495
0
4.999164019394746
0
4.9999999999999964
0
4.989384288747343
0
-4.997833309258979
0
-4.987076174547676
0
-4.9927988478156395
0
-4.985683004884625
0
-4.9991136323347005
0
-4.982272812091806
0
-4.98821681068342
10.500206696982225
4.994388327721648
0
4.988419739889543
0
4.988969964364516
0
4.994342977210276
-2.108990147783258
4.969334801069354
-2.981273408239697
-4.246448424953675
0.5321722302854305
4.988771254411296
-3.7280366692131364
0
-2.8408189176321184
0.7840574975498128
-3.6142625607779504
3.8170506137548226
-4.195011337868477
0.42265426880811496
-4.175084175084168
2.9515108924806666
-4.522184300341297
3.61036639857016
-1.6905295842677364
4.983330408843653
0
4.9640648504095015
0.03184713375796903
-4.489016236867247
6.633333333333326
4.0950296967802515
-5.615615615615612
3.0703149856824616
-4.7075165920666775
3.628117913832196
-3.15723663644888
2.646868947708195
-4.968553459119501
2.5645268034414297
-6.033231166317145
0
-4.978540772532189
2.0054200542005463
2.922422954303932
4.990535191877473
0
4.999180462219308
0
4.995316890415236
-7.062146892655367
-4.9912014077747635
0
-4.984004041084361
0.035442140705306664
-0.035429583702399556
5.032783980152418
4.606040155221858
-0.4516129032257991
-4.244977316915108
2.1489001692047456
2.700016564518793
-4.322580645161283
-0.5394470667565822
0.38983050847456857
1.6376836062806088
-2.6910299003322335
0.08535336292249915
-2.2172949002217295
0.1744287458573173
-0.9402751175343859
3.322200738266827
-2.6709765226267326
-2.464604090194026
3.118279569892469
1.494612443517557
2.0376712328767086
0.6880349051854376
-2.1000000000000036
0.44262853251617684
4.0000000000000036
2.949804432855284
-6.917840747190128
-3.741496598639456
-1.3074204946996426
-0.8234872896527072
4.169675090252712
0.12129613585166032
-2.180685358255436
-0.38924274593065206
-2.5399644760213063
0.23692363768907498
-1.4000000000000083
1.4198782961460532
-0.5818181818181901
0
-2.0299926847110297
0.05600149337314812
0.690298507462695
-1.797294793403751
0.9811320754717067
3.867713004484292
-6.565929123943156
2.618405852907205
-2.195121951219521
0.9015921734126311
-0.24714828897337537
-0.13340956737184018
4.446564885496175
1.955052073816928
-2.813620071684596
-1.9915176101788596
-2.8974600188146713
0
-4.999031195504749
4.752192535182543
-0.0194704049844281
-0.03894839337878198
1.129943502824872
1.329223656328256
-2.433460076045619
-2.182385035074054
1.9123505976095663
-0.8991399530883547
-2.702169625246546
-1.074396918710726
-0.43032786885246366
2.0168759003910295
-0.34294936453499875
0
4.291497975708511
0.15527950310558122
1.8217054263565848
0.4948610582413443
4.3939393939394025
1.596516690856305
3.3392857142857224
1.9526524969759727
2.983050847457631
4.3120473996049915
0.646891763963399
3.1509641009562666
1.7781155015197638
3.6284903688218537
1.3112391930835767
4.992177499644435
0
4.998645353562717
0
4.992904141401101
0
4.9889407716883785
0
-4.997659176029954
10.52112849574966
4.993869133875817
-2.558658031638181
-0.1743299193724024
-4.8242741759441214
-5.000000000000002
0
-4.997585707387733
0
-4.9936467598475165
0
-4.988631804199554
0
-4.997184684684685
0
-4.993332345532662
0
-4.990642545227698
0
-4.9901510177281825
10.504492052522474
2.2514071294559064
1.712538226299701
-1.3830426939266454
6.417682926829271
0.8451511244807302
2.471590909090906
-3.2436928195176016
1.5472779369627443
1.0158013544018123
-2.43016759776536
-0.37217291726310087
3.2471264367816124
3.9521291399944305
-3.681392235609103
2.2793606671299482
-6.169316483217826
1.3468501086169375
-6.144612746499
-4.978684531059673
0.04806921967632663
2.4823830877642536
-3.3911548679481065
0.2911679068262624
-2.1774193548387095
0.8738664468260436
-5.818895063746308
-79.4168691426588
1.9392917369308698
4.962779156327543
-9.456264775413711
-4.960835509138383
0
-4.761904761904764
-0.19230769230769504
-4.913294797687856
10.030395136778106
-4.972375690607727
0
-4.941860465116287
0
-4.791029561671752
3.319057815845818
2.0725388601036268
-5.279187817258886
0
-4.930332261521966
-4.960541149943636
7.829181494661933
0
-2.3102310231023195
2.7027027027027093
-7.12719298245614
-0.8264462809917389
-4.166666666666667
-4.968944099378882
2.483660130718962
-4.974489795918374
9.664429530201346
4.8959608323133414
0
4.9008168028004695
0
4.89432703003336
0
4.984093319194065
0
-2.222222222222225
7.334710743801662
4.908565928777665
0
4.954128440366977
0
4.982517482517473
0
4.995836802664447
0
4.996034892942118
0
-0.6042296072507638
-4.33130699088145
4.924543288324058
-7.797123391370173
-4.926108374384237
10.362694300518134
4.538341158059466
-7.784431137724544
-2.5974025974025996
-2.4166666666666714
-2.3057216054654046
-2.709790209790217
4.941599281221923
0
4.9657534246575326
0
4.975530179445347
-8.624708624708623
-0.9353741496598592
-0.3433476394849834
-4.7372954349698535
3.7070524412296644
4.184829991281601
-5.606694560669458
-1.9503546099290805
6.509945750452082
3.480475382003403
-2.9532403609516065
-1.9442096365173265
-3.103448275862064
1.24555160142348
3.075571177504394
0.5967604433077603
-2.2033898305084696
1.9930675909878657
-0.0849617672047651
-4.59183673469387
5.704099821746873
-4.721753794266437
-0.2654867256637143
2.0408163265306096
-5.6521739130434785
-4.147465437788019
5.576923076923075
3.551912568306016
0.08795074758134944
0.175746924428825
-2.8070175438596516
4.873646209386287
-7.401032702237529
-1.486988847583638
1.6981132075471672
0.18552875695733104
2.6851851851851904
2.073940486925155
1.2014134275618369
-3.9804469273743037
6.890909090909089
0.6973975165844595
-2.888513513513515
-3.461471560271355
5.009009009009011
-0.5319148936170252
-4.485078488873557
0
-4.9846487267473325
-4.9990496103402435
0.20008003201280797
-4.852236421725239
-0.14690451206715696
-4.791929382093319
-0.15452538631346643
-4.996683617068314
0
-4.980218757272517
0
-4.996326230712709
0
-4.975509151843258
7.867607162235482
-0.4024144869215206
5.404040404040405
4.983229516051745
0
4.997717937015056
0
4.998913279721809
0
4.988615193541703
-6.979495268138799
-0.3815175922000842
-4.617021276595748
-4.08208788757528
2.883720930232563
-4.814647377938523
0.23747328425552464
1.9900497512437723
-6.852497096399525
-4.987531172069826
8.740157480314956
1.3758146270818254
-3.999999999999999
1.6865079365079358
-6.487804878048772
1.9561815336463222
-3.453568687643902
1.987281399046105
-5.767731878409974
0.027570995312925308
-2.4807056229327413
0
-4.974561899378194
-4.997025580011886
0
-4.978083907326236
0
-4.975288303130154
10.47156726768377
4.990583804143137
0
4.992526158445425
0
4.982915717539863
0
-3.4445348521833363
-0.7584269662921436
-4.670251910557596
-0.17814726840855782
-1.844140392623431
-0.5757575757575689
0.12191405059432839
0.6697108066971046
4.989416389476863
0
4.982718894009229
-1.0425240054869753
4.990296645411692
0
4.990757855822553
0
4.979879275653934
0
4.983229516051745
0
4.997717937015056
-0.8693762225603099
4.998903749177814
0
4.990603466276886
-1.073985680190929
-1.4877362283876194
5.673469387755104
4.982618771726532
-2.52023546725533
1.8494055482166387
-1.7417083564943445
-1.9422968131246485
-0.2884615384615357
0
-1.5043394406943127
-0.13706677109849283
-0.5294117647058885
1.9120835797358684
-6.615087040618959
0.45567522783761155
-4.391752577319593
-3.79555747250377
3.49697377269671
-0.3682044617717169
1.6521739130434738
-1.6253207869974295
6.326086956521732
0.18401144960131552
1.530612244897959
2.47236180904522
1.7457826598666155
