-2.34375
0
-4.5
-1.9895287958115184
-0.384615384615387
3.6036036036036063
-2.9606625258799197
-1.1521228931085934
0.4316857327865314
-1.0960670535138668
5.867014341590613
4.905582922824309
0.07826257092545046
1.3489736070381186
2.0061728395061684
3.9334341906202854
-2.4563318777292578
0.7461294534601753
-3.5178670616552488
-3.4734216081366385
-0.5964214711729622
1.9799999999999955
-0.4118454598940902
0.4332414336352872
-1.6078431372548998
0.6177760063770359
-0.35650623885917104
4.849930431325776
-3.3175355450236967
2.274509803921573
-1.4570552147239306
3.501945525291829
-4.2293233082706765
1.6486751717369925
-1.564008495848613
3.766182816790896
-4.555765595463142
-2.911467617349968
1.8359853121175032
2.524038461538466
-2.246971473231731
4.137517489506294
-3.2629558541266794
0
-1.2698412698412653
-1.5072347266881028
0.775351968985912
0.4251872848754855
-1.4112903225806452
2.8220858895705545
-0.21877486077963856
-2.9300378712377895
0.6776180698151975
1.3665102998164365
-2.575452716297789
1.5902519619991715
-3.374669648302494
2.1460130443930123
-1.544799176107106
3.2217573221757276
-4.418321848398856
-0.763358778625959
2.0940170940170963
1.2976140644621157
-1.2396694214876034
3.3472803347280333
-3.663967611336037
2.1222945997058256
-2.0370370370370323
7.120352867044733
-3.5882352941176494
4.535285743339436
14.785992217898833
0
1.0508474576271263
6.675612210667553
-5.660377358490566
2
6.062091503267977
1.6946541364966876
8.074534161490677
-0.4765909728062766
1.9295774647887387
0.04145364101146255
-0.6491712707182383
0.26414569720562925
-2.676095396561296
-0.270693831030058
-2.142857142857143
-0.4525547445255508
-0.6305909957471704
-0.23612750885478492
-0.4437869822485207
0.8023774145616608
-1.415094339622645
2.2727272727272796
-0.3801169590643308
-1.966539477546225
7.455089820359275
3.1067149623850754
6.674773679232533
5.889803673210893
3.8755980861243993
1.5660985720865988
-6.428571428571434
-4.495335029686164
6.521187515858917
2.1915197713196735
-3.986013986013991
-0.2670551104636965
-0.03651411879260811
2.520394496529897
-2.707838479809971
0.1953124999999889
-2.302631578947366
2.0077316373612697
-2.775061124694382
0
-1.8232113667798315
-0.1536885245901552
-2.29604925602873
1.8642510174609335
-1.6496971259182827
0.11793998165377764
-1.5445026178010413
3.150757777186909
-1.9719035958241984
-0.06573757559821193
-0.9077752927246385
0.11949017525225401
-3.0897758917915485
-0.19157088122605054
-3.509734027968196
-0.5399261153736793
-1.414285714285711
0.5651354876104879
-2.319884726224787
-2.3307272459064694
0.8760006041383408
-2.0811498727354363
2.094801223241597
0.5691178673056694
0.014892032762475464
0.938058368076229
-0.6638147219353887
0.6237006237006305
-2.302243211334124
-0.030211480362544632
0.8461770927772776
-0.20976925382079373
1.1261261261261262
0.5790645879732705
-1.4171833480956633
-1.1680143755615386
0.45454545454545453
0.7390648567119121
-0.11977840994160122
1.1842302503372772
-2.2518518518518587
-3.6071536829342157
2.0597484276729596
1.5868125096287096
-2.2899605702153507
1.4899891354958907
-2.0033644288117483
1.3420724094881435
0.2617801047120489
-1.0597450468437992
6.116113008382486
4.988297249853718
0
4.988156611397513
0
4.9900464499004675
0
4.980407028188595
-9.283564118001205
1.5396867533846592
-3.2418300653594714
2.039989192110228
-0.9003045147623401
0.20040080160320642
1.3466666666666698
0.7762136560978788
0.20887728459530322
-0.20844189682126402
-0.783289817232376
0
-0.03947368421052033
2.619455048045278
-2.3858388917393563
1.971090670170828
-2.770618556701031
0.7289595758780649
1.144736842105269
-0.8455834525822817
1.1939123589608907
-0.9464540386360631
0.3795811518324578
1.1865953840135641
-2.306701030927832
-4.80147737765466
-0.20784259387557155
0.2499305748403158
-5.193905817174516
0.7450693937180457
0.04350348027841568
1.4349905783446844
-1.1431837667905116
-0.26019080659149385
-0.5797101449275363
1.443148688046644
-1.4657278344589642
1.4729473530698423
-1.2503592986490273
-1.90656381894921
1.0385756676557865
1.2922173274596116
-1.4207016526529364
1.1764705882352942
2.1075581395348837
1.3523131672597866
-3.0337078651685427
-0.9269988412514452
2.046783625730994
2.005730659025788
-3.6657303370786547
-1.9973757107449968
2.5141326986016033
3.018429836017988
-2.4228764614734373
-3.406958279197347
2.764908085487969
0
-1.0762070971495021
0
-0.7938841517200956
-0.7113218731475925
-0.6567164179104443
-2.8545673076923075
0.603154964429319
2.475019215987705
-1.2751275127512751
1.2004254672542132
-0.8858858858858825
-1.3785790031813396
0.967741935483864
2.844971854556526
-0.9319526627218868
2.4189935792145634
-3.7760606502405567
-0.6060606060606061
0.6097560975609756
2.363636363636367
-7.001184132622864
-1.9417475728155233
1.4445706865768506
-1.12
-3.802588996763754
0.08410428931875526
2.151260504201673
2.319842053307013
-1.4150184917189186
2.1040613276790046
-3.9297124600639015
0
0.033255736614573574
0.06648936170212388
1.3455149501661168
0.9506638256023527
0.5845104724793023
-2.824858757062147
1.8770764119601253
0.44024131746291306
-0.7305194805194806
-1.1774325429272356
-0.06619228859837453
-0.9604239112435758
2.1401103494398854
-1.244066131936491
2.0387866732968787
1.981806367771269
-1.417648932781137
-0.14541929229277384
-2.1844660194174756
-1.075268817204301
0.20066889632107784
1.8024032042723555
-2.0983606557376975
2.444742129939703
-4.593004249754808
-3.7176631831420326
4.430604982206401
1.976486624637932
-1.2197159565580542
-0.20297699594046775
-0.6779661016949152
1.348122866894194
-4.108435763596561
1.4223002633889417
1.350415512465366
1.9815510761872264
-0.5192629815745432
-2.340461357130826
0.6724137931034444
-1.4728549409145442
4.710585781331484
0
0.28220451527225193
-1.5063731170336074
2.319327731092429
0.5256241787122282
-1.666666666666674
1.3625789298770432
-3.278688524590164
1.3559322033898304
-1.789297658862884
1.583517793291345
0.5698960777740492
-2.566666666666663
5.183031132398213
1.4799154334038092
2.836538461538469
1.2622720897615565
5.201600492459229
0.9362200117027468
-1.7101449275362253
0.5603066941904975
-2.126099706744868
1.8576779026217194
-2.2944550669216097
-4.440764714737318
-11.641461877756772
-0.8735960064182523
0.3776978417266228
5.339544884429305
-5.919374043204619
1.2475140119327386
-1.8392857142857062
0.5821357103874716
-1.0851871947911016
-0.16456390565002327
-4.267399267399259
0.6313372871627997
-2.3003802281368864
0.1945903872348706
4.971839192076136
4.51433857539315
-4.7973092582758055
2.9750836742283377
-6.951968219573854
5.957694546865913
-4.725274725274717
4.075355632449044
-4.026597709641662
1.2317167051578093
-2.927756653992391
4.171562867215032
-1.9928557999624033
0
-1.7648187224246945
1.4645577035735207
-2.2902232486528162
1.5757337010045416
-1.3185960829940018
0
-5.777166437414026
-1.5432742440041662
-2.1393772505825086
1.7316017316017316
-4.468085106382978
-0.22271714922049
10.06696428571429
-3.8531737984181706
13.646909934612935
-0.037119524870069004
-7.7051615298923135
1.1064172198752766
-2.8849980103462
-2.0487604998975617
3.994980129679976
0.9654062751407907
-4.3227091633466115
-2.519258796585472
1.7513882956001685
2.434928631402188
-3.790983606557377
-0.3194888178913738
-4.2307692307692335
4.417670682730926
-0.27777777777778023
8.335118920077145
-8.366297468354432
1.0144614720483462
7.136752136752132
2.9118468288791433
4.166666666666667
1.1720930232558056
-0.9930121368150014
0.297176820208028
0.7037037037036953
2.4273630011033553
-3.6086175942549414
1.3596572918606944
-1.1392870268283801
2.1933085501858653
-1.2186249545289074
0.018412815319466532
-2.1170839469808542
-0.695881135978944
9.791666666666675
2.121787131274789
1.31756756756756
1.7005668556185471
8.475409836065582
-2.508689738552217
-0.1550147263990079
3.7106039434870324
-1.0928143712574783
1.4075980021189578
-1.4626865671641722
-2.1508633747349357
1.733746130030967
-0.3499695678636744
-2.8859367842418657
0
-2.3270440251572255
2.6883451384417145
-3.088258347703391
-1.9734713684891694
-2.8217821782178256
0
-2.2754287654949867
0.5907906168549049
-0.7255139056831805
-0.7830172263789803
4.6650298141003
-0.2178284182305554
-1.4777497900923517
-1.8237600136355965
2.743055555555548
1.0307536329841203
-2.475330322796447
0
-1.1833304750471578
-0.728913571676509
0.909090909090917
0.4677754677754559
-0.8449732712536605
-0.17391304347826086
-1.289198606271773
1.6590187080832999
-2.7083333333333375
2.0521056388294077
-2.3780381185521984
0
-1.2538061973849186
1.9227280972247458
-0.9788218544224951
-1.150251617541333
0.8909090909090868
0
-0.8289781942692418
2.0897692167908417
-2.3673905304378704
1.731996353691887
-3.010752688172035
2.716186252771606
-1.7089404569167117
-0.8052708638360134
-1.6605166051660516
2.045028142589114
3.4565177422320406
0.23102896747822185
1.3475177304964578
