-1.7857142857142858
0.4784688995215311
0.5333333333333247
2.3683213338385753
-1.5732000740329448
-1.0154193305754
0.2469604863222014
1.8571157854841678
-0.9302325581395349
1.7089201877934315
3.3050221565731124
2.5737265415549557
-3.0667363652204256
0.5213014560489109
-0.2145922746781197
0.9677419354838669
-1.9879304224352028
0.8149221296631655
-2.2094485360158194
0.3306392358560008
2.4533138044672236
3.645461043602569
-3.931034482758613
0.8793969849246189
-1.9747375911759513
-1.1796733212341197
3.581267217630854
0.851063829787226
-3.568917018284099
1.8778486782133008
1.8253400143164005
0
0.45694200351494246
0.3324002799160212
-2.04010462074979
4.3075827696689295
-6.689419795221851
0.07315288953915343
-2.9057017543859813
-0.48936570675699403
1.059201815774524
1.7593112483623605
-3.071546808901976
1.8026565464895636
0.26095060577818774
4.08997955010225
-2.143239864261475
0
-0.2190180689906793
0.8962868117797653
3.4082668600435015
0.9817671809256703
-2.361111111111115
-1.5647226173541884
-1.101878612716767
-1.1689497716894937
-2.310109037146553
2.2323117669315087
-0.5736491487786867
2.4753396612693224
-3.359970940791863
1.9357263672241973
0.38716814159292456
2.8282828282828243
-3.625647437042321
0.4447739065974754
-2.804428044280451
1.1389521640091118
-1.76426426426426
2.0061138708444783
-1.2923768495972987
0.01897533206831551
0.34149117814455593
-0.3214218188693386
-1.0622154779969692
-0.498466257668716
0.5587668593448897
0.019160758766051493
0.0766283524904171
-1.6079632465543603
0.03891050583658472
1.1085180863477113
13.502596653202549
1.5421115065243216
4.506008010680907
0.9421909932928739
-3.1640563202024996
1.2906387845123308
-1.1451612903225843
-0.930004894762593
13.982213438735174
-0.36121947695419737
-0.2755220417633378
1.788570597644315
-3.7285714285714318
1.4838996883810656
-4.255008042111423
-2.5656689065363403
-0.6269592476489029
2.365930599369085
0.18489984591680209
-0.030759766225783677
1.215384615384612
-0.7751937984496159
-2.650122549019601
-3.036978756884336
4.333008763388499
-0.24887229740239894
0.779666302822392
-1.9031409562122785
0.9463722397476341
2.96875
-4.522003034901359
0.7946598855689764
1.7502365184484245
1.1777467844413487
2.159595650176141
-2.5187406296851504
0.9227929867733005
-2.3316062176165904
0.29645810578873105
0.7934038581207254
-1.8212687143077566
-0.6445527432793622
0.14240506329113564
-0.2212039816716665
-0.8392715756136112
0.9900990099009791
-1.6603415559772297
0.49847242321917073
-2.6079999999999925
0.2957121734844676
-0.45864045864045117
-3.8999506335362915
3.0821917808219177
-0.7641196013289074
-5.507197857381985
-3.6315323294951285
4.944852941176467
-3.3105622700998385
-0.10869565217391716
2.647805585781651
-1.961130742049474
-0.8830419895476622
1.41818181818181
-1.3983506633201783
-3
3.2239925023430263
-1.5798075177047475
-2.2140221402214024
4.018867924528293
-0.2358062760747242
-0.05454545454544628
-1.4007640531198917
-1.0516605166051745
0.6712660824165622
-1.7966290053713525
-0.6978498679743578
-1.5384615384615428
1.466049382716054
-1.121673003802277
3.4416458373389687
-2.843866171003709
-2.391429118040952
3.2732261858094844
-0.28468400075915734
5.843167110772754
2.4815680632979595
-2.246008071591499
-0.07180039490216787
0.4311119094664949
3.469862278662131
-1.694036300777866
1.9518199402145082
-1.7074853397723315
-0.6316897701351154
-0.7593148507857946
-0.7117437722419929
0.3405017921146913
1.4288265761743169
-1.5495685860186572
1.2520121624038634
-1.1128775834658307
-4.25151839942836
5.858208955223876
-0.4582305252026829
0.7436260623229543
-0.47451669595782875
0.1236093943139759
-2.6455026455026456
5.4166666666666625
2.6465028355387488
-1.8751046375355656
-0.08530967411704488
-3.3640710382513737
-3.86994168581021
5.275735294117656
-3.9287585123101096
1.3813158851326623
-12.13696665471494
13.813507447459687
-2.7249910362136847
-1.0136380390711388
-0.3723701359150996
-0.20556905251355312
1.1048689138576737
0.03704389701797471
-0.38881688576190016
-0.1301115241635772
-0.6141820212171887
-1.7602996254681604
-1.7537171178040498
2.696934419868059
0.132250141696589
-0.9811320754717067
-4.725609756097553
3.8
-3.275529865125241
6.0159362549800885
1.0146561443066473
-0.7068452380952508
0.3559385537654723
-2.14672391263767
0.34338038916443236
0.3612167300380185
3.049820041674564
-2.1691176470588154
0.6388575723412208
-2.0537714712471993
1.2771635531833647
0.5081874647092124
-0.37453183520599254
-0.48872180451128244
0.07555723460520916
-1.2646281615703912
0.8793729688396144
-1.4402122418040595
0.36531436262256817
-0.823754789272022
0.444272744832906
0.13461538461539335
5.223737276742833
-4.362109874064607
3.053435114503817
-2.444444444444453
3.2460136674259727
-5.846662989520124
3.475883616481147
-2.5476505000943575
4.570100697134009
-4.962962962962955
-0.03897116134061681
-1.4814814814814858
0.41551246537396574
-4.847290640394093
2.3193207703458367
-3.683464885650687
-1.3238075225887698
-2.1720613287904698
-6.399651719634301
10.813953488372093
0.4407135362014738
0.6895110739657239
-0.5187798298402159
0.9803921568627546
-0.39248089237761496
-0.39402737453338393
9.78555069748073
-7.58581452683481
-0.4514672686230225
-0.7833436404865
3.8437564928319135
-5.662264905962386
3.054082714740186
-4.692323523358707
3.6493198013387986
-4.583333333333333
0.5676855895196556
0
1.910551454624393
-2.684277801448651
0.2626970227670728
-1.6375545851528384
0.33296337402885684
-0.33185840707964603
0.976692563817975
-2.11035392393932
-0.5165057264765353
0.609480812641081
1.121830827911151
-0.5768804082538198
0.4016960499888316
-2.3560791286952583
0.6829046209879354
0.6556635767578515
-1.617250673854445
-0.09132420091323681
-15.447897623400369
19.108108108108105
-1.3614703880190606
-0.8511617207269355
-0.13921113689095654
0.9990706319702629
-1.5642972164711322
0.023369946249128942
-1.8691588785046729
0
0
0.2619047619047673
1.0686297791498456
1.1278195488721696
0.9990706319702629
-7.292385553255117
0.19851116625310455
1.2877662209014336
0.24449877750611246
-2.4390243902439024
2.2249999999999943
2.910247004157504
4.562737642585549
-3.1818181818181817
0.09389671361501814
-0.7973733583489628
-0.14184397163121104
0.5918560606060607
0.25888444339845207
-3.755868544600939
2.926829268292683
-2.701421800947862
-3.5557720409157385
1.2878787878787936
-2.7673896783844483
2.487179487179484
1.7012759569677287
-3.468634686346869
0.40774719673802823
1.370558375634512
2.178267401101664
6.125949522175937
2.0549526668205904
-1.5158371040723957
-0.16080863772110926
-4.187758858720673
2.4975984630163386
-0.04686035613870399
-0.09376465072668404
2.229000469263257
-3.55749368831765
1.3089005235602094
0.023490721165145112
1.3151714419915372
0.32452480296709185
0.5545286506469448
-0.27573529411764447
0.4377880184331745
2.7988070658408
0.29011381388082
2.3587004895416164
-2.5217391304347876
-1.4942016057091858
1.9923024677382866
-0.06659267480577388
0.9107063527321241
0
2.443319392471927
-0.3008165019338155
-1.2284482758620665
1.9419594152301936
2.311643835616441
0.8368200836820083
-1.037344398340249
0.8385744234800838
-1.0602910602910651
0.7144358058415705
-1.6273732526601317
-1.9724284199363757
1.2981393336218088
0
-1.0252029047415658
1.1652999568407498
-1.1945392491467626
0.9930915371329928
-0.8123129542539571
-0.21551724137931033
-0.32397408207343414
10.075839653304442
-11.122047244094489
-0.354374307862685
-4.400977995110015
-0.04650081376425144
-1.3026285182600525
2.5689370728258254
-1.0110294117647007
1.3463324048282292
2.93174530462665
0.22251891410769917
3.685612788632332
0.19271948608136558
0
1.8593716606112516
1.489718841796048
2.5015505478602487
-5.082694634933439
1.5512112197194974
-0.1883239171374717
-0.23060796645702783
0.02101281781887429
0
-0.8403361344537815
1.694915254237288
-0.5624999999999977
0.7332914309658496
-1.414309484193014
-0.021097046413506907
5.48638953365689
0.8201640328065659
1.8253968253968345
1.3250194855806614
2.538461538461547
3.0945236309077266
-3.820265599417864
1.683374314355963
0.3906250000000042
0.037057624606250096
-1.0187071679940731
-0.1497005988023867
2.0614692653673163
-1.5607785530664708
-3.9171796306659203
0.42710153368276677
-2.397061666344477
0.2178649237472812
-2.648221343873513
1.9082419813235845
-1.9322709163346592
-0.5687588868576094
-0.30643513789581206
-0.020491803278693183
0.3279360524697731
1.30745658835546
0.40330711837063926
-0.40168708576019285
-0.5646299657188858
0.1622388967754927
-0.10123506782749545
-1.8646128901499774
1.0739363899215177
0.5108295872496935
-1.6263468184590364
0.8266170696424882
-2.0905923344947714
0.8792128951224595
-1.4733347167462059
-1.8534119629317631
-0.5364806866952789
0.7551240560949298
2.0556745182012897
0.6924045321023824
-1.937903729943729
0.27624309392264224
-1.2502648866285182
-0.021459227467816037
1.631251341489595
0.08447729672649995
-1.4771048744460857
0.642535874919683
-1.383273036816344
2.2874406560207214
-1.392405063291144
-0.3209242618741977
-0.6009873363382603
0.6046210321744665
-0.2361021678471702
0.6669535283993042
-0.40606967300704794
