-3.1481481481481532
-5.353728489483743
1.1616161616161673
8.337493759360953
-2.626728110599073
4.022716516800757
-13.330300272975435
6.92913385826771
-6.087383406971025
3.7637219027705116
10.27707808564232
0.41114664230242376
-4.185623293903556
4.36847103513771
-0.8189262966333082
-5.458715596330277
2.42600679281902
2.794883941260069
-5.253456221198158
2.1400778210116758
-0.5714285714285661
0
-0.4789272030651341
4.860442733397495
-1.835704451583295
2.7115474520804033
-1.8206645425580337
-3.198887343532674
3.2567049808429034
8.812615955473099
-6.436487638533673
9.06605922551253
-8.187134502923975
4.549590536851683
-2.959094865100092
3.94618834080718
-5.608283002588438
3.884826325411334
-7.611086669599652
4.190476190476196
-6.855575868372943
6.869479882237488
-1.4692378328742042
-3.0288909599254428
2.4507448342143174
-9.005628517823634
9.072164948453606
1.1342155009451822
-4.392523364485984
9.38416422287391
-3.619302949061672
6.397774687065374
-7.8431372549019605
0.2364066193853428
0
2.783018867924531
-2.707664066085363
3.0188679245283048
-2.0604395604395602
1.9167835437120122
-1.834862385321101
-2.803738317757009
3.653846153846151
1.484230055658635
-2.6508226691042096
2.347417840375587
-2.3853211009174258
4.276315789473681
-1.8927444794952757
-3.031694993109782
1.3737565135007133
1.8691588785046729
-2.431192660550464
5.312646920545375
-1.874999999999995
-4.322111010009099
3.1859248692344213
3.225806451612903
7.187499999999998
13.244481466055802
5.958072820890051
7.462686567164178
-11.175710594315252
1.1272727272727356
2.12153901474289
1.9366197183098592
-3.2815198618307426
-0.7142857142857143
-5.39568345323741
-4.144486692015211
3.5303451011503393
5.287356321839085
-4.767103347889382
0
0.8024455483378001
0.07581501137224739
4.507575757575749
-0.7249003262051469
-0.6936838262139384
-0.036764705882361304
-2.9054799558661193
-2.954545454545459
6.206088992974252
-0.5880191106211035
1.7005545286506554
4.652853507815323
0.1042028482111884
0.6245662734212393
2.3448275862069003
-5.4245283018868
4.666904168151059
1.4295439074200096
-4.999999999999992
-0.3885552808195064
-0.7446808510638379
-3.1797070382279307
0.33210332103320195
-2.721588819418896
7.258979206049145
0
2.0091646105040497
-4.63026952315134
-0.36231884057971014
3.272727272727273
-3.8732394366197185
-2.197802197802198
-1.1610486891385854
-0.037893141341404285
4.548900682335102
3.662073966642482
-1.3641133263378726
2.0921985815602757
-0.7988885029523983
0
1.5056022408963425
-4.7947568126940245
-0.14492753623187582
2.0319303338171135
-0.42674253200568585
3.428571428571437
-1.9337016574585713
4.1197183098591506
-6.831247886371319
2.03266787658803
-1.4585556741373256
3.9711191335740073
-2.0833333333333335
0
0
-4.25531914893617
4.62962962962963
2.265486725663709
-1.6614745586708048
-0.0703977472721033
-4.931313842902431
-4.779547980733597
6.614785992217898
2.1532846715328384
-2.0364415862808105
2.115244347191835
-3.821428571428567
0.25993316004455574
2.2222222222222223
5.000000000000004
-4.761904761904765
-1.9927536231884058
3.512014787430684
2.142857142857143
-2.3426573426573385
-0.32223415682063516
-2.0474137931034444
0
-4.400440044004401
-4.9482163406213955
10.330912025827265
-4.901243599122157
-0.07692307692307256
0.8468052347959925
3.74045801526718
2.86975717439294
-6.795422031473533
-1.9953952417498144
4.737666405638213
3.1028037383177614
-1.3778100072516357
-0.7352941176470589
-0.9629629629629713
1.7202692595362838
0.8455882352941219
-3.025884068538101
-1.6541353383458561
-0.38226299694189597
4.45126630851879
-2.351212343864797
-2.7088036117381447
0
-3.1709203402938964
0.6389776357827454
-1.9841269841269842
2.0242914979757085
-0.7936507936507936
-0.12000000000000455
-0.8410092110532617
-0.24232633279482807
-0.12145748987854711
-1.9456830158086678
-3.100454733360893
-2.3037542662116066
4.8034934497816595
0
-0.0416666666666643
-0.08336807002918593
0
0
-1.7104714226115956
1.8675721561969465
-0.8333333333333334
-3.991596638655462
-1.0503282275711185
4.909332153914195
0.08431703204047937
1.095197978096038
-1.6666666666666667
-3.389830508474576
0.21929824561403508
4.94529540481401
-0.7506255212677279
0.042016806722686685
0.797984040319196
3.0833333333333357
-2.9911075181891698
3.75
-1.8473895582329294
3.8461538461538485
-3.0732860520094607
-0.4065040650406504
1.1836734693877575
3.2674465510286383
-2.773437499999998
0.040176777822416354
-2.650602409638552
2.310231023102308
1.2096774193548387
3.3067729083665385
-4.2036251446201325
0
0
4.669887278582928
-4.653846153846152
-0.7664380798709179
-0.5691056910569129
3.9247751430907583
-0.8654602675058964
4.761904761904762
-0.946969696969697
4.741873804971311
-9.236947791164653
-4.424778761061947
-0.5892255892255917
0.08467400508044753
-2.4534686971235242
4.900260190806597
-0.16535758577924997
3.768115942028983
-1.1572226656025562
0.12111425111021856
2.3387096774193594
3.2308904649330135
-4.961832061068702
-1.9678714859437774
1.1880376894715303
4.210526315789465
-2.097902097902089
2.142857142857134
-0.5050505050504874
3.0456852791877993
-2.5388404698749487
1.8273716951788448
-1.565483008781965
-4.577191621411951
2.723577235772353
0
4.986149584487544
4.975499434602333
-6.606822262118484
3.421760861207219
1.5241635687732427
4.613694617356267
-5.915295764788231
4.687499999999987
-4.0867093105899075
2.778806965542794
-1.189617880317215
1.9700839109813852
0.5724508050089526
4.5535396655994145
-2.892140183735965
0.2102312543798258
2.062937062937055
4.796163069544365
-4.151683556717878
0.9549795361528006
3.8513513513513438
-3.057905009759264
8.288590604026842
4.989154013015192
0
4.988193624557254
0
3.626651672757952
1.3022246337493093
2.838778789501881
1.0416666666666667
0.979381443298972
2.041858090862685
-4.652326163081546
8.78803777544596
4.6539667229322434
-0.9677419354838683
1.3029315960911974
-6.201194304088195
-4.946131243878548
-0.05151983513652464
-4.999999999999994
4.1237113402061825
-3.5956227201667565
-1.4054054054054024
-4.8793859649122835
0
4.841498559077813
-1.1544804837822948
0.11123470522802481
0.9166666666666698
-3.3856317093311343
8.632478632478636
3.855232100708101
-2.929292929292935
3.251821019771072
-0.6550768455530275
3.931016992137966
-2.8306490971205522
3.9678553490708217
-8.381642512077292
2.530978117585016
2.365646695808703
0
3.4915850288872083
1.6990291262135921
-6.276849642004775
4.91469314998727
-7.378640776699023
-4.088050314465415
5.327868852459017
2.9831387808041505
-2.5188916876574305
-3.049095607235145
0.7995735607675907
2.8556319407720814
-5.964010282776347
-0.49207217058502223
1.510989010989011
-1.4884979702300405
1.2087912087912025
3.6916395222584213
-4.764397905759159
4.260582737768004
-5.641972053783294
3.883766415199786
-7.208176438945672
4.057971014492754
-7.66016713091922
2.8355957767722404
0.7626870049868064
3.6098981077146948
-6.574880584433823
4.541353383458653
-3.2220943613348805
0.47562425683710546
2.337278106508869
3.093379589476741
-0.2243409983174457
1.1804384485666073
1.416666666666673
-3.725006847439064
3.0156472261735483
3.838718586025953
-6.888297872340419
2.256498143387597
-3.7709497206703912
3.3091436865021704
-3.2312447316661985
-4.036004645760737
4.568835098335861
-3.298611111111121
5.266307600239385
-1.0801591813530447
0.1724137931034548
-1.9793459552495793
4.77026631548142
3.4078212290502763
-7.320367368989726
4.284465170504222
-5.366126327557291
5.109273479031292
-5.366676032593416
2.1080760095011772
-3.809246874091296
7.466747279322851
-6.582278481012652
3.342366757000893
-1.0780885780885747
0.14727540500736377
-0.32352941176471256
2.095013278253179
-5.462427745664733
3.2100275145215527
-4.32464454976304
0.9287925696594427
2.0858895705521507
-4.447115384615388
4.1509433962264115
-2.1135265700483092
10.117211597779152
0.8123249299719825
4.084467907752166
4.030966364121721
-3.4385424685655575
3.640712197714586
-5.333333333333336
-1.8147345612134314
0.6620689655172352
4.686215401479864
-4.5811518324607325
1.0973936899862826
-3.310719131614651
-2.750491159135563
4.502164502164509
4.9157691245512165
-6.264806528033682
5.588317888233635
-4.547872340425538
0
-2.4240735580941735
6.853226727584238
-5.638695884553705
0
1.1894647408666068
-1.2034704729918868
-3.4560906515580703
1.76056338028169
-0.5478662053056614
3.218324151928102
-3.764044943820218
6.713368359603035
-5.251641137855592
8.54503464203234
-6.595744680851066
-3.1890660592255093
2.0294117647058756
3.603343903142116
-3.1163049526989397
0.2010338885697842
-0.02866150759528974
2.436926605504587
-3.582423733557238
2.670537010159648
-2.7141645462256054
-3.458297006684113
1.3245033112582885
