6.533333333333336
2.8785982478097676
-8.759124087591248
6.533333333333336
-9.762202753441805
8.044382801664357
-12.708600770218233
2.205882352941182
-1.5827338129496449
4.970760233918127
-4.17827298050139
5.9593023255813975
-14.814814814814815
2.7375201288244755
-2.9780564263322806
-4.361873990306954
5.405405405405411
3.205128205128208
-6.677018633540381
-0.49916805324458174
-1.0033444816053594
2.1959459459459443
0.49586776859504544
3.453947368421052
-2.7027027027027017
4.248366013071892
-3.605015673981184
2.926829268292678
-0.947867298578207
2.8708133971291963
-1.8604651162790713
-0.4739336492891035
5.3968253968253945
4.969879518072291
-3.873744619799133
4.776119402985065
0.14245014245015208
0.9957325746799345
3.9436619718309895
4.878048780487809
-1.679586563307492
4.9934296977660955
-1.3767209011264119
4.949238578680199
-0.9673518742442573
-4.761904761904758
3.846153846153844
-3.0864197530864197
2.5477707006369563
2.484472049689432
-3.393939393939397
4.893350062735254
-2.2727272727272667
2.8151774785801766
-7.500000000000009
4.890604890604901
-3.312883435582828
-4.822335025380709
0
0
-4.666666666666662
4.755244755244753
-3.3377837116154874
4.972375690607727
-1.5789473684210424
-3.609625668449204
1.2482662968099842
4.657534246575341
-1.832460732984289
4.933333333333335
-7.878017789072429
4.551724137931036
0.3957783641160983
-2.7595269382391585
2.162162162162152
4.761904761904766
0.12626262626262358
4.6658259773014
-5.421686746987964
-4.203821656050956
3.5904255319149
-3.5943517329910173
8.388814913448746
-4.668304668304677
1.1597938144329878
4.585987261146513
0
4.993909866017032
-4.524361948955903
4.617253948967181
-8.362369337979091
3.929024081115331
0.975609756097562
-0.36231884057970243
5.333333333333328
4.718066743383201
0.2197802197802151
1.9736842105263324
2.903225806451608
4.4932079414838
-5.700000000000003
0
-4.241781548250269
-0.3322259136212554
-2.2222222222222143
-3.4090909090909167
4.117647058823525
4.971751412429373
-5.274488697524204
4.65909090909091
0.32573289902279434
4.870129870129863
0.10319917440660255
4.948453608247427
0
4.911591355599215
0
4.962546816479412
0
4.995539696699364
0
4.927782497875957
0
4.9392712550607385
-5.169753086419766
0.48820179007323433
-5.425101214574899
-4.965753424657535
6.846846846846844
4.890387858347387
-2.893890675241153
4.8841059602648995
-3.7095501183899025
2.0491803278688527
-3.6144578313252955
0
-4.083333333333335
-4.344048653344918
3.0881017257039045
0
0
4.93392070484582
-4.785894206549121
-4.673721340388002
8.048103607770575
0.08561643835616256
-3.1650983746792063
1.1484098939929241
-3.056768558951962
0
4.684684684684681
3.27022375215147
1.5833333333333293
-4.840032813781788
2.672413793103453
-2.183039462636438
0.0858369098712428
4.631217838765001
-2.8688524590163906
-0.8438818565400814
-1.957446808510642
4.513888888888886
-0.9136212624584671
1.0058675607711736
-2.6556016597510395
-4.94458653026428
0
0.448430493273533
-3.9285714285714244
4.925650557620812
-9.034543844109828
-2.629016553067182
5.299999999999994
4.938271604938285
-0.2714932126696935
-4.809437386569868
0.09532888465204754
0
-4.190476190476185
-0.39761431411531734
5.18962075848303
4.83870967741937
-7.601809954751129
-1.8609206660137245
5.788423153692616
4.905660377358487
-9.26258992805755
3.9643211100099145
0.09532888465204754
-4.571428571428576
2.395209580838326
2.1442495126705716
-0.2862595419847437
-1.9138755980861177
5.365853658536592
4.907407407407401
-6.7078552515445695
0
-4.824976348155154
0
0
-2.982107355864818
-1.8442622950819643
4.906054279749485
-3.8805970149253786
3.4161490683229823
1.501501501501505
4.930966469428007
-0.845864661654134
4.265402843601889
-5.363636363636362
4.03458213256484
0.5540166204986195
4.958677685950405
-6.474190726159232
-4.5837231057062695
2.7450980392156974
-2.6717557251908506
-0.49019607843136215
-4.926108374384237
5.595854922279783
2.944062806673216
-0.09532888465204754
0
-4.961832061068698
-4.819277108433739
5.801687763713069
3.6889332003988136
-3.8461538461538494
-0.9999999999999964
3.0303030303030196
1.9607843137255008
2.1153846153846043
0.8474576271186596
0.3734827264238949
-3.255813953488369
-1.4423076923076956
0
-3.9024390243902474
4.8730964467005125
-1.2584704743465709
-4.313725490196074
2.4590163934426252
-1.999999999999993
4.183673469387756
-3.5259549461312556
-1.0152284263959355
4.820512820512827
0.09784735812132864
4.789833822091889
0.09328358208955025
4.380242311276783
-2.946428571428572
2.575896964121446
-1.345291479820631
-0.454545454545461
-3.5616438356164277
0
1.3257575757575644
0
4.8598130841121625
4.723707664884129
-3.4042553191489393
1.7621145374449434
0.7792207792207779
3.006872852233674
-2.919099249374476
4.38144329896907
0.16460905349793886
3.533278553820869
-7.857142857142859
4.651162790697683
-2.880658436213989
4.830508474576258
-9.21584478577202
1.9590382902938455
-5.589519650655012
4.810360777058275
-0.7060900264783766
-1.7777777777777715
-2.714932126696839
4.651162790697675
-2.2222222222222223
3.63636363636364
0
-4.824561403508778
4.884792626728121
2.8119507908611467
1.7948717948718023
-3.358522250209911
0.8688097306689804
0
4.220499569336781
4.545454545454551
-3.162055335968382
2.4489795918367405
-5.099601593625502
4.030226700251893
-6.133979015334945
4.2132416165090145
-1.732673267326725
0
-3.5264483627204024
-3.829416884247167
-0.6334841628959301
4.46265938069217
-7.933740191804708
-0.09469696969696767
-2.1800947867298617
4.941860465116277
0
4.986149584487527
-0.08795074758135257
-3.6091549295774663
3.7442922374429237
4.841549295774654
-5.961376994122594
-1.7857142857142796
5.090909090909095
2.5086505190311343
-6.7510548523206655
6.787330316742081
2.542372881355923
9.917355371900836
-1.1278195488721832
9.353612167300383
-13.908205841446453
9.854604200323092
-4.632352941176463
-3.2382420971472623
-4.382470119521917
0
-6.666666666666672
-1.6964285714285672
2.633969118982751
-2.654867256637174
0
0
3.63636363636364
-6.578947368421052
3.1924882629107967
-1.728844404003635
-2.1296296296296333
4.068117313150423
2.272727272727273
0
-2.2222222222222223
0
-0.18181818181817794
-3.4608378870674024
0.943396226415091
5.140186915887857
-8.444444444444438
0.4854368932038731
-0.579710144927541
5.830903790087478
1.836547291092739
-0.8115419296663648
-0.3636363636363559
9.945255474452553
-3.5684647302904686
1.5490533562822848
3.7288135593220293
0
-2.6960784313725497
0.755667506297228
2.5000000000000058
3.6585365853658476
-11.372549019607838
3.539823008849545
-2.4786324786324716
1.2269938650306798
-0.432900432900439
3.4782608695652204
-3.2773109243697527
2.9539530842745427
-0.5063291139240549
-3.307888040712458
-0.9649122807017649
-2.3914968999114223
-3.992740471869324
3.8752362948960317
-2.547770700636937
2.5210084033613405
-2.550091074681249
-5.140186915887841
2.8571428571428488
-5.17241379310344
-3.7373737373737472
-1.7838405036726122
10.042735042735057
9.611650485436877
-16.651904340123995
-5.951115834218921
10.847457627118654
4.8929663608562555
3.984450923226435
6.07476635514019
-1.7621145374449276
6.726457399103139
-1.2605042016806751
3.7446808510638254
-6.398687448728461
-3.593339176161263
7.636363636363635
0.4222972972973033
-0.16820857863752187
-0.5897219882055477
3.813559322033892
-3.6734693877550963
-2.9661016949152663
8.209606986899574
-4.358353510895891
0.4219409282700482
-8.31932773109244
0
3.5747021081576587
4.336283185840694
-5.76759966072943
6.930693069306944
12.2053872053872
3.5258814703675965
0.5072463768115834
0
-1.5861571737563005
-3.2967032967033045
10.909090909090919
0.06830601092896028
-10.102389078498296
0
-1.2908124525436593
0
-4.153846153846147
-1.2841091492776897
-2.3577235772357796
-0.08326394671107233
0.9999999999999934
0.6600660066006607
6.311475409836078
-1.6962220508866663
2.8235294117647016
-0.8390541571319561
4.384615384615387
-1.989683124539422
-0.07518796992482378
-2.1820917983446138
1.3846153846153824
4.097116843702587
-5.539358600583088
1.8518518518518396
0.7575757575757683
2.631578947368418
-5.567765567765566
0
3.103180760279275
1.5048908954100908
-9.562638991845818
0.40983606557377633
1.5510204081632613
0.48231511254019693
2.719999999999999
0.38940809968847906
4.809930178432888
0
5.329385640266474
-5.059732958538303
-2.220577350111021
0
-6.73732021196064
8.766233766233766
-8.208955223880595
0.8130081300812979
1.6129032258064457
-3.1746031746031775
2.2950819672131244
