-0.3831168831168792
2.4922321447971627
-7.309730761076959
-3.021362243264248
3.9338694842102604
0.8872450021557187
-2.735042735042743
2.996947553417824
-1.048495734171527
3.0109137113425413
1.9295154185022108
4.998271242112526
-1.7143797978966284
-0.03350364352124055
0.4650188521156225
-0.33776739919102244
0.11506276150627615
0.3050882875352704
0.44374075540091396
1.0577840461276808
-2.3787045398571474
0.9145380006307159
1.3687499999999961
2.141521261072401
-0.680094166884631
0.563197666173685
-1.0717379479844442
0.4744741075610439
0.03445480340494159
0.4923313815669547
-2.544354838709674
1.367454176838087
1.102063307414437
0.27654978905510263
-0.12883484982688914
-0.0241876965250306
-3.9838709677419426
2.257265244414581
-1.5503398427072426
1.368262973469055
-2.3744855967078116
1.884247354887654
-0.6268100951592921
-1.6508108333159894
1.102785538904419
0.07327541086569664
-0.14225941422594524
1.7975362440291667
-0.34575015435275125
1.1503035810168893
-1.3556830478368207
1.5005691814136397
-3.2932300163132138
-0.008434370057978624
0.6684802091900174
-0.029326741798997562
-0.859106529209622
1.4076171957560208
1.265110462692785
1.4592380677959238
0.0527426160337442
-1.0542962572482868
6.118601696651784
4.23264076620066
0.2537977028529051
4.218637396751486
-8.714539007092199
2.515295717199184
2.14285714285715
3.466824952236086
-0.5987809250627399
-1.1650975724128045
1.2773722627737227
-0.18018018018018017
-2.7563176895306825
3.203831232713965
-1.4442705804061093
1.467260383969626
-0.741007194244601
1.4713343480466734
2.7607142857142923
0.6846696555798776
4.250949257852954
1.319470887207586
-0.2091503267973886
2.436468430704745
2.428069053708434
4.0902635808923415
0.6296851574212894
4.886769964243147
-4.823863636363641
-1.7969076473046333
-1.685410334346499
0.013912290735954555
4.984544049459042
4.999631947000373
0
0.026640120020746148
4.971965236893746
4.999532629161277
0
4.999300530325194
-0.07630629102978478
3.9770179032473165
-6.731172767544878
0.14248931330149783
4.850224663005497
4.03780682332213
0.3089315544978146
-1.902632659579314
-3.1569767441860463
-67.91138860539112
8.961646398503275
4.9999999999999964
0
4.997383568812146
0
4.999377024669823
0
3.5331810495713283
-0.6561604584527246
4.89746473998443
-8.111303582721549
0.8408390436577967
-5.789317507418396
-4.941887933478222
-0.05964214711730225
-4.999668456998864
10.525581070705657
2.7470792548152825
1.7854947756607225
-0.0030192325110929338
4.613526570048315
3.5557607942738345
-2.7396878483835057
0.2636329770467454
-5.247363457086511
-4.998039393116771
0
-4.997459994919993
0
-4.99966579774079
0
-4.998944628157318
0
-4.999074245510091
10.520366400311833
3.406926712280451
-0.5798090040927695
-2.229845626072041
-2.7228070175438566
-4.054249026114561
-0.9210526315789473
-4.985771200910647
-0.00798690148156296
-3.750149766364475
1.311203319502071
-1.6792267365661862
-2.2369407648087902
-1.9941199028505765
7.134472414242856
3.3763493222952796
1.5702284682421292
3.346989255623402
-5.044876589379211
-1.5399157181678513
2.1960000000000037
-2.1488120865787343
1.4
0
1.266272189349109
3.463051692571388
-3.3358433734939723
0.49076887123159263
1.5077519379844997
-0.6453090992401425
-1.0453497309761652
-0.49712599036819094
-0.5659640905542545
0.4828263002944134
-1.21493866708338
0.047455214141664606
-1.877544566978932
0.45923300032227243
-1.5358088058384867
-1.2787619629403417
0.12375727073965596
0.36257261752709746
4.6184161911408514
4.693140794223823
0.2923538230884626
3.8194184916660365
-1.5802735781137542
0.21579313119491209
-3.6788321167883278
-1.6368596544407328
5.855161787365177
4.763464337700149
-5.613255062697554
1.3506053803407727
-3.424110384894705
-0.36470278602849265
-2.781132075471691
-1.4089973993711982
2.5669291338582605
-0.04606172270842231
-1.7319508448540673
-1.0512329516589194
-0.8925750394944671
1.9287479078664258
-3.475643130815548
0.44149216250152257
-2.342930881522718
0.012387991906519466
-0.42526837324525935
-0.07048969606500884
-0.3900414937759374
1.3246688327918097
-1.393685249136659
0.7212841359182899
-0.02069707757264674
0.11178735560799147
4.880066170388751
3.312302839116719
0.9007633587786225
2.057799969738239
-2.8650852483321048
0.3548670202617691
0.6387832699619841
0.4231524860208485
0.20692249811888638
-0.7321193917777361
0.5975794251134713
0.3797277990826343
-0.7490917262818831
0.0037737273104611136
0.04905660377359177
-0.4224342775242437
0.28029241316617143
-0.2681775259678908
-2.8935009846992914
0.5421216848673982
-1.7145738779626933
-0.1460314954414421
3.656126482213439
0.19065776930409914
-1.6289248334919193
0.050295972453289824
-1.500386697602482
0.4082914572864358
0.6568658116984745
0.20975761342449079
-1.1590045739979877
-0.780422761676932
-1.7351778656126517
-2.65476046820321
-2.1817280277674365
-3.265323364170159
-1.7903930131004366
-4.997776789684308
10.52138912290556
1.54992800880833
3.3944954128440403
3.952569169960474
0.7914953053464767
-1.3780891523596959
-2.6073380171740896
0.9858929143956543
-0.8889594412254976
0.1001041082726035
-0.6200248009920396
0.22540653678956324
-0.0321285140562322
0.3495098826932458
-1.0448776972656995
-0.0728214256816968
-1.9595141700404894
0.6731086884704404
-0.6357931006193855
0
2.233322324966971
0.056531395114075955
-1.759554461439118
0.969477878650943
-2.0139143170999634
0.39445274871283836
0.3267298068571939
0.4988045180971188
-0.49632880758029074
0.4988045180971188
3.7737396939989334
-0.3715561879916238
-2.5669510017853527
0.9813502728235161
-2.250090729464905
-1.7326017903551834
0.696864111498254
-2.2762329595197364
2.226867454460146
0.15440470725701363
-1.6666666666666667
1.4194915254237288
-1.5583872989346221
0.9209744503862267
-2.7503259178266575
-1.4054054054054055
-0.5701754385964912
-0.30877812086457873
-0.04424778761061947
0.04426737494466578
-0.21681415929203943
0.21728526451155564
-1.3185840707964682
0
-0.35422832032999896
-0.9134680286190064
-3.5785649409627696
0
4.997174076865127
4.99708428654733
0
0.7390951424787535
0.8863443596268062
0.13451595275126393
-1.0704840266991311
0.14427565136213574
4.847457627118648
4.671839637892011
0.22007722007721306
3.093577840274307
-2.6046337817638197
0.44891225108390503
-2.2536287242169597
0.4298554122704181
0.17509727626459143
-0.5593319091085683
-0.031248779344546198
-0.1172195522213105
1.1931306967100888
1.2061233957012454
-1.9136745607333807
-0.6191829899918256
0.3761755485893381
0
0.042941911305430555
0.6750692628868062
-0.6589147286821705
0.5852516582130316
-1.528316524437552
0.6854171590640546
1.0367762128325508
0.2904162633107454
-1.1042471042471007
-0.5192472866401258
0.08241434794552448
-0.3960473688338134
0.3897484351009839
0.1568627450980392
-0.2779953014878586
0.27877026973967994
-2.6037588097102584
-0.6914572864321535
-2.056430393069675
-0.3926431080801819
-2.8506224066389967
-0.22636996540384322
-3.2320205479452055
0.05750940057510205
0.27411795914757353
0.9700176366843033
-0.9694323144104724
-0.8730928653320478
-0.9119217081850534
-1.2345679012345678
2.063636363636368
0.07125679166295132
-0.7343124165554072
0.3362474781439139
0.5004468275245674
1.0937222123421824
2.6299586595126976
0
4.996571820363384
3.256876989633507
-0.40316205533596117
-0.15080561949361782
0.5524642289348208
0.39922526582077983
-3.035433070866138
1.100328880587921
0.24899598393573566
0.5528403172822763
1.2589641434262913
0.5665722379603435
-0.39514866979655355
0.39278840488628775
0.3951641300520329
1.1652377240841814
-0.26965599599368234
-0.10042875352465946
0.015466109886696678
0.12757567557119814
1.0115830115830045
1.4448436663863689
0.7008289374528979
0.056125121604430145
4.723084402228794
2.7710327096129093
0.38915913829047316
1.0591167105081118
1.5275018836906606
1.1334502766158383
3.8225483655770485
4.999036175544558
-5.568814638027049
0
1.1178795930270236
1.9002146954209052
-4.100628930817613
-4.826862539349417
0.7442116868798204
0.5471956224350205
4.12244897959183
3.0282242257938154
-1.896065189130923
0.8370770175495327
-1.0352564102564161
0.9165398192829673
-0.4910141206675283
0.041926016705910986
-0.8768536428110838
-0.41628723819436
-0.06858262573481087
-0.06209353246838429
-0.5330281229561865
1.2591642831311498
-3.02597402597402
0
-2.4440873175304674
0
4.996911249914198
1.327057592992087
2.367741935483874
-0.35923615050104274
-0.7526881720430165
-0.5799502899751392
0.3237179487179458
0.8913453244305323
0.5319822672577639
0.03779765654528846
-2.2544080604533976
2.4352531890220304
-7.257861635220132
0.6340702563407119
-4.154452643283135
-0.16170990648948566
-2.239436619718307
0.48984296210920286
0.4551971326164809
0.04638384415029015
-0.24964336661911554
0.2538434036467611
0.9914054420313179
0.9922666760831917
-1.3076923076923108
0.7581662297172852
-0.580168776371308
0.09195402298850253
0.6360199286244302
0.6284891682174113
-1.5143056524773235
1.1762205059165405
-1.0434904405070446
0
-0.8598726114649746
