-4.395604395604396
0
-4.94252873563218
0
-3.7484885126965035
2.63819095477388
-2.4479804161566707
4.767879548306144
-6.46706586826348
4.353393085787459
-0.7361963190183979
4.944375772558714
-5.418138987043591
-0.37359900373598653
-1.875
1.2738853503184713
-1.1320754716981203
-0.12722646310431848
-0.5095541401273957
-3.5851472471190746
3.187250996015944
2.4453024453024343
-4.145728643216077
2.2280471821756263
-0.769230769230762
-0.5167958656330822
-0.6493506493506493
1.4379084967320188
3.2216494845360826
2.9962546816479474
-2.060606060606064
3.094059405940594
-3.121248499399753
3.8413878562577377
-0.9546539379474906
-2.8915662650602476
-2.109181141439192
1.2674271229404308
-2.878598247809776
0.38659793814434457
-1.7971758664955142
0
0
-0.3921568627450943
2.887139107611552
-0.7653061224489904
-0.7712082262210724
1.5544041450777237
2.933673469387751
0
4.956629491945477
0
1.8890200708382459
-0.11587485515642447
-2.55220417633411
0
0.952380952380949
-2.004716981132079
3.971119133574021
4.16666666666666
-3.999999999999994
4.050925925925926
-4.4493882091212456
1.862630966239807
1.4857142857142824
0.33783783783783466
-4.377104377104367
1.995305164319252
-1.380897583429232
2.4504084014002268
0.22779043280182557
-4.318181818181815
5.700712589073631
-2.471910112359554
-2.5345622119815703
-4.964539007092186
0
-2.8606965174129493
4.353393085787459
-1.9631901840490729
0.6257822277847309
4.353233830845771
-1.1918951132300357
-1.0856453558504289
-1.097560975609763
0
0.6165228113440198
0
-2.328431372549009
-0.8782936010037676
0.6329113924050633
0.7547169811320683
2.8714107365792905
0.7281553398058183
-1.2048192771084338
-1.951219512195115
2.7363184079601846
-0.7263922518159738
-4.146341463414641
0.5089058524173101
-0.5063291139240579
1.6539440203562488
0.500625782227774
-1.7434620174346096
1.3941698352344667
0
-3.249999999999993
-0.12919896640827974
4.269081500646827
-1.9851116625310106
7.088607594936701
4.728132387706856
0.22573363431151564
3.1531531531531503
1.7467248908297037
4.828326180257511
0.10235414534288056
4.294478527607365
-6.176470588235292
-2.612330198537095
3.8626609442060023
1.2396694214876063
-2.0408163265306123
-3.8541666666666696
0.43336944745396067
2.0496224379719434
-3.91120507399576
4.9504950495049505
-5.660377358490572
5
-6.137566137566135
1.6910935738444193
0
4.2128603104212825
-7.765957446808509
-4.498269896193778
1.3285024154589475
4.88676996424314
-3.295454545454552
3.4077555816686322
-2.272727272727273
4.76744186046511
-1.109877913429523
0
-2.693602693602684
4.959630911188001
-4.285714285714292
0
0.45924225028703297
-4
4.761904761904762
0.7954545454545486
-3.269447576099217
3.729603729603733
0
1.1235955056179776
-3.999999999999994
4.16666666666666
-3.2222222222222285
2.181400688863382
-1.6853932584269662
-3.3142857142857207
6.737588652482272
-3.3222591362126246
1.718213058419244
0
-4.504504504504505
0
-2.712264150943393
4.969696969696963
-3.8106235565819833
-1.2004801920768309
4.25273390036452
4.662004662004662
-3.2293986636970953
-4.027617951668584
5.035971223021569
-4.680365296803647
1.9161676646706518
-1.7626321974148063
5.02392344497608
2.7334851936218745
-5.099778270509987
-0.5841121495327103
1.6451233842538258
-1.0404624277456713
-1.6355140186915789
2.0190023752969153
-3.3760186263096688
3.373493975903611
-3.846153846153843
1.5757575757575724
-1.0739856801909207
1.3268998793727314
-0.23809523809524147
0
2.983293556085919
4.2873696407879525
-4.8888888888888955
0.4672897196261749
-3.95348837209303
-1.4527845036319476
1.4742014742014602
1.5738498789346387
-2.3837902264600714
-2.3199023199023268
0.8750000000000036
2.726146220570016
2.171290711700841
0
-1.6528925619834778
-3.3613445378151225
0.12422360248446498
-1.6129032258064482
1.387137452711234
1.9900497512437738
-0.4878048780487874
-1.7156862745097936
3.241895261845379
3.8647342995169116
-0.11627906976743525
-2.0954598370198037
0.7134363852556582
-3.1877213695395548
3.658536585365854
-2.8235294117647127
6.779661016949164
0.680272108843531
0.7882882882882916
0.44692737430168233
-0.11123470522804062
0.22271714922049315
-4.111111111111114
-3.707995365005797
5.415162454873647
2.5114155251141588
-0.3340757238307318
-3.575418994413411
4.2873696407879525
0
-3.888888888888889
-2.3121387283236996
-2.248520710059178
-0.24213075060531314
2.184466019417472
1.7814726840855106
-1.9836639439906683
-2.2619047619047685
-0.12180267965894558
3.048780487804878
-1.3017751479289874
0.5995203836930455
0.5959475566150179
-2.6066350710900505
0.4866180048661697
2.5423728813559427
-4.7225501770956315
-2.4783147459727384
-2.5412960609911055
3.6505867014341553
-0.7547169811320683
4.816223067173634
-3.022974607013301
-3.740648379052369
4.792746113989641
0.49443757725586085
-0.24600246002460374
-1.3563501849568365
1.875
2.0858895705521507
-3.245192307692311
1.7391304347826158
-0.1221001221001325
1.344743276283629
-1.0856453558504289
1.585365853658533
-3.2412965186074465
4.094292803970237
-1.072705601907039
-2.0481927710843406
3.3210332103321067
0
-2.1428571428571397
-1.5815085158150817
3.8318912237329963
1.0714285714285783
-2.9446407538280326
-1.699029126213599
1.2345679012345678
-1.585365853658533
0.6195786864931846
0
1.9704433497536875
0
-2.7777777777777746
-0.12422360248446498
4.353233830845771
-2.9797377830750893
0.9828009828009793
1.8248175182481752
-1.194743130227001
1.571946795646913
-2.2619047619047685
2.070645554202196
-1.4319809069212446
0
-4.237288135593221
4.930467762326177
0
4.939759036144571
0
4.936854190585548
0
4.9234135667396055
0
4.900938477580802
-2.1868787276341837
-4.979674796747973
0
-4.919786096256678
0
-4.949381327334089
6.508875739644971
2.2222222222222223
0.9782608695652236
3.8751345532830936
1.0362694300518134
4.92307692307692
-7.917888563049848
-3.184713375796178
-1.3157894736842135
3.111111111111108
0.4310344827586268
4.077253218884117
-5.670103092783505
1.5300546448087493
-1.1840688912809563
0
0.10893246187364763
-2.5027203482045826
-0.44642857142856196
-2.0179372197309386
1.0297482837528507
0
-0.6795016987542405
1.8244013683010196
0.22396416573348582
-3.6871508379888236
4.408352668213453
-2.2222222222222223
2.272727272727273
-3.888888888888889
2.0115606936416124
-0.2719854941069752
0.7727272727272805
0.2480829950383388
1.2373453318335144
1.888888888888892
-3.947655398037082
-0.772025431425968
1.4187643020594907
0.6092057761732923
-2.2875084099573963
-1.2393848978655018
2.1148036253776357
-1.7979062357760565
-2.155272305909617
-0.047370914258635766
-2.890995260663521
0.04880429477794809
2.9999999999999925
1.562869997632024
-0.8859874096526056
0
-1.552575864502462
-1.2903225806451593
-0.7504236262406252
-1.585365853658533
2.850061957868646
0.9156626506024158
-0.1910219675262784
0.4784688995215379
-1.0952380952380973
-0.09629272989889058
-0.07228915662650877
-1.6156257535567922
-0.29411764705881727
-3.269419862340212
0.9656925031766085
-2.693178957966273
4.5266425245732025
-0.7671368473150092
3.7905236907730573
0.600672753483902
1.0508717458801167
0
-0.40179626565824084
-1.518747033697201
1.108433734939761
0
-1.0962821734985722
0
4.337349397590355
0
-0.7621247113163934
2.164300674889457
0.4328018223234734
2.0639600816511603
-1.7555555555555538
-0.4750056548292261
0.38636363636364024
1.426307448494443
-0.15625000000000064
-1.6320143080706393
2.0454545454545423
-2.0044543429844066
-1.3863636363636351
-2.373818852270111
1.1331444759206892
1.0737628384687061
-2.2632794457274756
-0.7561436672967871
4.428571428571427
0.15959872321021498
-0.9560664693831133
-2.0914732245460734
0.07042253521127027
-1.172882946281961
0.8782340375029609
0.5882352941176471
2.9239766081871346
0
1.7727272727272754
0
-1.6971862438588612
0
4.089050431621983
0.39284155390659037
-2.4130434782608683
-0.02227667631988864
-2.0276292335115946
-1.0689106208778687
1.7701149425287428
-3.207589789925461
3.2205367561260103
1.4017635089306004
-1.828316610925307
-0.11355893708835853
4.365620736698504
3.442265795206968
-2.2325189553496108
-0.10771219302025907
4.8522751779167566
2.2213081036610562
-1.7303822937625741
-1.2285012285012313
-1.679104477611945
0.04216740459625369
2.2128556375131656
0.309278350515461
-3.3504624871531252
0
1.8502764780944223
-1.858425558571728
0.21276595744681154
1.7622080679405483
0.9388691842270036
4.981397271599827
0
