-5.9440559440559415
2.2304832713754665
-6.363636363636357
0
3.883495145631054
0
-4.672897196261682
2.1568627450980458
-0.5758157389635364
2.895752895752903
0.9380863039399592
0.9293680297397736
-3.683241252302013
-4.015296367112827
2.589641434262964
-2.1359223300970935
-1.3888888888888946
-1.40845070422534
-0.8163265306122456
-4.115226337448563
3.2188841201716625
4.158004158004162
0.7984031936127752
3.168316831683171
-4.030710172744721
-2.7999999999999936
3.4979423868312742
4.373757455268384
-4.761904761904762
0
4.800000000000004
1.7175572519083941
-2.4390243902439006
-1.5384615384615399
1.9531249999999931
4.2145593869731925
-4.044117647058835
-0.38314176245209913
-2.692307692307703
3.557312252964439
-1.7175572519083941
1.941747572815527
-5.523809523809525
0
2.822580645161284
-1.9607843137254835
-1.4000000000000057
0.40567951318459355
0
4.040404040404044
-6.407766990291263
0.20746887966804536
-4.761904761904771
-2.173913043478253
2.2222222222222143
-2.173913043478253
1.7777777777777795
-3.493449781659392
-1.1312217194570096
0.686498855835246
-2.2727272727272845
-1.1627906976744145
6.1176470588235246
4.878048780487819
0
2.325581395348825
2.479338842975209
2.6209677419354818
-1.7681728880157144
-1.999999999999993
0
4.0816326530612095
-8.627450980392148
4.07725321888411
-2.6804123711340186
-3.177966101694904
5.032822757111587
2.9166666666666785
-5.6680161943319884
4.935622317596557
-6.7484662576687136
4.166666666666676
-2.5263157894736863
-0.6479481641468736
-3.0434782608695583
2.690582959641258
-3.493449781659392
2.262443438914019
-3.5398230088495413
-0.2293577981651531
2.988505747126455
-3.5714285714285743
-0.9259259259259267
2.3364485981308327
-7.077625570776247
1.9656019656019672
-0.4819277108433846
0
4.842615012106542
0.4618937644341703
-2.9885057471264345
-3.317535545023689
3.1862745098039187
4.513064133016637
0.4545454545454448
2.941176470588233
1.978021978021975
1.293103448275873
1.0638297872340388
0
4.842105263157904
4.417670682730918
-1.730769230769228
-2.7397260273972712
6.237424547283712
2.2727272727272747
-7.037037037037051
2.589641434262964
0
0
-4.271844660194187
3.4482758620689644
-1.7647058823529385
4.990019960079841
-4.372623574144478
0
-2.783300198807168
3.2719836400818028
0.594059405940599
2.362204724409451
-5.192307692307701
0
3.0425963488843886
0
-4.921259842519685
-2.0703933747411933
-0.4228329809725256
-2.3354564755838707
7.391304347826103
3.0364372469635517
-1.9646365422396788
0
-3.2064128256513054
-2.484472049689443
-0.636942675159241
4.700854700854715
0.20408163265305687
0
4.480651731160891
3.313840155945418
-3.773584905660381
-2.74509803921568
-1.612903225806453
1.8442622950819643
0.4024144869215385
3.807615230460912
-6.9498069498069395
2.697095435684645
0.6060606060606111
2.4096385542168517
-1.7647058823529385
2.395209580838326
-4.4834307992202636
-1.0204081632653206
1.0309278350515612
3.061224489795907
-3.366336633663365
-1.2295081967213035
2.697095435684645
2.4242424242424265
-3.353057199211044
2.8571428571428505
-3.7698412698412778
6.804123711340208
-5.791505791505789
4.7131147540983696
-6.457925636007829
0.41841004184099523
-3.124999999999989
1.9354838709677387
3.797468354430374
0.6097560975609807
-1.0101010101010064
2.0408163265306047
-4.0000000000000036
3.3333333333333366
-1.4112903225806508
-2.2494887525562257
3.7656903765690317
0.6048387096774244
-0.6012024048096242
0
-1.2096774193548308
0
-1.8367346938775662
-1.2474012474012395
-3.368421052631582
2.3965141612200505
0.8510638297872347
-1.898734177215187
-1.5053763440860275
4.1484716157205135
1.2578616352201364
-2.6915113871635588
1.9148936170212736
-0.2087682672233776
-0.8368200836820091
-0.21097046413501658
-9.725158562367882
-0.4683840749414421
-2.117647058823526
0.9615384615384623
1.4285714285714193
0.2347417840375537
-1.639344262295068
-1.1904761904761862
-0.9638554216867478
3.1630170316301673
5.188679245283013
-1.345291479820619
4.318181818181807
-1.3071895424836517
3.973509933774828
-2.3354564755838707
-2.173913043478253
2.2222222222222143
1.086956521739146
2.7956989247311803
-6.485355648535575
3.131991051454152
-1.5184381778741927
2.422907488986791
-9.89247311827957
2.6252983293555947
1.395348837209314
-1.376146788990837
3.720930232558143
0.896860986547086
2.2222222222222143
-4.7826086956521685
-1.3698630136986212
0
16.435185185185183
15.109343936381704
-12.26252158894646
9.251968503937002
-9.909909909909908
-1.7999999999999972
-2.036659877800418
0
1.4553014553014614
0.2049180327868809
-0.20449897750510812
-3.6885245901639285
-2.3404255319149003
6.753812636165589
-10.000000000000004
6.349206349206355
-5.970149253731348
-4.308390022675746
13.033175355450235
1.4675052410901528
2.0661157024793497
2.429149797570834
-6.126482213438728
-0.8421052631578955
-0.21231422505307404
2.765957446808508
-5.797101449275368
4.8351648351648295
-5.660377358490558
5.1111111111111205
-1.4799154334038114
-1.2875536480686802
-0.21739130434782147
2.1786492374727784
-2.9850746268656834
2.857142857142855
-6.837606837606825
0
2.9816513761467864
-2.0044543429844066
-1.8181818181818197
5.324074074074063
-1.3186813186813102
2.449888641425377
-2.608695652173896
-0.6696428571428626
2.247191011235947
1.978021978021975
-7.327586206896549
5.348837209302336
-5.739514348785886
4.683840749414524
-2.4608501118568107
2.0642201834862353
-2.4719101123595575
0
-1.6129032258064582
-1.4051522248243469
3.800475059382426
0
0.45766590389015044
3.6446469248291606
-16.923076923076923
5.026455026455037
-1.7632241813602085
2.5641025641025665
-1.0000000000000009
0
-1.262626262626258
2.3017902813299194
-4.749999999999998
-0.2624671916010559
3.4210526315789562
1.7811704834605557
-1.0000000000000009
0.25252525252525837
0.2518891687657377
3.015075376884414
-3.658536585365841
-2.7848101265822867
-1.0416666666666676
1.3157894736842175
0
-1.2987012987013056
1.5789473684210542
-1.5544041450777217
-1.5789473684210424
1.3368983957219203
-2.902374670184693
2.7173913043478164
-6.613756613756614
-0.8498583569405044
4.571428571428576
7.65027322404371
-3.04568527918782
-1.832460732984289
-5.333333333333338
1.690140845070424
3.0470914127423914
2.150537634408592
-0.5263157894736847
2.9100529100529187
-14.910025706940875
2.7190332326283944
0.5882352941176476
0.5847953216374274
-0.29069767441859845
2.3323615160349744
-1.99430199430199
4.651162790697678
-5.555555555555561
4.705882352941181
14.32584269662922
4.422604422604415
-5.647058823529417
3.990024937655864
-3.8369304556354953
-6.234413965087282
7.71276595744681
1.9753086419753105
0.24213075060532172
-3.1400966183574854
1.995012468827932
-3.9119804400977922
-0.2544529262086573
-3.0612244897959213
0.5263157894736847
3.6649214659685896
-3.787878787878786
1.0498687664042003
-1.8181818181818254
2.645502645502648
0.25773195876289257
0
-8.483290488431878
10.112359550561793
-3.5714285714285747
2.1164021164021185
2.8497409326424954
3.022670025188908
-5.3789731051344685
0
-10.335917312661497
10.662824207492784
-8.33333333333333
-2.2727272727272747
-4.069767441860469
0
-4.545454545454543
-1.5873015873015817
0.32258064516128343
-1.9292604501607735
6.557377049180334
3.3846153846153806
3.8690476190476293
6.59025787965616
-2.9569892473118364
13.019390581717458
-7.598039215686276
0.5305039787798413
-2.374670184696566
1.3513513513513464
-5.333333333333338
7.323943661971837
-10.761154855643047
0
1.1764705882352953
-4.069767441860469
-0.6060606060606066
6.402439024390257
-5.444126074498578
0
0.9090909090909167
9.309309309309311
-9.890109890109898
-0.9146341463414576
-2.153846153846149
2.51572327044024
-5.214723926380366
-0.32362459546924877
0
-2.272727272727282
3.9867109634551534
4.153354632587856
2.760736196319028
2.6865671641791002
-7.267441860465117
5.015673981191227
-3.582089552238809
3.405572755417953
-3.8922155688622726
2.8037383177570048
-0.3030303030302966
0.3039513677811485
0
-3.0303030303030196
-1.8750000000000016
3.184713375796181
-2.469135802469138
4.113924050632908
-5.167173252279633
-1.9230769230769247
4.575163398692815
2.1874999999999947
-6.7278287461773765
0
3.278688524590167
-3.1746031746031775
1.639344262295091
0
-3.870967741935487
3.020134228187915
1.9543973941368096
2.2364217252396257
-3.1250000000000027
-2.5806451612903247
0.33112582781456246
-1.3201320132013068
1.0033444816053445
1.6556291390728417
0.32573289902280883
0.32467532467531773
-1.294498381877024
-1.6393442622950762
0.9999999999999934
6.930693069306945
-3.3950617283950715
