-2.020202020202024
0
-5.972271596160686
0.9829867674858309
4.904530138524884
0
-1.5346181299072132
0.5436752446538602
0.9372746935832815
1.000000000000004
-0.9900990099009941
3.2142857142857144
0.6574394463667741
-1.2031625988312136
4.210160055671547
-0.5342237061769692
4.431017119838888
2.2179363548698094
-3.679245283018864
0.032647730982685565
3.3942558746736404
2.272727272727269
-1.018518518518522
0.4053632678515782
-3.3850931677018563
-0.3214400514304082
-0.4514672686230358
1.5873015873015983
-1.0841836734693986
0.8059316569954869
-0.09593859929645392
-0.22407170294493875
1.3474494706448472
-0.8230452674897012
-1.4682413022662058
3.628117913832196
0.031259768677718895
0.25000000000000355
-2.3379052369077304
1.180976699648895
-1.3564668769716124
1.0553245922609567
1.7088607594936638
-0.1555693839452396
2.306014334683713
0.8833384099908551
-3.9855072463768084
0
1.9496855345911914
0.5860579888957539
-0.306654400490647
0.49215625961241644
0.9182736455463728
-0.03033060357900088
-2.214805825242722
0.6825938566552866
3.852080123266564
0.6528189910979195
-2.0931603773584806
0.45167118337850043
1.8585131894484377
0.35314891112418734
4.750733137829909
0.6718924972004575
-0.5005561735261432
-0.2515371716042577
-0.4763239002521683
0.11261261261262222
0.6749156355455503
0.47486033519552756
-1.4734500973033116
0.310383747178336
2.250351617440225
0.5777166437414093
7.439824945295402
-1.2219959266802474
-1.2371134020618586
1.6701461377870652
-1.8223819301848108
0.28758169934641115
-4.353493222106373
0.2998092123194393
-0.24456521739129816
0.027240533914455432
0.8986928104575195
0.2968960863697767
-2.6910656620021527
0.387168141592914
0.4132231404958678
-0.13717421124828533
4.148351648351655
0.23740437879186949
6.184210526315789
0.7434944237918215
-2.706027060270603
0.1264222503160556
0.681818181818179
-1.6804614998745897
2.4489795918367405
-0.32370517928287135
3.1976017986510143
0.7020091987412194
-0.8653846153846209
1.3579049466537398
-0.5263157894736815
1.4911014911014884
2.8909952606635043
0.4375863657300862
-2.4535656959413084
0.09402914903620925
-0.11742602160638797
0.869974135904065
0.2097902097902045
1.3956734124214933
-2.17939894471209
0
0.49249530956848564
-1.9836639439906651
1.7857142857142858
-4.280701754385968
2.1749755620723445
1.8416646735230777
-1.573508689525596
0
-2.3144834168456323
-0.6350757205666746
-1.3765978367748335
3.0907278165503573
-3.8684719535783363
-1.735412474849103
-0.12797542871768622
0.9482316760635543
-0.5585173902005557
0.6382435537401072
-1.0908168442415047
-2.487817389074119
-3.103629668595479
-0.6514657980455965
0.4644808743169368
-0.4623334239869428
2.158469945355185
0.9628242845680725
-0.9801324503311228
0.5885500267522709
1.1436170212765988
-1.8932421772285009
0.7504690431519577
1.7025804735302035
-0.418519487313634
-0.6829524560020924
3.4646918804548967
-2.5817995910020364
2.1516662293361293
-1.2586694066272885
2.6795005202913664
-0.17734988598935614
-0.6091370558375577
0.17875383043922077
-0.43334183023196243
-0.15360983102919168
0.7179487179487208
1.6038696537678236
-0.7516913054372337
0.025246149962122162
0.4543160020191851
0.22613065326632595
-0.7771371270995152
0.6063668519454212
-0.4018081366147579
-0.12607160867372666
2.0701842968947206
0.6430868167202488
0.09830425165889263
-1.9150503314510217
2.2277847309136365
1.8119490695396754
-0.0962000962001044
2.6721232546942764
-0.14067995310668763
-0.37567504108944966
-1.01343389111478
0.30952380952381225
1.0918585331117887
-0.11739845034045551
-0.5876821814762577
0.11823126034523529
-2.125649504015116
0
-0.14478764478763656
-1.1599806669888861
-0.5134474327628418
-1.6957483411157477
-0.625
0.25157232704402516
0.25094102885821834
1.401752190237803
2.0982473463342384
0.09671179883945291
-1.1594202898550752
-0.0977517106549309
1.1741682974559715
0.5560928433268748
-2.47655686463091
0.49309664694280075
-1.4965652600588868
-0.22415940224158837
-0.8487269096355552
0.22658610271904184
-1.1806078874654724
0
-0.2796136248093457
-0.17843487127198282
-1.762002042900928
0
3.5612165323628773
0.7530120481927711
-1.644245142002981
-1.1144883485309103
1.8186475409836125
0.5283018867924586
-1.5765765765765793
-1.34757182812103
0
0.1804123711340177
-0.5917159763313639
-0.07763975155278327
1.0360010360010359
0.12817226352217378
-1.152073732718894
0.3885003885003885
1.625386996904013
-0.2792586951002706
-0.2800407331975618
-0.714832780188923
-0.46284391874516706
0.02583311805734071
0.3357438016528955
-0.10296010296009711
-0.876062870394237
-1.2217312191317882
1.6052631578947427
-0.5957005957005986
-0.2866076081292399
0.2874314084139072
0.20844189682126402
0.026001040041592795
-1.6376397192617653
0.07928118393234973
-2.2709268550303583
0.7025128343690802
3.836866112154551
0.6976744186046482
2.6687195278419384
0.399900024993743
-5.103310928553647
0.2098635886673692
-3.324607329842929
-0.13539128080151638
-8.758134490238614
-6.567607726597332
13.454198473282446
1.485842444631346
2.3756906077348128
-0.13491635186184564
0.4593353147797861
-0.2958579881656866
1.2408956029134133
1.9184652278177428
-2.1437908496731994
0.6946299759551071
1.0082249933669438
-3.0207512477016025
1.2730227518959882
0.1069804760631276
-0.6411969008816548
0.510890024200063
-0.08025682182985858
2.0080321285140563
-2.3884514435695596
0.5646679214842761
-1.5508021390374362
0.8690928843020067
-1.1577813677975106
0.5720512122037499
-0.9209100758396471
0.8201202843083653
-0.5151843817787511
6.186971926955587
-6.083162217659149
0.19130910084723846
-0.7637752318603412
0.4123144584936778
-0.46537092800437685
-2.0627062706270625
0.47739399045211695
-0.1117942984907865
1.398992725237829
0.38631346578367387
-1.0995052226498077
0.05558643690939095
-1.0277777777777746
0.2806623631770979
-1.595298068849703
2.01934015927189
-2.843601895734594
1.9512195121951252
-3.9966225724739624
0.4690706537672137
1.8091625328275427
2.694181713958164
-0.2790957298353335
0.3078645396025653
-3.124999999999997
0.6912442396313463
-0.05720823798628303
-1.5455065827132162
0.3779069767441893
0.1448016217781639
1.648351648351645
1.1095305832147873
-1.4350028137309978
0.37111047673423103
-0.3128555176336811
0.5991440798858838
0.5104934770277806
7.1952595936794586
-7.686233219268226
0.3706871970345057
-1.1647727272727337
0.057487783845945814
-2.8152829646653292
0
0.8572273130357603
0.02930832356389881
-0.7324934075593319
0.76741440377803
-0.3514938488576417
-0.47031158142268253
-0.05906674542234066
0.11820330969268149
-1.3872491145218384
-0.26938042502245857
0.7503001200480193
0.53619302949062
-3.377777777777771
0.5826433609322224
0.09146341463414981
-0.21321961620468735
-0.1221001221001325
0.1833740831295913
0.6101281269066504
-0.5154639175257697
0.9143553794574825
-0.3020235578375113
0.24235080278702045
1.329706860078584
-0.6859528780196872
-2.7027027027027026
3.7654320987654284
-0.08923259964307298
0.8038106579339225
1.004134672179556
-1.6959064327485414
-0.565139797739434
-1.6751420879449663
-1.338606632187398
-1.1717545482577896
1.9344773790951602
-3.2139577594123048
1.2333965844402386
-3.0303030303030445
-0.09664948453606784
-0.5482102547565447
0.875486381322972
0.5143040822886422
-0.38375439718579746
-0.6420545746388443
1.938610662358643
1.0776545166402463
1.0975227343994984
-1.1476426799007409
0.7216818324443086
-3.2087227414330255
-0.2896684905053033
-1.7107811491284737
-1.9376026272577922
-0.6363027461487053
-0.16852039096730706
-2.937204591492231
0.10434782608696047
1.1466296038915953
0
0.8931638612160652
-0.5107252298263535
2.6351813826146437
0.06668889629878143
1.999333555481506
0.9474028095393587
0.32362459546925565
-0.5806451612903263
0.9409474367294076
0.7714561234329724
0.8293460925039945
-0.03163555836761238
1.3607594936708898
-0.09366219169528922
2.624999999999993
-0.6699147381242353
-1.164929491109752
0.40322580645161643
1.3283904850169945
-0.4878048780487874
-0.428921568627444
-0.24615384615384966
0.5860579888957539
-0.06133088009814335
-0.5523166615526096
-0.6479481641468752
-0.3416149068323052
-2.5241508258024203
5.370843989769824
0.5461165048543551
0.12070006035004048
0.6630500301386343
-0.4191616766466998
-0.15033072760072158
1.686239084613058
0.20728457210541565
2.127659574468099
-0.8101851851851885
0.14585764294049008
0.02912904165451963
1.019219569015725
-0.40357451715191045
-1.0130246020260492
0.26315789473683543
0.4957713619131075
-2.002321532211269
3.6718981344388615
-0.514138817480723
0.2871088142405972
0.20040080160320314
-0.5714285714285714
-0.5459770114942464
0.20225368390638215
-1.9607843137254934
2.9705882352941244
-1.4567266495287126
0.8405797101449209
-2.0695602184535753
3.0818902260052834
0.1993166287015913
-0.5115089514066368
-0.28563267637817763
-0.22916069894013502
-1.00488084984209
1.5081206496519688
0.19999999999999676
-0.5417735956658047
-0.31536697247707074
0.6902502157032022
-1.9423021993716112
0.5243227497815355
0.3187481889307348
-0.5488157134604209
0.9584664536741246
-0.31645569620253816
5.05050505050505
-1.6483516483516483
-0.5586592178770949
-0.168539325842703
0.47833427124368194
-0.2800336040324839
0.2527379949452337
-1.1764705882352908
