-1.6030534351144994
4.693560899922407
-7.706557984438675
1.1641910879165016
-1.1111111111111156
-1.2841091492776842
-4.634146341463416
-1.5345268542199464
12.510822510822502
3.88611004232398
-3.3703703703703787
1.9547719432732937
-2.2180451127819465
2.191464821222602
-0.07524454477049985
0.9036144578313167
1.5298507462686652
1.0657846380007265
-2.6909090909090825
3.662182361733914
-2.2710886806056076
-1.1434894872740768
0.8208955223880554
0.7401924500370096
-2.0573108008816923
3.1132783195798774
-3.1647871953437576
0.7137490608565117
-0.037299515106312096
1.1194029850746268
1.1439114391143996
-1.4593214155417729
-0.037023324694565984
1.4814814814814814
2.0802919708029157
2.9674651412227426
-2.048611111111103
0.17724211272598367
0.9554140127388494
-1.4721345951629823
0.6759160441124074
0
-0.8127208480565411
0
0.5343783398646241
0.9922041105598907
-1.719298245614027
1.7493752231345865
0
-1.7543859649122806
1.25
-1.2345679012345678
-0.03571428571429384
1.7863522686673814
-1.6146016146016027
0
-1.248662147698894
-1.0115606936416226
4.087591240875908
-5.329593267882184
-4.407407407407399
0.8523827973653578
-0.883595850941226
2.6356589147286864
3.2854984894259776
2.010968921389397
-4.838709677419355
2.0338983050847372
-2.177925433739379
1.8490566037735763
-4.594294183030744
2.912621359223301
-2.7169811320754675
0.8533747090767992
-2.653846153846156
3.160806005531422
-8.042895442359258
2.0408163265306145
-3.387755102040821
1.4786649767638362
-0.2914238134887546
0.6263048016701461
0.663900414937757
0.9892827699917583
-0.3265306122449026
2.006552006552009
0.08028904054597233
1.163257119935811
-0.8326724821570161
-1.2395041983206694
-0.7287449392712597
1.957585644371946
4.8799999999999955
2.021357742181545
-1.831775700934571
2.3990860624523815
-1.9709929341762569
0.1517450682852721
0
2.272727272727273
-1.3333333333333417
-1.6516516516516433
-2.7862595419847374
0.43188064389478714
-2.5019546520719333
0.6415396952686424
-1.1952191235059761
2.8225806451612905
-1.8431372549019562
-0.11985617259289306
1.2399999999999978
0.3555906756222859
1.8503937007873972
3.5948975647468155
-6.940298507462685
0.2405773857257395
1.5200000000000045
2.3640661938534278
0.4234026173979853
1.1881947106171036
-0.3409090909090823
0
-0.4561003420752738
-0.7254677357770055
-1.9615384615384595
-0.35307963907414897
3.1496062992125986
1.1450381679389312
-1.2075471698113165
0
-2.521008403361353
1.4890282131661488
-1.698841698841701
-1.0212097407698328
1.0317460317460294
-1.0212097407698328
-4.44444444444444
5.398671096345515
-1.5366430260047304
-1.5606242496998821
0.8130081300813008
2.8225806451612905
-2.6274509803921524
-1.2887635924285208
3.5903712770297886
-0.9846396218983852
-2.147971360381864
2.4390243902439024
-1.0317460317460294
0
1.8444266238973512
-1.417322834645667
0.5990415335463258
-2.3421992854307288
4.065040650406504
-2.34375
-1.0399999999999978
1.4551333872271601
-1.075697211155374
-1.2082158679017316
0.4891969017529509
-0.6085192697768763
-0.24489795918367116
1.2684124386252023
-1.4141414141414141
2.3770491803278735
0.16012810248197648
-0.0799360511590682
0.7600000000000022
-2.1834061135371177
1.8668831168831146
-1.035856573705177
-0.6441223832528157
-0.28363047001621433
3.0881755383990224
-0.11824990145840873
-0.5524861878453061
1.1111111111111156
-1.4128728414442788
-1.194267515923567
1.5310233682514147
1.1904761904761905
-0.039215686274507576
2.0007846214201623
-0.5000000000000043
-1.5848473134905274
1.3354281225451712
0.7751937984496124
1.192307692307701
2.584568605093103
2.667654686921099
4.655359076145787
-7.310344827586204
2.2693452380952253
-1.41869770825754
1.7343173431734276
-5.223068552774747
-0.4975124378109496
-1.6923076923076945
3.6776212832550885
-5.396226415094344
-4.268049461507774
-0.7500000000000048
-0.7976490344248436
-0.6771053745239198
2.0025564550490063
-5.722639933166256
-0.310146211785551
3.066666666666669
1.7680034497628263
0.635593220338983
-0.21052631578947367
0.2531645569620229
-0.08417508417507939
-2.2746419545071634
1.293103448275862
-1.5319148936170188
1.4693171996542806
-0.553662691652475
0.5995717344753771
0.04257130693912061
1.829787234042558
-3.5938152946092865
1.8638925010836636
-0.851063829787234
0.08583690987123975
0.9433962264151017
-0.21240441801189464
2.852277564921238
2.8559602649006646
-0.24144869215291523
-0.040338846308993266
-1.493139628732856
-1.9664072101597636
1.2536564981195153
1.114321089558394
-0.5306122448979638
0
-0.16413623307344163
0.698725852856551
-4.5306122448979576
0.7268063274903757
-1.1035653650254644
0
-0.12875536480687183
-0.945423291792002
1.2581344902386142
-0.9854327335047178
-1.2548680225010842
2.9798422436459298
-3.106382978723409
3.2059727711901678
0.6382978723404256
3.9746300211416514
-5.6527043513623445
-1.8965517241379335
1.1423550087873438
-0.955690703735877
-0.43859649122807015
1.3215859030837005
2.5217391304347876
-4.495335029686184
2.5754884547069326
1.4718614718614744
-0.9812286689419843
0
4.782421370099093
-2.055921052631579
1.5533165407220895
1.2815212897891668
-1.2244897959183674
1.2396694214876034
-0.9795918367346962
0.9892827699917583
-0.44897959183673236
-0.7790077900779031
1.198347107438019
0
-1.9191506737443924
0
-0.9991673605328798
17.746005046257356
-15.071428571428568
3.0277544154751843
-2.816326530612247
-0.8819823603527905
2.8389830508474527
0.4120313143798929
-1.395157981124324
0
0.6658343736995398
-0.7854485324514285
1.2083333333333357
-1.1939069575957206
0.0416666666666643
-0.041649312786336656
-1.5833333333333381
1.6088060965283706
-1.6250000000000024
-0.04235493434984935
-1.1016949152542348
0.25706940874035744
0
1.538461538461536
-1.5151515151515127
0
-1.7521367521367497
2.1313614615050045
-1.7461669505962618
1.8638925010836636
-1.1489361702127612
1.162290142057679
-0.6808510638297848
-1.4138817480719843
-0.99956540634506
1.8437225636523216
-0.905172413793101
0.04349717268377308
1.9999999999999976
0.17050298380221895
-0.851063829787234
-1.2875536480686696
-0.43478260869565216
1.5283842794759825
-2.6236559139784923
1.5901060070671353
-0.8695652173913043
1.7543859649122806
-1.5086206896551724
1.356673960612689
-0.2590673575129509
-0.4329004329004329
-0.8260869565217416
-0.7452871547566807
5.6537102473498155
-0.5852842809364454
1.5559293523969673
2.028985507246379
-1.7451298701298747
1.4456836018174308
-3.0130293159609143
-1.217464315701082
1.1049723756906054
0.8827238335435033
-1.7499999999999953
-1.6115351993214635
0
3.1896551724137954
-4.761904761904764
5.131578947368416
-0.50062578222778
-1.7190775681341695
1.3651877133105754
1.0101010101010126
-0.0833333333333286
0.08340283569640894
1.6250000000000024
-3.4850348503485034
2.166525063721323
-1.8711018711018712
-0.423728813559322
2.127659574468085
-1.5833333333333381
1.185436071126169
-1.7154811715481149
2.1711366538952723
-1.4999999999999976
-2.6649746192893446
0.39113428943937667
0.4329004329004329
-1.4655172413793127
1.4435695538057793
-2.112979732643383
2.9955947136563927
-2.181351582549197
0.13117621337997873
-1.834061135371174
-0.22241992882562275
1.2929112795363251
2.0246478873239537
-3.2355478861087144
1.4712438698172015
-2.3286467486818907
-1.034637876743145
-1.8181818181818181
0.9259259259259259
-0.9174311926605505
0.8796296296296323
-0.18357044515833212
0.8735632183908072
-1.4129443938012736
1.710587147480346
3.5909090909090935
1.7990346643264565
1.7241379310344827
1.6525423728813584
-3.293038766152566
0.1293103448275911
0.5165733964700768
-3.5546038543897267
3.907637655417412
2.521367521367524
0
-1.5423092955398152
-0.6773920406435201
1.3213981244671757
-0.8413967185527976
0.975816716164621
-0.7563025210084081
1.6088060965283706
-2.4583333333333357
-0.042716787697562715
-1.8803418803418828
-0.6533101045296167
4.120999561595794
0.8421052631578947
-0.25052192066805606
-2.051067392214318
-0.2991452991452943
-1.4144877839691432
3.130434782608691
0.3372681281618935
-1.680672268907563
-1.538461538461536
3.0815972222222197
0.21052631578947367
0.08403361344537337
0
-0.7976490344248436
0
-1.4388489208633117
0.8158007728638925
-1.1925042589437866
0.43103448275862066
1.2875536480686696
0.847457627118644
-2.8151260504201634
1.1673151750972712
0.7264957264957216
0.08485362749258255
-2.4162780839338773
2.0851433536055652
-1.1063829787234019
1.4629948364888148
-1.1026293469041657
1.2864493996569468
-0.0846740050804355
-0.042372881355929794
-0.25434506146672076
0
2.3374415639609007
0
-2.2425249169435237
0.25488530161427114
-0.08474576271185959
0.8905852417302774
-2.8163093736864298
1.64359861591696
-2.0851063829787257
1.6514558887440294
-1.4536126549807633
0.8676789587852495
-2.4946236559139834
-2.0732245258050237
-2.027027027027027
-0.6896551724137931
-0.09259259259258733
0.0926784059314127
-2.2222222222222276
