0.7352941176470589
-3.6496350364963503
8.939393939393948
3.7552155771905262
1.0723860589812486
-1.1936339522546493
6.174496644295294
4.6776232616940625
0.2415458937198102
4.578313253012045
0.34562211981566493
4.5924225028702645
0.32930845225028693
4.70459518599562
0.20898641588297057
4.692387904066736
0.19920318725098468
4.671968190854874
0.2849002849002822
4.734848484848485
0.18083182640144924
4.693140794223829
0.25862068965517
-4.987102321582113
0
-4.97737556561086
0
-4.952380952380954
0
-4.909819639278549
0
-4.952581664910435
0
-4.988913525498891
0
-4.9008168028004695
0
-4.9079754601226995
0
-4.903225806451609
0
-4.884667571234747
0
-4.992867332382311
0
-4.954954954954951
0
-4.897314375987353
0
-4.983388704318936
0
-4.895104895104903
0
-4.963235294117639
0
-4.835589941972921
1.8292682926829238
-4.99001996007984
0
-4.831932773109252
0
-4.856512141280344
0
-4.872389791183298
10.243902439024398
4.867256637168132
0
4.852320675105495
0
4.828973843058347
-9.213051823416516
-4.862579281183927
0
-4.8888888888888955
0
-4.672897196261682
0.7352941176470693
-4.622871046228707
9.94897959183673
2.088167053364266
-6.818181818181818
-1.2195121951219512
-3.7037037037037037
-4.358974358974367
9.651474530831104
1.9559902200489103
-2.6378896882494036
-4.679802955665021
1.0335917312661462
-4.347826086956529
-0.5347593582887586
1.8817204301075152
1.8469656992084509
-1.2953367875647668
6.299212598425193
1.481481481481485
2.4330900243309004
-4.5130641330166235
9.950248756218905
4.524886877828054
-0.2164502164502195
2.1691973969631237
2.7600849256900153
2.6859504132231495
2.2132796780683988
2.3622047244094544
2.4999999999999947
-4.878048780487794
0
-4.930966469428007
0
-4.979253112033207
0
-4.803493449781651
0
-4.816513761467893
0
-4.819277108433735
0
-4.810126582278477
0
-1.861702127659582
6.504065040650403
-1.272264631043257
-2.0618556701030855
0
-1.5789473684210564
-1.0695187165775364
-1.3513513513513513
0
0.2739726027397299
2.73224043715847
-4.7872340425532025
0
-4.189944134078212
-0.583090379008734
-4.105571847507327
-2.1406727828746264
4.374999999999996
1.796407185628747
-3.235294117647063
0
-1.5197568389057752
1.8518518518518563
-0.6060606060606146
0
-0.3048780487804705
0.3058103975534994
0.6097560975609844
0
-0.3030303030303073
-1.2158054711246158
-0.6153846153846241
0
-0.928792569659434
0.9374999999999911
-0.6191950464396153
0
-1.8691588785046773
0
-7.619047619047614
2.7491408934707806
-7.357859531772574
2.1660649819494635
-11.307420494699643
-2.7888446215139555
-0.8196721311475381
2.066115702479339
2.834008097165989
4.724409448818909
0
4.887218045112771
0
4.659498207885307
0
4.794520547945213
0
-4.901960784313725
8.247422680412367
0.9523809523809547
0.9433962264150966
0
-4.984423676012465
0.32786885245902103
-1.6339869281045751
0.33222591362125536
-0.3311258278145625
-0.9966777408637897
0.671140939597313
0
-0.6666666666666643
0.671140939597313
-1.0000000000000024
0
-1.346801346801342
0.34129692832763775
-0.6802721088435351
0.3424657534246624
-1.706484641638225
1.7361111111111112
-0.3412969283276499
2.3972602739726003
-1.6722408026755853
-1.3605442176870701
-0.34482758620690146
-0.6920415224913471
-0.3484320557491215
2.0979020979020904
-4.109589041095888
3.5714285714285716
-4.137931034482756
0
4.676258992805757
2.405498281786939
-4.362416107382552
-1.4035087719298196
-0.35587188612100146
0
1.7857142857142858
-1.7543859649122806
2.142857142857148
1.3986013986013937
-2.4137931034482736
-1.4134275618374634
1.0752688172043037
-0.35460992907800665
0
0.6405693950177925
-0.49504950495049704
0
-0.284292821606261
0
0.2851033499643687
0.21321961620468627
3.04964539007092
2.202339986235377
-2.3569023569023546
2.0689655172413843
-4.12162162162163
0
0.42283298097251937
1.0526315789473708
-1.5277777777777821
0.14104372355429884
-0.8450704225352058
0.8522727272727217
-1.4084507042253471
-1.071428571428574
-0.5054151624548757
-1.3062409288824364
2.794117647058829
0.42918454935621403
-2.3504273504273385
-1.458789204959891
1.0362694300518176
1.0989010989011014
-5.6521739130434865
0
-8.986175115207374
-1.9409282700421977
11.187607573149748
1.0061919504644024
1.762452107279683
0
2.2590361445783187
2.724594992636224
-0.9318996415770538
4.848046309696093
0.27605244996548756
0.34411562284928227
-3.429355281207133
-1.2784090909090888
2.1582733812949564
3.8732394366197234
-0.6779661016949129
0
-1.8430034129692803
-2.225312934631434
1.7069701280227612
-0.6993006993007091
-1.7605633802816902
-1.7204301075268706
0.6564551422319465
0.6521739130434772
-2.5917926565874816
0
0.5912786400591284
0.29390154298310744
-2.5641025641025617
0
0.9022556390977384
1.266766020864381
-2.5018395879323023
-1.5094339622641455
2.6053639846743284
1.418969380134425
-2.282768777614142
0
-0.15071590052750244
1.0566037735849099
1.7923823749066483
1.9809244314013175
-2.6618705035971293
2.2912047302291243
-5.491329479768784
0
-2.0642201834862353
-2.02966432474629
-2.549800796812751
0
-2.8618152085036765
-0.2525252525252621
0.1687763713080133
2.780117944397642
-2.8688524590163906
2.0253164556962044
-1.9851116625310192
1.2658227848101296
0.6666666666666673
2.4834437086092773
-3.4733441033925807
0
-3.0125523012552256
2.588438308886978
-0.5887300252312891
-1.3536379018612532
1.4579759862778725
-0.25359256128486357
-0.5932203389830533
-0.2557544757033345
-3.5897435897435894
3.28014184397164
1.2017167381974145
1.781170483460567
-1.6666666666666607
-0.847457627118656
-1.1111111111111027
0.25929127052722006
-2.8448275862068972
1.6858917480035607
-2.094240837696337
-0.17825311942960204
2.50000000000001
1.04529616724738
-3.275862068965509
-0.17825311942960204
-1.160714285714277
-0.542005420054205
-5.631244323342409
1.1549566891241503
-4.281636536631773
-0.1988071570576675
15.239043824701207
0
-4.494382022471906
0
0
0.9049773755656075
-2.7802690582959686
-5.2583025830258325
19.474196689386563
0
-2.118989405052973
1.915070774354708
-0.5718954248366036
1.807723911257195
-1.4527845036319589
0.3276003276003206
0.08163265306122275
1.5497553017944494
-1.9277108433734815
1.1466011466011365
-1.214574898785428
0.8196721311475527
13.252032520325193
3.3022254127781827
-15.010423905489922
1.8806214227309928
-3.7720706260032153
5.5045871559633035
-5.533596837944673
-0.4184100418409953
-0.08403361344537635
0.5046257359125208
-2.008368200836807
0.34158838599486885
-2.8936170212765946
-0.08764241893076062
-3.157894736842116
2.2644927536231885
-2.0372010628874992
0.0904159132007214
1.5356820234869009
4.092526690391451
2.3076923076923195
0.25062656641603476
-2.2499999999999964
2.3017902813299194
1.6666666666666607
-0.49180327868851414
2.553542009884668
-1.9277108433734815
-0.8190008190008305
3.0553261767134683
-6.89102564102565
2.753872633390708
0.5862646566164178
3.08076602830975
-3.4733441033925807
1.2552301255230156
-1.6528925619834653
-0.8403361344537785
1.3559322033898316
1.1705685618728996
-2.8099173553719
-1.2755102040816357
2.2394487510766563
0
0.8424599831508124
0.25062656641603476
-1.4999999999999976
0
-0.8460236886632796
2.047781569965872
-5.351170568561877
1.1484098939929241
0.34934497816594695
0.08703220191470659
0.9565217391304298
0
-2.067183462532302
0
1.6710642040457457
1.8166089965397842
-2.463891248937971
0.17421602787456075
-1.1304347826087024
-0.3518029903254103
0.6178287731685815
0
-1.3157894736842135
0.17777777777777398
-0.7985803016858906
-0.17889087656529137
0.537634408602155
1.6042780748663075
-1.491228070175438
1.4247551202137145
-1.7559262510974631
-0.2680965147453026
-0.6272401433691782
-1.5329125338142464
1.4652014652014664
0
-1.4440433212996402
-1.0989010989010917
-1.5740740740740733
0.4703668861712035
-1.7790262172284599
-1.811248808388937
1.3592233009708619
0
-0.7662835249042153
-1.8339768339768292
22.02556538839725
4.754230459307009
-2.7692307692307647
1.740506329113915
-3.499222395023323
0.08058017727638829
-5.475040257648951
2.1294718909710393
-2.585487906588828
0
0.5993150684931531
