0
4.912836767036452
0
4.984894259818726
0
4.89208633093526
0
4.938271604938263
0
4.967320261437905
0
4.981320049813201
0
4.982206405693954
0
4.971751412429385
0
4.951560818083955
0
4.92307692307692
0
4.985337243401768
0
4.93482309124767
0
4.968944099378877
0
4.987320371935762
0
4.9919484702093415
-2.8374233128834376
3.9463299131807306
-8.580106302201962
-4.983388704318936
3.234265734265724
1.4394580863674877
3.505843071786313
4.838709677419355
0.1538461538461451
4.992319508448541
0
4.462326261887362
0.49019607843136453
4.947735191637626
0
4.9800796812749
0
4.996837444655285
-7.349397590361439
-0.6501950585175552
-4.319371727748706
-3.4883720930232522
8.788093550673285
4.951140065146576
0
4.9658597144630665
0
4.967474866942641
0
4.957746478873246
0
4.99194847020933
0
4.192229038854815
0.7360157016683022
4.140282513395031
0.7951356407857757
4.965197215777257
0
4.995579133510173
-1.2210526315789498
-4.987212276214829
0
-4.979811574697171
0
-4.957507082152974
10.432190760059612
-3.6437246963562853
8.776844070961724
2.1459227467811157
-3.067226890756307
1.4304291287386266
-6.2820512820512775
-4.92476060191519
-0.04796163069544092
-4.990403071017276
0
-5.000000000000003
0
-4.997341839447106
0
-4.980414101846658
10.424028268551229
0
-3.94666666666667
-4.997223764575236
0.1753360607831744
3.7339556592765493
-0.16872890888639558
0.28169014084507044
-5.056179775280899
-4.911242603550303
2.177971375233354
3.471376370280157
0.9417304296645052
4.139941690962096
0.7838745800671925
-5
10.526315789473685
4.126984126984133
0.8130081300812979
4.586693548387093
-0.963855421686747
2.0437956204379506
-6.819265617548871
-4.708290685772782
2.5778732545649903
2.6178010471204187
-6.479591836734688
1.3093289689034244
3.6079698438341503
4.989604989604986
-9.009900990099004
4.29815016322088
-7.459572248304633
4.735062006764378
0.21528525296016
4.994629430719662
0
4.961636828644496
0
4.970760233918138
0
4.967502321262762
-1.0172490048650964
4.557640750670236
-8.16239316239316
0
-3.583061889250822
1.3513513513513569
-4.90476190476191
3.9058587881822793
1.0120481927710816
3.0057251908397
-6.577119036591022
-1.8344075359444665
-0.4040404040404098
4.462474645030432
-1.6990291262135921
-3.012345679012343
5.549898167006112
2.2190062711046763
-7.031618688060408
0.45685279187817546
-4.901465386558876
2.497343251859733
-6.376360808709181
0
-1.6611295681063123
1.3513513513513546
-3.277777777777781
3.3314187248707707
-3.7242912729294146
1.6166281755196372
-0.11363636363635718
4.607508532423204
-4.18705818379555
2.043132803632249
-1.1123470522803114
1.2373453318335144
-5.166666666666673
4.803749267721159
-6.036892118501963
-4.521118381915524
3.2398753894080925
3.4399517199758707
0.7001166861143457
-4.461181923522589
7.640994542146752
4.676056338028175
-8.234660925726594
3.812316715542522
-1.920903954802263
-2.073732718894006
6.941176470588242
4.4004400440044
-1.738672286617498
1.876675603217158
-1.5789473684210527
-1.6042780748663101
-3.423913043478267
-2.0821609454136123
0.977011494252867
-0.9675583380762599
-2.2988505747126435
3.470588235294121
-4.4911881750994915
0
-2.2023809523809454
4.564820450395618
-1.5715948777648527
4.671791839148437
0.2824858757062147
3.5492957746478937
-5.005440696409149
3.894616265750293
-3.3076074972436604
1.254275940706949
-4.054054054054048
-4.636150234741788
5.784615384615388
-3.31588132635254
1.203369434416366
-1.070154577883462
2.1033653846153846
3.590347263095935
-1.8750000000000064
1.9108280254777137
-2.840909090909091
-0.3508771929824528
-3.4624413145539936
-1.5197568389057752
1.3580246913580176
0.48721071863581694
-3.6363636363636362
4.276729559748435
-3.1966224366706943
4.423676012461056
-5.011933174224347
4.899497487437193
-6.047904191616763
5.736137667304015
-9.52380952380953
9.193870752831454
-6.040268456375842
0
-3.441558441558449
-0.47074646940147186
5.405405405405405
0.6410256410256411
-1.2738853503184713
5.806451612903226
-6.646341463414637
0
1.8941868060091482
5.89743589743589
-6.900726392251802
0.3901170351105294
1.0362694300518098
5.000000000000007
-2.9304029304029373
0.5031446540880574
-2.9411764705882457
1.9987105093488036
-3.286978508217439
0
-2.0261437908496696
-0.6004002668445668
10.604026845637591
0.8495145631067823
-0.541516245487351
0.4234724742891643
-1.686746987951814
3.5539215686274583
-1.538461538461535
-0.36057692307691963
-5.247285886610384
8.147676639083395
-6.945261918775757
9.99367488931057
-8.568142610695805
4.276729559748435
-5.850422195416174
5.637411915438829
-2.48635536688902
5.099502487562182
-4.1420118343195265
3.0864197530864197
6.586826347305389
0.3370786516853901
0.2799552071668533
3.796761585706316
-4.249596557288868
-3.20224719101123
5.339524085896685
-2.975206611570251
2.1010789324247683
0.11123470522802481
1.999999999999997
2.9411764705882386
-6.1904761904761845
-0.7332205301748512
2.272727272727273
0
1.0555555555555587
2.803738317757006
-4.652406417112293
0.9534492428491242
8.944444444444441
9.994900560938294
0
9.967547519703292
-6.787521079258009
0
-4.884667571234727
2.6153114598193055
-3.475440222428174
2.736437830052803
-3.0841121495327077
1.0607521697203417
-5.963740458015267
2.4860476915271463
-2.623762376237629
1.6268429079817068
-1.250625312656328
0
4.913880445795334
-39.06325446644133
1.0301109350237696
-3.4509803921568674
1.7871649065800186
-1.0375099760574598
0.5645161290322603
-2.7265437048917445
7.914262159934055
4.507257448433923
0
2.339181286549699
-0.5714285714285795
4.885057471264377
-1.849315068493143
-2.1632937892533306
-2.282453637660477
-3.5766423357664276
-0.757002271006813
0
-4.576659038901602
4.396482813749001
-2.7565084226646204
-3.779527559055116
4.746317512274957
-2.500000000000002
-1.121794871794865
0
1.4586709886547788
1.5974440894568689
-2.9088050314465432
2.0242914979757085
-4.047619047619043
0.08271298593878769
2.115702479338845
0.35610229847847014
1.7258064516129037
2.2673220231488815
-4.356589147286825
-1.1184957043280885
0.8360655737704885
-0.6665582832059772
-1.4729950900163642
0.08305647840531089
3.3692946058091304
4.833012202954408
-4.426405268800747
2.4839743589743657
-6.911649726348712
-0.05039475894507162
-4.806722689075629
4.166666666666665
-3.999999999999999
-3.7782485875706224
1.9266055045871509
-1.9981998199819972
6.796473181484208
1.995184038527686
-1.3827993254637443
0.8891928864569137
0.33898305084746244
4.64527027027027
-8.087167070217925
-0.07024938531787697
1.93321616871705
0
-4.999999999999998
-4.99092558983666
0
-4.985673352435529
0
-4.985926819461206
0
-4.993652137113838
0
-4.98886414253898
0
-4.992967651195489
10.017271157167535
2.4444942812289665
-0.9194395796847673
4.993371630578889
0
4.987373737373732
0
4.99098015634396
0
4.982817869415806
0
4.982724131660293
0
4.988740689416252
0
3.448275862068971
-4.896331738437001
-0.872044273016943
-4.161732363390291
-4.995586937334507
0.6131549609810447
0
4.98614958448754
3.2541776605101167
1.4821124361158389
-0.7889877455094827
-3.959390862944168
-1.3389711064129635
-2.2499999999999964
0.47497259773474243
-2.1636363636363596
0.39026203307935486
-0.9070714550166641
2.559312535027083
-6.229508196721315
-1.806526806526806
3.38278931750742
0.17221584385764144
-5.081184336198669
-2.7772187562889825
-2.2562616435520666
3.240152477763662
-7.9794871794871804
0.08916629514043502
-4.565701559020038
0
4.9941656942823816
4.245387863969763
-6.396588486140725
-1.5945330296127467
1.8055555555555416
-2.228285584356519
0.9767441860465156
1.3357899585444455
-2.477272727272735
1.3749708692612526
0.32183908045977144
0.5957836846929377
-2.4601366742596773
-0.39701074264362846
5.416178194607274
2.090747330960849
0
2.3747276688453236
-2.1706746116195
3.7415705895148985
0.7129377227930456
3.9558609202581687
-8.612056879631478
2.8928336620644317
-4.302449414270507
3.4943245047852223
-3.096774193548382
