3.246133282413595
-0.8322544849269465
-4.49459157030959
1.5036125756688012
0.55790688726435
4.76372680313755
-5.314097881665453
-0.7135969141755151
4.137529137529151
1.2497668345457809
3.039793662490789
2.0919005900232515
-0.19264448336252588
0.19301631865239915
0.017513134851142337
-0.4727718438101988
0.9852216748768513
-0.034843205574920814
-3.694667131404659
-0.10857763300760455
-0.1268115942029068
-0.10883366588062926
4.503359360813501
-0.2953953084274623
-0.6273963053328528
0.7716590669940331
1.183431952662714
-0.4299965600275198
-0.13819312489202878
0.017298045320882673
-0.22483569699067246
-0.4680187207488182
-0.6617903169627426
-0.6136044880785414
-0.1587581584053585
1.0777385159010642
-1.2235623142807202
-0.23004777915414407
1.2238382405108357
0.15770106886279608
-1.364590622813168
1.43667967364314
9.14495541178529
0.14418455623197327
3.6474164133738527
4.645778669547774
-5.486725663716821
3.9325842696629287
4.084084084084091
-0.1731102135026032
1.9942196531791843
-0.4958911873051856
0.5268403816033099
-1.1048158640226564
-1.246061300486973
2.001450326323416
-2.1043651357884197
1.321713870733482
-3.526376146788994
0.3863298662704343
-0.1036116044997107
1.5557860423766485
-0.6711409395973188
-0.19095182138659733
4.650478292862402
0.759386865419769
-4.089323098394969
0.6548311990686845
1.6336562093393023
0.1991465149359854
-1.0647359454855196
2.468072894245953
-1.8624842459039446
0.028538812785394618
-5.1355206847360915
-4.962406015037594
2.689873417721519
0.63174114021572
0.45934772622875514
1.0211857948483358
-0.6638503319251626
0.1063183475091199
-0.3793051130329237
0.45689917758148035
-1.152213462704673
0.2607361963190254
0.38243842741318645
0.5638524839987704
-4.697681466888922
0.1749085705199591
-1.6190476190476262
-1.5811552113584955
2.34426229508196
0.4004485023226013
-0.5743458838544846
0.6739409499358041
-0.6056742110296389
-0.2565747273893558
3.151125401929264
1.9326683291770537
17.721712538226296
0.7663332900376643
-4.5888115493683825
0.40529586598216694
-1.655005382131333
0.25995348200847956
-1.7740174672489084
-0.8196721311475379
2.4373161507213865
-0.5059483112265735
20.601979109400766
6.210826210826211
-1.9957081545064401
5.036128749726298
-1.9178653324994765
-2.104144527098826
0.20625271385149557
0.7474813129671734
-5.06451612903226
-1.8348623853210932
3.9344640590746405
0.6993783303730093
-1.2677764303825376
-0.6364448414470797
-3.3936397348016554
-0.011631964638830141
0.10469986040018349
0.08134805345729755
2.0668834184858285
0.25028441410694485
-0.7149341806627404
-0.1371585324036955
-2.1174316126816985
0.5612722170252519
-0.8023255813953462
-5.966475208064703
2.767389678384434
-2.4745269286753975
1.6293532338308485
-1.603230938685598
6.567164179104472
2.696078431372552
-2.659393112853731
-3.0823117338003474
3.457414769304895
-3.120633442012105
-0.16826923076922803
1.4688177221285734
0.7119126720455624
0.3180961357210233
2.031708749265996
0.23020257826887663
1.6192007349563646
-2.9833879534410643
-0.04659289458357336
0.22141941498659565
-0.5348837209302352
1.3794715922375578
-2.5484317343173455
0.3076558987102145
-2.5126813731272937
2.8436592449177156
-1.6943169784680525
-0.6343506882106469
-1.6261141893519633
0.6611975021427668
1.7272837854275551
0.05978715771852206
-0.0836520076481754
-0.9089821791651743
0.2293301146650546
0.6382466281310294
-4.427426109848032
6.635783147614874
-4.33251144769286
0.39273441335297565
0.012224938875308403
-1.894633907835228
1.4826812858210787
0.5402087170042943
-0.2198070582488649
0.9668339248561959
0.15757575757575207
0.6051071039574005
0.228557680741019
0.5760921747479542
-1.8973747016706417
0.38924705023718914
-2.435478007997081
0.6582215598608985
-1.505243676742757
1.1399223349617966
-0.7678969531830483
0.7488766849725411
7.3587710604558945
1.500115393491807
-4.195088676671212
6.7521063249080315
-7.20320142285461
0
-1.0421657882127375
0
5.120445466650521
-2.982496545370794
6.646884272997033
-1.4913745130773486
-0.5423116032086847
-1.1473361354083733
-3.022293725580334
8.294821661334282
-6.707517233833019
0.7975604034717282
-0.8959739353036923
0.08218856404836583
-0.8094791177850748
0.9698403311649965
2.3661707859903864
-0.6751344547431031
6.774193548387092
0.4639620198532659
1.0202985715819997
-1.5096746757388948
-1.2197754749568173
1.5298874439951917
-1.1516521364761645
1.263066202090595
-2.139784946236557
0.8350730688935306
-1.6672115070284481
-0.8532801418439641
1.6318318989605352
1.275706587484881
-2.638722988380927
0.5242025429399879
-1.0984134028625294
0.41507740632713097
-1.6981342866718854
1.1933174224343677
-1.6958670260557078
-1.1310407860162204
-1.536861566905472
0.6924069944842128
0.7109557109557136
-0.18516375419511893
-0.2666666666666614
0
-0.9881422924901185
-0.5400962780321736
-3.683154291110854
0.5025125628140732
0.5975609756097533
0.3394350830403768
0.6524102935846293
0.15604369223382
-3.559443911792897
4.088480178948673
-5.3724928366762175
-0.41635124905375576
-1.5963511972633866
-0.28324964593794844
2.27243382827631
1.6664562555232838
-0.48429156835961473
-0.04991265285749654
0.5493133583021195
0.1489942885522778
1.177783287875031
0.820977821345415
-1.8230432668935344
0.34662045060659424
2.3686158401184225
0.27717522294529623
0.6489604614829921
0.27462686567163636
-3.405572755417946
5.991124260355018
-5.652477320307038
1.2820512820512793
-1.2536514118792683
4.720818439541485
-3.9783427495291983
-1.8141701397401269
-0.0873907615480706
-1.2870173684868118
2.1645569620253196
0.43365134431916735
-0.641500123365414
-0.21107524211571044
0.8460868483264843
1.5792720542874712
-1.6518887404348244
0.5681116462887377
0.8596340415080438
-0.32874710824302106
-1.0017102369899884
-0.11105626850937528
0.06176652254478073
0.14814814814815377
-0.036982248520718464
3.539277346158595
-2.548832777513099
0.5010999755560877
-0.7296607077708865
0.820776675241951
-1.0935601458080195
0.28255528255527695
-1.3230429988974586
-0.12414649286157665
-0.28589185829707325
0.38643729743205046
5.898422947969701
0
-1.8175422138836774
-0.6091006807595736
-0.012016342225429312
0.22833794015142136
-2.1223021582733868
0.42876393482788194
-2.183459380336665
0.7856341189674608
-0.40831477357090673
0.22363026462915495
-0.19833891161522532
-0.186312259346665
-0.12444001991040318
-0.3239471716920038
0.26250000000000284
-0.6108963969579825
3.361766181635719
-0.24271844660194175
-1.28953771289538
-0.46832634951934365
1.0648836057454214
0.6493506493506438
-0.9860012172854562
-0.676174084091468
-0.8788216363411342
-0.02497502497501646
-3.859605296027976
0.2728335715213601
-4.93651204975381
-0.3679978192721883
-3.9261285909712784
2.1785561725758322
-0.9057971014492754
0.1687526367599398
-1.4740979924189248
-1.0116842405243531
-1.9001007629192521
0.9831254585473288
3.7343795408311435
1.1766353831068745
0.6368544925931086
4.553583711652225
-5.9868421052631575
0.7697690692792163
0.2777777777777778
0
0.9972299168975132
-0.4388370817334127
0
0.013774104683198724
3.3879630904834075
-0.546156920207809
1.6474685239753488
0.5666095664778058
-5.50314465408805
2.176927343316685
-2.958338987650964
0.9788840721577401
-0.7893643539676007
-0.6141820212171939
-2.1910112359550595
1.3785180930499745
-0.09915014164306593
-0.708918190840777
-0.9424532343281321
2.81101340637163
-1.9910263600673086
0.472103004291839
0.7119464616260858
-0.523116075215599
1.1085844229675887
-0.3935901040202354
-0.08467400508044351
-0.861581920903958
-2.9348910101154044
0.38162336709232686
-2.4272554467027376
0.3296867975423416
2.1209858103062054
1.6820242796548193
0.11507479861909586
1.9540229885057503
1.296505073280712
0.19476905954369658
3.83226881421826
0.18721583311046952
-0.9476775226908732
1.172348740061977
1.3585508790623397
0.7752956636005226
1.1996348937280017
-0.48962762530602605
-1.3725236307134416
3.7153735066299007
-3.1518987341772124
-0.9802640177754541
-1.4255543822597767
-0.08034279592928617
-1.1927097292951072
1.0850400108504001
-2.012612370857373
0.1232370258797879
-2.215536105032829
-1.8181818181818181
1.6381766381766383
-3.8402242466713354
5.669727444978863
-0.6344827586206928
2.1099389228206618
-0.10875475802067268
-0.6940664126292746
-0.05481704810197217
0.20567667626491157
0.6157635467980296
0.3671970624235068
0.29810298102981647
2.445285058092395
-0.17143610708162396
0.4755614266842831
1.0386536944517455
-0.33832140533507127
-0.18279148713931026
-0.8371484630477406
0.09233610341642683
0.36900369003690936
0.9978991596638686
-0.2860114404576242
0.6127770534550255
2.5009718802643452
-0.07585335018963625
4.567307692307695
1.3914095583787054
-1.002386634844866
0.10848601735776003
-1.4208308248043293
0.5985098326615338
0.48567265662943176
0.3383276945384189
1.8786127167630087
0.15366430260046743
0.7081317124985248
-1.324270479315593
-0.035629453681704816
0.15444932873945044
2.1115065243179068
0.5576208178438741
-3.488909426987066
0.4309312903998112
-0.4767580452920143
0.01197604790419434
1.9279128248114026
4.81672932330827
-3.1158932974669433
0.41647385469690223
-1.002304147465443
-1.5477714418712853
3.936170212765952
0.6027521892414498
1.7295952973095132
1.3001444604956156
-1.6673979815708693
0.17849174475680754
2.9287305122494383
