-0.38576939562794926
-1.0327022375215171
-1.695652173913046
0.08845643520566876
5.170128148475469
-0.42016806722689076
-2.4894514767932514
0.5625270445694553
2.88296041308089
1.212881639481391
1.198347107438019
0.8166598611678236
0.2025111381125962
-0.32336297493937405
0.9326845093268498
-1.526717557251913
-0.2855977152182736
0.40916530278232405
-3.7082314588427034
-0.9733389758781258
0.5555555555555605
0.297492562685928
-0.5084745762711816
0.8517887563884157
-2.8716216216216264
0
1.5217391304347827
0.471092077087792
2.003410059676052
0.29251984956121546
-0.7916666666666691
-0.5459890802183884
2.702702702702693
-0.08223684210525849
-2.4279835390946527
0.12652889076339577
-0.5054759898904874
-0.508044030482637
1.4893617021276595
0.5450733752620592
-0.2502085070892505
1.1705685618729145
4.049586776859509
0.7942811755361397
-1.2608353033885016
0.5586592178770973
0.47619047619047167
0.3159557661927375
5.9448818897637885
0.297287253808976
-2.037791774731382
-0.680786686838107
-0.5331302361005461
-0.4594180704440998
-0.07692307692307256
1.4241724403387177
-1.8216318785578791
0.5025125628140747
-1.192307692307701
0.2724795640327153
-1.2810559006211224
0.2752654345261457
2.6274509803921524
0
1.8341612533435276
-0.7129455909943629
-1.2471655328798228
-0.07654037504783338
-0.42129452317120747
0.19230769230769232
0.15355086372359972
-0.22997316979684398
-1.1525163273146368
1.3991449669646194
-6.707550785741653
0.6573541495480667
1.1428571428571475
0
-0.9281678773204243
0.5702647657841163
4.212231672742003
0.6995724834823207
2.045542261675011
0
-0.5295007564296434
0
-2.509505703422062
0.23400936037442385
-2.2178988326848206
-1.313171508157585
0.12096774193548845
0.1208215867901663
0.5229283990345983
0.440176070428169
-0.5179282868525942
1.3215859030837052
-1.4229249011857685
-3.76904570970329
0.8749999999999977
1.776125567947134
-0.20292207792207792
0.28466856445709177
1.9059205190592121
1.0346199761241521
-0.945254037022452
0.1988071570576541
-0.5158730158730204
0.8775428799361855
-2.5701858442071965
0
-0.16233766233766464
0.8130081300813008
-0.6451612903225784
1.0551948051948028
-0.6827309236947745
0.5256773150020149
0.7240547063555959
0.15974440894568917
2.3524720893141855
-1.9867549668874152
2.027027027027025
0.7791195948578107
-0.3478933127174246
0.4654771140418885
-4.054054054054054
0.04024144869215063
-1.2067578439259856
1.2622149837133527
0.08041817450744554
-0.28123744475693735
-1.168412570507646
0.2853648593558861
-1.0569105691056888
0
-2.917009038619554
1.3542107490478157
-5.8037578288100224
1.3297872340425532
-2.2747156605424275
-0.8504923903312469
-3.747178329571111
3.1425891181988823
-3.774442928603916
0.6616257088846907
2.1596244131455373
-29.503676470588232
-4.823989569752285
2.1232876712328728
-3.018108651911469
1.1756569847856273
4.1011619958988375
0.984898227183191
-0.2600780234070258
-0.9126466753585435
-0.39473684210525944
0
-3.6988110964332854
0.27434842249655506
0.5471956224350283
0
-2.9931972789115684
1.4726507713884953
-4.077401520386992
-0.14409221902018518
-0.1443001443001361
-4.913294797687869
-2.963525835866255
1.018010963194986
-1.550387596899225
-0.07874015748031049
0.1576044129235529
0.07867820613690679
-2.358490566037736
1.5297906602254359
-0.3172085646312383
0.23866348448687125
-1.5079365079365123
0.2417405318291792
2.3311897106109254
0.15710919088766917
0.6274509803921657
1.402961808261873
-0.845503458877782
0.31007751937984934
0.6955177743431264
0
-0.7674597083653107
-1.0054137664346567
0.9374999999999911
0.07739938080497116
0.5413766434648016
0.7692307692307693
1.5267175572519085
1.3533834586466251
1.4094955489614074
0.07315288953915343
3.216374269005831
4.815864022662898
-3.9864864864864904
0.633356790992263
2.097902097902098
0.06849315068492762
1.300479123887752
0
-2.567567567567575
-0.1386962552011017
1.7361111111111112
0
-1.569965870307175
0.20804438280167226
-1.1072664359861553
0.13995801259621318
-0.13976240391333938
0.06997900629810659
-0.06993006993006595
0
0.27991602519244624
0.1395673412421414
2.3693379790940807
0
-0.4084411164057143
-0.20505809979494966
0.41095890410958513
-0.13642564802182036
2.1174863387978102
0.33444816053511706
-1.2666666666666704
-0.06752194463200156
0
0
1.9594594594594632
-0.06626905235254758
-2.453580901856775
0.611828687967373
-1.3513513513513513
0.6164383561643875
0.34036759700476515
0.7462686567164141
-1.5488215488215564
0
-0.41039671682626155
0.1373626373626491
-1.2345679012345756
0
0.3472222222222222
0.3460207612456747
-1.3103448275862108
-0.48916841369670766
-0.9831460674157343
0
0.0709219858155988
-0.5669737774627803
-0.9265858873841848
1.1510791366906434
-0.14224751066855523
0.2136752136752015
-1.9900497512437691
-1.3052936910805013
-1.6899338721528163
-0.8221225710015116
8.063300678221566
0.4184100418410002
1.9444444444444524
-0.1362397820163604
1.4324693042291912
-1.6812373907195697
1.846785225718206
0.7387508394895865
-1.1333333333333258
0
2.0229265003371544
0.3965631196298706
0.1316655694535804
-0.0657462195923697
-1.5789473684210564
0.20053475935829637
0.66711140760507
0.2650762094102092
-0.5287508261731734
0.9966777408637874
1.3157894736842106
0
2.337662337662334
0.0634517766497426
-2.219403931515536
0.324254215304799
1.0342598577892843
-0.19193857965451783
-1.0897435897435825
0.12961762799740026
-2.26537216828479
-2.6490066225165565
0.9523809523809562
-0.06738544474393147
0.26972353337827193
-0.9414929388029437
0.7467752885268121
-0.6064690026954216
-1.0847457627118606
0.7539410555174738
-0.2721088435374188
0.47748976807641
0.06788866259334304
0.13568521031206826
-1.4905149051490438
0.20632737276477506
-1.7158544955387784
-0.4888268156424502
2.5964912280701675
1.0259917920656636
2.3019634394042017
0.5956320317670455
-2.6315789473684212
-0.06756756756756373
1.2170385395537409
0.40080160320642805
0.998003992015968
-0.6587615283267456
4.244031830238711
0.31806615776081426
1.6487000634115554
-0.12476606363070308
0.9369144284821986
1.1757425742574292
-3.058103975535168
0.2523659305993727
0.9439899307740717
0.37406483790523337
-1.1180124223602554
0.18844221105528353
0.2507836990595647
0.6879299562226355
-0.5590062111801277
1.1242973141786454
-0.9882643607164882
0
-0.7485963817841653
2.9541169076052904
0
0.9768009768009732
-0.6045949214026602
-1.3381995133820055
1.1097410604192426
0
0.3048780487804878
0.7294832826747651
-0.6035003017501509
0.18214936247723826
-4.969696969696963
0.7015306122448943
0.886637112096267
0.31387319522912743
1.8147684605757053
-0.4179471419790894
-0.29625972102210724
0.7304692336263506
-1.6715830875122903
0.3250000000000064
3.7004734612509327
-1.2615643397813254
1.6914091019712658
0.21538829723585837
-1.2776119402984993
-1.2336719883889817
1.5797207935341737
-0.24110910186859896
-3.552870090634438
0.23806540533767412
-1.6125000000000078
0.38114597890993696
-2.7971142893304743
-6.2499999999999964
-4.930555555555552
1.5339663988312595
-2.4316546762589897
-1.9318684559799473
-1.4436090225563816
0.7018614586511958
-0.6666666666666632
0.6711409395973119
-0.8636363636363533
0.030567018187369736
-0.27501909854852075
0.16853071855369917
-0.9941878250229298
0
-0.9887223852927554
-0.12482446559525401
-1.7653491641930987
0.17493638676844692
2.2543260835053096
1.1954665424623665
2.9150046026388328
0.1192605843768609
0.6104824300178627
-0.10359627053425068
0.029629629629623736
0
0.5924170616113829
0.014723203769147698
0
0.8243780362137318
-0.20440940283253115
0.6583760058522353
0.04360465116279235
0.2469853261659185
-1.0579710144927594
-0.10253405595428912
0.9824046920821139
0.6243647451720525
-0.8513708513708563
-0.30563236792314624
0.7445255474452629
0.014490653528460955
1.4053897421037365
1.0858694099157096
-0.9893992932862231
0.014275517487516227
1.1989723094490485
0.35260930888575454
-0.056219255094878774
0
0.9984531008296916
-0.3620161514898231
1.2157629960872058
0.013806433798137379
1.0767531750414152
0.38240917782026923
2.476190476190467
-0.42485395645246044
-0.3333333333333333
0.013377926421411526
1.0032102728731942
-0.02648655807179212
-0.211948602463898
-0.23894862604539044
1.2242182302062374
0.03943736032601701
-0.23653088042048964
0.11854583772392441
3.0522299697408144
0.34469551895824846
-0.9287531806615646
-0.012841916013875838
0.5779604418186525
0.0893883284382495
0.25516713447308353
0.15271061338763622
-0.3557814485387562
0.20402958428971765
-0.763553066938145
0.23082841754295025
0.6397134083930399
0.07627765064836292
1.7784552845528527
0.1747378931602603
-0.3239471716920074
0.5124999999999957
1.206317622186294
-0.4546571639223278
0.6048635970867731
-0.47852760736196387
0.7397361607693186
0.905641904295691
-2.025469981807158
1.0522406536271285
-1.396545387725102
-0.2857497825816745
-0.9843010216795492
