-2.240738655556804
3.5475696844045097
-3.8542825361512767
0.6999479377566905
-1.7061121323529438
-0.3097422710537055
-0.8969398522687275
1.5084294587400178
-1.8706293706293653
0.18409644278163245
0.1007705986959126
0.8408835198673562
1.133360737565327
2.659389153408428
-2.7092760180995525
-1.3894541015057185
2.706048814998223
-0.2410883416566109
0.9781920708901547
1.0883811043364242
-2.6155580608793736
1.7596665894883128
-0.8930602957906738
-0.05165585720024471
0.1952452050074574
1.0488308115543303
-0.2155294651466142
0.48314670607628035
0.6618395746125153
0.17420623770721602
-0.2636598227308324
0.5568367174756659
-1.3144647052242981
-0.238054752593099
-0.4772456110448193
0.8848547125649369
-2.2408329560887355
0.3415142394072755
-2.3593885203345883
0.9275670565993174
-0.005853772756536267
1.8616087109237767
-0.5632183908045951
-0.439255577389905
4.661558109833983
1.7693715680292785
-2.626989317636802
0.6492779581327738
1.0732955177399597
0.3631361760660198
0.4933940025217916
0.48551633844307956
0.7980456026058657
-0.25313728658372625
3.682505399568037
-0.7395063014269371
-0.6453305351521487
1.3729735438559434
-0.32817627754336376
0.3449357165255518
-2.2135416666666665
0.4580559254327515
-0.8748210593287737
2.374839537869068
-0.9770114942528759
0.3007439455495196
-1.66754339821147
-0.818488204140585
0.22114347357065314
-0.1883644583176363
-0.6578237894963775
-0.13026487190621422
-1.070652173913046
-0.5658407954732712
0.9116022099447514
0.08212428141253764
-0.16411378555798686
0.0821917808219178
0.4325212154393699
1.3355865678150893
-1.7644843724783572
0.18618914626800784
-0.5247335337523864
0.04395845925600057
-0.5602240896358568
0.5578569455951344
-0.8293969021201753
-0.23816117418997257
-0.9604707972462777
-1.2276472896462856
2.576617480136214
0.4038950979307267
0.0385738689590591
-0.8427894678858754
2.799844453085945
0.2756011888678686
0.6736365596033628
-3.479471120389701
2.545615883755759
0.05408328826392644
1.135135135135135
0.10154997327632768
-0.8062363180095112
0.4090860157175227
0.23051356277473756
0.30486174252554127
-1.2690625999786809
0.7182976884856439
-2.150249343128325
-0.2630425252082395
-0.6648351648351598
0.9458487748216111
-0.22465753424657037
0.9336042616288648
-0.7943848958050023
-1.157242362748857
0.5659749195427836
0.9103950562789671
-0.8748428016840724
-0.38060565944068014
-0.08305647840531562
0.7259628706012695
-0.22557218309858657
-0.7058174800110258
-1.0162714499916674
0.056104129263913824
-1.659751037344406
0.49606568593910627
-0.7829787234042528
0.39457882998798327
-1.1392116655274551
0.4033187370361835
-0.602547916905773
0.8717741469892117
-1.7914377289377263
-0.8100705169298963
-1.2103407755581614
1.0407993338884263
-0.5827300017658538
-0.17169923031380052
-0.9963821837376167
0.9225423830348105
3.246868878732121
0
1.7707255375416784
-0.14687605920235772
-0.6053405747906664
0.38704536399339484
0.0170096955264475
0.555555555555553
0.2875183222460332
0.556523694417891
-1.408765652951702
-1.1056929008845544
0.7969726506507707
-0.005688282138788911
-1.6212526309801467
0.3816352492193772
-1.641705069124424
0.21083455344069746
-1.2506574718017571
-0.04142747233236938
0.5506216696269955
0.10010010010010278
1.170588235294123
-2.4245595674167126
3.3726611846025447
-0.32856813465529433
-0.34121797466889503
0.9459145775301737
1.7591261856855367
-0.9208519292695303
-2.5601550918006537
0.3803616361402071
0.250670397574907
0.10466941908472144
-1.9459773453383677
1.6587677725118484
-1.8473193473193499
0.5521581665973968
-0.12399622106754306
-0.08276677505173462
-0.9407727353410961
0.45992115637319586
-0.6778048635471842
0.23944926668662078
0.11943863839952225
-0.7575305696391319
-0.9796850583002737
0.2852807283763305
1.416293426945882
-0.2148484125089466
0.8911483253588571
0.005928033671225861
0.48606994665086223
-0.18286927796131056
-0.5318834584244431
-0.10100409957814854
-0.2914238134887648
1.8789144050104385
-1.2939110070257558
-0.3499614449255644
1.3630952380952435
0.06459568970579065
-0.9330985915493011
-0.04146673775249204
-0.4266919521156836
0.309486965837403
-0.3441319568055169
2.167182662538705
-1.4918414918414866
0.17747278750591575
0.33069564190385664
0.6415538552089518
-0.7895198549622785
-0.1414760669653437
0.785123966942146
0.15228723715809386
2.9299959061933394
-1.0738636363636416
4.5373614381712715
-0.30218119883522887
-1.9232888790918035
-0.011237849075689468
1.5959539196403536
-0.7688478345041257
2.335562987736906
0.1034914755705574
1.322233104799214
0.9612802749583853
-0.22340425531915137
-1.908519031879729
0.0652173913043503
-1.580490984140785
1.1919871971745564
0.3435676501063399
1.3478260869565193
-0.09652509652509408
-0.38110574342457915
0.28557573145104553
-0.14506769825919005
-0.0699488835082031
0.23691578720654013
-0.09669101847872554
0.1559307452414287
0
-0.8160197562677858
0.17320703653586172
-1.9776300859134455
1.7584477151204505
0.2546045503792007
0.00540336089046896
-1.204884374324614
1.3508340169537898
-2.811353334772293
-1.726722558436506
0.04519774011299178
-1.7393268579173229
1.0344827586206897
-0.11376564277588168
2.164009111617312
0.2787068004459309
0.06670372429127545
0.15553827352516134
0.0055463117027126484
-1.1702068659530758
0.3367003367003367
-0.7158836689038006
1.8364127985579037
-0.4259320721318755
3.26648519526694
0.45188014417127675
-0.18208107963368841
-1.8831482375664004
2.2692475940507437
0.14436186708015
-0.13881473571809444
-0.06950384944397893
3.5364613985340614
-0.04650682100041809
2.3781212841854935
-0.11614401858304067
0.273003033367042
0.21679943531309642
0.8904764300447776
-0.5535055350553574
-2.8230456801885353
-0.15479876160990713
1.0542635658914776
0.7415362585660222
-2.8174018985735314
1.196197241955697
-1.7085634646156975
0.46213633021741174
-0.026136957658128592
-0.5385620915032656
1.2354116286405215
0.6387287739523266
-0.4334365325077446
0.7566334991708197
-0.08229606007613087
0.07206836198909147
-1.4557613168724257
-0.06264028814532784
-2.3452598589710156
1.5136927685066421
-0.14753148216450718
-0.939264418764179
2.1626804453204143
0.28155795401219375
-0.09358914365933316
0.546448087431694
-0.817805383022772
-0.5218661935079846
0.9023187493442475
0.4731205157533487
-1.065976714100901
0.9048590407448064
0.11403690648973903
0.5540022781401998
-0.5663971989083981
0.7405105898192834
7.6693739076796446
2.057672109233262
-3.3727838330916367
0.04841208365608056
-0.21774895964385949
0.6352747199456821
1.0023130300693996
0.05248091603053001
0.6103666968671109
0.4739561116640599
-0.717014953535557
-0.40860930298854514
0.27193359095464303
-0.7184318203444839
1.1693103944026497
0.9900052105537441
-0.6754221388367773
0.5855685681904086
4.1596244131455355
0.24790408365635988
2.1761611438334647
0.22002200220022003
-1.9714599341383134
0.00447908268386227
0.8061987727863126
1.6572621850979778
0.013111888111896062
0.0043700563737232466
2.1936724348889975
0.9279055845377694
-0.6397491844257239
0.422138836772987
-0.3142117107553858
0.6005878093453323
-2.392243204335676
0.12579707630241774
3.0673251884585473
-1.6141235813366999
0.1708963513628984
0.23458159174272797
-1.6637589889791886
-0.04759844223279572
-2.7187324126585644
0.004450180232295361
-2.5453898184407184
-0.44748858447489415
-0.21557655260984399
0.6389335784877082
1.7676075637160782
-1.7010008527444949
2.4198703314765777
2.7059557774607828
-1.1415426016754278
0.10976466455918511
-0.8552256479978949
1.38458816243476
-1.5271172389720318
0.2304045371970321
-0.9327615932098453
0.4908522980812137
-1.3987566607460036
-0.3827966674172484
-1.8806509945750411
0.44692222631772105
-0.5641943030136107
0.20297075375955512
0.11969431912348605
-5.278646312304588
-0.713592233009711
0.22490588177774098
-0.9415093419191268
-0.32010243277848915
-0.8250580504915676
-0.3586729102321433
0.3849615038496173
-0.19423278051696255
-0.49401197604790875
-1.0380622837370153
-2.4678220330394267
-0.24419390034810856
2.546875000000005
0.5637665701660779
1.065656565656561
-0.04997251511668582
-0.4099795010249397
-1.0442291279682805
1.2531074019582997
0.7215151818819566
-0.7262958909561306
-0.2806173581880091
-0.5979899497487483
0.21232495829331408
0.36825909297280707
-0.05528749497385953
-0.9102338446064827
0.49228583028825706
0.09090449977274793
1.004086987234465
-1.0690378659206645
0.7473237729751542
-0.536287089013635
0.7659360040312444
-1.705255788368262
1.1243386243386313
-1.2426422498364966
0.3515028018339323
-0.385806386110977
-0.1121133363909721
0.45916024692617724
-0.3453354324310576
1.437089130102433
0.27631248430042704
-5.706412825651308
-1.1742202858509065
-4.048387096774191
0
0.5154927999103516
0.34004125090584253
0.09444444444444697
0.3940722650829721
-1.033834586466168
-0.22903748393943965
-0.9854423292273186
-0.13571590137978345
0.475651189127978
-0.7946348061316578
1.7894677043685736
-0.10603862038173142
-0.07262975585229241
0.3019121100301963
-1.2095875139353425
0.9987022513118572
-2.279329608938545
-1.000457351932312
0.7795807587919386
1.191840476736188
-0.7304643261608206
0.8442188123894919
-1.8326828440522704
-1.3540766349755113
0.15186915887849936
0.3149422605855646
-1.4825581395348837
-0.259663617586314
0.01183361931246941
0.011832219132701029
0.597456373853884
