-4.861520329994107
3.4375967791886106
-7.814371257485036
-1.9486846378694382
10.00331235508448
-0.06022282445048042
5.061765592045801
-0.7743045597935155
0
1.4450867052023122
-3.0199430199430264
1.6451233842538258
-3.4393063583814962
4.459742592038305
-0.8882521489971412
-0.26019080659149385
0.2608695652173847
4.0474125469788955
-5.501528202278398
2.8815054395765816
-0.6001714775650089
0
-1.4663599769982814
0.9629413481178907
-0.14450867052023122
-1.5340086830680206
0.02939447383892497
4.613576256244487
-0.028089887640455825
-4.017982579376217
1.0245901639344261
1.4198782961460379
-0.02857142857143507
1.1717633609602809
0.7627118644067764
-2.8315110737314173
-0.3750721292556293
1.3611352447147376
0
0
-3.857142857142857
1.0401188707280833
3.3529411764705817
0.7398975526465631
0.5649717514124294
0.5617977528089888
0.5586592178770949
1.6666666666666667
-3.797814207650267
3.947742118716267
-1.0109289617486308
4.609439690863922
8.100263852242742
4.759580180619966
-10.135135135135135
-2.255639097744358
-1.3262599469496021
5.860215053763444
-1.8029456576942668
-1.7067494181535987
0.2893975269665788
-1.9674711437565584
3.478726251003479
0
0
-3.258339798293242
0
0
6.629243517775983
-1.103033341689641
2.915082382762991
0
19.999999999999996
10.016420361247949
-5.541044776119401
2.6664033181907847
-4.251635244324734
4.440425959413294
-2.3470565602154547
0.8274231678486975
1.2309495896834723
0.7527504342790923
-1.5134099616858194
-1.1476366465668224
17.079889807162537
0
11.008403361344538
-0.0757002271006813
10.075757575757576
5.905024088093597
-1.2867169222770962
0.6978275181040098
-5.387029288702919
-2.681039248203424
3.8909400738426547
0.8747949699289198
-1.9512195121951188
-0.4975124378109484
4.458333333333337
-0.2792181890706053
-3.3333333333333335
2.0689655172413794
-2.270270270270264
0
-3.8716814159292032
-0.17261219792866014
-2.319884726224787
0
-1.076854993361846
-0.08947211452430998
4.104477611940299
3.1827956989247377
-3.0846185910796224
-1.9928315412186348
0.7021650087770559
0
-1.6995932597327037
0.19210876311511074
-4.247787610619462
3.2039433148490377
1.731343283582093
4.4600938967136114
-5.196629213483146
-0.14814814814814814
-2.6557863501483645
-1.1888431641518165
4.6274872744099955
-0.0442282176028239
-1.1799410029498525
0
-1.671641791044783
-1.275045537340616
2.060270602706024
-1.7776438686351244
2.4386503067484626
-3.8778260218595566
1.7133956386292835
-1.3782542113323124
0.6211180124223602
-0.015432098765435607
-1.3119308535267789
-1.4701282452298996
-3.555555555555552
-1.2508229098090886
6.316666666666663
3.4644928672205713
0
1.5151515151515151
0.5820895522388025
-4.496216055794622
7.147296457426973
-2.8422273781902585
0.34328358208954546
-1.8295403837572446
2.4242424242424243
-3.6834319526627186
-0.5989863308247546
2.0086526576019774
-1.3026355649803123
0
-3.3456108041743504
2.873928231184507
0.3086896125945362
4.631481766425607
-8.279411764705875
-3.4471701138367803
8.734639654599786
3.5430665852168675
-1.5191740412979284
-4.118616144975288
-0.14058106841613416
0
0.10949475989364078
5
-0.952380952380949
-0.2403846153846188
0.24096385542169016
-0.28545673076922734
0
1.853246948922699
-1.360946745562137
2.5644871025794878
-1.1551396402982859
-3.5059171597633205
2.7134753947570207
-0.5970149253731343
0.7507507507507507
0.059612518628908685
-0.20851951146856976
1.1940298507462686
-4.896755162241894
-0.620347394540943
1.7009987515605636
1.427036980205609
3.5098335854765574
4.998538439052898
0
4.997216035634741
0
4.998011401299224
0
5.000000000000003
0
-0.7936507936507964
0.024242424242429755
1.7935046049442502
-2.380952380952381
-4.731707317073165
5.990783410138243
-0.012077294685993084
-3.8048073438821115
0
2.850326469111005
1.0865584177756045
1.413043478260875
1.4290818149339048
-0.31701303275801873
-0.11778563015312132
-2.07547169811321
-3.4200385356454692
3.3665835411471323
1.3268998793727382
-0.9523809523809523
0
-0.4807692307692308
2.898550724637681
-4.953051643192493
1.2595702642627866
-3.8048780487804934
-1.369168356997966
2.056555269922879
0
-0.7430730478589392
0.43141733282578065
2.590018951358181
3.2019704433497536
-7.052505966587114
2.7089485171395586
-6.075000000000002
3.5400585573595986
-5.4627249357326475
4.9354180829367715
-1.852811609225182
0.594059405940594
1.837270341207349
-3.311855670103099
1.3861122217779678
3.1681346128565675
-1.312436289500504
0
1.355713363460297
2.9171974522292965
-3.5152865453645226
-0.6927517639512479
-4.327606252422168
-4.671887658655147
-0.33994334277620075
-4.988629903354181
1.7053103964098695
3.250478011472279
1.6809116809116744
4.987391426169799
0
2.7488657592740893
-1.909090909090915
-0.1721170395869131
-0.5437665782493399
4.293905854113888
-2.8385116992711987
2.381892354257142
-0.3341902313624708
-1.4444157854010746
0.575765506411931
-2.289877699713768
0.33288948069241014
3.4638354346383573
-0.8850692662904024
1.9153617186488876
-3.0095238095238153
4.477611940298513
-4.837092731829577
3.6607848301290584
-2.6930894308943145
-0.783289817232376
1.8552631578947398
-1.2272316238212118
-0.22233847763537085
3.10656704679513
-2.8095601322145973
4.107259646827989
-3.9075260711144644
0.07845188284519126
1.2542461458061174
1.3935483870967684
-2.1634003563247646
-2.263267429760663
0.8650519031141869
2.7708140915688086
-3.081268455514187
2.7950721949927173
-0.02577319587629452
1.8303686517143654
-5.58227848101266
0.2413192116905843
1.3106861040524214
1.6501650165016502
-3.0649350649350677
1.8220793140407319
-0.34210526315789774
-0.7129654079746471
-4.30851063829787
-4.988882712618118
0
-4.987567646628642
0
-4.864532019704437
1.812297734627839
3.3057851239669347
-0.9230769230769231
-0.4658385093167702
-1.71606864274571
0
-4.269841269841266
1.807328801193828
1.3355048859934928
-0.3535840565734563
-0.5806451612903263
0.5840363400389394
2.096774193548387
1.1058451816745656
-5.6093749999999964
0.9766594934613436
-3.245901639344255
1.6604540833615644
3.2833333333333408
1.6620945618847756
1.5238095238095275
-1.5009380863039434
-3.0952380952380953
-0.0819000819000819
0.9344262295082042
-1.2181257105733312
-1.7592897073331215
2.092050209205021
0.6557377049180327
0.9120521172638474
-0.32278889606197547
-1.1981865284974056
-1.6715830875122983
0.03333333333334091
-1.1829390203265615
0
1.163378856853815
1.5
1.1494252873563218
-0.6493506493506493
0.9967320261437945
0.29121501375181275
1.9357960961445395
-1.2501978161101404
3.4294871794871757
-1.146575766966219
-1.2539184952978057
-0.0476190476190404
-0.1429252024773846
0.1908396946564958
-3.7301587301587302
0.247320692497939
-1.3157894736842106
2
-0.3921568627450943
-1.5748031496063029
0
1.3500000000000039
-3.552047360631479
-0.08525149190110827
-3.788395904436868
3.582830791060668
-1.267123287671229
2.2892819979188226
-0.1865038996269768
-0.11890606420928239
-1.4795918367347016
0.1380977041256807
-1.947940010343056
1.6174402250351698
-5.553633217993084
-4.341454478842267
1.4170815779394823
0.41540785498488136
-0.3572771718691195
0.396301188903571
4.548872180451136
3.5598705501618038
-5.486111111111115
0.29390154298310484
1.4102564102564186
2.5826259707422707
1.3380281690140885
1.459346768589294
2.3116438356164384
-0.535564853556493
4.15615009254586
0.21001615508884564
-1.9506690311139625
-1.9565932259125436
-2.1968807647157322
1.5089163237311307
2.7027027027027026
3.2565789473684137
-1.5610066900286643
-1.2944983818770226
2.262295081967206
-0.609169605642827
0.9354838709677346
5.465004793863862
-5.9393939393939466
0.9664948453608249
5.8710912571793346
0.06027727546714546
3.1927710843373562
-0.758902510216002
-2.911764705882346
4.16540442290215
-2.253889777519267
0.26777744718833
-3.3976261127596405
5.959146060512971
-1.2030729091172567
1.0123239436619684
-3.500363108206249
0
-0.406381697772416
-0.2569140093698119
1.8333333333333368
2.6335366760898573
-2.058567700782826
-2.9011249259917142
-0.47256097560975957
3.5380609587992073
-3.2248520710059103
0.12228676245795697
0.47328244274809506
3.6316669199209812
1.0703812316715475
-4.250689104889012
3.439393939393946
1.069283726380541
-0.2028985507246344
2.817310485042111
-1.0028248587570654
1.8690255385932406
-5.350140056022416
-1.4353358981947222
2.4020417354751538
-0.8942970238967927
-2.8254437869822517
0.47191353326229607
-0.015151515151518597
2.742839824215794
0
1.7699115044247788
-0.043478260869558624
3.175293605915612
-8.178752107925806
0.39791857973676503
0.13719512195121605
-0.13700715481808148
-2.3780487804878083
-3.185509056839472
5
2.5806451612903154
1.8418688230009088
1.4262608439935203
-2.594955059437515
