-4.1176470588235325
-8.793456032719831
2.690582959641246
13.537117903930136
-2.115384615384618
-0.3929273084479288
-3.353057199211051
5.306122448979594
-0.19379844961240586
-2.13592233009709
1.1904761904761934
-10.980392156862747
13.876651982378865
-8.897485493230176
2.1231422505307855
-3.3264033264033293
3.8709677419354778
4.347826086956525
-3.769841269841267
5.154639175257732
-2.7450980392156836
16.73387096774193
-6.0449050086355784
6.249999999999998
-10.55363321799307
-3.2882011605415915
4.599999999999994
4.971319311663482
-3.2786885245901587
1.1299435028248614
0.37243947858472204
-3.525046382189237
-2.3076923076923133
5.511811023622056
-4.850746268656718
-1.9607843137254901
0
19.599999999999994
-7.692307692307683
1.2681159420289778
0.7155635062611782
1.2433392539964527
-0.17543859649123056
-6.326889279437612
8.442776735459663
3.1141868512110804
-4.362416107382552
3.508771929824561
-0.847457627118644
0.512820512820508
-2.3809523809523787
1.0452961672473893
-0.8620689655172413
-0.17391304347826333
2.961672473867601
8.121827411167507
-8.763693270735526
-3.2590051457975964
1.5957446808510614
3.8394415357766194
4.873949579831931
-3.3653846153846176
0.3316749585406349
-3.4710743801652915
10.102739726027396
5.443234836702955
-6.489675516224187
0.31545741324921583
-0.9433962264150966
-3.1746031746031744
3.770491803278684
12.164296998420225
6.901408450704233
-0.13175230566536036
2.638522427440633
2.05655526992289
0.377833753148611
0.3764115432873239
-1.6249999999999964
1.6518424396442148
6.624999999999997
2.9308323563892147
-4.555808656036446
0
-2.028639618138428
3.5322777101096294
-7.764705882352935
-0.38265306122450427
2.1766965428937297
2.0050125313283313
-0.8599508599508634
3.59355638166046
-1.6746411483253487
3.0413625304136254
-2.0070838252656467
3.493975903614465
-6.286379511059377
-0.6211180124223602
10.625
2.824858757062147
8.57142857142857
1.4170040485830018
9.381237524950091
1.8248175182481752
-4.301075268817202
1.9662921348314688
-4.224058769513323
-2.205177372962605
-6.176470588235292
-0.31347962382444844
5.765199161425576
5.05450941526263
-7.169811320754712
0.20325203252031362
-0.40567951318457557
-2.2403258655804508
2.2916666666666696
3.054989816700611
-4.545454545454554
-1.5527950310559007
0.8412197686645756
3.02398331595411
-6.781376518218626
4.234527687296423
-1.5625
3.7037037037037037
-6.530612244897965
-4.803493449781651
9.518348623853209
-1.9895287958115242
7.051282051282062
1.7964071856287396
3.137254901960787
1.5209125475285117
-2.2471910112359472
-4.118773946360164
2.897102897102903
0.29126213592232736
-5.2274927395934085
-3.0643513789581203
0.5268703898840885
0
-0.41928721174004785
0
-2.4210526315789442
-1.6181229773462782
4.495614035087713
0
0
-4.407135362014693
9.769484083424814
5
0
4.952380952380954
0
4.99092558983666
0
4.926534140017288
0
2.471169686985173
2.4115755627009645
4.945054945054931
0
3.066566940912508
-1.4513788098693758
1.1045655375552281
-4.297159504734163
-4.49010654490107
2.3904382470119523
-0.38910505836575876
2.499999999999991
-0.9146341463414548
-3.8461538461538463
-0.8
4.032258064516129
-0.31007751937984934
-0.5443234836702867
1.9546520719311962
-4.447852760736205
0.6420545746388534
0.6379585326953725
-2.5356576862123634
-1.9512195121951266
2.653399668325044
-3.0694668820678492
0.16666666666666904
0.9151414309484146
1.73124484748558
-2.025931928687196
-2.3159636062861964
4.657070279424217
-3.964401294498375
-0.42122999157540014
3.2148900169204713
0.6557377049180304
1.7915309446254095
-4.8799999999999955
2.1026072329688814
-4.118616144975288
3.951890034364256
0.991735537190085
-4.909983633387888
1.2048192771084263
2.5510204081632653
-4.643449419568818
3.6521739130434807
-5.956375838926182
1.248884924174849
-4.052863436123343
4.224058769513309
-4.052863436123343
-3.7649219467401362
-0.38167938931296896
-0.2873563218390913
1.2487992315081762
3.0360531309297802
-1.3812154696132597
-0.09337068160597042
-0.18691588785046995
4.119850187265923
-5.5755395683453255
1.9047619047619047
-4.299065420560742
-4.492187500000008
7.975460122699384
-2.272727272727265
1.2596899224806173
-2.009569377990425
7.128906249999997
2.0966271649954393
2.767857142857138
4.7784535186794095
0.16583747927031744
4.966887417218543
0
4.968454258675077
0
2.17881292261458
2.7205882352941093
1.6463851109520484
-3.8028169014084545
1.8301610541727673
0.07189072609632949
-2.083333333333317
-0.9537784299339774
3.2592592592592635
-5.95408895265424
2.974828375286046
-2.5185185185185226
-1.2158054711246158
2.6923076923076925
-1.1235955056179776
-0.45454545454545026
1.8264840182648445
-6.128550074738428
-2.0700636942675117
-2.845528455284553
0.7531380753138123
-5.647840531561471
-4.929577464788728
6.203703703703706
2.8770706190061004
0
0
0.9322033898305037
-2.434928631402176
3.012048192771084
2.0050125313283136
-3.276003276003276
2.201524132091455
1.905550952775474
1.6260162601626016
-0.32000000000000456
-2.0064205457463884
1.2285012285012284
0
2.3462783171521084
0
-1.818181818181816
0.48309178743960896
-0.8012820512820513
1.373182552504041
-0.23904382470119295
0
4.952076677316295
3.0441400304414
-2.1418020679468284
1.3584905660377444
3.5740878629932857
4.960460100647021
-6.986301369863006
0.5154639175257648
4.395604395604396
4.491228070175443
-2.7535258562793783
0.8287292817679479
-1.7123287671232876
2.4390243902439024
-4.965986394557831
2.362204724409457
-3.3566433566433647
-1.881331403762659
2.138643067846612
0.36101083032490977
3.812949640287778
2.0097020097019938
-4.959239130434772
-2.4303073624017193
1.9780219780219697
3.376436781609208
-6.045865184155676
0.2958579881656847
-3.0973451327433548
-1.0654490106544945
3.999999999999991
4.955621301775161
0
4.933051444679352
-2.7535258562793783
2.3480662983425256
-4.31848852901483
2.609308885754576
-2.4742268041237074
-1.1980267794221402
-0.9985734664764461
-0.4322766570605351
1.230101302460215
-1.072194424588992
1.0115606936416226
0
0.35765379113018597
-1.63934426229509
-3.405797101449267
-0.9752438109527466
2.8030303030302943
-2.7266028002947595
2.8787878787878873
2.503681885125167
-4.81321839080459
2.490566037735858
-4.491899852724611
-1.0794140323824035
1.6367887763055293
-0.5368098159509332
-1.0023130300693779
-1.7133956386292857
0.07923930269413179
5.463182897862226
-8.108108108108095
4.575163398692806
-3.0468750000000044
4.754230459307015
-6.830769230769227
8.982826948480842
-5.8787878787878824
4.475209272376059
-3.5901386748844457
3.068563209205681
-2.6825864475112375
-2.405991077119181
0.7020408163265301
2.1400778210116735
-2.460317460317456
2.034174125305126
-3.9234449760765564
-0.39840637450199534
-3.3333333333333335
-3.948275862068964
0.9154550350026889
-0.39131981501244906
6.678571428571432
-1.2387010378306025
0.05084745762712057
-3.015415890225311
4.5938864628821
-3.122912491649974
-1.2066885019824096
4.658872797068565
-0.1333777925975297
4.340567612687815
-4.832000000000005
-2.4882313382649577
0.9827586206896557
5.173296909680726
-7.98701298701299
-0.052928722653495304
2.665489849955866
-3.627922971114167
-0.32114183764495935
-1.5392876320028628
1.7996727867660463
0
-4.196428571428574
3.4482758620689684
-0.5045045045045066
1.4125316914161556
1.1785714285714224
-2.9297564419343396
8.236363636363638
2.0493868637661663
-2.7654320987654315
0
-2.6578635517183007
1.7391304347826086
2.957264957264952
-0.04980906524986557
-2.0598006644518305
5.139077340569879
-3.2747217293111808
-4.586390927284857
3.146303093864704
2.5249957634299305
-9.272727272727273
3.844051739843322
7.210526315789473
2.994599901816394
9.183349221480777
0.4074505238649609
2.0869565217391273
-0.6246450880181683
-1.9285714285714204
-1.6751638747268836
2.8000000000000007
-0.27381467070182697
5.751445086705208
1.0248701831101392
-3.652103340998245
2.063737189386493
-5.79092159559836
-0.7154329099138487
-0.4558823529411798
4.0774117299453465
-5.237757274662878
3.340323547034137
-4.971735034062897
0.13727882855400153
1.9801980198019757
-1.329350261389097
-0.4087193460490403
0.3191974464204191
12.575757575757573
2.0861372812920553
-1.0810810810810723
1.2928162068505915
-0.8552631578947443
-0.46449900464498256
-1.1200000000000045
2.4811218985976313
4.302631578947363
-2.851015516588862
3.506038176860133
0.4892736168611223
0.08739076154807415
-0.2120493950355516
-1.7125000000000057
-0.16533129848657696
-0.9044585987261067
2.4553284483866773
-2.1329987452948593
0
-9.717948717948715
0.26980971314967017
-0.7647641977057162
1.5413158270301308
-1.349262122276891
0.0854822624305489
-1.3238434163701165
2.4091171379111396
-4.958444851387514
