-0.8125886753514711
0.05201560468140146
-0.1169742656615515
0.5985686402082008
1.9790454016297963
0.5454084221207596
-0.056768008073677996
-0.9151151782896813
1.2038216560509611
0
2.2153691232928323
0.7634997844960342
0.21998166819431159
0.23779037863545463
0.9063260340632658
-1.7421182711435341
-0.9815950920245399
-0.12391573729863693
3.157568238213405
-0.7757532022370611
-0.4909090909090854
1.065838357999878
2.8926117873930335
-0.05856858381164343
-1.4299109235818148
0.23781212841854935
1.0557532621589534
-0.09390773564971881
1.2513218188226973
-1.1140121845082707
-1.320190107375462
3.3773338090141487
-2.772345565397436
1.75106483672503
-2.5290697674418605
0.20876826722338204
0.44642857142857145
-1.5525925925925952
0.6621320652501054
-0.1375351312563508
-0.029940119760479042
0.3953279424977484
0.7159477358152855
-0.11847639357857948
6.132495107051782
1.7043867001955855
-0.8186813186813237
0.9916348124757682
-1.201316511245205
1.2714452279162785
-0.20285087719298495
-0.5658407954732712
-0.4530386740331517
-0.32190032190031936
-1.2249443207126949
0.5636978579481398
0.6221973094170352
0.8300373238259758
-1.3922651933701682
0.85163603765128
-1.438888888888894
1.7980948086353696
-0.13289036544851002
0.35484586382790484
-1.5801104972375641
0.48276636353429375
-0.26815642458100303
0.33049518261258476
-1.038467980570594
1.382228490832158
-2.303839732888152
1.674641148325364
-1.4005602240896358
-0.33522727272727787
-0.8722421754745998
0.06901311249137598
-0.1091954022988558
0.4315056671077614
-0.5384967919339977
-0.2419076143301489
0.09237875288683077
0.3691739732348922
4.545977011494248
-0.13743059754823814
-1.2330727733127747
2.374317244454348
-3.3754355400696867
-0.7212080234392583
-0.022701475595918896
2.066303360581295
-1.5628476084538325
1.0170066105429685
-1.745064041613068
0.10246484886434533
2.962752345749213
1.0714680216502868
-0.010928961748636364
-0.5355776587605178
3.7967032967032917
1.5298290191096338
0.22419186652763057
0.07803152473599334
-1.523027341719511
-0.05806281340722666
0.9876412802366017
0.35562993567282997
2.6525613632810394
-0.2639861914915243
0.8245953374732794
-0.04038772213246943
-0.25252525252525254
0.7696202531645593
-0.03517234448799344
0.5327971852224131
-0.9149542522873834
3.0376425471793342
1.4691478942213516
0.3861003861003861
-0.7259615384615341
-2.0775824495132977
1.8545994065281899
1.4809419762078175
-0.7559808612440279
0.1832031626651327
-3.0125120307988404
0.317554827825735
-1.1128697200514392
2.9360276096633844
-3.0758017492711347
0.2105579786434073
-0.6503576967332032
0.21652651190895586
0.7838408200180841
0.10968192242496987
-3.09760956175299
-0.29807791139890816
-2.9123711340206184
-0.0053092646668388135
2.134437719018786
-0.18714909544603395
1.026041666666669
0.32479249368458807
-0.7913669064748248
-0.5490521081529012
0.026041666666666668
-0.807081489195522
3.5485564304461894
1.1862516475717375
-0.9118236472945914
2.3359288097886566
-2.0652173913043455
0
0.46917566340429595
-0.8234998744664871
-0.3189711913320822
0.46728971962617055
-1.021233569261883
-1.0113392583512082
1.295149638802885
-0.6673119046406149
-0.48717948717948717
0.38649832517392424
0.8470225872689938
1.196233138203105
-1.4034205231388375
0.19896944033468145
-0.3513238289205749
0
-0.587604108119156
-0.4934210526315743
2.908057851239667
-1.5208552928775765
-0.27013251783893755
0
0.14820871876117256
-0.6021637068789526
-2.0535989321285553
-0.9330118461054594
-0.841269841269846
0
-2.177044981591161
1.4563901161839332
0.15591397849462854
0.917923667400285
0.2127659574468085
-0.6316348195329136
-0.016024785000798812
-2.233144566727212
-0.4535519125683035
-1.0155349398913103
0.1164596273291875
-0.2935800144020359
0.09999999999999748
0
-0.08325008325008325
-1.1275898461367524
-1.0561797752808963
-0.18169429934136075
1.4448236632537026
0.48783223057080954
-1.640533452374302
-0.550292165428039
0.37649743297204274
0.028415548988406456
-0.4772456110448193
-0.09704858137809245
-0.39428571428571946
0
-0.3499512363031329
0
-1.4507772020725416
-0.1051524710830678
-0.011695906432751197
0.48543689320388084
3.305977533321703
-1.2902135331568025
0.9817351598173542
-0.520009043635544
0.7954545454545454
0
0.6369785794813954
0.2632610765697667
-1.3575418994413382
0.11326952483434331
0.09051309611358879
0.15260272424122792
-0.38374717832956856
0.07931112621798457
-0.48115023208422963
0.3242136397247054
-0.8164190951354952
0.3772722076140339
0.8200455580865655
0.10732037957522952
-1.8619872482085427
0.05749439429655609
-1.4480262023789028
1.5101160282199342
-1.8322802986789253
-0.4680826165818267
-1.1521956381165075
0.029735355337496282
-1.3555291319857286
-0.07232401157184459
2.6115802171290685
1.2167166284605917
-1.8873403019744484
0.05918910920390648
-0.5205560485063564
0.4935481952785844
-1.6982248520710086
-0.6801902124841964
-0.030303030303030304
0.48499545316762654
-2.5641025641025643
0.43343653250773995
-1.3871763255240444
-0.06877149109096024
-2.4149149149149234
0.012822156686757628
-1.3525641025640966
1.3906036779517748
4.717041594565156
1.1077789338392747
-2.391041162227603
1.5813953488372092
-2.722832722832717
0.41420861051838265
0.3687500000000057
0.25530854972289113
-0.8012422360248503
0.18157911214076083
0.20000000000000284
2.0708582834331364
-2.8049376680518265
-0.03143665513989312
-0.24528301886793025
1.5068406783935497
-0.6894409937888142
2.570517230596029
-3.0792682926829267
0.3460207612456747
-0.8965517241379282
0.5820206237742801
-0.2390087426882308
-0.13240022697181195
0.6250000000000058
-0.7465963987703175
0.07585335018963625
0.9348155634158637
-1.3016270337922375
0.190210499619579
-0.46196683964054897
0.17165744802592778
-0.526783447575524
0.07656479295604195
-0.8861970035065407
-0.2958960504309732
2.529032258064519
1.9380820538635763
-2.858024691358022
0
0.11438012327635219
-0.9838146620120597
0.35897435897435315
-0.613183444047005
3.4768637532133617
0
-2.061983727718764
0.19658824275476625
-1.132911392405069
-0.9026310735548243
-2.2545219638242955
-0.2048774040050168
0.35099337748344067
1.6300402560549097
-2.4155844155844184
1.144530210274158
-3.473684210526313
1.5539803707742608
1.3154362416107321
-0.24509803921567425
1.2550634172255704
0.3410283315844731
1.6274509803921628
-0.7653225287799916
0.7323395981853502
0.4246284501061659
-1.3774104683195592
1.078342211251131
-1.5874035989717252
-0.7379350878338637
1.1710526315789445
-1.1574977240213262
0.8618421052631519
-0.2804774639619043
0.8503401360544218
-0.11026073420677426
-1.8700084410103213
1.634354529213263
-2.9882812500000058
0.5301657606872083
-0.774365821094787
-0.06727664155005382
1.7234414972397945
1.5221707478491064
1.1342894393741911
-0.9926517983756665
-0.06510416666666667
0.26058631921824105
-1.6114359974009067
-0.5415400871747488
1.8791500664010594
-0.9320211171218116
1.868421052631585
0.1808318264014437
0.6833419288292876
0.5250352157766709
-3.8535031847133756
0
0.4372308711493812
0.27702658136007163
-0.6248766690784714
0.07942811755361699
0.3902116402116462
0
-2.141116015547796
0
-1.9859970378349265
7.150216361013799
-7.660256410256411
0.17355085039916696
-2.9799029799029797
-0.7428571428571493
2.331606217616587
-0.4781997187060446
-2.2611644997173546
0.7735685367264348
-0.2726164000287095
4.45291705632689
-3.8705234159779645
0
-0.7450924201174856
0.04330879168470543
-1.2770562770562803
0.007308338814597415
-1.2057877813504823
-0.7249056882905675
-2.0639296624692514
1.947656725502123
0
1.514925373134325
2.822906711754767
0.1000929434474772
1.9498607242339965
0.8897295782541557
1.4582320672175544
0.978714667031701
-1.186119018571235
2.8877152068043013
-4.280000000000003
2.3749825881042024
-2.1293965575889637
-0.04170721534824893
-0.7649513212795549
0.0700770847932726
-0.20308123249300356
0.35085257174935097
0.15383539612614822
0
-0.6213782028904464
1.0257130813544968
-0.15994436717663105
0.2995054677160935
0.3125
0.8999653859466944
-0.24013722126929674
0.4057771664374203
0.03424892115898349
-1.0750479320734077
0.18689001176715203
0.33162912809174755
0.25478584217050304
-1.8888659935435126
1.5191823018762123
0.6344390042066096
0.1096416089906213
0.07529605037989658
-1.3337893296853625
0.7556325823223633
-0.48162928306041003
0.767422566371675
-3.574614065180097
0.007115411982347306
-1.0601209533973739
0.007191140514895472
2.1284245344071264
0.40132366401464803
-1.3534361851332366
2.0757801947821175
-0.6546416881398489
-0.1682439537329191
1.144582543360732
0.38878089419605033
-1.016597510373447
-0.36330608537693326
0.8624921113526529
0.006952169076745623
0.5213764337851929
0.2766251728907331
-1.3034482758620753
0.3423939626860521
0.027855153203348953
1.4967975494291283
-1.838260511694916
-0.7965900356369132
1.070648728604638
0.3554254651892054
-0.18750000000000316
-0.320044527934315
1.2563690933203042
0.63417660439788
-4.212617302554969
-0.6006864988558417
-1.0143884892086266
0.1598953412311809
1.153762426529286
-0.34433285509325356
-0.3599193780593147
