0
-4.984423676012458
0
-4.918032786885246
10.229885057471272
4.066736183524496
-4.709418837675353
1.9978969505783446
-4.226804123711334
-2.906350914962328
3.4368070953436742
3.9657020364415896
-5.25773195876288
4.352557127312296
-3.5453597497393177
3.7837837837837838
-2.7083333333333273
0.4282655246252585
-2.8784648187633293
3.8419319429198686
-3.699788583509514
3.073545554335907
-2.5559105431309965
-3.8251366120218577
4.318181818181815
-4.357298474945534
5.011389521640098
-2.386117136659439
0.11111111111110479
3.88457269700333
-3.8461538461538405
-4.444444444444445
4.534883720930239
4.5606229143492705
0
1.5957446808510638
0.20942408376963648
2.194357366771154
0.10224948875256495
0.10214504596526487
-1.632653061224484
4.564315352697086
-6.547619047619042
-1.6985138004246374
0.7559395248380161
2.0364415862808207
-1.680672268907572
2.029914529914536
-2.6178010471204187
-1.075268817204301
6.086956521739125
4.918032786885258
0
4.980468749999994
0
0.46511627906976744
4.444444444444442
4.609929078014186
0.2542372881355908
4.4801352493660165
0.48543689320389044
4.9919484702093415
0
4.984662576687116
0
4.967129291453603
-9.464161447459984
-4.996156802459646
10.355987055016191
4.545454545454537
-1.0518934081346425
2.2678951098511817
-5.8905058905058905
2.06185567010308
-6.349206349206337
-4.930662557781206
2.5121555915721183
1.1857707509881423
-3.125
4.032258064516129
-3.10077519379845
2.8799999999999955
-2.2550544323483606
4.216388225934764
-3.587786259541987
1.9794140934283566
-3.105590062111812
2.5641025641025665
2.34375
0.4580152671755682
4.483282674772041
4.945454545454553
0
4.989604989604981
0
4.9504950495049505
0
4.968553459119501
0
4.973037747153974
0
4.965753424657544
0
4.948341489940182
0
1.8134715025906736
-3.5623409669211195
-4.9076517150395835
-0.05549389567147299
-0.05552470849527725
-4.944444444444447
4.032729398012862
0.7865168539325874
4.459308807134894
0.480256136606193
4.514073287307488
0.4573170731707201
4.906423874557419
0.048216007714558494
4.289156626506027
0.6469500924214444
4.958677685950405
0
3.062117235345582
1.6129032258064564
1.8379281537176297
-6.685808039376543
-4.967032967032972
0
-4.995374653098974
9.737098344693282
2.0408163265306096
-6.869565217391309
-4.995331465919696
0.5405405405405378
-0.4887585532746823
-4.518664047151272
-4.989711934156388
0
-4.98105035192203
0
-4.273504273504273
9.642857142857135
2.0086862106406174
-3.565726450239498
2.0971302428256133
-1.3513513513513513
2.4657534246575343
2.459893048128339
4.958246346555324
-0.1491795126802501
4.9302788844621395
-9.017560512577125
-4.95565988523735
3.73216245883645
4.550264550264547
-6.224696356275294
1.4570966001079269
1.7553191489361764
1.93413486670151
-0.7692307692307693
-1.8087855297157622
0.2631578947368421
-1.784776902887142
-3.2602886157135194
4.143646408839779
-3.9787798408488064
-0.5524861878453039
-1.0000000000000062
3.142536475869822
-2.992383025027203
-2.9725182277061193
2.080924855491326
4.1902604756511925
-1.684782608695649
2.1558872305140993
-4.004329004329007
3.4949267192784603
-2.614379084967311
2.796420581655481
-3.5908596300326563
3.273137697516937
-5.191256830601093
0
-0.9221902017291034
1.0471204188481575
3.857225100748427
0
1.662971175166297
4.362050163576881
-2.037617554858937
-4.960000000000006
0
-4.994388327721649
0
-4.961606615475491
0
-4.9720323182100685
0
-4.970568999345974
0
-4.955264969029606
0
-4.996379435191894
0
-0.9146341463414548
1.9230769230769231
3.7735849056603774
1.1636363636363596
4.960460100647021
0
5.000000000000008
0
4.9575994781474195
-7.644499689247987
-4.4414535666218
1.1971830985915413
-3.270702853166311
6.9784172661870425
3.5642232683254953
-5.909090909090906
-1.8633540372670925
3.867791842475387
-0.8124576844955915
1.5017064846416304
2.6899798251513114
-1.9646365422396859
0.20040080160321402
0.7333333333333295
0.5956320317670455
-1.184210526315797
2.5299600532623248
-2.6623376623376585
2.6017344896597767
-3.641092327698324
2.564102564102572
-4.210526315789477
1.8543956043956162
-1.8880647336480183
0
-0.4810996563573805
1.5193370165745776
-3.8095238095238058
3.1824611032531824
-2.878684030157654
2.0465772759350784
-4.011065006915618
3.6023054755043225
-3.0598052851182236
2.5107604017216643
-3.149055283414975
2.5289017341040463
-2.3255813953488453
2.74170274170275
-5.19662921348315
1.9999999999999916
-2.251270878721855
1.7087667161961453
-6.574141709276844
-4.847537138389368
5.5875102711585845
4.046692607003882
-1.3462976813762029
2.198635329795304
-4.896142433234438
4.290171606864275
-2.991772625280479
-1.3107170393215026
4.062499999999991
4.579579579579597
-0.7896625987078411
2.5325615050651233
-3.5285815102328866
0.8778346744696541
-0.6526468455402507
4.890510948905101
-2.644398051496161
-0.21443888491780655
1.217765042979955
1.6985138004246123
0.13917884481559992
0.1389854065323062
-1.5267175572519005
0.7751937984496083
-2.867132867132863
4.9676025917926605
-4.59533607681757
2.012940330697348
-4.0873854827343274
-0.07347538574577099
1.4705882352941178
1.4492753623188406
-2.0714285714285756
3.2822757111597376
-1.765536723163842
0.5751258087706768
-2.144388849177984
0
4.5288531775018175
2.02655485674354
-2.1917808219178005
0.14005602240895562
-2.23776223776223
1.4306151645207439
0.07052186177714691
1.4799154334038014
-5.555555555555555
-0.8088235294117605
2.8169014084506916
1.6582552271088764
-3.7588652482269582
3.831982313927795
-3.6905606813342917
0
2.5792188651436994
-4.956896551724122
0
-4.9886621315192805
0
-4.932378679395388
0
-4.9372384937238545
0
-4.929577464788728
0
-5.000000000000005
0
0
-0.3898635477582763
0.5870841487279788
-1.5564202334630295
-2.1739130434782634
1.3131313131313103
1.3958125623130666
-2.06489675516225
-3.6144578313252955
-1.1458333333333275
-0.21074815595363838
-4.7518479408658925
-4.988913525498891
0.11668611435238543
-4.8951048951048985
0.1225490196078536
0
4.651162790697671
0
4.91228070175439
4.905239687848374
0
4.994686503719451
0
4.999999999999998
-9.427414690572586
1.0855683269476482
-4.085070541166571
-3.6223929747530157
-0.34168564920273026
-4.982857142857142
0
-4.97955256194371
0
3.291139240506322
1.6421568627451024
4.991560163973958
-1.4699127239320178
-3.729603729603733
-1.1380145278450335
0.0489835904971911
-1.982864137086909
2.9970029970030043
-2.2793404461687796
2.6302729528536037
-0.8704061895551244
0
-0.8780487804878034
-3.4202755905511824
5.579617834394899
-0.12065637065636381
-0.07248127567045455
1.1847195357833704
-4.2532855436081265
-0.04991265285750718
0.7490636704119957
1.6109045848822765
-0.2439024390243937
-1.1491442542787258
-3.734850358644566
2.1839671120246695
-4.04827759617804
2.2012578616352294
-6.48717948717949
4.030710172744719
0.9225092250922547
3.9435884042830973
1.005025125628155
1.9900497512437738
2.951219512195124
4.951433309642256
0.04514672686230954
4.9864620938628175
0
2.106168063614865
0.9261208166701849
1.1470281543274183
3.7938144329896977
4.78744537147397
0.018957345971560208
4.510993176648982
-8.469350743561845
-3.8042401426590087
2.5334706488156624
0
-4.98192044997992
-0.6553911205073893
0.4469035965098975
2.0127118644067705
-3.1568016614745504
1.865751662020153
0.7578947368421041
2.1730045967404914
2.7607361963190216
4.995024875621887
0
4.984836997725554
0
4.982848889691276
0
4.987102321582113
0
4.995904995904992
0
4.992199687987524
-9.019316493313521
-0.3756328597092877
-4.39344262295082
-0.7201646090535009
-4.30051813471503
-0.9204114780725465
-3.4790528233151123
-4.415927533496893
8.568608094768022
3.6006546644844457
1.3340354572582027
4.988740689416252
-4.091734037287571
-1.9439188026836445
-3.0877192982456108
-0.43446777697321143
-0.3090909090909122
4.869596935983954
-4.260869565217396
0
-0.8537693006357836
0
-2.8765115426896304
-3.320128277683452
2.7707317073170765
4.2339092462502315
-0.9471766848815957
2.0595807282088954
-4.198198198198195
-1.8055294338912937
1.474813254165861
-4.983012457531132
0
-4.9860945570123265
0
-4.996863892954214
0
