-1.4588059615771236
0
-3.2114235756957545
0.15957606961128856
0.7845848614200658
-1.6911742774480216
5.66444174757281
-0.33020357768398084
0.2535146347084634
0.41954022988505485
-0.7296972471813655
1.4153526851344704
-1.5576146893297633
-0.4879598082808827
0.2727404613375915
0.9230591162938768
1.9037788864040264
-0.07596646221371386
-1.2558074053216925
-0.19390344748924068
-1.4856718379474874
0.8642440764479041
5.077776819345005
0.4049801614447991
0.923881939334468
0.18362497299633243
1.4070080862533643
2.525118281856361
2.711811676864056
1.0172143974960808
-0.6246720471752331
0.5757964345880187
1.9524999999999977
0.03432971236605505
-1.6497119745066842
0.535865609889836
-0.04710315591143705
0.5059774790416101
-0.44173535363505345
0.371811714547753
1.4175289556219504
1.4926826892638902
-0.43186180422264875
0.24096385542168675
-1.2451923076923122
1.4994401441020488
-0.9113146913521032
-79.66987753521467
18.04761904761905
2.4606696248487268
-3.2578740157480337
-2.1263607691525057
-4.833679833679834
-1.3435281267067127
-4.7940655447298575
-0.17443888824281895
-1.5726933830382106
1.5386436264646703
-2.0165520456929658
1.1777301927194834
-2.1751910640799528
0.2884615384615357
1.8216682646212903
-2.306967984934089
1.771084337349403
-2.9122765478868264
2.4996951591269356
-0.07137758743754731
0
4.547619047619053
-4.588931906171722
-0.9428332736603386
1.228915662650608
-3.594382289930974
3.296296296296302
1.1712680769690396
-1.1577082102776084
1.01589578104458
-1.5262659725508863
1.0933557611438212
-1.1171856429759897
0
0.7091346153846126
-2.1362931137367203
0.7926829268292683
1.3551119177253534
0.25068640324697494
-1.4408192426768172
0.16914340944786482
-0.952840429381254
2.301509985387235
-1.0593976907510982
1.1068334937439763
0.8567348881485062
1.651722510618216
3.2149489322191194
0.6971775553806416
-5.974316024567281
8.515439429928746
2.1341797088759984
-1.8324046292327498
-0.01091583888222058
-1.7030567685589544
1.4993336294980009
-1.6084910821752854
1.3345195729537367
0.1646180860403863
0.83269420401007
1.4234488753667307
1.1356331690593553
4.576271186440683
2.9173419773095577
-1.6338582677165376
3.041825095057032
-5.000971062342202
-0.030665440049060057
-1.6973415132924359
1.5186186810900795
-1.8442622950819672
-1.5866388308977082
1.1030971574034887
0
0.9756609315988202
-0.031168831168826443
-1.4238204115568536
-0.8434370057986295
0.3296119085592794
1.6532428995337032
-1.2718932443703133
0
-0.8025343189017975
-1.7990206514796654
2.482384823848236
-0.5711867992384152
-1.5106382978723452
-2.5707496219485804
1.0532150776053215
5.320899616017553
-4.770833333333329
0.6344344782323292
-1.2065217391304373
-0.9351963912421609
0.8884940026654821
-2.542932628797889
5.647803004631199
-0.12830107986741493
1.2204260785783083
-0.010576414595454546
-0.6029193991961003
0.5001596254123584
-0.07412113511223335
-0.1695454063791483
0.03184375331705281
-0.456281833616294
0.9274064598656787
1.3096746937051216
-1.449124270225197
1.544483232836139
-1.9168663402437731
0.7010090281465771
-0.9281721337411737
0.5003726179069569
1.2499999999999951
-1.22410546139359
-1.5676305476114891
4.078338534380727
-2.7398676592224978
1.3181673222068648
3.9345294302801386
-0.5955986270946878
0.31481669544022634
1.6197610852399271
-5.010958358238689
2.663869952805451
-1.9613852283174924
0
1.5525685109930163
0.05130309870716191
2.892011075787092
0.39868434167248085
-1.2111585426387306
1.5676816400361795
-0.3759770456119588
0
-3.4462210745853543
0.19543303846944837
-1.7246689251616947
-0.36561161600334274
-1.8557349549171664
-0.8652921696399981
2.855603448275862
1.6448402304871708
-1.0410224695939005
4.791167586709718
-1.4412086273730245
0.6454215409439267
-0.14028056112224221
1.2743327312863668
10.73020905578123
2.3532569792412477
6.48658099484219
0.8127411542566367
1.6449511400651502
-0.3044383912834445
-2.0170363227258226
-0.754531288444193
-1.2891496570531287
-1.0464629552113855
-1.8274111675126827
0.8186832126852809
2.4104624326865385
-0.751189383190051
8.67883273063662
2.615491758879514
-0.6862227584646641
1.5110098709187616
-1.1294786446256366
0.34801028899985903
3.2946320868516143
0.0729873731844391
-5.2950185982058136
1.6557566422795533
-2.0151515151515085
-0.719035101283453
5.653765283077653
2.15965209700007
2.3088023088023086
1.530324400564178
0
-0.6390220184760745
-0.2796225096120238
-0.03505082369435682
0.16830294530154916
-1.2881545785494322
-1.702127659574468
-2.092352092352092
0.847457627118644
0.24113993423456007
-0.9476600087476309
-1.3762143067412456
-1.1267815834639139
-1.1320754716981132
2.3816793893129806
1.3942737846704478
0.5809250680196972
0.014622020763272809
1.7324561403508805
3.6142846877919057
0.3190013869625457
0
-4.292824554126912
0
-4.297580353918382
-2.158490566037729
-2.9003394014193256
-4.448681283762314
-0.5736614566012525
-4.8415419349444
-0.15817223198593625
-4.8847033972892095
10.391412973073004
3.604358759430008
1.3349514563106797
1.349301397205596
-2.1348668662360275
-1.7950575545359377
0.2459016393442623
2.0359771054783393
-1.6187194486737755
-0.1384703103364051
0.33442088091353256
-1.3007072595723925
1.070751997364303
0.9534675250590862
-3.8424281562802642
-1.4187374076561527
-1.038916801498769
-2.245934084846391
5.0352112676056375
0.7375125712370059
-0.7903494176372712
0.29350104821802936
-2.148829431438131
1.6491497906519657
-2.2276395427034297
0.2493336772418615
-0.5145797598627787
-1.3706896551724217
0.786644524080063
0.5636978579481399
0.13797861331494796
-0.10334137099552579
-0.5862068965517202
1.0405827263267429
-0.3518709234466303
0.5856515373353012
-0.6764277763507227
0
0
1.5517241379310345
-0.4414261460101906
-1.0231923601637107
1.300827015851149
-0.8163959520367493
0.06859298636714006
1.0710307600034275
-3.4672770430654345
-1.633441643979989
-1.4373716632443452
0
1.9384057971014574
0.40874355784609107
0.38938053097345937
-2.5035260930888654
-0.2441229656419571
1.6767878183630927
-2.7723301836334384
-0.9626845145319519
5.082392149601913
0.19381552286142592
-2.031126351886038
1.2206067133369152
3.555594963646049
-0.1712475383166367
-0.29162020756497903
-0.9720430107526843
0.7036136205698322
3.1484516518588803
-1.413279812677694
0.5513614386292306
0.8098532141049357
0.41841004184100417
-0.39166666666667044
2.049694637329541
-1.9921298573536608
1.455457967377674
-1.681919366806834
0.6289308176100629
-4.10833333333333
-2.08568697314678
-0.11538120173958946
-0.4620579349564639
2.1424745581146225
1.293480160811043
-0.25884383088869717
-2.10207612456747
0.42414067332331484
0.29036515618125425
-2.246008071591499
-2.136061748339612
5.319148936170213
0.052246603970733975
-0.29590948651001664
2.033868715083815
-3.618786893660722
0.4171844487839558
0.2828604260585208
0.1410312913177531
-0.8626001232285851
-1.411702033206061
0.2971902017291025
-1.2211547095268147
0.31815289519134626
0.2174700978615523
-1.1392405063291058
-0.3018108651911635
-2.0915512338317543
-0.13117211655578223
0.7036307345904869
0.6148686416992648
0.36111111111111954
-1.826736783836164
-0.5168687153463021
2.0215378802191664
-1.4814814814814814
-2.6315789473684212
1.6698841698841655
0.6550840216462633
-0.39615166949632574
3.3901515151515107
-2.3264334127129387
1.9036009002250518
-2.2269255544308497
2.7482352941176513
-3.1235687459925012
-1.2575642965204195
-1.6470362922531885
-2.6482328887157953
1.000100010001
-2.752747796811561
2.4946543121881684
2.3345916948142147
-2.0095136394524737
2.0507232019021133
2.8832152218231286
0.2642007926023735
4.714850367024293
4.071178215152328
-2.3575129533678716
1.7069072256124485
3.234782608695656
0.008423180592984253
7.23490272045819
1.7829092051523754
-4.267304575970382
1.563759471223609
-5.619047619047615
1.7574840228725077
-3.6360631352780763
-1.3720950175799675
0.5564733501434738
0.28534370946821913
1.2329712019313637
0.11924026914232953
0.9868141216503538
-0.10108668182965362
-1.2227000590268993
0.19634625234761433
-1.3717304251512428
-1.1489288182446402
3.3732412828803757
-1.0905401978189273
0.24786324786325564
0.6138630744308822
0.1694771629522922
0.5160307926571472
-1.2792459181955937
-0.24722932651322174
-0.5127766857533544
-0.3436130916587922
-1.3102318765623497
2.7688007686260647
-1.9887812340642415
0.06937218175511226
-0.043327556325823226
0.9189423493714702
0.1718065458293961
1.1834319526627375
-0.09322823968134047
1.4930437733288207
-1.1116683383483936
1.048093990364305
-0.5018820577164367
0.2942412778478352
-1.2070410729254057
-1.4593585610045663
1.282934389529866
0.3910567032219788
0.2879159962740167
-1.1990205184497211
-0.6495171352875745
2.021505376344086
-0.2866779089376131
1.4882462371046963
0.8915180803199504
0
-3.53456107027832
0.33387552435579926
-1.8686006825938644
0.1825928180158366
-0.3731990973789233
0.32232772889622946
-1.8061827023271932
-1.556420233463027
1.545095220984553
0.6723283793347407
-0.7644991212653819
0.6375630921810012
-0.49274087109546055
