-2.142857142857148
-1.094890510948895
-4.797047970479706
5.6201550387596875
0.5504587155963251
1.8248175182481752
-5.376344086021506
0.37878787878788417
1.8867924528301887
7.407407407407407
-1.0344827586206922
4.355400696864112
-1.836393989983308
0
-2.040816326530605
-0.5208333333333407
-3.839441535776607
6.170598911070778
-1.7094017094017093
-4.173913043478258
4.718693284936481
3.9861351819757314
-6.499999999999998
6.417112299465242
-1.5075376884422205
-0.1700680272108747
-1.1925042589437866
2.9310344827586254
-5.025125628140703
1.9400352733685966
3.4602076124567476
0
-0.5016722408026708
0.6722689075630228
3.171953255425707
3.398058252427187
-3.912363067292645
-3.5830618892508075
1.0135135135135038
-3.6789297658862807
7.118055555555557
1.9448946515397012
-4.292527821939579
0
0.8305647840531561
-2.141680395387157
0.5050505050505122
5.527638190954769
-6.50793650793651
0.509337860780992
1.3513513513513464
0
-0.3333333333333381
-2.1739130434782563
0.3418803418803467
-1.1925042589437866
2.0689655172413843
-1.8581081081081103
3.2702237521514603
-2.666666666666669
2.568493150684932
3.33889816360601
3.2310177705977385
-3.5993740219092287
4.220779220779223
-0.4672897196261748
-2.973395931142408
2.0967741935483826
-3.0015797788309615
2.1172638436482156
-0.7974481658692185
0.9646302250803767
-1.1146496815286557
-0.4830917874396204
-1.2944983818770182
2.2950819672131124
-3.525641025641019
-2.159468438538213
4.074702886247875
2.4469820554649266
-1.751592356687889
0.4862236628849224
-2.25806451612903
2.310231023102308
-4.032258064516129
4.537815126050425
-3.3762057877813527
4.825291181364391
-0.47619047619047167
6.539074960127582
-3.7425149700598803
2.332814930015552
3.3434650455927097
5.882352941176471
-2.499999999999996
6.695156695156699
-6.141522029372507
-14.50924608819345
20.299500831946748
-0.5532503457814544
-3.1988873435326997
1.8678160919540394
-4.654442877291976
0.14792899408285287
3.1019202363367713
6.446991404011461
-2.9609690444145396
3.883495145631084
0.4005340453938547
2.5265957446808396
-1.037613488975353
2.2280471821756263
6.794871794871792
3.2412965186074465
-2.9069767441860463
0.5988023952095808
0.11904761904761228
-0.5945303210463734
-3.9473684210526283
-9.339975093399751
3.9835164835164916
5.284015852047556
-0.7528230865746657
-1.3906447534766049
-3.717948717948725
3.5952063914780332
-5.398457583547562
3.1250000000000155
0.13175230566534166
2.105263157894729
-4.768041237113388
-1.217861975642768
1.7808219178082152
-2.018842530282638
-2.19780219780219
-0.28089887640449834
-1.1267605633802777
-1.8518518518518476
0.4354136429608086
-4.913294797687869
3.799392097264438
12.298682284041005
-8.865710560625812
-0.1430615164520866
0.28653295128940237
4.142857142857151
-2.3319615912208542
3.932584269662917
-4.594594594594602
1.983002832861198
-0.13888888888888098
0
-2.086230876216968
3.69318181818181
-2.73972602739726
0
-4.366197183098584
2.6509572901325433
-2.869440459110473
2.80649926144755
-4.45402298850574
2.255639097744361
0.4411764705882311
3.0746705710102615
-3.5511363636363633
0.1472754050073554
1.3235294117647143
3.9187227866472982
-4.050279329608927
-0.8733624454148595
-0.5873715124816322
4.135893648449035
-3.971631205673755
6.351550960118164
-3.4722222222222223
-3.4532374100719507
1.9374068554396595
2.0467836257309817
-1.0028653295128982
0.28943560057887535
-0.7215007215007215
0
-0.2906976744186088
-3.7900874635568433
1.9696969696969653
5.943536404160476
-4.20757363253857
1.9033674963396738
-4.022988505747123
3.143712574850312
-2.1770682148040637
0
-1.0385756676557905
1.9490254872563675
0.4411764705882311
0.14641288433383387
-3.508771929824569
1.9696969696969653
-1.0401188707280875
-0.15015015015014163
0.4511278195488679
-1.9461077844311336
1.2213740458015223
-0.15082956259425992
-0.3021148036253819
-2.727272727272723
4.361370716510899
1.1940298507462643
-2.802359882005887
15.326251896813343
-11.57894736842105
-0.1488095238095365
-0.8941877794336727
-3.157894736842097
-0.1552795031056033
-0.3110419906687447
1.5600624024961
-1.38248847926266
0.4672897196261638
0
-1.0852713178294617
0.6269592476489118
5.763239875389412
-1.325478645066282
0
0
-1.3432835820895608
2.118003025718617
0.7407407407407407
2.9411764705882355
-4.142857142857151
2.0864381520119313
-2.335766423357656
2.8400597907324237
-3.3430232558139497
2.1052631578947456
-2.79823269513992
0
-2.4242424242424154
4.347826086956517
-2.8273809523809605
3.675344563552842
-1.9202363367799071
-0.6024096385542254
0.9090909090909005
3.1531531531531662
-4.075691411935949
2.124430955993917
-0.5943536404160349
1.6442451420029809
5.882352941176471
0.8333333333333255
-2.2038567493112873
3.380281690140853
-3.133514986376037
0.9845288326301025
-7.7994428969359255
-2.7190332326283944
-0.621118012422369
1.5625
6.615384615384611
0.7215007215007215
4.584527220630377
-3.0136986301369904
3.248587570621465
-3.0095759233925974
4.231311706629055
0.8119079837618326
-0.8053691275167709
2.841677943166433
-3.815789473684218
-2.325581395348822
1.1204481792717047
-0.2770083102493114
-0.9722222222222262
2.9453015427770106
-0.5449591280654028
1.36986301369863
-4.324324324324328
5.084745762711877
-0.5376344086021582
1.0810810810810771
-2.1390374331550728
0
-3.1420765027322366
3.5260930888575457
-1.9073569482288903
-2.2222222222222143
2.2727272727272645
2.7777777777777777
-3.7837837837837798
0
0.42134831460673755
-1.118881118881115
1.5558698727015479
-1.1142061281337008
4.225352112676056
2.027027027027027
0.7947019867549594
0.7884362680683424
0.5215123859191545
0.9079118028534409
3.9845758354755896
1.3597033374536394
-0.6097560975609756
2.0858895705521507
-4.927884615384626
0.1264222503160664
-6.6919191919191885
5.548037889039234
2.1794871794871833
0.3764115432873239
-5
4.210526315789477
-4.671717171717175
-3.4437086092715155
0.9602194787379816
0
-2.44565217391304
0.41782729805013535
-2.7739251040221915
3.566333808844508
-2.2038567493112873
7.042253521126761
-7.105263157894744
1.41643059490085
-1.9553072625698207
2.849002849002849
-4.9861495844875465
4.22740524781342
-4.055944055944064
4.810495626822174
-7.371349095966636
3.453453453453471
-3.3381712626995808
4.654654654654668
-2.152080344332855
0.29325513196481356
-2.1929824561403506
1.6442451420029809
-5.588235294117643
6.3862928348909564
-3.0746705710102407
2.2658610271903323
-0.886262924667664
1.1922503725782585
-1.620029455081014
2.0958083832335417
-3.9589442815249307
3.816793893129771
-9.411764705882351
9.64285714285715
-5.063665975718095
3.0567685589519553
-3.1476997578692467
3.125
-3.3030303030303028
2.97712315888436
-5.386488131466828
6.079125120617553
-2.5166767738022995
-1.648522550544316
1.1701454775458489
2.688340106283223
-2.313546423135458
2.4929884699283176
-6.8105807236242075
6.199021207177809
-7.8341013824884715
6.6333333333333275
-4.407627383557362
-1.0791366906474764
2.479338842975207
-2.25806451612903
7.986798679867981
-1.589242053789719
-1.7080745341615038
2.685624012638235
-3.9692307692307667
1.5700096123037437
-6.813880126182966
5.6872037914691935
-3.7155669442664965
3.692614770459092
-5.614372794353545
-3.976886471787905
3.929203539823007
0.13623978201634587
-5.4761904761904745
-2.662828355523564
4.80591497227357
-1.940035273368609
4.424460431654678
-1.8256975542542235
4.491228070175443
-0.9402283411685733
-2.6440677966101735
0.27855153203343264
2.7777777777777803
0
-0.10135135135135519
1.115995941832933
-2.742474916387961
-1.4786795048143044
-1.6404886561954586
0.5677785663591205
6.139731827805217
0
-3.3909574468085095
0
2.7529249827942213
2.377762893503017
-4.906771344455349
-0.0687994496044017
2.753872633390708
0
0.23450586264656711
2.105614973262029
-3.731587561374797
1.632097925875554
0.33456005352960144
-0.46682227409135385
0.5025125628140655
2.666666666666669
-3.4090909090909114
0.8403361344537815
-0.8333333333333334
0
9.579831932773113
-0.030674846625760768
-1.3807916538815674
-0.4355942750466726
2.0624999999999893
3.306797305572583
-6.520450503853001
-0.03170577045021564
2.09324452901997
5.591798695246985
-6.707855251544575
2.4913276568905682
-4.707692307692311
2.357119793348403
0.5047318611987386
1.6949152542372854
-1.3888888888888868
2.034428794992182
-3.067484662576687
0
-0.4113924050632992
0
-2.605656180489356
5.220228384991849
-4.930232558139535
-0.03261578604044867
3.817292006525291
-2.482715273412945
0.3544956493715741
0.06422607578676806
3.6264441591784307
0
-2.1988231650665866
1.3299556681444007
-2.0625000000000004
2.9036375239310788
-3.2558139534883743
-0.6410256410256387
-0.45161290322580827
3.013609850939727
-0.9436929852154788
-0.12702445220704717
-3.37042925278219
2.6982560052648905
-2.563280999679592
2.0059191055573806
-3.1592520954223096
