-0.1283646604230818
0.09705299880651758
0.17819473015289963
1.6257504218057233
-1.3114543114543067
0.34558756406410973
-2.040391963194968
0.5227127998301798
0.8182658044080771
0.32988611074747765
3.2906239398763057
0.5734930018695436
3.5544726066969665
0.8393169027750914
1.6225643492903492
-0.03195682278165097
1.864743908503232
0.7950067994002538
0.8325549751501817
1.9475544068707742
-4.397280865097705
-0.2651772933142511
-2.350588235294109
-0.9421459723862162
-0.9486742884942836
0.11173870333988659
0.6991205799021231
-0.2837967868844494
1.4914252210875978
-0.6342596492917102
-1.6508805503742772
0.19335213487851732
2.4669354442204496
1.1911759413648872
0.21930864431694247
1.146189422883567
-2.2371652438311225
0.10526693541633397
1.8689131863535835
10.265223052469828
-7.312765957446805
-0.21807497187980626
3.2771234011226604
-0.04343709973825958
-0.644039845787011
-0.3577516597882608
-0.5706310706929613
1.4353308731973384
-0.4430309117286098
-0.25893087330320186
0.9608684902564563
0.181439718601459
-0.49666666666667475
-1.2528893504405092
0.963463038979531
-0.8881870008848188
-0.3051192225110182
0.8841532532305599
1.6370786516854015
0.6467161192610853
2.613079677511474
1.3904796566082533
-0.9301097972973011
0.37724187171644663
-1.2240824689732706
0.436371453138439
-0.6463626051409331
1.3657611856702705
-0.32621400488790486
0.12153129430829991
-0.1682336531192552
0.014931899870941843
-2.732129717509293
1.0492155551413636
0.9168040968665915
-0.40639480502724645
-0.6131591730987129
-1.9312022766029204
1.298054026514866
-0.502946611123867
1.0549334622696454
1.0189101901893074
0.4671790565997272
0.7232246174945356
-2.166859914687212
0.1837555724692795
-0.008682533997539288
-0.8878661905330572
-0.5552330993396221
-0.1508710878135886
2.265382876175977
1.9714633909601835
-2.2961153240050383
0.21541459190300538
0.03780554985471867
0.8551622864793739
-1.2975611845063564
-0.21042584116102606
2.050000000000004
1.397439447840987
-1.3298598710056782
4.29566069071243
-3.0969612216358717
-1.4262690529109967
0.3633293794547922
-0.532373641116281
-0.22693456363265405
0.5042539723411331
-1.212677604961734
1.2556596535589513
-0.4973159877485091
-0.6403037420766512
0.8689550949913645
1.3933329766172693
-0.606879373489398
-0.5670475300514107
0.14524018026869823
0.6462345639516323
-0.33905488450942994
-0.0637890708058686
3.339361702127656
2.924674950328914
-0.9121824364873047
1.1426494932773523
-0.8882235528942116
0.01208337528950486
-2.476792654195445
1.288430963638984
-3.58780960146774
0.4493075377946929
-1.9733726253749408
-0.1503113592441486
0.6720430107526881
-0.5799732977302993
-0.6177349004103908
1.572853946187856
-4.722121708775895
0.08600949455460181
-0.6495390727885619
0.21680521231183186
-0.2163361841883949
1.1884969669737055
0.7993072670352362
-1.22029119584131
2.21986843572305
-1.1779976221899848
-0.32781095131401117
0.7829110559886686
-0.1593214007098043
-0.1243589461404826
-0.42092272431764144
0.7790109659072006
-1.7095800164699504
-0.5551956031189137
-0.18197953291920702
-0.06639732610089734
0
0.15202702702702703
-0.294597177714069
-0.6123622748750948
1.1744014523998638
0.17607805753379382
-0.7321824410559711
-0.22781612306580626
-0.3504171093979608
0.27678206815190837
2.170814479638005
0.07307432544647709
2.1165016319079415
-0.6132310559275234
0.23328827453887013
-0.2740739129489127
-0.06652561781578253
1.1371449150415325
0.4391691394658832
-0.08702004684042418
1.7634218986892614
-0.13419131243330826
1.6494910806864553
0.27583191947789704
-1.853889430961807
-0.106819527878843
1.194270044785119
0.13705939589240695
-1.8273952565040188
-0.10217004927576721
1.8270921003568956
0
-0.8077003557229622
0.3544004725339672
0.8734129319767969
0.21880698098463142
2.0949212455164528
1.2505091649694426
2.873436054230204
0.11243095273011683
0.24023437500000355
0.6108372464586921
0.00580984381203571
1.0766951655225239
4.472607791859448
0.8619108747478452
3.189999999999997
0.009690861517592119
0.06959126145172337
-1.2315249253954668
1.7201426024955437
-0.096381319547884
-1.248903701105066
0
-2.993001527585349
-0.2069104425686225
0.1834862385321101
-0.45970695970696634
-2.5695044987028215
-1.326660686464284
0.9416267942583697
0.4891737135489777
1.6726415094339555
0
0.29413675039203446
-0.41909519844573295
-1.0442505829779858
1.3866851933566864
0.21853875358829858
1.2335298357141538
-2.109327224103471
-0.4289044289044289
-0.48131847551268503
-0.6906545221875083
1.0886661234390065
-0.28493499920330334
-2.0951808021656917
-0.22657885136041922
-1.5453898115894646
0.5961921889049611
0.7209062821833055
7.120808735578971
-7.003151733453406
1.4592391041220913
-1.5565947699942773
1.5036500596224915
1.3304680038204324
1.079241797291056
-2.4897890673082306
0.6158671869023168
-1.4969775310801048
0.2730684987021939
-0.2501924557351809
-0.7138722747443565
1.3214146910221531
-0.07479861910240959
-0.5335790099998116
0.49591880053257853
0.21889400921658286
-1.6170441046863555
0.44498539435249007
-0.353829599542445
-2.781344851739449
-2.834899382586326
3.0885684860968037
0.6833235097253683
-1.3752319339571015
0.07746712677443894
0.9731186038562951
-0.2220186774457009
-0.6046757600854166
1.7608143515404764
-1.5182455828820172
-0.10217574227670502
0.7440386659446775
-0.22594258868494357
-1.316826448259694
0.20622516957976197
0.19066834804539357
-0.04933846184827553
0.39389512919962083
-0.7957373364373553
-0.6544409941029395
0.606825771768351
0.5495283973606371
-0.4388304564440679
-0.7268573277125693
0.02240325865581189
1.3958176375964502
-0.1365557820328592
1.189458761072617
-0.22356915739268682
-0.7996813225115698
0.99586395213427
-2.604270207944018
0.04490529065969583
-0.05712653527562069
0.37663822316579876
-0.4087816882073675
1.0833273772450236
-0.3757575757575831
-0.44409295534735854
-1.0866687035339722
0.15753220143530464
-0.9005304494428262
-0.0819502074688759
-0.9592923661506798
0.33963332180256856
-0.7908400455490512
0.8792805694789605
-1.9687053100763094
0.027685198002410358
-0.0585486326232981
0.02343317285161186
0.5047600792281605
0.4174613265522318
-1.8095680249857558
-1.747278608194805
2.4958166088830156
-1.830016539508083
0.5880434782608736
0.13723646816004698
-0.05719342167737809
0.714787021540795
2.534386826334462
-0.7141288777825523
0.12742475620801158
0.03470797968006701
-1.1691479518883077
0.11063829787233656
-1.2943126753379164
0.3961845703335193
-0.9726124348553297
0.3519334683314022
-0.9668508287292856
-0.010896094839609483
0.3454438463047197
0.04235309449085559
1.112654957556284
0.1567414946267571
-0.001071891781790111
-1.3409509925824332
1.098423528644847
0.13755749473411932
2.9856192315947707
0.5012400741960207
0.13686840931950198
0.8242298731555824
1.1985087962534935
0.06291988877388142
-0.03448275862068596
-0.24552076781040852
-3.3623530368984214
0.5851522869351109
1.307887082260866
0.7931917706353909
-1.8095745552914209
-0.05217790578757331
-2.1727781490143707
0.4834836437376517
-1.5762416620639805
0.21475438142104417
0.14537544554881923
-0.21183251252713942
2.8825120418961
0.3456365997737651
-0.45091121641651594
-0.101704867154559
-0.5772641875793738
-0.6988503805673221
0.5538723223303074
1.636605840187758
-1.4209332806291257
0.6394563565760634
-0.16985761318597217
-0.38020417594421635
-0.20980495519240522
0.6550379816378062
0.4544929726779321
0.31033185655772727
0.23333090280309202
0.33878929592102225
-0.27135917805098575
-0.15993519508977802
0.33182503770738686
0.4385510191386681
-0.4211525955593287
-4.839896754397782
-15.930283224400869
-4.119156214367168
1.1243699068881146
-8.844164695505745
8.841682426588077
-3.0185070445300433
5.652699268065721
-0.8807561357153185
-0.2732059256508583
0.5093423764878008
1.0399851808727334
-0.36928395579068435
-0.7281617202492
0.6262578116724947
-0.44999407902528554
0.6648250703815829
-1.193508573829464
-0.09567724874755582
1.5096899482582036
-0.3603438335342523
-0.32613984560960774
0.41428627973559085
0.19314911900350584
-0.33178587352793654
1.9657636083735692
0.4929350280663245
0.8834444059221617
0.035639279577422286
-0.861399870217447
-0.09754094152677709
0.22353545734840233
-0.05640013330940134
1.9994869821726258
0.08927561015479088
0.4020100502512563
-0.4654654654654632
0.4286719967818104
-0.043810787467611315
0.30305307185614655
-0.4194966040751144
-0.05391173520561913
0.2797395787598653
0.2539404553415084
0.24581061352831585
-0.4219566840926019
0.07749903126210694
-0.6482395113847913
0.2363471789198454
-0.13545377012993756
-0.09921631668843109
-0.017600100571998695
-4.788070060731037
5.757827872641073
-0.1498445362935954
1.7933294148543655
0.09214098799710063
2.553024351924599
-0.10532363079281275
1.2748011118566045
0.08636191557828284
-0.8676020378009672
1.1005520645784308
-1.1015449935133816
0
-0.6248807479488604
0.04320069121104191
-0.16313213703097768
0.12615340253748558
-1.6499274031942592
0.20253288109121964
-0.29344437950515606
-0.5690768986530153
1.359600103167474
0.0884548274525142
1.2481689083667311
-0.12076717046107187
0.6213262142198661
-0.9637120761451516
0.14416146083613648
-0.7137715930902111
1.5127167280855522
-0.23566659128511003
0.6430522912466105
-0.009483392209384676
1.751037344398349
