-0.3795066413662293
-1.7142857142857115
-1.2596899224806173
2.0608439646712404
1.586538461538467
0.804543303360146
-1.6901408450704198
1.1938872970391594
3.2562529495044856
1.9652650822669024
-0.6275212909009439
0.22552999548940011
0.9450945094509554
-1.0254123941150295
6.081081081081081
0.5095541401273838
2.1968736797634207
0.6200909466721786
0.4108463434675431
-0.08183306055647178
2.2932022932023024
2.481985588470772
1.7578125
0.6525911708253316
-1.3348588863463007
-0.2705836876691104
-0.3875968992248062
1.1673151750972763
-1.7307692307692308
1.6046966731898327
-0.7704160246533127
0.07763975155279061
1.24127230411171
0.5363984674329415
-1.0289634146341422
1.5787447054293504
-2.805155420773326
0.7020280811232494
-0.6584043377226912
1.364522417153996
-1.769230769230767
0.2349256068911489
-0.5078125000000044
-0.1570475068708195
0.9044435705859266
0.46765393608729094
-0.7757951900698216
0.703674745895235
-1.6304347826087022
1.4206787687450648
-2.256809338521405
0.9554140127388558
-0.07886435331229835
0.15785319652723193
-2.7580772261623325
-1.5397082658022736
3.5802469135802424
0.1191895113230081
1.8253968253968345
1.6367887763055293
-3.37423312883436
-1.1507936507936531
3.9743075070252933
1.0810810810810854
-2.7501909854851094
1.0997643362136618
-3.7296037296037166
1.9774011299434935
-4.273842500989308
0.04133939644480956
0.9090909090909044
1.3104013104013175
1.6168148746968471
0.23866348448687125
-4.087301587301591
0.2068680182043856
-0.08257638315441315
-0.5785123966942173
-2.7015793848711556
-0.8970525416488656
-1.2500000000000024
0.3055434308162449
2.219321148825063
0.4682843763303509
-0.8050847457627143
1.1106364801366913
-1.9433882551753252
1.1202068074105964
-0.1704303365999051
-0.7682458386683787
0.3870967741935508
0.6855184233076239
-0.4680851063829763
0.8978195810175265
-3.1779661016949152
1.1816192560175005
1.0813148788927336
-3.6371416345742404
2.309058614564839
1.0416666666666692
0.47250859106528964
-1.239846088071828
2.1212121212121238
1.3141161509114008
-1.3389121338912087
1.6963528413910092
3.4612176814011604
1.2494961708988288
-0.15923566878979986
0
-1.1961722488038278
0.08071025020177103
0.3629032258064539
-0.24106066693450956
-2.5372533225936413
0
0.7438016528925667
0.0820344544708731
-0.6967213114754052
-1.650846058605035
1.21695342005874
0.0414593698175882
-0.6216328222130129
-0.959132610508762
-0.8000000000000024
-0.5942275042444846
-0.21349274124679762
-0.34231921266580356
2.2756547874624227
0.5877413937867363
-1.9616026711185262
-0.6385696040868455
0.5998286203941755
0.340715502555359
-1.2308998302207155
-1.160292221744731
-0.1304347826087006
-0.7400957771005611
-0.6578947368421053
0
-0.9271523178807922
0.6684491978609626
-2.6560424966799467
-1.2278308321964606
4.742173112338864
-2.109890109890115
-0.0898069151324601
1.25842696629214
-1.198402130492684
-0.17969451931716338
0.4950495049505053
0
-0.6717420510523958
-2.8403967538322865
1.8097447795823691
0
-1.048313582497726
-0.598802395209573
2.0389249304911847
-0.3633060853769223
-0.36463081130356034
1.326623970722784
-3.927765237020311
-1.1278195488721832
2.8517110266159693
0.04621072088724321
0.27713625866050545
0.1842468908337198
-0.5977011494252926
-0.7863089731729828
7.319347319347314
0.30408340573415166
-3.63793850151581
0.1348314606741624
0.2692998204667838
-0.8952551477170994
-0.9485094850948483
-0.45599635202918376
0.9619789280806204
0.045372050816694334
-0.3628117913832251
0.09103322712790946
2.4556616643929083
0.6657789613848202
0.4409171075837742
0.5267778753292311
-1.6593886462882146
-0.6660746003552398
-0.5364327223960611
0
-2.2022471910112387
-0.2297794117647059
-1.381851681252879
-1.9149929939280683
2.8095238095238124
-2.5474756831866605
2.6140684410646386
0.13895321908290084
0.5550416281221171
-0.5519779208831725
-0.601295097132277
-1.8147975802698955
2.2274881516587626
0.04636068613816539
1.6682113067655209
0.27347310847766376
-1.7727272727272754
-0.9254974548819991
-0.23353573096683794
0
-0.1404494382022392
0.3750586029066962
-0.37365716954693273
-0.5157055789967289
-0.3298774740810503
0.2364066193853428
-0.28301886792452563
1.5137180700094552
-1.3979496738117427
0.1890359168241993
0.42452830188679513
-0.1409112259276709
0.2351834430856068
-0.32848427968089566
2.0715630885122436
-0.09225092250923295
3.6011080332410024
0.6238859180035676
-0.35429583702392
-0.7111111111111086
0.4923903312444021
0
-0.9799554565701508
-0.5398110661268632
-1.0854816824966105
-0.6401463191586545
0.8283479061205627
-0.4564125969876769
-1.008711600183397
0.09263547938860056
0.6015733456733047
0.6899724011039559
0.9136592051164916
2.2634676324128566
-1.018149623727318
0.5813953488372144
-0.5780346820809299
-1.610017889087654
-2.3636363636363584
-0.32588454376164666
0.09341429238674313
0.27998133457769214
-1.1633317822242903
-0.1412429378531127
-1.3201320132013121
-0.38222646918299635
-0.7194244604316546
-4.251207729468605
0.30272452068618705
-0.05030181086520258
2.7176648213387047
1.3228809407153441
2.611218568665366
-0.235626767200754
-2.5507794048181283
0.3393116820164753
-0.28985507246376535
0
1.5503875968992193
0.2385496183206107
-0.095192765349828
1.858027632205815
-1.8709073900841908
1.096282173498562
0.7543611504007517
-0.5147402901263427
-1.4111006585136407
1.3358778625954253
-3.1544256120527385
1.4584346135148274
-0.4791566842357451
-1.203659123736158
2.9239766081871346
0.42613636363636637
-0.04714757190004447
-0.047169811320752035
-0.09438414346390611
1.558809636277757
-2.604651162790695
-0.0955109837631409
-1.434034416826004
-0.048496605237630615
1.8437651625424607
-0.7622677465459715
1.2962073931829037
-0.6635071090047421
0.6202290076335932
-1.5173067804646831
-0.19258545979777433
0.964785335262904
-0.5733397037744945
-1.489668428640074
2.2439024390243874
-0.9064885496183234
0.8666345690900392
1.1933174224343674
-2.216981132075466
-1.109503135552345
0.780487804878046
-0.7260406582768635
2.0965382740126826
0.7640878701050593
-2.132701421800948
0.43583535108959115
1.0607521697203417
0.6679389312977126
2.5118483412322328
-0.1386962552011148
-2.5462962962962963
-0.6650831353919266
-0.6217120994739278
-1.10683349374399
1.70316301703163
1.052631578947363
-1.7518939393939341
-0.04819277108433461
1.1571841851494724
1.0486177311725398
-1.084905660377364
1.7167381974249036
-1.9690576652602048
-0.38259206121472167
0.9601536245799327
-0.6181645268663868
0.14354066985646477
-0.8122312470138638
1.0115606936416157
-0.47687172150691465
-2.108289410637268
-0.4894762604013705
0.14756517461878157
-0.7367387033398821
-0.7916872835230057
-1.1471321695760655
3.632694248234116
0.09737098344692728
-0.34046692607003337
-1.122498779892636
0.5923000987166915
-0.8341511285574176
0
-0.09896091044037043
0.3467062902426888
-0.44422507403751516
0.2974714923153311
0.5931784478497225
-0.0982800982800927
2.262666010821443
-1.4911014911014884
-0.4394531250000028
2.15792054928887
0.7201152184349495
0.1906577693040883
-0.28544243577544925
-1.0973282442748011
-0.19295706705258353
-3.141614306428226
1.3972055888223467
-1.4763779527559056
-1.048951048951046
1.76678445229682
0.19841269841270123
-2.128712871287134
0.20232675771371053
1.3629480060575554
-0.6972111553784889
-1.053159478435303
0.15205271160668166
2.3785425101214663
2.0761245674740425
-2.7118644067796582
-1.3439522150323628
-0.0504540867810264
0
-0.5047955577990914
-1.5220700152207003
-1.1849562081401253
0
-1.1991657977059496
0.2638522427440633
1.1052631578947338
0.6767308693388919
2.637021716649428
0.6045340050377777
1.2919379068602967
-0.12853470437017545
-0.8118008118008191
-0.6886914861762629
0.4422110552763796
-0.9305583350009933
1.1412988587011366
1.8573996405032949
-1.4019607843137323
-0.9645023366809177
2.8413654618474022
0.2928829444498654
-0.6813978389954276
-0.11761246692149814
-1.1873221469924382
-0.9930486593843098
-0.04012036108325602
0.5418422636965746
-0.1297405189620855
-1.0192864994503807
1.4336193841494211
0.5275206529312244
1.1188118811881143
0.46019778713404375
-0.1656920077972588
0.8493605389046083
1.6456921587608935
0.009523809523814396
-0.06666031806495323
-2.039260529826568
0.5739299610894975
0.05803269174968786
1.1503141614306407
1.2519113149847116
-1.2269938650306722
0.3344481605351116
-0.9523809523809523
0.09615384615384069
0.4322766570605215
-0.7173601147776184
-0.04816955684007433
-1.3012048192771029
0.7812499999999972
-1.0658914728682254
-0.14691478942212682
0.34330554193231416
0.6353861192570925
-0.4371053909664913
1.4146341463414662
-1.4911014911014884
1.5624999999999944
0.9615384615384616
-1.2857142857142803
-1.20598166907863
0.8300781249999944
0
-0.5326876513317164
-0.6329113924050688
-0.24497795198432143
1.1787819253438143
-2.281553398058247
-0.5961251862891291
1.0494752623688128
-0.24727992087042533
-0.19831432821020192
-0.1490312965722858
0.24875621890547264
2.0843672456575626
-1.993193971803595
1.9841269841269842
0.9241245136186799
-0.5301204819277081
-0.8236434108527214
-0.43966780654615406
-2.158979391560356
0
-1.053159478435303
0
0.7906741003547908
1.6594589158201662
-0.8903838543727656
