-2.827558741537234
0.7786885245901662
-2.0740138267588426
3.8205980066445133
2.6799999999999953
1.285547331515392
-3.0000000000000044
-0.5154639175257665
-0.23913909924272392
2.2772672792648776
7.773437499999991
1.341065603479538
0.17882689556509299
-0.9282399143163237
-1.3693693693693734
0.5845816587504651
-2.433708681438427
-0.4467609828741792
-1.8324607329842848
0.4952380952380996
3.7149355572403375
-0.10964912280702169
-1.1708744968898603
0.7774898185856963
-0.8082292432035226
0
-0.7407407407407407
0.4477611940298465
0.7429420505200595
0.5162241887905731
2.9347028613352895
0.14255167498217292
-1.708185053380787
-0.07241129616219719
-2.7536231884058053
0.18628912071535023
-2.454444031238366
0.4193671368661707
-1.594533029612752
0.5787037037037037
-0.9973149213655412
0.3487020534676394
3.3590733590733546
0.1867762420620097
-0.22371364653242576
0.7473841554559043
3.8946587537091983
0
0.535523027490182
0.42613636363635954
2.4752475247524752
-4.830917874396135
0.6889050036258075
-0.10803024846957558
-1.7303532804614112
0.14673514306675614
0.4395604395604354
-0.4376367614879609
0.8424908424908466
0.10897203051217266
-0.036284470246742646
0.7622504537205165
0.36023054755043227
-0.9691313711414377
4.3494019572308815
-0.17367141368530742
-2.644398051496161
0.4646175839885673
-0.4624688722874462
1.2866333095067783
2.399435426958367
0
-0.13783597518951662
1.414768806073142
-4.423273222184417
1.6731933072267875
-1.295518207282929
0.39020929407592153
0.07067137809186877
-1.4830508474576232
1.2903225806451695
0.5307855626326964
0.14079549454416657
0.8084358523725875
-1.0808926080892687
0.10574550581600684
2.852112676056346
0
-2.7045532351934383
0.211118930330761
1.6853932584269702
0
1.968232044198891
-0.3725025397900517
0.06798096532970382
1.086956521739146
9.442204301075256
-4.206324838808716
0.1923076923076996
0.6078055022392761
4.70588235294118
-2.1257212268448225
0.930809804529941
0.5225945281278784
-3.1498470948012267
0.189453741711406
2.426725496375666
-0.2153846153846119
-0.6167129201356768
0.8067018305926049
-0.40012311480454127
-0.3708281829419176
1.364764267990085
0.4283965728274104
-2.25472273004265
-2.556109725685782
2.847088931541899
1.5241057542768204
-3.124999999999997
-2.3086654016445323
2.9459371965037304
1.2578616352201257
-2.7018633540372634
-0.574529205234603
-3.338683788121983
-1.0627698439056943
-1.9805303793219127
0.7191780821917886
4.760285617137028
-0.389483933787746
-3.519061583577698
-1.519756838905775
3.292181069958836
1.4276228419654753
-4.222585924713576
-2.4948735475051302
-2.9793200140203293
1.1921965317919117
-0.6426276329882225
-3.0542579949694573
2.6686434395848733
1.8050541516245486
-3.226950354609937
-0.21986075485524587
-0.03672420124863119
0.44085231447464684
-1.9385515727871085
2.2752704214845076
0.4011670313639762
1.8162005085361423
-1.1059579022475998
0.324675324675337
-1.2944983818770308
-0.546448087431694
0.5860805860805944
-0.2549162418062802
-4.636728733114271
-0.42113323124041574
-0.4229142637447223
0.03861003861004739
-0.8876881512929414
2.609034267912768
-1.7077798861480076
0
0
0
1.5830115830115918
0.03800836183959175
-1.671732522796344
-0.42503863987636115
0.8149010477299273
0.6158583525788937
1.989288446824807
1.875468867216804
-0.4786450662739364
2.0347761746207915
-4.7860768672951375
2.2467631378522377
-1.675977653631285
0.7575757575757576
-1.6917293233082706
0.19120458891013384
7.061068702290076
0.427807486631012
-3.549875754348598
-0.33124769966874396
-0.5539143279172821
-0.7797994801336883
-0.9356287425149701
0
2.72006044578768
1.2136815005516777
-1.0901162790697674
-0.07347538574577099
-1.3235294117647143
-0.07451564828613585
-0.8948545861297454
1.429646350639583
-0.2225519287833912
-0.929368029739777
2.1388367729831104
-0.8082292432035226
-1.3703703703703662
0.33796470146450514
-0.6362275449101754
0.0753295668549863
0.30109145652992525
0.15009380863038546
0.7493443237167479
0.4090740052064049
-1.9259259259259218
1.5861027190332282
-2.0446096654275094
1.1764705882353028
-0.45011252813205005
0.6028636021100312
-0.9363295880149812
-0.5293005671077419
2.3945267958950796
-0.4825538233110448
1.8276762402088687
0.8424908424908466
-0.43588812204867
-1.6782196278730472
1.7068645640074296
1.3498723093761358
-0.03599712023038975
-1.0442924018725162
1.4192139737991183
1.865805525654822
-1.3032758013384955
-2.212705210563879
1.5693430656934348
0.6108515989938874
1.1428571428571388
-0.0353107344632648
0.6711409395973074
0
-2.280701754385965
0.3949730700179615
-0.39341917024321266
-0.17953321364452424
-0.39568345323741827
1.1195377392560575
-0.4285714285714245
0.6456241032998605
-2.779757662152534
0
-0.4032258064516212
2.3187338976812706
-2.158273381294964
1.3235294117647143
-1.8505079825834623
1.2569316081330784
-4.162102957283672
-0.1523809523809437
-2.1365890881343086
-1.6374269005847908
-4.201347602061047
0.6206040546131568
4.317434210526316
1.3007489160425745
1.3618677042801557
0
2.917466410748569
1.2681835136143145
-2.688766114180483
2.043906131718408
-0.3338278931750868
0.707108299218472
-1.2195121951219554
1.7583239805461985
3.89705882352942
-0.8846426043878273
-2.320599785790789
0.0730994152046742
-0.8035062089116102
-1.620029455081014
-0.2619760479041874
1.913696060037532
-2.0250368188512518
0.7140172867343018
0.22388059701493385
0.07446016381235615
-0.6696428571428613
2.0973782771535667
-2.3110785033015446
0.5257228689447906
-0.5976839745984184
-1.7662532882375217
1.8362662586075027
1.3523666416228486
-1.5196441808747303
-1.9570944674444821
1.9577735124760165
0.15060240963854565
-0.4511278195488679
0
-0.7930513595166249
-0.26646364674533257
-0.4198473282442835
1.5331544653123803
-2.1140052850132
0.0385653682992541
-1.5805705474171035
-1.997649823736789
-0.0399680255795341
-2.0391843262694898
1.1836734693877575
0
1.5328761597418246
-0.5959475566150179
3.277378097521978
0
2.8637770897832953
0.037622272385239235
-1.7675817976682922
-4.364471669218981
5.644515612489978
-2.8040924592648646
1.4035087719298334
-1.1918492887351104
1.8287937743190616
0.45854031333587647
-0.988969189805997
-1.4214368036880478
1.24707716289945
0.1154734411085494
0.34602076124566594
-0.804597701149434
0.27037466203169
-0.07704160246534879
0.693909020817275
0.5359877488514679
0
-0.30464584920030896
-0.3437738731856509
0.9965504024530559
-0.9108159392789288
-0.03829950210648132
0.9961685823754877
-0.3793626707132018
0.15232292460014366
0.26615969581748616
0.5309063329541275
-1.8483591097699108
1.8063028439661755
-0.6417516043790067
-2.2796352583586628
-0.6998444790046591
1.0963194988253653
-0.11618900077459775
2.985653354013201
-0.753012048192771
1.707132018209408
-0.11189854531891509
-0.14936519790889996
-1.944652206432307
1.2585812356979449
-1.958568738229751
2.650787552823656
0
1.3847305389221516
-1.070505721668504
0.22388059701493385
-0.18615040953090095
-4.513241327862746
-2.2656250000000044
0.6794564348521251
1.5482334259626858
-2.267396403440192
0.8799999999999955
-8.445678033306892
0
5.976613252490248
-0.12259910093991948
-4.132569558101471
1.5364916773367452
-1.3030685161832678
1.2776831345826234
3.322119428090823
-2.116402116402112
-2.2037422037422085
0.3401360544217736
-4.364406779661022
0.531679220203818
-6.831203173204054
1.229895931882684
-4.018691588785044
-0.38948393378773677
4.594330400782017
1.8691588785046729
2.6605504587156017
0
2.6362823949955216
0.0435350457118079
1.6971279373368047
-0.3851091142490275
9.40721649484535
-1.0993325480957923
3.652242953553004
-0.8042895442359336
4.401544401544393
-0.8136094674556171
0.8575689783743518
-0.8502772643253277
2.647278150633864
0
-0.5085361423901322
0.2920774005111396
-1.128503822351644
-1.39911634756996
-0.7841672890216664
1.354911554384653
2.4879316747122124
-0.07246376811593791
-2.9006526468455403
-1.7176997759522115
-0.49392097264438123
0.2290950744559079
1.2190476190476147
0
0.1881821603312006
-0.037565740045066076
0.037579857196529835
0.7137490608565117
0.7086907870197602
1.4074074074074117
15.084002921840762
-1.0155506188511727
-1.7313241423533112
-0.5220228384991917
-0.7871433256805436
-0.9586776859504057
-1.0347129506008086
-0.16863406408094436
5.0675675675675675
0.3215434083601286
-4.006410256410256
0.8347245409015025
0.13245033112582028
0.4629629629629743
-0.6254114549045536
0.39748261013582165
4.190036291652916
-1.171627612412916
-1.377763537327783
0.6822612085769869
6.131010003226848
0.3648525387655961
1.696455619509229
-2.2937146261543013
0.5792682926829199
-1.7884207335556161
-0.9567901234567971
0
-0.8413836086008067
-0.9113764927718345
1.1734855692990767
-0.15673981191222572
0.6279434850863422
-0.5928237129485109
1.2241054613935898
0.21705426356588794
-1.918316831683165
0.9463722397476341
-0.5625000000000036
-0.09428032683846994
-0.692041522491346
4.6246436490339
4.783530124129582
-0.28893383415197915
10.373804694291495
1.0238907849829442
0.5457380457380369
