-0.6297229219143576
0.09505703422051791
-4.400126622348838
6.324503311258286
-2.242292120834645
-0.6052883083784573
0.4487179487179414
0.06381620931718107
2.1683673469387608
2.684144818976287
-1.5501519756838975
1.8832973139858051
0.6060606060606061
-1.5060240963855422
2.9357798165137683
-0.17825311942959676
-1.8154761904761973
3.0009093664747
-4.414361389052384
2.093596059113304
-3.950542822677932
0
-0.7221350078492972
9.266287160025303
-8.364688856729371
1.0739102969046042
-3.3437499999999964
1.5195602974458418
1.4968152866242002
-0.21964229683087189
-1.006289308176097
1.4930114358322708
-0.1564945226917058
2.5078369905956115
-3.302752293577985
2.2770398481973397
-1.9171304885590565
0.6620428751576365
-0.2818665831506527
-1.193467336683403
0.4132231404958533
0.031655587211149964
0.3797468354430344
3.058007566204284
-2.447231569287244
1.6306052053935547
-2.0672631903733554
-0.7561436672967793
1.20634920634921
1.599749058971131
-3.5813522692188844
0
-1.3448607108549435
-1.0386238234339646
2.4270252541817103
-1.8571886007044545
1.6313213703099512
-0.9630818619582665
0.7779578606158759
0.03216468317787801
0.9646302250803859
0
1.1464968152866315
0.12594458438286438
-0.5974842767295526
2.2777602024675696
-0.6186204763377667
3.018985371926545
-5.105740181268875
-2.355937599490619
3.1953048581675945
0.1579778830963665
0.7886435331230284
0.1564945226917058
-0.09375000000000355
0.0938379730997846
3.156250000000007
4.180551348076326
-3.1986042454201806
2.1327726043857083
-2.705882352941173
1.5417170495767731
0.7442691277165824
-1.5957446808510571
3.2432432432432465
0.058173356602672664
-3.081395348837216
3.059388122375539
-1.6298020954598436
-0.591715976331361
2.232142857142857
0.14556040756914118
-2.7906976744186114
1.0765550239234518
1.331360946745562
0.43795620437956206
-0.029069767441867074
-0.8432683919744046
-0.26392961876832177
2.852102322846218
-1.4579759862778796
0.3771395416304066
-1.4450867052023122
0.8797653958944281
0.901162790697681
-2.8522039757994913
4.893238434163702
0.9895391574780888
0.47592385218364747
1.4488715519643482
-0.41197473221642406
1.9856591285162681
0.5137912385072951
1.9639494215765434
2.0844327176780943
0.2843111915223631
0.1804123711340177
0.874710573707238
2.116806937005854
-3.0719280719280606
2.3962896160783185
1.107196779063924
-2.215032354405185
1.705268516161885
-3.803803803803815
2.497398543184189
-3.629441624365485
6.926520937582304
-6.69950738916256
2.4287222808870084
-1.958762886597944
-0.13144058885383808
-2.3953672018952266
7.874865156418552
-8.25
2.970027247956397
-4.525006615506739
7.2616407982261615
-8.578811369509042
-0.8762012436404812
1.5397775876817892
-0.5054759898904834
-0.9596387242449997
4.531205471644353
-2.4263904034896493
0.5588153115395362
-2.667407613225887
0.1712817584927108
0.08549444286121727
1.7653758542141198
-0.5036373810856056
-0.08436445444319779
-1.6042780748663068
-0.4004576659038999
2.670878805284323
0.13986013986013987
-4.245810055865919
1.6919486581096883
0.6310958118187001
1.710376282782212
-1.9338565022421619
2.25778793941127
-0.8384572386808272
-1.3246899661781253
3.6846615252784853
1.9008264462809854
-4.541768045417668
2.3222883035967112
-0.858012731801833
-1.4237855946398565
-1.1894647408666228
-1.4044138721696697
0.31976744186047174
3.5931614024920244
-3.7762237762237763
-0.5813953488372093
0.08771929824561736
0.4966403739409841
0.6395348837209269
1.6753321779318346
2.471590909090906
2.273357360687549
-0.352399024125767
0.8161044613710554
0.8634646519158091
-1.0165864098448398
0.3513513513513544
-2.4777807702666275
3.4244683789008494
0
-1.3885180240320396
-0.0812347684809129
2.222222222222219
-0.3446447507953371
-6.437882415536045
0.08529997156667939
-2.471590909090906
0.29129041654529564
0.6680220737728758
0.08655510675128521
-4.43931968867108
0.15082956259426847
1.8674698795180689
-1.9810762862211677
1.5686274509803888
5.28660528660529
-2.7080394922426017
-0.2609452015076768
-1.4825581395348904
-2.0359988197108225
1.4156626506024061
0.3861003861003895
0.23668639053254775
2.036599763872484
-3.9340468614405455
0.6323396567298903
0.08976660682226552
1.6442451420029895
-0.38235294117647395
0.38382049010924457
-0.05882352941176136
0
-2.854620364920538
-0.030293850348386164
3.424242424242428
1.3770876062115407
0.7225433526011561
0
-2.32424677187949
-0.7050528789659158
2.92899408284023
-1.121011784995682
0
-0.5813953488372093
-0.6140350877193049
2.0594292438952633
-0.6341885269530092
0.3481288076588305
-0.6071118820468245
-1.6579406631762619
1.005619639160005
0.029282576866770934
1.43442622950819
-1.4718614718614784
-0.4393673110720563
-1.1473962930273545
2.648809523809517
0.2899391127863149
-1.3009540329575022
1.9332161687170542
-1.1494252873563218
-2.7906976744186114
3.7679425837320646
0.2881844380403458
-2.1551724137931036
-0.704845814977967
-3.874593315587111
-1.1384615384615349
3.1434796140678385
0.7845503922752031
3.6826347305389255
1.4149581287900599
2.4772209567198145
-2.000555709919419
4.990076552310752
-1.053200108020533
1.610262008733634
0.993822186408807
-0.9574468085106443
0.37593984962406934
-2.0064205457463884
1.829101829101826
-2.573726541554966
0.16510731975784887
1.9505494505494567
-1.3203988143357677
4.178044784270893
1.7038007863695936
-2.3711340206185536
-0.0791974656811012
-2.2457067371202113
-1.0810810810810811
-1.5300546448087493
-1.4428412874583765
0.50675675675676
3.0532212885153998
-5.30035335689046
3.272101033295073
-0.6392440244580354
-0.9790209790209791
0.7909604519774044
1.9899103139013357
-2.500687001923596
2.395715896279594
-3.8810900082576443
-0.9163802978235935
2.601156069364162
-1.661971830985909
-0.257805786307658
-1.0338885697874687
0.7835171213000547
0.7774258566081165
-1.1142857142857079
0.2600404507367747
-0.4322766570605187
3.61794500723589
-4.413407821229053
-0.7013442431326643
-2.560329605650379
0.2718212020537533
0.3313253012048261
2.6418492945061405
-2.018133957297449
-3.8507462686567098
-1.8317292766221775
-0.06325110689436705
-1.740506329113924
0.19323671497585274
2.1536483445837313
1.919446192573935
0.06174745291758119
0.462820117247763
0.3071253071253071
-1.3778322106552356
3.446134740763727
3.781512605042024
0.49161364950838304
3.5395683453237443
-4.919399666481375
-0.05846243788367304
-0.7312079555425564
-0.707130229817318
3.471810089020768
0.37281330656725303
0.8000000000000033
-1.3321995464852574
-1.8672795173800631
2.86885245901638
3.1872509960159494
2.4269167126309856
-1.5347334410339226
-0.328137817883508
0.7956104252400487
-0.5171475231355409
-1.7783857729138166
1.9220055710306343
-0.8472260180377059
-2.425578831312021
1.3559322033898338
1.7279821627647682
-0.5753424657534308
0.30311380545605476
-5.4945054945054945
0.5232558139534916
-0.9832272990167825
1.3434579439252403
0.17291066282421405
-1.9562715765247443
3.3450704225352044
-1.6467915956842736
2.5981524249422634
0.08441193021947423
-0.1967950520101177
-3.0140845070422504
2.7882660470519793
-0.5086182537439826
1.6756603237716492
-0.9497206703910551
-1.2690355329949239
4.341616680948297
-3.2849712565015055
-1.5001415227851715
4.51149425287356
-1.0173219686554822
3.0833333333333397
0.5119913769873288
-6.0053619302949
0.969766115231026
-1.6384180790960483
2.182653647329128
-1.8268690275435637
1.002004008016032
-1.7573696145124684
2.019619157530294
-1.9796380090497736
1.4425851125216387
-0.45506257110353315
0
1.6000000000000065
2.1372328458942533
-0.605726872246693
-3.0470914127423825
0.8000000000000033
4.591836734693874
-2.7913279132791358
0.8642319487036585
-0.3040353786622506
0.360410313279737
-1.7955801104972375
-0.08438818565401164
-0.3096846846846751
2.85230160971476
-2.2515101592531543
0
-1.6853932584269662
1.4285714285714286
2.22535211267605
0.9368972168641594
-0.245700245700255
1.6694033935413308
-2.4764468371466997
1.7388904223019628
1.0851871947911014
-0.6977992485238923
-0.8648648648648618
-0.7633587786259572
-0.851648351648358
-2.4383485730119023
0.8236296506674176
2.3661971830985853
-2.779306549257008
0.25474101330313537
-0.47995482778091153
2.751773049645387
0.3589177250138077
-1.3480055020632675
2.0635805911879466
-1.639344262295082
0.055555555555552395
-0.05552470849527725
-0.8888888888888857
-0.33632286995515376
0.7592800899887482
3.6282444878593356
-3.8782655534608224
-0.7565144298122692
-0.36702428006776155
1.615188438651189
-0.6971556051310652
-1.4040999719180005
1.1677584733694006
3.2376126126126126
-3.4087810199072814
0.9034443817052481
-2.042529378847217
-0.3141959440160019
0.5444126074498502
1.3964092333998388
-2.4170882518268755
2.4769585253456285
-2.0517144463181594
3.185078909612632
-2.113459399332598
1.0795454545454577
-3.1197301854974766
3.394255874673626
-2.581369248035912
3.5426267281106023
-2.280945757997215
-2.5334471961286744
-1.1390186915887786
-0.38404726735598566
2.0462633451957397
1.1333914559720943
-1.1494252873563218
1.8895348837209303
-3.081312410841658
3.6208419193405983
0.7386363636363701
2.5380710659898478
-3.575357535753575
1.5116942384483611
-0.8429334082607475
-1.3318220459053525
6.72027570361862
