-6.212121212121214
1.45395799676898
-7.165605095541402
-3.430531732418525
10.301953818827718
-0.1610305958132068
-2.25806451612903
3.6303630363036232
2.229299363057334
2.9595015576323855
-1.059001512859287
1.8348623853210835
-1.6516516516516433
-0.15267175572518216
-1.5290519877675839
-0.4658385093167878
0.1560062402496233
0.6230529595015444
-1.5479876160990604
1.4150943396226392
-0.46511627906976305
1.557632398753894
-4.447852760736205
1.2841091492776955
-1.426307448494451
-0.3215434083601332
1.9354838709677464
0.632911392405061
-0.47169811320755384
1.2638230647709277
3.5881435257410477
0.3012048192770913
0.3003003003003046
-0.1497005988023867
-0.7496251874062968
-0.1510574018127017
-0.30257186081692683
0.3034901365705442
0
0
5.446293494705006
0.5738880918220824
-1.1412268188302386
0.1443001443001566
-0.4322766570605351
2.4602026049204095
-1.1299435028248548
-1.2857142857142938
0.7235890014471781
1.8678160919540394
-1.6925246826516258
0.4304160688665669
-2.142857142857143
-1.0218978102189822
-0.7374631268436579
-0.44576523031203147
0.4477611940298465
1.1887072808320909
0
1.0279001468428823
7.412790697674431
-0.4059539918809355
-0.9510869565217237
-3.2921810699588554
3.6879432624113395
-1.0943912448700372
-2.2130013831258566
-0.2828854314002869
0.5673758865248307
0
1.1283497884344105
-2.092050209205021
0.8547008547008466
-2.542372881355928
-5.797101449275362
-1.5384615384615385
0
3.125
-2.8787878787878873
2.184087363494549
0.7633587786259542
0.9090909090909005
1.2012012012012183
-1.4836795252225519
3.16265060240963
-1.167883211678828
-0.5908419497784426
-1.9316493313521503
0.9090909090909005
-0.7507507507507508
5.900151285930417
1.4285714285714286
-0.1408450704225272
4.090267983074741
-3.2520325203251916
0.42016806722688677
-2.928870292887041
-1.867816091954019
0.8784773060029408
4.208998548621177
-3.7604456824512575
-0.28943560057885476
12.191582002902743
-1.5523932729624876
-1.314060446780552
2.263648468708393
-1.171874999999989
1.0540184453227894
-2.607561929595828
0
-0.8032128514056339
0
-2.8340080971659845
-2.7777777777777777
0.14285714285713474
0
0.8559201141226941
1.6973125884017013
-1.8080667593880546
0
0.849858356940522
1.6853932584269702
6.07734806629833
1.3020833333333335
-3.3419023136246713
-0.5319148936170288
0.2673796791443888
-0.13333333333332575
0.1335113484646119
-0.26666666666667044
0.6684491978609626
-1.7264276228419617
3.1081081081081043
-2.2280471821756263
9.78552278820377
5.006105006104999
-5.581395348837206
0.1231527093595989
-4.674046740467402
-2.8387096774193585
-0.9296148738379852
1.6085790884718538
-0.7915567282321825
-1.1968085106383053
0.40376850605652376
0.4021447721179777
-1.7356475300400684
0.6793478260869565
-0.2699055330634125
0.8119079837618326
1.342281879194631
-0.7947019867549594
1.068090787716952
5.416116248348738
-7.644110275689216
-0.13568521031208755
-2.717391304347826
1.2569832402234717
0.6896551724137931
0.2739726027397299
-0.6830601092896175
1.5130674002750952
-2.9810298102981068
-1.6759776536312692
2.130681818181818
-0.278164116828933
-0.27894002789400674
-1.8181818181818141
1.7094017094017133
0
-1.1204481792717245
1.699716713881024
-1.1142061281337008
9.859154929577464
-7.564102564102571
-1.5256588072121975
-0.1408450704225272
0.9873060648800968
-1.8156424581005548
2.8449502133712663
10.37344398340249
2.5062656641604013
-2.200488997555009
1.374999999999993
2.342786683107282
0.7228915662650534
-0.47846889952152094
-0.12019230769231794
-0.12033694344162975
0
7.951807228915656
-0.33482142857142544
6.606942889137745
2.5210084033613356
-2.4590163934426146
0.8403361344537785
-4.479166666666663
-1.5267175572519145
0.7751937984496156
1.6483516483516483
2.05405405405406
2.11864406779661
8.40248962655601
0.4784688995215311
-2.5714285714285743
2.052785923753674
0.2873563218390777
0
-2.865329512893983
-2.06489675516225
-1.907630522088345
-1.637666325486191
0.728407908428723
7.438016528925623
-1.538461538461533
2.0507812499999942
-3.6363636363636336
3.1777557100297944
-4.13859480269491
-6.526104417670683
4.189044038668105
1.0309278350515463
0.20408163265306412
0.81466395112016
0.6060606060606003
-0.3012048192771056
-2.3162134944612256
0.7216494845360854
-1.5353121801432958
8.108108108108105
-7.6923076923076925
0
0
-0.7291666666666696
-3.4627492130115396
2.39130434782609
5.201698513800415
3.329969727547943
-6.250000000000005
0.10416666666666075
7.492195629552552
2.420135527589545
-3.3081285444234405
2.5415444770283564
-5.147759771210682
-0.30150753768843935
1.5120967741935483
-0.4965243296921549
-1.6966067864271486
0.4060913705583814
0
0.5055611729019212
-3.8229376257545384
1.8828451882845307
-8.110882956878855
1.675977653631285
-6.263736263736266
-11.371629542790155
7.40740740740742
-1.4778325123152745
11.25
2.3595505617977466
-1.8660812294182094
1.0067114093959635
-1.218161683277956
-0.896860986547082
0.9049773755656075
0.5605381165919282
-0.11148272017838186
0
-0.33482142857142544
1.1198208286674132
1.7718715393134092
0.21762785636560242
-3.257328990228013
-0.11223344556677253
0.5617977528089888
0.11173184357541265
13.281250000000005
5.221674876847288
-3.0898876404494358
-2.1256038647343023
-1.4807502467917077
-2.304609218436871
2.358974358974356
0.5010020040080161
4.885343968095719
1.1406844106463905
-0.8458646616541406
0.47393364928909953
-1.8867924528301887
0.19230769230769504
2.0153550863723555
-0.4703668861712136
-0.2835538752362922
-1.8957345971563981
1.5458937198067577
1.8078020932445344
-3.8317757009345743
0.7774538386783256
-1.0607521697203552
-0.9746588693957116
-0.19685039370077623
3.55029585798816
-6.95238095238095
9.416581371545549
-12.535079513564082
-1.8181818181818212
2.9411764705882386
0
2.0105820105820165
1.4522821576763396
-2.7607361963190216
-0.9463722397476252
1.8046709129511707
-2.398331595411899
-1.28205128205127
-0.2164502164502195
0.32537960954446543
1.0810810810810811
0.42780748663102214
-0.6389776357827567
0.4287245444801776
0.4268943436499375
-0.8501594048884136
0.85744908896034
-1.9128586609989344
-1.0834236186348862
-2.190580503833516
4.591265397536404
-5.781584582441119
-4.318181818181815
2.1377672209026093
0
1.744186046511628
-0.4571428571428636
2.4110218140068986
-1.6816143497757847
-2.7366020524515458
1.1723329425556859
1.8539976825029068
0.6825938566552836
-2.824858757062147
11.627906976744185
-10.9375
0.5847953216374269
-0.6976744186046445
-1.6393442622950885
-3.2142857142857175
-1.476014760147605
1.9975031210986376
0.7343941248469943
1.2879708383961146
-0.07197696737044419
-0.45618247298919024
1.1818620356970622
-1.1680572109654397
6.584659913169311
-2.2855849739760083
-0.02315886984714685
-0.5096131572851491
-1.2572759022118887
1.1318085357227163
3.6372114712054144
-4.881889763779531
-0.16556291390728545
-6.159677801468849
1.237061348144413
-0.2493765586034948
1.25
-1.8518518518518519
-0.8805031446540916
-1.040609137055829
1.6927417286483626
-1.5132408575031562
-0.896286811779755
-0.8527131782945875
2.423768569194683
-1.9847328244274658
9.034267912772576
-5.261904761904764
-0.47750691128423656
0.5303030303030324
0.753579502637521
-2.8172525554724572
-0.20523345305284327
-6.349614395886887
-1.5920944276694984
0.6694560669456122
0.9697977279024502
4.253567508232723
1.7636220057909833
-1.8623900672529718
0.527148128624151
1.9926586261143104
-0.6426735218508998
0.8279430789133255
0.5901975878881293
1.5306122448979447
0.25125628140703876
1.0526315789473728
1.3144841269841299
-1.0281517747858058
0.5441503833786764
0.22140221402214863
0.39273441335296166
-0.48899755501221454
-2.457002457002457
0.6297229219143576
1.3767209011264008
7.209876543209881
-0.6448641179180127
1.4371812702827942
0.3199268738574053
-1.3667425968109372
-1.0392609699768955
-1.003500583430571
-2.498821310702504
2.006769825918758
0.14221379473809498
1.2307692307692382
10.451250876782789
-10.139712108382724
0.5889281507656066
1.756440281030445
1.26582278481012
-0.454545454545461
-1.4840182648401794
2.526071842410205
-2.124773960217009
0.04618937644342524
2.8624192059095153
0.20197486535008147
-0.7838745800671925
-2.2347629796839614
0.8773955206649628
-2.0141908903639174
2.0088764307404796
-4.534005037783384
0.6236507555768892
-0.11918951132301372
4.773269689737471
0.6833712984054767
-0.4524886877828118
7.590909090909099
-1.7743979721166103
2.2365591397849443
-0.6100126209507765
-2.0317460317460334
-4.731043421905374
4.1043083900226645
0.7405793944674438
-1.0162162162162138
-0.24027959807776197
3.3282242172104137
0
-0.38143674507310815
1.8932142097426092
-0.1043841336116851
-0.9404388714733601
-5.189873417721521
-1.5131286159323536
2.869408043380034
1.032286404568414
2.2826086956521676
-2.2104144527098812
-0.1956096500760624
0
-2.569686411149825
