3.3783783783783785
0.3050108932461824
-9.296264118158113
1.4367816091954022
2.077431539187902
-0.13876040703051942
0
-2.5011579434923603
2.375296912114014
0.23201856148491878
1.2962962962963016
0.5027422303473466
-0.8185538881309737
1.742320036680427
0.7210455159981948
-0.6711409395973155
0.13513513513514025
-0.269905533063438
8.028867839422649
-0.20876826722338204
1.5062761506276128
-1.8961253091508634
5.3781512605042066
2.870813397129182
-1.8604651162790742
0.2764612954186481
1.339109885781806
-1.2825495530509177
-0.23622047244094263
2.6045777426992873
-2.7307692307692286
-1.146698299723213
0.47999999999999543
1.9108280254777117
-3.7109375
1.4198782961460445
-4.039999999999997
2.7928303459774857
-1.459854014598538
-0.37037037037037274
-1.5695993391160608
2.349979018044479
-1.3120131201312082
1.204819277108436
-0.2463054187192095
2.05761316872428
-0.8467741935483848
0.8540056933712868
-3.2661290322580623
0.08336807002917408
2.415660141607668
-2.399349328995529
2.4583333333333357
1.2606750711671388
-2.8112449799196786
-4.917355371900828
7.344632768361584
0.4048582995951417
-0.6048387096774194
1.7849898580121726
-2.5109605420486294
2.9435813573180774
-3.6536934074662497
6.100577081615821
-4.7785547785547715
0.3671970624235029
1.4227642276422765
0.20040080160320642
-1.1600000000000024
-0.4451639012545505
0.04065040650406273
-1.9910605444941105
1.5339966832504217
0
-2.4908125765618596
-0.9212730318258028
3.7193575655114164
-2.118989405052982
5.245628642797678
-1.8987341772151942
-0.9274193548387143
-0.6919006919006873
0.7377049180327916
2.5223759153783516
-0.6349206349206327
2.6357827476038316
-4.591439688715957
10.114192495921701
8.96296296296296
4.24881033310673
0.6521030322791002
2.4943310657596336
-2.1491782553729313
0.775193798449605
-1.410256410256403
0.7477243172951737
-6.744111003549525
-3.875432525951553
3.7077033837293056
0
1.8743491843109952
3.577512776831346
0.6249999999999926
0.032690421706447446
-2.1241830065359477
2.8380634390651087
-0.16233766233766234
3.934959349593503
-7.4468085106383
-1.893171061528067
2.4465885596140673
4.238143289606446
-6.356889319135202
-0.06891798759475831
0.4827586206896473
2.9512697323267068
-2.1000000000000036
1.804562478719786
-3.0100334448160537
0
0.20689655172414578
2.3399862353750702
0.302622730329534
-3.3188065705665553
-2.18446601941746
-0.531726338177951
-0.42765502494655927
3.722261989978538
-3.4506556245686677
-0.8220157255182313
-2.1981981981982064
0
3.3898305084745934
-0.249465431218833
-2.750982493747763
2.2042615723732553
-3.9539899352983467
1.0479041916167708
-1.777777777777782
0
1.960784313725486
-0.14792899408283183
-1.777777777777782
-1.5837104072398147
2.0689655172413706
1.35135135135136
-1.0740740740740657
5.578435043055027
-4.5390070921985854
-0.7429420505200595
-0.07485029940119335
1.4981273408239701
0.6642066420664249
-1.026392961876837
0.7407407407407407
-2.9411764705882355
2.4242424242424154
-1.9600591715976166
1.0939268200678902
2.8358208955223967
-2.830188679245287
0.8215085884988755
0
0.7777777777777862
-1.1025358324145533
0.37160906726124115
-0.8145131432802833
1.866368047779022
0.40307805056798196
-1.4598540145985401
0.11111111111111532
0.2589715131335511
1.180811808118077
1.3858497447118934
-0.7553956834532456
-1.594780717651315
-1.3259668508287377
-0.671892497200431
1.8414130026305813
1.1070110701107012
-2.4817518248175223
0.03742514970060731
2.805836139169472
1.8922852983988312
0.6071428571428531
-1.2779552715654832
0.719165767709457
1.3923598714744652
-1.443661971830994
-0.25008931761342934
8.631805157593131
4.813715792944268
-4.498269896193758
0.06587615283267083
-3.1270572745227123
0
-5.02888209310228
0.8944543828264758
1.524822695035465
3.2134125043660453
0.5752961082910283
-5.820995962314943
-7.395498392282955
2.4305555555555602
-1.5065913370998116
0
-1.4913957934990352
2.0962732919254567
-2.3574144486691972
-1.8691588785046773
1.2698412698412653
4.388714733542315
-3.8663663663663494
4.607575165950783
-2.9488615154908464
0
-1.307692307692299
0.9353078721745819
-1.6602316602316647
4.397330192383191
-3.3847311019180144
0.42818217205139075
2.3643410852713265
2.2340022718667085
-1.6666666666666667
0.866290018832396
0.9708737864077542
2.0340236686390534
2.0297209133744194
-2.664298401420959
12.335766423357667
-1.2345679012345716
-2.4671052631578947
-0.16863406408094436
-1.0810810810810771
3.0737704918032787
-1.7561298873426148
2.1922428330522767
-3.0363036303630326
1.3955071477195253
-2.215508559919425
0.7895640233436358
0.6811989100817438
2.165087956698233
-4.635761589403973
2.0833333333333335
-0.20408163265306895
-1.4996591683708171
-1.1764705882352862
4.936974789915954
-3.203203203203192
1.9993105825577229
1.4531936465022006
1.5323117921385818
-7.611548556430443
5.042613636363632
-9.9053414469236
4.165103189493442
-6.592219020172914
-1.1955264172772937
3.0444964871194427
2.4242424242424154
2.9215976331361073
-0.8623787279913885
-0.5799202609641051
1.932191031717102
-0.9656652360515183
-2.1307331166486017
-0.33210332103320195
4.405775638652342
-2.1631205673758944
-0.6886553098948812
-0.9854014598540104
3.169922594913367
-1.429081814933905
0.6886553098949019
-2.843772498200156
2.741756206002236
-0.8294266137756983
-3.41818181818181
1.1671686746987822
-0.7071082992184509
-3.0734632683658125
4.17633410672852
-1.4476614699331765
-0.18832391713747645
1.0188679245282977
1.5315651849084881
0.809418690213388
3.722627737226273
-4.820548909218856
0.8872458410351117
-1.7222425796995195
-0.0372856077553937
1.1935844834017115
-3.0593438997419873
0.722433460076037
3.05775764439412
-2.490842490842495
-0.8264462809917313
-0.7575757575757576
2.8244274809160217
-3.4892353377876684
0.07692307692307256
-1.0760953112990053
3.5353535353535444
-3.9399624765478425
0
-2.382812499999998
4.041616646658661
-0.03846153846154721
1.9238168526356292
-0.8682521706304095
-4.036557501904045
3.134920634920626
0
-2.0777222008464706
0.23575638506876004
-0.11760094080751977
0.43171114599685806
-2.6572880031262254
1.1641910879165016
3.7301587301587213
1.7597551644988612
-5.601503759398498
2.5487853444842714
-3.067961165048546
1.3621794871794894
-2.0948616600790557
19.983851433185304
0
2.9273216689098214
-5.263157894736831
-0.5521048999309948
2.220680083275515
-0.7467752885268314
12.585499316005476
1.8833535844471412
-4.1144901610017754
0.9950248756218869
8.866995073891628
0.6787330316742016
1.067415730337082
0
1.63979988882712
-0.46486190866830424
-0.08241758241758554
1.7321968655485322
-9.108108108108105
-1.81385667558728
-0.09085402786190533
2.2734161867232494
-1.7486662714878416
-0.8748114630467503
-1.8563603164942246
3.5038759689922516
-1.1384062312762167
0
-0.9090909090909091
-1.834862385321101
0.28037383177569386
-1.1494252873563184
4.336895034569457
0
6.084337349397587
1.6467915956842736
7.206703910614528
0.18238665971860046
2.210663198959688
0.07633587786259831
3.991863717264172
2.5916870415647977
-7.221163012392757
-0.3339326997174445
-3.2989690721649514
-1.9989339019189767
3.6442752243677003
-0.8134347940173242
4.788359788359794
0.9845998485230945
4.400000000000006
2.4904214559386917
1.9158878504672872
2.384227418615322
-2.955665024630552
1.2459621596677513
-0.752051048313585
2.8702640642939152
-3.1919642857142883
2.836061793866731
-2.4887892376681666
4.621752126925736
-4.857142857142862
-0.13860013860013073
-4.64954892435809
1.8922852983988383
2.214285714285717
3.866759841602601
15.182776407266214
1.2461059190031107
-1.8269230769230769
0.2938295788442703
-1.8359374999999956
-3.2829287703939514
1.5017486113968226
1.1349817592217315
3.747494989979969
1.216920996716236
-9.675572519083968
1.8381576167335703
0.6846473029045667
2.575726354832063
3.5757332261952612
2.0170674941815316
5.437262357414453
0.973674720519289
-3.4107142857142896
2.0521353300055507
1.10507246376812
2.096398494893376
1.5970515970516013
-3.1438935912938213
-3.7988228999465075
1.223581757508347
-4.0109890109890065
-0.782293455447438
-2.0769230769230793
0
6.71641791044776
1.9138755980861204
-2.6182737450343088
1.5761171889486372
-1.4421321650237273
1.500277829227639
-4.3978102189781065
0.7825920977285785
-0.6818181818181861
2.555301296720057
-1.5619189289698732
1.6244805440120935
0.018587360594799766
2.7690020442296928
-3.508137432188061
0
-0.7683658170914585
1.9830028328611897
-3.499999999999996
1.285741700249459
-2.2925350511557236
-1.0859026565832892
-3.058223877671049
3.0940343781597597
-1.1769321302471558
2.3818975784041174
-2.5203567274137155
-2.505966587112176
2.7947776417788637
-0.3770589402659213
0.6573705179282892
1.8998614684345865
-2.738395805010675
2.236421725239614
5.019531250000009
1.1344615956853095
2.758367046708349
4.867573371510388
-4.999999999999992
-18.771331058020486
-1.5037593984962432
