-1.4432989690721707
-0.2615062761506276
-3.9328788673308863
-0.6550218340611292
7.417582417582418
-0.7672634271099744
0.2061855670103122
-1.1316872427983626
2.6534859521332064
0.506842372022301
-0.7060010085728722
0.8125952260030443
0.7052896725440835
-2.901450725362687
1.287995878413189
-0.3560528992878884
0.8677896886166353
-0.8097165991902805
-0.40816326530612823
-0.4610655737704802
1.4410705095213499
0.5073566717402334
1.918223119636553
0.9410599306587447
-2.6987242394504416
0.6555723651033701
1.2024048096192415
-0.9900990099009901
2.549999999999997
0.4388103364212607
1.1165048543689375
-1.2001920307249159
1.7006802721088434
2.006688963210697
-1.873536299765808
0.429594272076375
1.2357414448669175
-0.610328638497658
0.3778932451582482
-0.329411764705877
-1.6997167138810305
0.7684918347742665
3.050524308865575
-0.13876040703051942
-0.6947660954145437
2.61194029850746
-1.6818181818181765
-0.6934812760055478
-0.13966480446927904
-1.1655011655011656
-0.5188679245282992
1.0431484115694587
1.267010793054912
-1.807228915662653
-0.33034450212365124
-0.04734848484848216
1.6106110847939392
-0.7925407925407872
12.12406015037593
0.5867560771165153
-4.541666666666669
0.3491924923614192
1.087429317094389
0.3872633390705704
0.8572653236176596
-0.5099872503187493
-1.153353267834254
1.555747623163351
-0.17021276595744922
1.4066496163682913
5.338377469525006
-0.39904229848363926
-2.4839743589743546
-0.20542317173377156
-0.08233841086867726
-0.45323444581787986
0.9105960264900733
4.224774405250197
-1.6528925619834667
0.04001600640255875
-0.7200000000000045
-2.054794520547943
1.5631427396133326
-1.1745646010530602
2.5409836065573725
-1.6786570743405231
2.4390243902439024
0.317460317460322
1.9778481012658227
0.03878975950347785
-1.6673129119813817
0.5126182965299729
0.15692428403295633
0.5875440658049353
2.9595015576323855
-0.9833585476550553
-1.5660809778456923
-1.707411719053154
6.790367153572833
0.48059149722736094
-0.7358351729212657
-2.0014825796886706
2.118003025718617
1.0740740740740657
-2.565042139978014
1.9556224144415366
-2.7296200663961763
-0.07584376185058347
-0.26565464895635243
-0.7229832572298455
4.177845917976249
0.07358351729212238
-1.17647058823529
0.29761904761905184
-1.0756676557863627
0.11248593925759706
0.7116104868913773
1.785050204537007
-1.278772378516624
0.07401924500369676
0.5177514792899535
0.7358351729212657
-0.8400292184076009
0.2578268876611376
-1.4695077149155034
0.6338553318419048
-2.0748425342719403
1.9674612183125193
-0.33395176252318265
-0.07446016381237731
0.5961251862891292
-1.0740740740740657
0.0374391613627727
-0.07485029940119335
0.8239700374531793
-0.44576523031203147
-5.186567164179106
0.07870916961826724
-1.4942980731419626
0.039920159680636454
-1.5163607342378225
1.377633711507284
-0.759392486011182
1.409585179218687
-0.9134233518665652
1.1623246492985995
-3.0110935023771765
1.1437908496731957
3.4733441033925665
3.0054644808743127
-3.9029935581659654
-0.15772870662460792
1.4612954186413858
-9.653561697158421
12.45152951314089
-3.409961685823757
1.745339151130506
-1.1306042884990275
1.616719242902206
0.7372914241366062
-1.3867488443759717
0.390625
-3.229571984435802
-0.8845999195818209
3.691683569979714
0.15649452269170802
0.07812499999999556
4.527712724434045
-4.256908140403299
-0.11700468018718976
0.3904724716907458
0
1.283547257876295
-1.38248847926266
-0.50623052959502
-0.11741682974560132
-0.23510971786833634
0.5891594658287621
0.3904724716907458
-0.11668611435239648
-0.07788161993769027
1.208106001558833
-1.3477088948787062
-1.7174082747853152
4.765687053216839
-0.7581501137225171
0.8785332314744122
-0.9087466868610503
-0.573175391669851
1.345119139123751
0.3033750474023555
-0.9829867674858309
-1.7945780832378728
-0.46656298600310603
1.6406249999999956
-0.6533435818601032
1.7021276595744592
1.9018638265500192
-2.314296379245983
-0.3439052350019019
1.8788343558282121
-0.11290929619872464
0.7159005275056648
0.9352787130564908
-3.187546330615279
0.4594180704440998
-2.3246951219512066
0.23410066328519932
-0.661736084079404
0.4702194357366727
-0.8580343213728505
-0.5900865460267506
0.8705975464978303
-0.07846214201648374
-0.6674519042010164
-0.9881422924901185
3.193612774451098
-0.19342359767891681
1.6279069767441816
-3.051106025934401
3.973249409913463
-0.3026863412788541
-1.8975332068311195
1.7408123791102514
-0.8745247148289017
0
-0.19179133103183738
-1.9215987701767872
1.9592476489028214
1.4604150653343626
-4.545454545454546
0.039682539682537425
1.3883379611265372
-0.6651017214397452
-0.7877116975187082
-0.5954743946010321
0.5990415335463258
0
-1.389440254069075
-0.9661835748792293
1.1788617886178885
0.7633587786259565
-0.3189792663476919
1.5200000000000045
-2.4822695035461035
0.12121212121212581
1.3317191283292908
-0.6371963361210651
-1.1222444889779604
0.6485610052695674
0.8054772452678212
-0.3995205753096284
0.04011231448054325
1.4434643143544483
-4.782608695652172
-0.12453300124533473
-8.31255195344971
-1.949229374433356
1.0633379565418322
3.385178408051238
-2.9646017699114995
2.5079799361605106
1.6903914590747253
-0.9186351706036721
2.737306843267103
-0.9024495058014587
-0.043365134431914275
0
0.43383947939262474
0.4319654427645788
0.7741935483871016
-0.46948356807512703
-0.30017152658661606
-0.0430107526881696
-1.9793459552495671
0.04389815627743385
-0.7020623080298352
0.1767565178965874
3.7494486104984563
0.552721088435379
-0.21141649048625794
-1.1016949152542348
1.9280205655526992
-2.269861286254731
5.763440860215056
1.992679951199677
-3.7081339712918706
0.12422360248447675
-1.5301902398676661
-0.2939941201175929
0.12636899747261288
-0.3365586874211119
-0.08442380751372607
-1.9011406844106464
0.5167958656330823
0
-2.227934875749793
0.39439088518843374
3.448275862068968
-2.109704641350211
-0.4741379310344803
-4.634040710264191
6.2216167120799355
2.5224454895254405
-1.3761467889908303
-2.5792811839323444
-0.694444444444442
-0.3496503496503546
0.043859649122804524
1.0960105217010083
1.6912402428447553
2.9424307036247357
-3.9353769676884838
1.0349288486416583
-1.2804097311139564
-0.6052745352356271
1.0439321444106158
2.238484718037016
-3.0736842105263205
0.6950477845351967
-0.7765314926660963
0
2.869565217391302
0.42265426880811496
0.2946127946128018
2.056231640788912
-0.2878289473684164
-1.0309278350515463
-2.2916666666666665
0.8102345415778276
0.25380710659898237
-0.5907172995780615
2.249575551782687
-2.407638024076385
2.3394300297745643
-0.540315876974224
-1.6715419974926868
0.04249893752655942
-0.9345794392523437
-0.30017152658661606
-1.8064516129032209
-0.9636443276390788
-3.5382574082264484
0.36680421824851506
-2.7866605756052967
-0.18796992481203273
0.1412429378530993
0
1.5514809590973255
-1.0185185185185133
-6.173994387277838
0.6979062811565333
4.60396039603961
0.331282536677704
-2.1698113207547145
0
1.6875602700096433
2.4182076813655735
2.59259259259259
-2.2111913357400748
4.5685279187817285
-0.08826125330979198
3.5335689045936394
-0.8959044368600658
1.506672406371072
-0.042408821034784876
-0.08485362749257049
0.4670912951167704
-1.4792899408284024
-0.47190047190046946
1.5086206896551724
-1.0615711252653928
0.9442060085836861
0.4251700680272109
0.04233700254022978
-0.7194244604316619
-2.3444160272804773
3.666521169794852
-4.75789473684211
4.332449160035372
0.042372881355929794
-1.9483269800931784
3.6285097192224645
-2.5844101709045506
1.6688061617458305
-6.481481481481484
5.175517551755176
-0.5134788189987115
-1.2043010752688221
-1.175446234218541
1.3656387665198213
1.3472403302911753
1.7581475128645039
0.9270965023177364
4.718162839248439
2.4322169059011025
-0.27247956403269313
-0.9367681498828951
0
-0.23640661938535174
1.2243285939968496
1.1314865392118523
-0.19290123456790123
-0.2705836876691104
6.356589147286813
-1.2390670553935779
1.8819188191882004
-0.7605939876856294
4.12408759124088
0
-0.3154574132492233
-0.9142053445850795
3.6905606813342713
-1.9849418206707774
0.1745810055865922
-1.8473335657023195
0.8877840909090908
-0.4223864836325397
1.8734535171438713
2.116585704371972
-2.310567448182131
-0.17391304347826086
1.5331010452961593
-1.0295126973232671
19.833564493758686
-1.2442129629629661
3.4280691473776703
0
-0.25495750708214654
-0.3124112468048914
0.0854700854700887
-0.28465698832906344
3.711104767342278
-1.2111202862648043
16.801337419894125
-0.4770992366412214
6.112176414189837
-1.513440252992995
-2.316513761467895
-1.0096266729279066
-5.811195445920303
0.40292117854443865
10.283421118635566
-3.0475324084603086
2.134646962233161
0.6890215893431327
-4.174270072992691
-0.9759581052130498
1.1538461538461566
2.5190114068440983
-2.573018080667586
0.40447299547941673
12.535545023696677
-0.6106548747104606
-0.7627118644067845
-1.793339026473095
-4.891304347826087
0.29714285714285976
-5.264357338195082
-4.9795525619437075
0
-2.7848101265822787
-2.265624999999997
-4.609645616839864
9.497206703910615
-1.301020408163271
-2.3261824760920136
-0.29108229690393383
-1.0881104033970337
