0.34311623062313196
0.14044086218476853
-3.048780487804878
0.6289308176100629
2.668750000000003
-1.6253728617519965
0.8044554455445545
-0.411295273173729
0.9862540837083154
0.8240249038637613
1.8404165153166299
2.2470574248008535
0.11046511627907506
-0.023230152738259534
-0.4763287830380509
-0.6303624584135852
-1.4390602055800295
0.11323003575685882
-0.3631168521935911
0.011948858883979297
0.5973715651135006
3.2066508313539193
-1.524741081703107
0.9056383289512124
2.1656050955414066
1.3489004760825183
-1.4427916340454061
0.19291874716295185
0.6229471061275342
1.0299414678072916
-1.264553506768415
0.6093432633716968
-0.39816061013908344
-0.9064804909633416
-1.6363636363636338
0.7220425138632163
-3.498308195217067
0.42788375824567926
0.2603704361204724
0.35412854866316473
1.9584779156619394
1.701661282879557
0.9698825931597832
-0.005617346365584565
0.3988539969664702
0.4979856759176289
-0.8407104281498753
-0.25266704098820886
1.6493104418800988
1.8938974415771428
5.461956521739131
4.612213347075496
-2.3251231527093617
2.6830744401855986
-4.494106090373281
-0.9822576497814302
1.5321491638101172
1.2839531433832885
-0.6919191919191943
-3.2192442658800773
1.418812401471361
1.5544041450777202
-3.3622448979591884
2.106541365292228
-0.08273009307135
2.2562616435520546
-4.433198380566797
1.1438254607074723
-3.717277486910995
-0.11963023382273222
0.8819686411149851
2.320561252023745
-2.705696202531643
-2.249688296199924
5.601153504880213
1.6699926478311078
-4.137396694214871
2.624063796540752
-0.3727816864433429
0.14756258234518865
-1.9260116823659374
-0.21462681762086172
1.0646878528794943
2.3676509710029263
-0.16112266112265639
-0.026029465354781612
-3.254530306186211
-1.9322891436568217
-0.433589462129533
-0.23703213714789453
0.07183114156260109
0.9110485340400862
1.439045743051006
-0.7120125141593422
-0.24447221165860814
8.811676287986057
-7.8428428428428445
-3.329169608428825
3.651685393258427
1.398373983739835
-1.3577079324353145
0.791156388858779
2.967741935483873
1.7909356725146175
-1.6978712490382102
0.19828845752452276
-2.9267784605770255
2.1459227467811157
-2.431722689075628
0.016149001453407683
-3.3369214208826694
1.4142538975501164
0.11529592621060222
5.483959418700302
-6.514166883285675
-2.947391836280725
2.0857208342883258
1.476201167489907
-1.3662260080756703
-0.628084342754601
-2.274266365688485
0.38112837096494245
0.5177472242996031
-0.4063412121558925
-4.143201930812558
0
2.1941130627660295
3.824719892063122
-4.271427764280475
-0.39544354600720333
-2.7198388243659557
0.5055734908935832
0.9393939393939394
-0.3302311618132693
0.17469879518072837
-2.8143604546274688
-4.554173627869557
1.5235008103727714
-3.52490421455939
-0.07942811755361699
3.239268680445157
0.8662175168431184
1.5712468193384252
0.720235485689234
-0.4663599054843925
0
-0.5809958143312273
0.9174311926605447
0.16189290161892336
-0.3356956359567241
3.4368762475049843
1.9115962129892086
0.8875739644970414
0.16422287390029058
-2.9862981613772104
1.5632544664413381
-3.0665002674273567
-0.06743915149285201
-1.061349693251531
-0.5084640664723783
1.2215643502648743
4.057631919216803
-5.284023668639051
1.0807771599925005
-0.6118665018541465
-1.5732852434550062
-0.20217336365934077
0.2848822486705495
-2.146329145887255
-0.28385265466743204
0.8539820146212102
0.7569439989736323
-1.2160183357738674
1.8303686517143654
-1.8607594936708918
0.8641816071198305
-3.5869565217391246
0
3.7800915180051726
0.5815068055466744
2.7382465057179104
1.2862531692536134
-2.9611087367971183
-3.674342519189637
4.219464402351399
3.352970669340687
-3.3775999029773707
-0.4832433789381226
0.586491770196125
0.9090909090909091
-2.5908667287977662
0.7207551983671358
-2.14045975555696
2.1872775512845375
-0.3546323855360591
-0.3558945027009793
-2.551183111167804
2.8797696184305255
-4.033335453909287
1.7765992707988036
0.5340975705073957
2.2351797862001943
4.474017743979715
-1.625621739657889
5.049944506104334
-0.8041321828960524
1.994082840236689
-0.21465452224865378
2.5813953488372148
-0.1416912264792564
-0.6810829218457347
1.1486370649751363
-3.3841807909604573
-0.25729489503537006
-2.0929823532860437
0.10179640718563146
1.8783274510976768
0.816158769303041
0.9376820034944618
1.4194218452484069
1.1606076122205076
-0.30369495528934615
1.9349015625881398
0.8245711123409015
-3.2383775179757395
0.4027454762039769
-1.9096045197740088
-0.11519410206197442
-0.9053165724829919
1.8329938900203666
2.3542857142857168
1.1054041983028111
-0.6681391496410772
-0.9505809105564587
-1.2852171960938301
6.884984933765416
-5.351063829787229
0.26975384961222626
-3.9121174756193224
-0.8399440037330898
2.5
0.45911047345767575
-1.502427877749212
-0.8177705602598385
2.4326062803344914
-0.15413598218873353
-1.2235563178959457
-1.0129659643435982
1.5730074264662939
-0.9786989061600461
-0.3139534883720983
0.43158754228391993
-1.1614401858304297
0.8225616921269095
-3.4149184149184095
0.29564377941353104
-1.6543343560127535
-1.1499877660875921
-1.3428217821782207
-2.182776139998743
6.405899326707284
1.4463058936965167
-1.710823333729368
0.5560256255288315
-1.3102536362543549
1.3276492082825795
-0.012020675561969316
0.8235152680932945
-2.3132415191080877
4.504119621605124
-2.8032470945511885
0.33647779847384107
-0.7485478172345649
0.7783275009050237
-0.33526911333292875
-0.0420496185498916
-0.2403846153846154
0.5301204819277081
-1.180488974113138
0.7822448608331873
1.1311672683513811
0.6663493574488366
-1.1938534278959838
1.3996889580093368
1.4098631429919692
0.6340527019952353
-1.3872832369942196
-0.11723329425556858
-1.0446009389671336
0.1067489028584957
0.6220379146919431
0.8419193405946397
0.29775805698272634
0.35508469643168455
0.20881670533642163
-1.0187543412826991
0.3216374269005848
0.6295540658700061
0.31280773909517995
-1.0278916671478866
0.5076142131979589
0.07546731684663775
-0.07541040663612633
0.377336584233136
-1.567289341275803
0.3525264394829612
-0.5327868852458963
1.7481900052975348
-0.03471017007982813
0.572916666666672
0.6962425916335755
1.1428571428571428
-0.8644067796610144
-0.8206531030945512
-1.459518473826344
0
-2.991428071607684
0
-1.2863669151238197
-0.7307270734380709
0.6747638326585694
-0.4447964903728951
2.3134830772997095
0.47855476461087515
1.5598023456569652
0.9203353068761251
0.7957713754646867
-0.27084653950325854
-2.837166300704953
3.187630092179596
0.3400380381534258
0
0.44227455485353506
-0.6118831131697858
0.4833141542002354
1.0879523591387998
-1.3764585929534485
0.9706507380391759
-3.185437997724687
0.4700352526439483
-0.5614035087719245
-0.2587626440837503
1.3679245283018895
0.16868310842251416
-0.3542186864874229
0.2331002331002331
-4.290697674418602
0
1.3181873405418567
-0.37172492355657083
0.9147258831317353
-1.604150515832792
3.3212121212121186
0.7097606757390976
-2.6443007746519944
2.0640143583607538
-1.383352872215704
-0.737042320494537
1.8443113772455062
-1.2229539040451525
-0.005952380952375539
0.22620394071075386
-1.0512561620241163
0.9603841536614646
-0.6896551724137877
0.3352490421455884
1.008353221957046
-1.943410715340545
1.7469879518072289
0.6927175843694521
-1.4288234256482597
-1.0200429491768155
0.7533297173506901
1.0587390836224457
-1.5211601065403992
4.718115158071884
-7.536015611547952
3.8237119801365553
1.9490613416238274
-0.09383063570256488
2.9995304061986463
-0.03989285917820969
-2.1208665906499458
0
-1.607642124883499
-0.7814349988160102
0.05369928400955196
0.19082831415110132
0.3690256532349292
-0.28464685998932304
-0.208147487362474
0.8462455303933281
-1.5482803451128735
0.8343337334934028
-0.5238407048038681
-0.011968164681935138
-1.2687773056436678
-0.3455173667939653
0.9428223844282239
-3.5793913829466764
3.68101993625399
-1.024713682941531
0.7978075517661333
0.21146758504017885
-0.12661280598094232
0.2112888620585572
0
0.09638554216866922
1.1795859412614431
-0.011896264572926807
1.754907792980369
0.6372405729318966
0.6796793307772637
0.438520570076749
-2.8896420980065463
0.567912920018925
-1.329411764705877
-0.3994276857040685
-0.8020590171784336
0.04223737404211944
-1.1881785283474093
0.7141549166819292
1.7333333333333278
0.20254974383415295
-0.37455410225921254
0.2566091782538613
-0.39285714285713746
0.7888131946934276
-0.20751808371872407
0.053472758600207414
1.3301662707838533
0.796999531176741
1.6104651162790724
-0.017165417405730646
2.9071763763305456
0.05005005005004246
1.2117169695959193
-0.3020484375858092
-1.6139693731409155
0
-1.5564638038183727
0.6654154581129527
0.7683615819208988
-1.8838304552590217
2.9485714285714235
-0.6383214920071049
-1.1842913803698016
1.0967267793543933
0.6318850304758684
-1.0891309179817688
3.668539325842694
1.5444643147455699
-5.747678514249121
0.787044901194728
-1.8370786516853959
-0.05150804097750035
-0.4867155290884104
0.005754071005230971
-1.467203682393556
1.1386861313868613
-3.129330254041573
2.5151984741923976
-0.9069767441860412
1.149964796996005
-2.0997679814385175
0.6813603507524588
0.6237862649326273
0.16375226621439584
-0.6013896187306565
0.6050281954887191
-1.1677468324867168
1.1224670644532404
0.5316352164514757
0.46490004649000466
-1.0180472003701937
