0.09535027202870705
1.4400986215398435
-1.0826934762194063
0.5305187915340369
2.6608154649483313
-1.9100698014176698
0.0772285966460774
-0.04960864292801736
0.5239066894612033
1.212420452051796
-0.1734511355629056
-0.5212575338003006
0.8896894274330104
-0.4273966673880161
3.232817169247487
-0.6473684210526292
-2.161360385654498
1.0720667063728384
-1.1303369582686096
5.11486779367144
-5.876288659793815
1.3526834611171985
1.0374452909709864
-0.026739397828760895
1.3908205841446453
0.7122507122507122
-1.1158258683011253
1.0383555838101366
-2.359479865771812
0.5316292557190346
0.16558944500828676
1.2212030716723477
5.631947737210901
0.7481296758104738
-2.9207920792079207
0.9127995920448797
0.399211683258369
-0.342258908798065
-1.171717171717174
-0.48037612428453924
6.54205607476636
4.0003855793329475
1.223468347390844
-0.6455452797362837
2.1197179853462975
-0.8257750101529592
1.1511511511511388
1.7902928343304478
-2.6072738521366388
1.2795498888334234
-0.9856189238833386
1.5564906565313827
0.09801737580752141
-0.07566653313748245
-1.2204899777282892
-1.3392857142857062
1.9242195712783905
4.932735426008969
-5.333333333333341
1.1917659804983791
-0.5710206995003447
1.224874371859284
0.6338371526084917
0.5813953488372012
3.3280784725871433
1.2883539582980206
1.8828451882845187
-0.0369609856262871
-1.610451501581686
0.7223683661113085
-2.8894784843711063
0.14941302027748132
2.216538789428815
0.2585487906588748
-3.448132434905567
1.4905440916727655
15.56942145252344
-3.2577955705733217
1.4844343204252053
12.1506864688938
-8.759464958804493
-1.286878952948498
4.803525795340923
-0.0671425542441194
0.8451501113900807
0.922224559927054
0.3127062992946736
0.6061445741401407
-2.6027680231357126
-0.8837044892188052
1.3944365192581993
1.0692553902430477
5.950930920480251
0.8539990146165216
-4.2729197199153175
1.6704657571530606
-0.05019408379065721
-1.9953798252368646
5.640009565128272
-0.400983055232185
0.5097402597402538
0.17766579448913009
-2.2249451825099964
0.257238968405784
0.7039473684210557
-0.6990265891422255
-1.825657894736842
1.1492712347126883
-4.094342122697772
2.7908261950815207
2.0698924731182764
0.41150908612062154
0.4294941149470479
-6.241838600156694
5.383008356545957
-12.773409105927442
19.087121212121215
-2.201087820859451
3.701174098286018
-1.8911713972087245
2.0650853525989503
0.7798797293911186
-1.8491469061752184
0.45595592426065773
-6.17474626489315
0.7827459938858529
4.486666666666664
4.571556179416837
-3.188016718020684
0.8413688788050614
-0.0031249023467988203
-1.3968749999999943
-0.8905650809748792
2.4558710667690007
0.39637952559300305
1.3461000404140948
-5.708588957055213
0.06831712157194147
1.4661898569570841
1.40014738393516
0.5529575328614762
1.1972472739842224
3.735560799900625
-1.2153141557158653
-0.1424199266688833
-0.4582144807914034
6.892662256500927
0.5561259411362081
5.612751354264161
0
0.43235404694129403
-0.22727880424610283
-0.27335584499116344
0.5052133720305327
-5.556149732620326
0.5888681275126035
-2.4908528004503236
0.7129455909943663
0.14616531009974676
0.35772543857138767
-1.6881487395916581
1.9636848822369264
-3.4676983472249905
0.9223787351918349
1.4307822582999972
0.5728761838961365
-1.897755896496443
2.307939194117816
-0.4620123203285499
-0.05157297576069358
1.3501891984864094
0.8457078206760031
-2.54950356201268
1.159879119297746
1.1266643905769862
0.04501462975466771
-0.32902137232845385
0.2793217278446981
0.7343424680659604
0.9859508979694362
0.01106317070472649
1.4629424778761086
1.3164708768295599
0.963090498224475
-1.934452438049558
-0.8776219976089604
1.5460102519119567
-0.2915373194763175
0.5522917399897147
3.002073180582106
-4.83845671267252
0.008240626287602854
2.1094264996703944
0.4868732515601439
-1.4267740985625113
0.4507929611123156
4.695863746958633
-0.8237147209956784
-2.7754634451156104
-0.38026886615606603
0.3790322580645137
-4.126831097185397
-3.6703910614525164
0.32766919909529035
-1.9509234370935575
0.7045159768895204
-0.7552029973948476
3.1676743843091018
-4.399782726778927
-1.2529904306220123
4.6636988583022925
0.20832730534418198
-1.6775907371582122
0.5609068483495937
-0.9695412201033867
1.1677626728790043
0.94441367650917
-0.0057751725332741794
-1.8741517225446906
-0.279576221306651
-2.3314150804190645
0.5166943647076571
-2.161365959237663
0.23965342427874098
0.07356321839080739
3.8898588011883977
-2.1374450897726938
1.042357052479361
-1.6607036374478181
-0.736743170724318
1.6493585827733659
2.5811298076923106
-2.595272269252172
0.5112320692869816
-0.37100200460760824
-0.05405567734767356
-0.5829151768276221
0.28712183032611
-1.4375263697185168
0.41278092034857056
0.6638246041412966
-0.4779478492346839
2.0151975683890635
-0.18770670083127794
4.202985074626871
-0.5958519537068918
1.3544668587896254
-1.1344896218367952
-1.1590118201949822
0.5179236499068821
-0.45736119955999904
0.32569500988716465
-0.5246376811594177
0.09907048573676654
-3.434925625127354
-0.9586109185180773
-2.173185207730942
-0.4946952490588373
-0.4439997498592902
-0.9767587939698464
5.807351961686065
0.8213429256594752
0.26164000713562846
0.00889626949766271
-1.8265381764269804
4.9835392189434895
-5.08932938231825
0.6729311912700763
1.4000963507166084
0.3741425898981609
0.2987900482205694
2.8787163756488883
-3.3170871559632977
0.0474453636983634
0.4001304128753075
0.540237350180071
0.16149396599817953
-0.5892354596622863
0.2801450856654183
1.402693642298426
-1.6645883478815673
1.9788256804978002
5.2660497397339485
-0.019230240927442053
3.0444578776721363
-1.039944536291398
-2.8562190127182583
0.8127149672695047
-0.2503783188884278
-0.002758316323713495
0.7282155959506699
5.646685105567278
-6.446512351279201
0.5181203590823527
0.9233992116651506
-0.7893155623532007
0.48451479697178
2.6821182981288207
-1.736926360725718
1.8816693366640345
-3.4726293907574153
0
-0.10767829040006877
0.49198452183527314
-2.6019032950107364
-3.930870891223309
2.895355673133451
-0.2371089844308008
2.9236584388064935
0.07790112121970139
-1.031386394595644
0.34269662921347804
-1.545266222495936
2.35712254762582
-0.9222478402177914
-1.118681133821169
0.9640467279119882
0.5335879577623006
-1.5336052293424238
0.7290986978353944
1.4082126964456712
0.5110259401210935
3.846366399557884
0.1569900484274411
4.301160968093305
-1.1691288843606749
8.381227287956504
0.8631964425843621
-5.5851565447001255
-0.014982395685067772
-6.770560175819783
1.7894454862041302
1.5290278435707119
1.8663003188263043
-1.8931779434591234
0.5732071067306421
0.6782545904683356
0.10758472296933369
0.03838182236892608
1.4937589523224906
0.22429435483871196
1.2321154668208907
-2.392011724086544
-0.7099959283387646
-0.14609016582514847
0.7238193018480447
0.09938331379644491
-0.05600672080649215
0.8533075218421253
-0.06061524473405291
1.8220874399797804
-1.67283016058177
3.480828937072483
-0.4439457508049632
-0.879600137207823
1.3471758744283773
1.4780487804878137
-2.0285535740037623
1.0377312202541629
0.46861721500546755
-1.0802842089999583
2.6092692580195873
-3.571513607466834
-1.8914047260426161
3.000025167996371
-1.2803909590714744
-2.358852503650893
-3.6681200567836205
3.565695639588432
-0.3938408374834841
-3.2371623172878268
0.4455341136771088
-2.427757801632503
1.3476436410587451
0.9820314780900815
2.638841432964494
1.5262093160226349
1.8462935404948742
-1.178830580252109
0.7117259353933196
-0.4926966431930656
0.12753507214483756
1.091408591408587
-0.6695160214442748
-1.2883649206586014
-1.297621447288853
-1.666964490848293
0.14278296988577363
1.8794556059624108
0.605597964376595
1.8943800900399523
0.42941891925435455
1.2432031636183931
0.8226936503674003
3.590799031477002
1.1079166958838707
-0.7536352497861492
0.5776711467237956
-2.633224484124223
-0.0975215260929417
0.34046808409321855
0.4674449506454235
2.732575990175003
0.02298956273851671
2.983359382182591
-0.25889389813865027
0.5929738196464533
0.9876543209876463
-1.2489261878014895
1.260260528194147
-1.9296429279467686
0.1302756002785039
-2.1983445119899505
2.7087777242597393
-0.9982134881643551
1.0939931879187061
-2.039359186041335
0.21865889212828818
0.8454545454545414
-0.16451816460831564
1.0316259960721625
-0.35525962999375604
5.773930981904613
-1.8040362927160065
5.649705317242715
0.5925865380685765
-1.275696757942638
1.9999999999999962
-2.218994593722263
-0.21043076415249667
-0.8207566673557953
0.8650699351718675
0.21286269322973014
1.0063723165123275
-0.8942608056513869
0.7004388043097587
-0.7548945398007517
-0.11955804749340745
0.9844388492178299
-0.4455253315893847
5.81364317533307
0.4617324667766065
-5.046057586466604
1.6880211511083993
-1.1079999999999928
0.23257695263519798
4.668993765258966
2.1667469879518
-7.230325100473592
0
0.6711818902922693
1.2889670081015048
-0.6103520494664478
1.7479780850508815
0.1282051282051282
-1.9994090416625627
3.6864321608040127
1.1786600496277952
-2.027130594727165
1.3005045566550633
-1.3359331261221226
-0.20740798716417427
2.3077978863159507
-4.130093142703822
6.602962637186897
0.5138206503394148
0.3097014925373202
0.2882862775731875
-1.1034661820070102
