-0.38518518518518857
-1.814396192742405
-4.75613450469556
2.0992366412213816
4.361370716510903
0.7761194029850814
-3.5841232227488216
0.8602150537634443
1.2793176972281415
-0.45112781954887216
1.4501510574018162
0.8933889219773674
3.3057851239669387
0.37142857142857466
0.3415883859948729
-1.3049645390070987
0.9772923253808664
-2.903501280956444
1.2019935502785006
-0.028968713789097884
-1.9994204578383175
3.0159668835008837
-0.05740528128587504
2.814474439977028
4.189944134078212
1.420911528150137
-2.326196140629133
0
-1.6238159675236807
1.45804676753783
-0.4609544468546607
0.354126940888029
4.39739413680783
-0.2860114404576242
-2.2164276401564535
1.7333333333333334
-1.8610747051114083
0.9081196581196673
-1.5881418740074114
1.6137708445400754
16.543144520910534
-0.0681353622530119
10.386363636363635
-1.5029853819230001
2.550167224080277
0.4688136975132398
-8.318117265165348
-0.1549015268864768
-2.8147163120567353
0.9806157354618041
4.9232158988256565
-0.5165733964700892
-0.021635655560356102
-0.8656135035706557
-3.4271993014625726
-0.29385171790234055
6.075719791430504
3.2271852960034244
-1.3457556935817805
3.5047219307450135
-5.859691808596914
-0.9261253499892336
1.3043478260869565
1.0515021459227418
-1.9537056699936268
3.0106129521334273
-2.1026072329688814
0.8376288659793765
-0.7028753993610248
0.7507507507507508
-3.917394081328503
1.7283403500997143
-0.10890873448050534
0.6541648495420845
17.41767764298093
1.845018450184502
-3.532608695652174
1.3333333333333377
3.224610822831723
-8.43806104129264
-10.803921568627455
-2.835788085293466
-1.493212669683263
0.9416628387689534
-0.36405005688282654
0.9819593514501054
-4.613297150610578
-1.7780938833570412
-0.8930726526671466
0.7062834875791468
2.539298669891173
1.4858490566037763
-1.8824076225888966
0.9000473709142613
-4.600938967136155
1.1564960629921373
-2.4568231573826376
-6.982543640897756
8.49865951742627
3.731158883123307
-1.3339685564554604
-0.12071463061323033
-0.3142373700749363
-1.794374393792429
-0.14814814814815377
-2.670623145400582
5.6910569105691
0.9374999999999946
3.9295070254822577
1.5582034830430824
-0.29332129963899173
1.4482914686580752
-3.4128931519072077
0.6004618937644395
-1.5610651974288363
-0.2798507462686541
0.8419083255378779
2.249536178107604
-1.7691086414152768
-0.5772338951743246
0.6038086391082131
-0.04616805170821529
0.39260969976905047
-0.27605244996549083
-1.1764705882352993
0.32679738562092303
0.604932526756623
3.122109158186864
-1.7941242431038351
1.1189769353733807
1.0162601626016259
1.11781801922647
-2.785761662613315
0.06822833750284543
-2.3636363636363584
-1.1638733705772812
-5.275553462081968
2.5111884634510253
0.8974048023283989
-1.4423076923076923
8.853658536585368
0.8066323101053027
-0.9779951100244448
-1.0101010101010102
2.7664399092970497
1.5004413062665516
-1.804347826086959
0
1.3725924286030526
1.8344616728543426
3.645721638430195
-0.5793503000206934
-1.290322580645159
0.7800969850305689
-0.37656903765690614
0.5669886602267931
0
3.048653163499692
-1.5805471124620083
-0.0823553633930363
1.6690706779311695
0.12160518848804677
-1.3967611336032342
0.3490043112297246
-0.22504091653028288
1.7018659011687536
-1.7540322580645138
0.16416991586292046
-0.6556033599672291
-2.5778511033202722
0.867908552074518
1.2801678908709386
-3.874844591794456
9.032118991161896
-5.357848952155006
-1.2951744307499455
-0.21164021164021163
1.696712619300106
-3.441084462982273
-0.6695464362851021
-1.6742770167427679
2.2556390977443583
-4.8442906574394415
0.45454545454545453
-2.3303167420814503
0.0694927032661597
0.7638888888888915
0.9648518263266687
-1.8202502844141069
-1.7381228273464657
2.8537735849056656
1.8344416418252694
-1.441116865570825
-1.9419693854238063
0.7222739981360724
-0.27758501040943523
-0.34794711203897005
0.4888268156424501
-1.2045401899467196
-0.02344665885111905
-0.7504690431519674
0.21266540642722923
-0.7545390238151486
-0.14255167498217294
-1.356174161313345
1.1577424023154739
-0.5245588936576034
-0.31160115052732773
-1.6109641740803051
-1.7595307917888536
0.5223880597014982
1.7322444939371442
-0.46217465336901825
0.04887585532746545
-0.732779677576942
1.5255905511811136
-1.793504604944264
1.3326752221125455
4.3594739405747625
4.527421236872807
-3.3266354096896578
0.2078521939953758
-0.5070292694169137
-0.6254343293954109
-0.6060606060606114
1.946529080675425
-2.001380262249825
0.21126760563379748
0.9604122745373678
-0.04640371229698112
-0.25533890436397927
1.3963230160577147
-1.4000459031443575
0.37243947858472204
-1.3682745825602916
0.7994356924523812
-2.6592022393281964
0.0718907260963363
-1.4846743295019265
1.215362177929023
0.336215177713745
1.2685495452369582
-0.5199716379106701
1.3304822998336951
-2.9542790152403335
1.7153901908673648
-2.3040380047505913
-0.17019207391198363
-0.1704822211398065
0.3415467187118893
0.5835156819839478
0.36258158085569253
-1.1319845857418085
-0.243605359317905
-2.1489621489621515
1.372597953581233
-3.520433284096507
-0.9951518244450057
-3.247422680412377
0
2.3974427277570594
4.396462018730499
-2.8906055320209374
1.334359763920962
2.2030893897189276
1.4370664023785813
-1.2701514411333632
0.17318159327065527
-0.3704618424302297
0.024789291026282287
2.3296158612143687
-0.21797045289415773
1.31067961165048
-2.491614758025869
1.6953316953316897
-0.09664170089393025
-1.8863361547763027
-0.27113630761645696
0.3707365299060801
-1.5759665107116556
4.178133600200147
-0.09606147934677649
-0.4567307692307638
0.8452064718666988
-0.6944444444444525
1.3262599469496021
-1.1423131841980037
-0.5055368319691781
-0.6774739898378929
-0.17052375152253071
0.36603221083455345
-0.6078288353999514
0.07338551859100083
0.41554632119285956
-0.38948393378773677
0.19550342130987572
-0.3170731707317101
-0.4159530217763613
-0.4914004914004914
-0.024691358024696974
0.7903185971845013
-0.8331291350159358
-0.6177415369409439
-0.3232222774738964
-0.8480917934646988
0.8805031446540881
-3.266832917705741
10.853312709461207
-9.232558139534882
-0.8967460927491673
4.1623578076525245
1.762223876892535
-2.4390243902439024
2.5
-2.9756097560975583
-1.1563599798893973
-0.025432349949126628
-1.8061561943525877
1.7616580310880858
-5.7790224032586535
5.755201296946758
1.328564128768535
0.8572869389813356
0.5999999999999943
1.6898608349900626
-0.19550342130987572
-0.07345739471105645
2.9159519725557406
2.8333333333333277
0.023153507756430363
0.995370370370373
-0.06876002750401361
-1.9495412844036697
1.4269005847953269
-3.551660516605174
1.0999521759923536
0.23651844843897823
1.2977819726285984
17.72653156300954
-0.8705975464978191
-0.5189620758483079
-0.8828250401284063
-2.085020242914982
0.33078354351871464
-4.1211621677313
2.149151085321298
-0.21039343572480537
0
-2.7408812987560616
0.520268805549529
-1.5527280569333597
0.5914567360350468
9.277003484320561
1.4946193702670387
-1.7082269782053776
0.1997602876548142
3.588516746411483
0.40415704387991197
-1.5909526547824548
2.415270744059209
-5.230125523012543
-0.5619104956853324
-1.1301715438950601
-0.9593794651969767
2.8235779060181345
-0.9621166566446091
-4.027524792552121
1.096583719949386
-4.7976637463496035
2.9141104294478555
-2.4057909303810967
0.5890052356021042
0.4771199306007349
0.8417871789337313
0.21404109589041095
-1.089278086287904
-0.7341826819261572
1.1529258211877336
-0.43010752688172044
0.345572354211668
2.5398191993112254
0.98656591099917
-1.5797131573477494
1.626187961985214
3.0133000831255194
0.24208190437764548
-4.326826323203864
0
-1.388304585612109
2.7943686006825863
-1.6600954554886906
1.0339734121122672
-1.545530492898921
-0.6576156130674514
1.302583813794569
1.0118043844856686
1.9824707846410685
0.18416206261510829
-0.6331699346405275
0
-0.5960945529290806
0.8064516129032211
-0.43076923076923546
0.06180469715698628
-2.2030059707638436
-0.18947368421052152
-0.6960556844547587
-0.5310110450297366
1.1744608157164211
-0.1477416631490056
-1.6064257028112496
1.3748657357679865
-0.8052553507098865
1.7731254005554271
15.575146935348457
-0.9444242644388022
-2.456912357902453
-0.8646616541353426
-1.6875237011755742
0.44358727097395456
-0.7296466973886242
0.5802707930367504
-0.5192307692307779
2.029769959404601
1.288366805608198
-1.234567901234572
1.0795454545454632
0.09368559115608019
-3.257207038562353
-0.19349845201238391
-0.8724311748739713
1.4472912184627487
-4.723346828609997
-1.9425333872925872
1.8984729673957879
2.0453624949372147
0.5159753919428504
1.4807502467917077
-4.241245136186772
1.7269402681836652
-1.9972039145196725
2.302832687996742
-0.5577689243027911
0.3004807692307692
-1.5777910924705367
0.7711038961038984
0.060410793395077426
0.5634936606963195
-0.4602761656994219
0.8242862887012511
1.475573280159517
1.0021615248575404
-2.8015564202334584
-0.02001601281025275
0.020020020020024572
-2.261809447558049
-2.9080483309440894
0.4007593334739458
-1.3445378151260456
2.108177172061324
-0.31282586027111575
1.6108786610878638
-1.9147621988882049
0.8396305625524769
-0.8534554537885025
0.776821331093846
-0.8333333333333334
1.1974789915966362
-8.59456093003944
