1.4112903225806366
2.186878727634198
-11.867704280155644
-5.960264900662242
8.450704225352116
1.7316017316017254
-2.7659574468085046
0.6564551422319412
0
0.652173913043472
-3.0237580993520488
1.336302895322943
0.2197802197802229
-0.8771929824561372
-2.433628318584074
-2.4943310657596403
1.6279069767441927
3.6613272311212683
-2.8697571743929298
2.7272727272727337
-4.424778761061947
-7.175925925925928
2.743142144638407
2.184466019417472
7.3634204275534465
1.7699115044247724
-5.652173913043481
1.3824884792626762
3.1818181818181785
-0.8810572687224638
1.1111111111111112
-5.274725274725272
9.04872389791183
-1.276595744680854
-1.2931034482758652
3.0567685589519775
-2.9661016949152663
2.620087336244548
-2.553191489361708
-6.113537117903924
4.651162790697675
-6.444444444444442
4.750593824228028
-0.45351473922903135
0.911161731207286
0.9029345372460625
0
0.22371364653242576
0.6696428571428668
1.7738359201773772
-0.4357298474945441
2.6258205689277805
-4.051172707889123
2.2222222222222223
-4.3478260869565215
0
1.5909090909090973
0.671140939597309
-0.6666666666666603
-1.1185682326621924
1.3574660633484033
-0.8928571428571398
2.4774774774774806
0.4395604395604458
4.157549234135664
0.8403361344537785
3.9583333333333304
6.813627254509016
-6.75422138836772
-0.6036217303823023
-3.0364372469635628
-1.4613778705636655
4.025423728813556
1.8329938900203637
-1.5999999999999943
2.6422764227642217
-5.544554455445539
3.5639412997903475
-1.0121457489878543
-1.8404907975460094
2.0833333333333335
-2.0408163265306123
3.7499999999999942
0.6024096385542255
-1.5968063872255573
0.608519269776885
2.0161290322580645
0
-3.952569169960474
0
0.823045267489709
0
-2.2448979591836764
2.2964509394572055
-5.918367346938773
-0.4338394793926309
0.8714596949891037
-0.21598272138227714
0.21645021645020412
-0.8639308855291546
0.43572984749455956
-4.3383947939262475
3.401360544217687
1.5350877192982362
-1.0799136069114472
4.585152838427951
-5.636743215031306
0
-0.22123893805310046
-1.3303769401330408
-0.8988764044943788
2.947845804988656
-1.3215859030837036
0.6696428571428668
5.764966740576499
10.691823899371057
-9.090909090909086
0
-3.9583333333333304
-3.687635574837316
1.8018018018018114
-2.2123893805309733
2.941176470588229
1.098901098901099
-1.5217391304347887
0.4415011037527657
-3.7362637362637425
3.6529680365296837
-2.6431718061673917
2.941176470588229
-4.835164835164841
-0.4618937644341703
2.7842227378190154
-0.2257336343114996
-1.1312217194570136
-3.432494279176201
-3.554502369668246
2.2113022113022076
-0.2403846153846188
0.7228915662650534
-4.3062200956937735
3.249999999999993
-2.663438256658582
0.9950248756218869
-1.4778325123152745
1.750000000000007
-0.9828009828009967
0.9925558312655228
-0.9828009828009967
0.7444168734491421
-0.9852216748768438
-1.243781094527363
3.5264483627203993
-0.7299270072992804
-1.9607843137254835
0
-1.999999999999993
-0.25510204081633014
-1.0230179028132955
0
-3.100775193798457
2.1333333333333258
0.2610966057441291
-1.8229166666666556
2.652519893899204
1.8087855297157511
-3.8071065989847717
0.5277044854881342
2.0997375328083914
1.028277634961436
2.0356234096692223
0
-1.2468827930174564
0.2525252525252561
0
1.511335012594444
-4.2183622828784015
0.25906735751295706
-1.8087855297157696
-0.5263157894736917
-3.7037037037037
2.4725274725274686
-1.876675603217147
0
-0.5464480874317017
4.670329670329679
-0.5249343832021072
-1.846965699208432
0.26881720430106
-0.5361930294906052
-1.3477088948787062
1.9125683060109173
-2.9490616621983765
2.4861878453038635
-2.1563342318059413
1.9283746556473909
-2.7027027027027026
1.9444444444444524
-2.1798365122615917
-0.5571030640668405
0.8403361344537735
-1.1111111111111072
2.528089887640445
0.2739726027397299
-1.366120218579235
1.6620498614958488
-2.1798365122615917
3.064066852367692
-1.3513513513513513
0.2739726027397299
-2.73224043715847
1.9662921348314486
-0.2754820936638962
1.1049723756906038
-3.0054644808743207
0.8450704225352033
-1.117318435754186
2.2598870056497296
15.745856353591146
0
-4.773269689737471
-1.0025062656641568
-3.037974683544311
-1.8276762402088662
1.0638297872340388
-0.5263157894736917
7.671957671957688
0.9828009828009793
18.734793187347922
6.557377049180334
3.8461538461538463
0
-4.259259259259254
-3.2882011605415915
2.4000000000000057
3.3203124999999916
-8.884688090737232
3.73443983402489
-3.200000000000003
-0.41322314049585895
-2.697095435684656
0.21321961620469387
-1.9148936170212736
-3.03687635574837
18.120805369127503
1.3257575757575812
-5.794392523364488
-1.9841269841269842
3.0364372469635628
9.82318271119843
-6.082289803220034
0.9523809523809523
-0.18867924528302155
2.079395085066165
-11.481481481481486
12.552301255230127
-14.684014869888475
2.396514161220047
-11.276595744680845
-0.23980815347722162
13.942307692307686
-3.1645569620253164
4.1394335511982545
-2.092050209205021
3.2051282051282053
-0.20703933747410833
-0.41493775933610544
3.125
-3.6363636363636305
6.079664570230605
-3.7549407114624476
-0.6160164271047315
0.20661157024793683
0
-2.268041237113405
1.4767932489451536
16.42411642411642
-0.3571428571428622
18.279569892473123
4.545454545454546
-0.43478260869564805
-2.6200873362445374
-7.473841554559053
-1.7770597738287583
-2.4671052631578947
0.8431703204047218
-1.6722408026755853
-3.9115646258503354
3.185840707964597
2.0583190394511197
-2.1848739495798273
-0.3436426116838537
-4.6551724137931085
-0.9041591320072333
-3.8321167883211578
0.5692599620493305
4.339622641509429
4.520795660036167
-1.0380622837370144
-0.3496503496503546
-4.385964912280702
-3.669724770642202
0.9523809523809523
1.5094339622641455
-4.089219330855011
1.5503875968992193
-6.297709923664117
-4.276985743380858
3.1914893617021276
0.8247422680412342
2.658486707566471
0.5976095617529823
-2.7722772277227694
0.81466395112016
-2.8282828282828256
-0.20790020790021085
-2.7083333333333273
0
3.8543897216274026
-1.0309278350515463
1.0416666666666667
-4.123711340206185
2.5806451612903287
0
-0.6289308176100717
-0.4219409282700332
-0.635593220338992
-3.624733475479735
0.22123893805308475
1.5452538631346642
-1.0869565217391304
-0.879120879120876
2.660753880266066
-2.8077753779697563
1.7777777777777715
1.5283842794759888
-2.3655913978494656
-0.8810572687224638
-2.2222222222222223
0
-1.3636363636363669
-2.073732718894006
0.941176470588232
-0.6993006993006927
3.9906103286384873
1.805869074492109
-1.773835920177393
0
-1.805869074492093
2.9885057471264305
-2.901785714285708
1.8390804597701085
-0.6772009029345308
3.63636363636364
-1.5350877192982517
3.786191536748336
-5.7939914163090185
-0.455580865603635
-2.7459954233409674
-0.47058823529412436
-0.14184397163119425
0.6155303030302983
-3.435294117647061
-0.5847953216374318
-1.8627450980392108
-2.347652347652342
7.416879795396416
-0.47619047619048294
-4.066985645933005
-0.4987531172069896
-3.7593984962406015
-1.041666666666663
-0.5263157894736917
2.910052910052914
-1.7994858611825084
3.6649214659685825
-0.6565656565656515
2.491103202846967
-2.380952380952383
-3.455284552845527
4.000000000000008
1.7206477732793515
0.19900497512437385
0.049652432969205615
-1.9851116625310106
0
-4.759493670886083
-0.21265284423178707
-4.794885455514111
-0.6715165081141633
-1.408450704225352
2.857142857142857
0.8333333333333255
1.6528925619834751
1.788617886178872
3.6741214057507863
1.1299435028248712
3.859827323514464
-1.5158924205378912
-1.936444885799407
2.1772151898734164
2.329038652130817
-1.6949152542372778
0.9852216748768438
-4.878048780487805
7.179487179487173
-3.062200956937785
0
-1.0365251727541995
2.244389027431418
7.219512195121954
1.9108280254776986
-4.464285714285714
-0.04672897196260753
10.051425899953243
4.460492778249791
-2.6840178934526238
-0.33430839949853025
-2.4737945492662465
4.686156491831469
-5.790554414784394
-1.7000871839581542
0
-1.552106430155217
3.4234234234234306
-2.047038327526143
1.1560693641618567
-1.098901098901099
-5.511111111111104
-2.3988711194731964
3.373493975903611
6.620046620046629
-3.3668561434193247
1.809954751131215
-1.1999999999999982
2.564102564102565
-2.631578947368427
1.3513513513513546
-1.466666666666659
1.0374379792512263
-2.633928571428571
2.2466758367721322
-2.914798206278036
1.6166281755196372
-3.0000000000000004
0.04686035613871398
-1.8735362997658178
2.3866348448687353
1.3986013986014019
-0.6896551724137866
4.444444444444431
1.7287234042553217
-3.3551198257080594
3.606853020739408
-3.9164490861618892
-0.5887681159420245
0.31890660592255254
-1.9073569482288746
0.6018518518518472
-0.5982512655315186
-0.04629629629630353
1.8990273274664202
-2.0000000000000058
-0.5102040816326504
0.6526806526806553
-1.018990273274659
0.4679457182966676
-3.3535165346995757
2.4578313253012123
1.5992474129821252
-0.04629629629630353
-2.269569245020836
3.9336492890995176
0.31919744642042996
0.454545454545461
