0.010875081563118318
-2.178404436550796
0.32236549577589363
0.42105263157895073
1.1438449372908128
4.654545454545454
-3.822098679638638
-0.12283236994219981
-0.1591550314692936
0.49996377074125725
1.6618601297764928
-0.1453849154285277
0.9303977272727209
-0.1653648582084237
0.14096916299559473
0.8270279781805384
-0.6945898778359543
1.2231556008576212
1.191013576860298
-0.2779493514515102
1.152747668696879
0.5136753299768645
0.8934917250482314
0.439435107846094
-0.340658606639497
-0.4691689008042895
0.28619528619528617
0.01007218398523357
0.9332617161272904
-0.42573006053348394
-0.45427216246911495
1.5502315280853727
-1.196140629130329
0.086950705638431
0.29069767441859856
-0.3831417624521073
-1.8561872909698998
-0.8519338899301414
0.6908403505756971
5.4068814855270375
-3.202720207253889
0.09367368104112214
-0.2038838196463755
0.3583629178109658
-1.2514600367094944
1.3382899628252758
-1.5073701060494837
1.8351730209250294
1.0539965420933726
-0.9870693909781857
0.5715614927059388
-1.0011564513464457
-0.5506975502302918
-0.3255361277980944
-0.08080808080808387
0.3605607224693447
0.07386764261490844
0.34222445898338594
-0.6854582539204869
0.8753619284896641
0.22695414191309599
0
0.21978021978021675
-0.3920786815523567
-1.751284275135099
1.3377245102366357
0.22112775153282957
0.2908434459933747
-0.02333333333332727
-1.3303104057613473
1.6320875853213397
0.0598463942547522
-0.27911613224788473
1.3328446236379994
-0.7431521488934896
-0.0828225940036442
-0.620026525198933
-0.04337236846495786
-1.3050734312416525
1.3527681017281612
-3.0231238946911776
0.4025737191618146
0.4146675805346096
0.5153407733524422
1.7995382316990358
-0.5636715362550743
-0.5836380102639818
0.0033739329936876765
-1.035762483130898
1.1011488766917712
-1.7736714324251386
0.030895983522145242
3.6480318473523363
0.3211707833918374
-0.42245618667283347
1.2163998541646042
-1.5390660816032484
-1.3269921511241216
1.311132832249152
-0.00332690132411883
-0.7885018464916599
1.341381623071764
-0.5095962938451387
-0.4789463181001826
2.1388944589265426
0.38937242327073135
3.0246732505459466
-1.2654623683128223
3.4541318209490766
0.43051382909530433
-0.3330660581015151
0.7890339748746827
-3.7945537715285775
1.2158151705651583
-0.8670155747525065
0.8173520338390045
-2.082018927444795
1.288659793814433
-3.5782442748091605
0.9401286491835725
-1.2418300653594772
1.2375909993381897
0.006537229522122576
0.01307360439273405
-1.042483660130722
1.1657474984313656
-0.7148919501207838
0.9469012000657631
0.729570400286605
-1.2836679923691214
3.907631837536855
0.44762475175739425
-1.691511062294056
-0.14365064163953267
-2.7748473514273755
0.6148686416992674
-0.21241830065359477
1.0872768953659675
-2.5658470210904794
0.9177057356608449
-1.4266416263055492
-0.36098669697172875
2.8010734652801075
-0.21210637950726055
-1.0987573577501606
0.5587885200370352
-1.2626179594252487
0.4495654200939092
0.18896698050655808
0.5658317064293011
-2.2604632798104705
0.4140717051001576
0.5699342899289258
1.1067404493632849
0.16485328058028353
-1.217906517445688
-0.5064978340553088
-0.177506865831609
0.1778225130011804
-0.7133766494741838
-0.9613762860516107
-0.07152588555858001
0.07157708170012302
1.1512261580381533
1.0505757963499163
-0.5531489503498803
0.8845999195818285
0.4184934236747678
0.31752331811867135
1.1341905703923538
-0.2738475581926091
-1.3043478260869594
2.828657546951081
1.2884522467386053
-1.1098743838448113
-1.2284538204270588
-0.37116624340691834
0.8986928104575164
0.4048582995951417
-1.2870967741935513
0
-1.307146825267148
-0.9403662130393063
0.8958117458301361
2.7629617359615732
-1.2830845610754757
0.2775872767055289
1.097505373542639
-2.5577424862287823
1.279381136566492
-1.2795404099751866
-0.2843539214389601
4.0984150142582365
0.146524813658658
4.182569974554707
-0.8120897572889607
0.35088799285912436
-0.6165076833420349
-0.749953706561315
1.2438197705152523
0.4422740256150401
0.08561905635567768
-0.29941034493292984
0.25740814512915255
7.1308494055078455
-1.1383737517831696
0.5685261608611663
0.9785353535353509
-1.5118360851402504
-0.39818795625702536
-0.570700194096013
-0.559407959909091
0.9082918253735717
-0.34262485481998206
-0.06992599498862644
-0.2332497521721383
1.5109006955403534
0.6535195048222202
-1.3471769349579519
-0.3189237772172451
1.800413018818536
-0.6400000000000026
-0.44283413848631503
-0.09820345445091665
2.2580085578813436
0.15550340693827927
-0.42908762420958313
-1.0489907008391925
1.0457853418142227
-1.8005500893186266
0.681450681450692
0.6252150969370117
0.3334663398506605
-0.46871005312047265
1.0816827444488737
-0.04799954823954085
-1.1299435028248588
-0.15428571428571689
-2.134722142734502
0.08187134502924509
-0.12270655603600189
0.6932662493418439
-0.4735206112192482
0.3385872737886722
-0.2501745403770046
-0.25663458734325406
0.1666569206479233
0.02335152806560983
-1.111856888551665
0.522339609278176
-0.1878871502803655
0.06764904850141848
-1.7606254776321097
-0.30817101995632296
-0.07202881152461257
0.9130225852955337
-0.4136904761904789
-0.48115716804637965
-0.8108108108108109
0.04238570996064459
0
-0.7384093935358943
2.7195121951219456
14.267481894811834
-9.254785838593214
-1.0333180673231026
-0.014461315979754157
-0.014463407578825572
-2.297121365543182
0.34941221758313884
1.372126648765086
-1.1410607207312182
2.2260173134680046
-1.774295754363741
1.3987449416456594
-0.630440440729928
1.848025377608335
0.522916904789124
-0.5514653628585261
-2.3209947120194316
2.1186316682761137
0.008596727512398828
-2.8424068767908257
-0.25362746254572266
2.474720596061743
-1.5695778874174122
0.20225707166935633
-2.223262344956705
1.9088080421254106
0.09981797897951063
3.6749178789300854
-0.11032843927692695
1.1611441517983574
-1.788913773796195
0.23659530800148748
-0.6370151291093189
0.045792787635944736
-0.042911088225197395
-0.68973412323631
0.7089337175792481
-0.0629542723058381
-2.290688351849731
0.9524088617981479
-0.18578188046097394
-0.10760506034607585
0.04075928729473728
-1.9352773412490543
-0.5875893996498124
2.194095346129735
-0.03797394403225395
2.2734578182987106
-0.34858138803966604
0.8429624107578086
0.07108128856159905
-3.094101602454827
-2.307444219661648
4.375750300120053
-0.7217206279832182
2.5429374113013057
-0.10450501341617902
-0.2092286812938275
-0.29466764889216557
0.04546746234725516
-0.2385956939158124
-0.6434713285120411
0.20059605685465384
-0.9523537150374571
3.938440215978969
-2.7696752507153324
-0.20857142857143376
5.405560168351138
-3.2975689257096317
2.876323698772509
0.9010238907849829
-1.5234744960086641
0.9012969883490928
-0.8442265795206971
0.2499313375446281
2.9916988575655536
0.5532944963157962
-0.7645300388878625
1.1356365962891972
-0.23722916337181715
0.2959205242020666
0.22391991570073763
-0.4363254041266897
0.4936772354074769
1.2425786791362419
-0.6694517242274107
-0.47020715237324
0.8451221752709974
0.18999037035108468
-0.20521612635079206
0.18481401462894978
0.5222406983994987
-0.4497402362428621
0.908736855770479
-1.7908143573909665
1.192066860541277
-0.7016362883181418
-0.7457043777540313
0.8800273202511362
-1.3410759856257488
-0.26130334943383315
0.1508415369958669
-0.22460034350640773
-3.1885593220339006
-0.016413174307908663
0.80164158686731
-1.2946828434166673
2.172358796678216
-0.6836042631069031
0.07587664625224058
0.08394259409693769
1.0524607018208407
-1.3654618473895583
2.1579804560260585
-0.762588016474022
-1.1593659633715374
-0.7232832182039772
0.32198209997816324
-0.5711798944677148
0.6209650946493127
4.567327297936546
-4.581025921015009
-0.16620800523146262
0.7887554585152863
-1.158980746838533
0.06575162324320132
0.14510609171800634
1.8317021160260265
0.1208118556701031
-1.2790604134824302
-0.4970664928291973
3.5323342341604462
-0.5378753922007973
0.15375235267607898
-1.6595643312776216
2.5542337298810383
-0.1627168464425445
0.15509581767041064
-0.020997375328088763
-0.0105008925758594
1.8115942028985506
-1.6452627778637419
0.3854221289984221
3.3353357536500714
0.26792033161459683
-0.22939248802621398
0.6038555799792842
-0.022602842935358154
0.030143937300605845
-0.19838778533939608
-1.8645261939509816
1.1127919796928307
0.48434132116140255
0.44415282895068664
-0.3014923873172203
-0.4914066831308906
0.44571631169752995
-0.07815848523814042
0.06308033911990311
0.05547570416320632
-0.8719977822021702
-0.7678031169755745
0.6174579180651254
-0.20880016296597623
1.2503189589180914
-0.3528225806451613
0.1492159838138617
0.3560695977171118
0
-1.2053346753900376
-1.0926873997096378
2.6370004120313166
-0.3964271376956977
0.4080810116378613
-0.08780732563973909
0.28876333961079725
0.15022533800701052
-1.1774999999999978
0.15937666017353658
1.00777934936351
-0.18754219699432373
0.0701473093496388
-0.3179451231724482
0.7634929803852649
-0.19939682460556815
1.0838890137608974
-1.173563928350834
1.5
-0.39408866995073893
-0.7912957467853611
-0.5458624127617171
-0.42104207914587927
0.41778873983841913
4.879821549412273
-0.06691201070592605
0.4830455784590324
-1.0138029509757345
2.2070490936192764
0.5363191569439261
1.5722976134768325
0.28563530820972416
2.774715178243276
0.12515644555695432
1.3861607142857224
0.92027916602451
-7.478348131503726
