-0.9393939393939463
0
-4.986234322422746
-4.1532517707662695
4.921061471279824
2.4491756042900517
-3.640624999999993
0.38916815307280317
-1.0660636407688617
3.151020408163258
1.7885406774295773
4.49385787591354
0
4.910714285714286
0.08510638297872664
2.6077097505668902
2.32044198895027
4.994600431965443
-1.7613782463358103
-1.3218165161628088
-1.9893899204244032
-0.9472259810554804
0.06830601092896176
2.5802047781569937
-1.1312217194570136
-3.0017498990442797
3.6081043574798777
-0.6027323868202518
0.12127745586847827
1.1305518169582742
-1.2909236092627006
-0.32358096265337616
1.3932097930474867
0.5736392742796097
0.371402042711244
-0.38324302894146833
0.3847174316795027
-0.09250693802035753
0.1984126984126984
0.858085808580858
-2.735602094240835
1.9916565738124012
2.942340678189744
3.5503716995642054
1.3986879564302597
4.980468749999994
-4.313953488372095
1.9564953214242342
-3.5637663885578044
1.8786305771845175
-1.686279267257064
-3.689536031589336
-1.3581037796284463
2.3509546694375922
-5.748730964467
0.30968089403527055
3.852348993288597
0.01292490629441761
-3.204962522615657
0
-4.178905206942584
0.33440156054061265
-2.7079572281627553
-2.6548672566371714
2.668621700879772
0.6855184233076198
-2.7234042553191555
0.612423447069123
-1.3043478260869565
3.0837004405286343
-1.5099715099715132
-0.13017066820942685
-3.3454018826937033
-4.405154330236736
4.184952978056433
1.399127425906417
-3.0415430267062313
-0.5355776587605203
2.0307692307692378
1.2967430639324349
2.872878832986018
2.546664737375202
-3.4288133201636892
-0.14611338398597312
7.199297629499568
0.9964509964509902
-0.41897553723476455
0.7736156351791593
-5.548821548821555
-0.39925851989162336
1.5604867573371477
0.2678319706794442
0.576409391255451
-4.948280682135865
4.602941176470582
1.771404470687477
-0.801215637518988
-9.107366662024784
7.185537000153206
1.4865637507146907
-0.4225352112676056
1.4285714285714317
-1.1713847441082104
-1.1711584591505668
1.7133066818960594
2.7512633352049445
4.945355191256837
1.53605831814631
-3.1666666666666723
0.8870647424864353
0.5380577427821552
1.3966845059391635
-2.947991761071058
4.257859132510946
-6.921119592875316
1.0934937124111537
-1.0816657652785289
-1.5718972115910332
5.0826274128593285
-4.572485793577378
4.223791718598532
0.571352644166882
-2.0214030915576635
0.05393743257820621
-2.008086253369269
-0.08251959840462422
-3.1933929800413003
-0.07109341674960899
0.48377916903814616
1.7275559331634
-0.6959910913140313
1.5278945892907174
-1.6843849233742831
1.1936525768852688
-3.247293921731887
-0.4589787722317908
-2.1757925072046143
-5.067020179702457
4.577191621411948
-0.6973293768546062
-1.9273868220528878
5.118829981718468
-3.9565217391304284
0
2.082390221819821
-1.2564671101256466
-0.3592814371257451
2.6442307692307727
-2.2833723653395817
0.11983223487117353
0.2543387193297495
-0.6715415609610506
3.5156249999999964
-2.3657474600870763
-1.5608740894901143
2.6578073089700855
-4.560164754339512
0.6011097410604332
-0.47495020683315803
0.9698275862068895
-2.4393962494282664
4.360056258790433
-4.5372866127583045
0.0784313725490196
-2.115987460815047
3.666933546837466
2.9811553907939556
1.88990550472475
-2.9442072721919623
-0.6522068860913021
-1.9083969465648856
0.7782101167315175
-4.648648648648652
-0.4859086491739553
2.2786458333333335
-1.9255251432208822
0.6003569690086071
0
-0.3548387096774267
0.032372936225323
-2.2815533980582563
1.3412816691505254
-0.08169934640522876
1.504497138184799
-0.9022071854358019
-1.7720695821817554
3.525322740814292
-1.726618705035964
1.1713030746705597
-3.4732272069464583
3.831417624521073
1.8931493662762826
-0.34640214139506303
0.2370042660767894
0.2522068095838624
-0.4874213836478023
-0.33180597250750876
-4.914394419784401
-2.200733577859275
-2.4889191953631133
-2.902097902097906
-0.5761613251710357
-2.299891343716053
0.7970342910101862
4.394998161088653
-0.017614937466975997
-2.3608174770965427
0
-2.2374594009383055
-0.4060538944259749
1.0934025203854665
-0.27497708524289644
-1.0294117647058865
0.297176820208028
2.64814814814814
0.9922424679776295
-1.0003572704537174
1.4254781667268093
1.0496352962106346
1.8133802816901328
0.12104444060177166
0.17271157167530224
-0.3103448275861991
0.3113109650639838
-1.7413793103448314
-0.31584488506754776
1.0385495511353595
-1.0278745644599263
0.47526843865515433
2.312543798178004
-1.7465753424657613
0
0.034855350296278405
-0.6968641114982579
-0.5263157894736842
0.45855379188712925
-1.6151685393258506
-0.4282655246252636
-1.4695340501792196
5.12913786831576
-5.813148788927339
-2.626745040411454
2.6410111299754764
0.20216871898548477
-0.2567865003668545
0.22066936373667628
-0.47706422018349043
1.1246312684365825
-2.0054694621695535
0.13023255813954335
-0.7617985878855486
2.9769706047556594
-0.29090909090909506
1.0211524434719226
-2.942238267148006
-1.4320252929142727
-2.584905660377367
-0.8328491187294121
-6.992187500000002
2.897942041159179
1.8571428571428619
0.9817671809256616
6.230158730158726
2.0358610384759017
-3.386417719201904
0
-1.4967790829859753
0.8078476630121265
1.3547033008967797
1.1859939759036058
-0.3162790697674503
0.4479283314669823
-0.4087699739873737
0.11194029850746692
-2.5531121878494307
0.42073054121247766
-0.20948390782708487
1.2213740458015223
-2.281297134238315
0
0
0.21223229789697526
-0.11551790527532206
2.9298380878951518
-3.9887640449438115
0.19504583577140627
-1.1290636558302642
2.3823587320338695
-3.4615384615384617
-0.398406374501992
-1.7799999999999954
0.5090612909794339
-0.6280388978930354
1.6921508664627953
0.7818765036086562
-4.515615675353091
2.5416666666666643
1.0971149939049236
5.9485530546623835
0.5311077389984739
-2.4716981132075513
1.2188044109112146
-2.1406727828746264
-2.304687500000002
0.5997600959616154
0.47694753577107196
-3.28322784810127
1.0224948875255624
-3.0769230769230744
0.4177109440267335
5.366056572379369
-0.7500986971970018
-3.3015115354017546
1.357466063348421
-2.7597402597402643
-1.2938230383973266
1.4164904862579257
-12.028351052741295
2.7251184834123223
1.084198385236445
0.06846188954815413
1.2542759407069555
0.9909909909909859
-1.605709188224797
3.3318223028105143
0.833516121956572
5.329562758320644
-0.35109458901280227
-2.632124352331604
-2.085994040017031
-0.17391304347826333
-2.0470383275261277
-0.4001778568252582
3.5714285714285716
-5.840517241379315
-1.5793087663080745
1.837209302325576
0
-1.3930121032199054
1.2274201018990298
-1.876000915122408
0.9559337840988629
-2.2632794457274854
0.6379962192816608
-2.1366517961962823
0
-0.6477927063339703
-0.5071238831200248
-1.31067961165048
1.0821446138711208
4.306569343065691
-1.2362957779332893
2.6688710439300927
-0.02300437083044994
-0.4371836171191979
1.1093136122024523
-1.211428571428574
1.7353077279037483
-0.25017057084374933
1.6871865025079746
-2.9596412556053786
1.5249537892791047
-1.3199817933545641
-1.4990774907749076
14.305783188948714
6.431790249897591
3.560431100846805
0.7247723471473662
-5.000000000000004
0
-6.6809089143522975
-2.1019771071800255
6.590136054421769
-1.0570402871958426
1.411005845595646
-0.01987676406281509
-2.166998011928425
-1.4427961796382895
-2.2474226804123663
1.244463193419105
2.6041666666666665
3.79695431472081
-6.3380281690140805
1.2113617376775294
-4.911267024349981
4.600694444444442
-3.6929460580912887
0.12925463162430478
-2.9475043029259873
0.1995123032586959
-1.5486725663716814
1.5730337078651686
1.4380530973451326
0.7197382769901879
1.2992637505413598
-2.479692176143656
6.006137658921534
-0.8891645988420205
0.6467765491341468
1.2852404643449515
-2.12853049529268
3.889585947302389
-3.0394524959742397
0.8096325513805344
-1.6474464579901154
-0.355946398659976
0.6934229880226963
0.10434056761268781
-2.0220971440483613
2.382978723404253
-0.6442227763923454
0.7948128006693065
-1.3073251711973344
-2.3969722455845317
2.5635501938819547
-1.260239445494644
5.552010210593482
0.7658202337767053
12.45999999999999
1.049261959807948
-3.467089053150307
-2.3883318140382905
3.45536047814718
0
-1.1373894204730015
0.6939371804236586
-0.870511425462451
2.4332235638492414
-0.6429719592784466
0.9886751752651448
-1.5841936632253433
-0.03617290649302438
-1.736927808937945
1.1968329957650525
-0.8915574963609857
0
-0.6058380760051529
0.2216475803472563
0.36859565057132326
0.4039662137348387
-2.267739575713237
0.6736526946107827
-0.8921933085501774
-1.9317329332333208
1.9889080130043943
0.6187886742921561
-2.5344763324636643
-0.7648183556405354
3.39113680154143
1.565411852404021
-4.055045871559638
0.7267163893670049
0.24681982153027424
-0.8143939393939308
-1.4703074279167547
0.3875968992248062
1.4864864864864953
0.41848963287044544
-2.1216139420344633
-1.2966905360944543
1.294117647058828
-0.5032907471931906
1.0116731517509816
0.5392912172573101
-0.49808429118774383
2.175587216018496
-0.6595063124175616
0.3034901365705442
-1.5885022692889519
-1.5949269792467247
-3.4954110525288096
-2.8328611898017
2.7696793002915476
-0.26342451874367
-2.2754977651361212
