-0.720583496880398
-0.7435163603103966
-3.9564816741476148
0.40544722995976196
0.012330076138222958
-0.715056249036826
1.440412255921511
0.48046026257001173
-1.7603703478102022
0.2170138888888889
0.44855534244880285
0.18478026546764806
-0.790015677353903
-0.2261882629980846
-1.692494021924785
0.00947687642153721
-4.7790517704286355
0.6402176076428111
-2.778601799663805
0.0033902902088387937
-1.4577753669864733
1.3726906801527539
1.1301160659743494
2.003422933655486
-2.52993814975655
-0.09113308806155933
0.12499999999999385
0.7018254209265508
0.4188306248952923
0.44044044044043434
0.9633911368015415
0.2138720715977889
-0.794562826279667
0.039715373159020954
0.21503953419128594
0.4918790439720088
0.3744949246082616
-0.24545900834560627
4.156824146981621
-0.20474375531546288
2.6355659364939084
1.1563182335393907
-2.3986866506551574
0.36755544480437724
-0.5617280119173208
0.4962391935332883
-1.2236024844720526
0.11633025215369028
0.3077599472411433
0.10957703265395573
-1.2446835126344673
-0.009500285008556016
-0.04433887569279781
0.7636006463673493
-0.6163134394063238
-1.5123710687843994
-0.012850167052174599
-0.07389795656085921
0.9067232564869385
0.8794570308765863
-0.9602324773366212
-0.04783926008611067
0.12125079770262227
1.3098349161833103
-1.1261757211614136
0.21634691864720124
-2.492142607701832
1.842807840072928
-2.493606138107417
-1.3442622950819672
0.4619474908607541
0.3903536339276763
1.1006030250107126
0.9680258140217162
-1.8626121763832484
0.8519456596822503
-1.0143509458577922
-0.42505519127483904
-0.9530112508272728
0.9621809434718757
-1.3136995367306359
0.7913355463903667
-0.19960743870388237
-1.3300443348111635
0.527027027027024
0.735986019626297
-0.7906588824019956
2.2933620283811895
-2.573964497041426
-0.19232715861928731
-0.6321839080459709
0.4797060524614673
-0.3216631678743143
0.5468935765481133
-0.5777027027026996
0.9140643582860475
-0.19529934675736352
-0.1349527665317139
0.8648648648648618
1.222534833869239
4.751662751067136
-0.36010992829388877
0.0855974384173927
-1.0231232182451753
0.8672832591928942
-0.13642997652135863
1.674344718030177
-1.2874195362789769
1.2883823994935049
-0.1125105478638594
-0.14392540909232843
0.09399968666771111
-0.06573798716543776
0.17228417491542414
-2.498514650239222
0.8980115458627326
0.06357279084551812
0
-0.6702668360864011
1.0585563977101893
-1.7500000000000058
0.4928012368344826
-1.448717948717943
0.1138285416937687
-1.9523763116005703
-1.2623417931217253
-0.6576960504681021
0.9930754940043942
-1.2977022642897815
3.2801328318254273
-3.330161750713606
-0.4208525658430658
-0.3885480572597168
0.2326695408198242
-1.4030176828019358
-1.3260395388290753
-1.1754385964912282
-0.5858334812710811
0.585714285714289
0.8343985229370827
-2.1268354519525365
1.1584817413203747
-1.3586086709108305
0.41103299080584427
-0.13645014183633816
0.9672431771601198
-0.9045584045584077
0.2515632861352692
0.014338973329512868
0.9390681003584164
0.30892692280378786
2.5877022195475914
-2.484472049689441
2.6114649681528728
-3.5036899096489535
-0.6504181259380966
0.46402877697842054
-0.46188549536324575
-0.29496402877697186
-0.7648459484811412
-0.23631207736493856
0.2660252906235262
-0.2616849603838145
0.5794038335398328
-0.8912720553603097
-0.19740449643575547
0.3223325152924868
0.25922815728941945
0.8994901675163809
-1.0719312809037362
-4.742794600510763
-0.417464572960555
-6.049767316641657
-0.2988373997052637
0.6117840279203486
-1.220208945478293
1.2187564552778352
0.8816326530612207
-4.976533419647192
1.166652473814191
-1.174242424242428
0.9198926791874243
0.13925813394101288
0.32448377581120175
3.238543285588288
0.09357962405402095
-1.959269948376075
0.5763091338778594
-1.455190040399051
-0.020916126333403055
0.3472803347280411
0.6004253012550405
-1.1066440087868288
0.586756077116513
-2.2999999999999923
0.3326509723643691
-3.545014027033924
0.885774722369133
-3.0708076704669627
-0.67598017124831
1.6787658802177858
1.1155734047300312
5.8914386584289495
0.5001041883725776
-2.036077130416749
-0.0888926515408021
-2.6903359742405626
1.1363636363636322
-3.62477937061433
0.058069415285664984
-1.3973214285714366
-0.12224385385067317
-2.996373526745236
0.004673115566143701
0.8598130841121537
8.409006671608598
-4.42326595153639
2.9332856376319043
-3.483927019982616
0.5581060401476117
0.420732253155496
-0.9359957211624176
3.266444704400248
0.6971070059254096
1.540325372101089
1.239986364411109
-2.4075087335325676
0
0.11644455945142852
0.06461617989144482
1.170950105471601
0.3021148036253738
-1.1157305277447704
1.11115877987044
-1.3747454175152787
1.5315780416451517
-2.635593220338975
3.5729828531638916
-2.6933904785915335
0.2979531911218428
-0.11624402634863815
0.892241379310337
-1.6747126927842022
0.6647838366282938
0.15538674033148778
-1.223926909153598
4.568062827225123
-1.068135352776731
-2.1677702332250894
2.599474069922843
-3.878151260504209
0.46334746688815687
-2.767262759430899
0.6578064169687329
-0.8268871699119724
0.1793078716155639
-1.2663325577232942
-0.22660321776569228
-0.04542357483533954
-1.386048625312429
2.4285714285714204
0.004499032707984155
-1.0842181032931602
2.0921453586210035
-2.2497438410478017
-0.18685625740588413
1.7168165837176343
-0.5700947165237608
-0.4108352144469485
0.09066594133913596
0.7926083608859097
-0.4223959737575308
2.924187725631777
0
-0.4165205191160996
1.7919253291066708
-1.578719723183391
-0.15381234893430015
-0.7086267605633763
0.7624451438450205
-0.48392063701552945
-0.07073073692586133
-0.247732802477324
0.3680872765976197
2.6820431247790864
-0.41740178148802753
-2.437127301011133
0.48277083886968003
0.4584123066073122
-0.83805010749857
-1.7566371681415849
1.77003107688149
-2.084439723844924
0.6779661016949152
0.9068462401795654
-2.113271344040575
0.831742568857385
0.0676132521974307
-0.3153153153153153
-0.49254405784004024
-0.049952318241674266
0.19536574284417002
0.03627624359496336
0.06346040524002045
-0.6342015855039638
-2.4390243902439024
0.2710280373831861
-0.27029546090037193
-0.775700934579435
-0.07535085240651357
1.065133377321138
-1.030591307591863
0.834000848136447
-0.2336448598130841
2.529274004683841
1.4116034719049837
-0.8964367764313749
-0.045454545454545456
-1.3096862210095581
-0.44235554326789744
1.6893455521614367
-0.596240498839375
5.581501831501836
0.7849429723752075
-1.9707401032702316
0.517952769730497
2.8034934497816515
-0.18265228102963757
1.021320056172603
-1.217405956442988
-0.31130063965885635
-0.24382940497068994
1.5951972555746063
0.8779334796555877
-1.1004184100418486
-0.5795997800059153
-0.2510638297872379
0.11944882897488085
1.8449870041331
0.5773575433018234
-0.34109816971713053
0.5927038984890148
4.593360995850615
0.987820843416515
-1.610622250157134
-0.10380899145571784
-2.717825739408473
0.2423993426458542
-1.6558055658018809
0.8543446551364867
-4.185950413223148
-0.3752102471212239
2.601731601731598
-0.23205771908358297
1.3363782457920963
-0.004173274351052043
3.4764826175869197
0.3831572154553521
-0.679014825826674
-0.5663430420711975
-2.164361269324647
1.0728542914171542
-1.0902657779972025
-0.7528804958196377
-0.7124895222129086
-0.3714647530603707
-1.762562494703835
0.577934960752182
-3.7607204116638
-1.9872566056231502
0.9955903077692455
-0.47713359740726996
0.23971053821800914
3.0230564454270628
-1.2657119082030432
-0.8827182398864483
-0.11635712687401696
-0.06720731215556253
-0.6276901004304161
0.9339469409853735
-1.4259532430378656
0.37184835842555203
-0.11294840516851902
0.02261522456917997
-1.8223749660848414
0.9580397033761772
-2.9152789817053737
-0.72368421052632
-3.114645460569912
-0.33222591362126025
0.5343137254902005
7.172460870837189
-7.2429481346678815
0.12262114969589955
6.343996472835949
-0.23032983231988205
-1.51445193462001
0.3187998124707071
4.724740629965413
-1.726984693649885
-0.3042412133321142
0.9109542245502164
-1.0516813360415338
-0.15053371042786823
0.753803280186395
-0.4443638342250921
0.25961012934962074
-0.9630672784263967
3.004449337186368
0.004453152832201151
1.2245624972169036
-0.32113320429349496
1.0415287523721217
-0.32758244158113126
1.2445223488168313
-1.2292243767313058
0.7624890446976377
-0.8567452378881566
-0.17984822564372108
0.2812445069432278
-0.5433829973707314
0.004406062742329444
-0.916420672335539
-0.30681666592556767
-0.0267618198037426
1.5436780583563803
-1.5202108963093106
3.948425091460694
-3.0130048499935738
1.3408859583130586
-0.6812227074235768
-0.7166725290186502
0.9742704043222178
0.35524757686066005
-0.7342015558080469
-1.5408998855331513
-0.7064925773564739
-1.8283346843195492
2.3211009174311883
0.28691831794136513
-0.8717031738936075
0.11273957158962795
-1.274774774774783
-0.04106401423550834
0.7257622786196657
1.377622694521235
-0.9297751553350198
-0.01804809818165821
-0.6633873369737024
-0.054515718698883255
0.077272727272719
0.3996911477494746
-0.5338158787604697
0.3956883613044196
-1.4677901603696697
-0.04137931034483177
1.3890805390736523
0.2631220795717337
-1.2850097280666075
0.10542237704543164
-4.5833333333333295
0.5998368443783291
-0.6010303377218045
0.9693828582397455
-1.1739543726235655
0.5338335016592078
-1.5786452353616531
0.8408671138329799
1.2242733889237043
