-3.0883261272390365
5.799872530274056
-13.25301204819277
-1.250000000000008
7.313642756680735
2.2280471821756263
-2.8846153846153846
4.29042904290429
-3.291139240506322
4.515706806282707
-2.75516593613023
4.314230521571145
-2.5925925925925855
0.2534854245880718
1.5802781289506955
0.12445550715620228
-1.1808576755748947
-3.7735849056603774
-1.1111111111111036
0.3965631196298706
-3.1599736668861165
0.8157715839565038
-1.8206338503034503
0.20604395604396386
0
0.7539410555174738
-0.5442176870748376
1.0943912448700566
2.6387009472259653
0.8569545154911085
1.1111111111111036
0.2585649644473211
-0.19342359767890585
-0.45219638242895155
3.179753406878654
0.7547169811320683
-3.2459425717852617
0.0645161290322544
-1.16054158607349
0.8480104370515218
2.8460543337645574
1.7610062893081833
-2.904820766378255
-0.1273074474856707
-0.063734862970041
3.3163265306122374
-2.5925925925925855
1.140684410646377
1.8170426065162943
2.0307692307692378
-1.9300361881785384
-0.9840098400983975
-0.4347826086956451
1.4348097317529525
-3.8745387453874436
2.3672424824056226
0.25000000000000355
1.5586034912718203
-1.7802332719459826
0.9999999999999964
0
2.042079207920799
-3.3959975742874433
1.1927181418706698
-1.8610421836228288
-0.18963337547407266
-0.6333122229259025
0.5098789037603461
-2.092580849714637
1.2305699481865322
0.06397952655149988
1.7902813299232627
0.8793969849246267
0.9962640099626366
-4.254007398273722
-0.8370895041854548
1.753246753246746
0.7019783024888467
-0.7604562737642693
-0.3831417624521037
-0.8333333333333406
-0.4524886877827981
-0.8441558441558515
0.7203667321545664
1.4304291287386142
0.8333333333333406
-1.8436109345200289
2.3316062176165766
-2.9746835443037902
-0.2609262883235523
-0.850228907782872
0.9234828496042254
-0.7843137254901886
-1.1857707509881497
4.066666666666663
2.370275464445879
3.066332916145167
-7.1038251366120155
11.176470588235292
1.3521457965902477
6.090487238979118
0
1.4762165117550512
-0.8620689655172383
-0.9782608695652236
-1.2074643249176666
-1.4444444444444413
1.4656144306651602
-0.44444444444445075
-1.5066964285714224
0.8498583569405099
0.8426966292134831
-1.7827298050139213
0.7941009642654436
-1.9696117051209905
0.6888633754305494
-3.477765108323828
1.06320141760188
0.4091174751607347
-2.037252619324796
0.5347593582887565
1.004728132387717
-1.0532475131656005
0.11827321111769193
-3.957471943295934
2.64452644526446
-1.7375674056321184
-0.3048780487804878
1.0397553516819502
-0.6053268765133172
0.9135200974421438
0.18105009052505214
-2.289156626506031
-2.342786683107265
1.0101010101010064
3.000000000000007
-7.584951456310679
0.5909389363098997
2.4151436031331706
-1.01975780752071
-0.3219575016097875
1.2273901808785381
-1.5315890236119831
-0.19442644199611883
2.1428571428571503
2.2886204704386484
-3.4182722187694217
2.316602316602313
-0.6289308176100629
0.5696202531645606
2.5802391441157924
1.5337423312883436
-0.5438066465256832
-0.4252733900364451
-0.4270896888346657
1.1642156862745134
-1.998788612961831
0.061804697156980413
-3.39715873996294
2.237851662404092
-2.689180737961233
2.1850899742930627
-2.578616352201254
0.25823111684958405
0.3863490019317413
0.9621552277100706
4.574332909783982
-0.3037667071688943
-2.7422303473491776
-2.0050125313283136
0
-1.3427109974424516
1.1017498379779576
-0.769230769230762
1.2919896640826873
-0.5102040816326603
-0.6410256410256411
2.774193548387104
-0.8788449466415603
-0.31665611146295125
-0.8894536213468905
0.8333333333333406
-0.6357279084551811
-1.3435700575815883
1.6212710765239948
6.573069559668164
-6.16766467065869
-0.6381620931716656
0.5138086062941628
2.044728434504785
-2.191609267376331
0.4481434058898957
1.5296367112810743
0.5021971123665931
-2.3110555902560828
-0.38363171355498354
-0.32092426187419765
1.09465550547327
-1.1464968152866315
5.605670103092795
-10.311165344722394
0.06802721088434988
-2.5152957171991766
0.06973500697349673
2.3693379790940807
-0.06807351940094916
-0.7493188010899337
0.06863417982156675
-1.371742112482853
-1.043115438108484
0.9135628952916254
0.0696378830083526
-2.0876826722338206
0.2842928216062585
-0.07087172218284502
-0.5673758865248307
0.9985734664764664
0.423728813559318
-2.039381153305188
0
2.1536252692031583
-0.9135628952916452
3.2624113475177263
0.20604395604396386
0.4112405757368021
2.1160409556313953
-2.4064171122994615
-0.684931506849315
2.137931034482755
1.0803511141120827
-0.6680026720106881
1.7484868863483678
-2.5776602775941875
1.7639077340569838
-2.3333333333333335
-0.13651877133105025
-0.20505809979494966
0.7534246575342427
-1.8354860639020998
-0.20775623268698848
0.20818875780708632
-0.2770083102493114
0.625000000000004
0.3450655624568668
1.8569463548830734
-0.2025658338960047
-0.8119079837618518
-1.091405184174621
5.172413793103448
0
1.0491803278688487
3.6340038935755965
-1.1271133375078166
1.1399620012666136
-4.383218534752662
1.5717092337917524
-6.447453255963895
-3.2391454169538174
-1.1396011396011354
-0.5763688760806998
3.9855072463768115
2.7177700348432094
-1.7639077340569838
0
-0.27624309392265584
-0.7617728531855916
2.442428471737613
-0.7493188010899337
0.34317089910775567
-1.436388508891925
2.498265093684937
-0.13540961408259217
0.3389830508474576
0
-1.418918918918915
0.06854009595613043
-0.41095890410958513
0.34387895460797796
-1.644962302947228
1.7421602787456445
5.136986301369863
2.866449511400655
-5.826472450918313
5.245460659045065
-3.961661341853028
0.3992015968063834
-1.1265738899933844
1.0723860589812486
-1.52519893899205
0.3367003367003367
-0.06711409395972773
-0.6044325050369413
-0.4729729729729653
0.2715546503733722
-0.3385240352064997
0.06793478260871111
0.6109979633401067
-1.9568151147098363
1.3076393668272381
0.06793478260871111
-0.40733197556009687
2.1813224267212115
-2.735156771180783
0.4801097393689908
-2.3890784982935154
0.6293706293706334
-2.432244614315497
0.9259259259259137
0.21171489061398122
0.49295774647886526
2.52277505255783
2.1189336978810625
-3.4805890227577088
0
-1.1095700416088727
-0.2805049088359086
-0.7735583684950734
0
-0.9922041105598907
0.787401574803166
-1.065340909090909
0.7896625987078207
1.2108262108262027
2.322308233638291
-1.7881705639614816
-0.7002801120448179
-0.5641748942172153
-0.7092198581560284
2.642857142857135
2.992345163535151
-5.405405405405405
0.7142857142857143
0.6382978723404296
0.8456659619450236
-1.5373864430468125
-0.638750887154014
0.07142857142856737
1.9271948608137168
-2.240896358543429
1.4326647564469914
-1.1299435028248548
-1.4285714285714286
-1.1594202898550683
-0.4398826979472099
-2.8718703976435975
0.15163002274449477
1.514004542013626
0.22371364653244696
-4.985119047619049
0.07830853563037926
-0.625978090766821
0.6299212598425175
2.6447574334898354
-0.8995273669766785
1.307692307692299
0.9870918754745721
-0.6466165413533937
0.6508248827001769
-1.4135338345864628
-0.5491153142159845
5.935582822085874
1.0858549297813813
-1.1458034947006548
-1.4778325123152654
5.867647058823522
1.3751909987498392
-5.741298986023565
-1.918883558656792
1.511783014673182
-1.7666812673382886
-1.1593341260404297
-2.255639097744361
1.3538461538461468
1.6545233758348565
-1.4185456174406494
1.3783701908512735
-1.5837442103690456
6.01184150599665
-6.10052985822713
0.5490315693152565
-2.2448050963142787
-0.6982156710628438
-0.09375000000000355
1.2355333124804602
-3.7695040939286337
-0.46556429603467514
-4.612903225806451
1.8769022658099415
-0.9294605809128669
-0.15077902496229906
1.0738255033557056
1.2616201859229714
1.7049180327868838
-3.288201160541585
3.9333333333333322
3.431686978832586
0.5891472868216984
-1.3563501849568365
3.531250000000008
-0.015092061575618949
-1.0867924528301869
-0.04578055852281571
0.9312977099236632
5.581606413553166
-2.8223495702005716
1.1351909184726463
-0.1166180758017468
-0.42323409223583197
0.5422834530265137
0.9766763848396527
-1.371445070015884
0.9806791569086677
2.913465719669525
0.253521126760573
1.1941556617027174
1.1106483409690366
-2.375394754908697
-3.867791842475387
2.9700073152889557
0.8809320829781253
0.4647887323943638
0.2383288938735479
-1.3286713286713328
0
-1.1906449326718689
4.719552431501946
-3.876712328767121
-0.3847798204360781
-0.1430615164520866
0.28653295128940237
-1.671428571428574
0.9734127560656716
0.8201438848920766
-2.0265448836877233
0.5972323379460984
0.23168259484505732
2.8315515746894078
0.21073335206517485
-0.8832188420019563
1.1739745403111714
0.6850272612889625
0.45820605387392155
-0.4422944022114626
-1.9852839094821697
0.45325779036828245
-2.0727580372250407
0.5615550755939532
0.2004581901489126
-1.0145755930265903
0.5197055002165432
-0.9909521757862958
0.3046127067014911
0.8821402747650027
0.014334862385308062
0.644976350867139
0.25633722586158764
1.4204545454545454
-1.8207282913165423
3.109843081312421
-0.1106806862202522
-0.96952908587258
-1.958041958041966
8.373751783166911
2.882716861919176
-3.7231320368474883
-3.8405315614617948
0.8015478164731873
0.9322731011790607
-2.9611518609073713
