-0.6849315068493127
-1.551724137931032
2.71453590192644
0.08525149190111554
1.6183986371379824
-1.4249790444258197
-0.5102040816326483
1.4529914529914554
0.16849199663016245
0.925147182506303
-1.0000000000000024
1.5151515151515127
-0.49751243781094057
0
0.5833333333333357
-0.8285004142502072
1.9214703425229718
-0.08196721311474944
0.32813781788350405
0.08176614881439781
-2.042483660130719
0.25020850708923864
1.6638935108153077
2.9459901800327284
-2.225755166931635
2.1138211382113776
-1.9108280254777004
-1.0551948051948028
1.8047579983593014
0.40290088638195004
-1.2841091492776842
1.8699186991869896
2.314445331205101
0.5460218408736482
-2.2498060512024867
-0.317460317460322
-0.47770700636942226
-1.9200000000000046
1.305057096247968
-0.8051529790660226
0.8928571428571382
1.8503620273531756
-0.7109004739336426
1.4319809069212388
-2.5098039215686296
1.8503620273531756
-2.05371248025276
0.9677419354838732
2.875399361022371
-0.07763975155281268
1.1655011655011656
0
-2.304147465437777
-0.31446540880503593
-0.5520504731861221
0.3172085646312496
-0.8695652173912999
0.7974481658692185
-0.07911392405063965
-0.5542359461599389
1.2738853503184782
0.15723270440251796
1.0204081632652926
1.4763014763014808
0.6891271056661605
-3.4220532319391634
-1.259842519685035
0.39872408293460926
-2.46227164416204
-0.24429967426709867
-0.08163265306121985
1.3071895424836555
-0.8064516129032258
3.3333333333333286
-0.8654602675058964
1.1904761904761905
0.07843137254901515
0.15673981191222794
2.816901408450711
0.380517503805175
-1.5163002274450341
0.46189376443417574
0.6896551724137975
-1.4459665144596694
3.088803088803089
0.37453183520599254
-2.2388059701492535
2.3664122137404537
-5.592841163310962
-1.2638230647709277
2.1600000000000024
1.7227877838684438
-0.6928406466512745
1.7054263565891385
-0.8384146341463372
-1.3066871637202064
0.6230529595015444
-4.643962848297203
3.6525974025974026
-0.46985121378230893
0.8654602675058964
-1.560062402496089
1.347068145800319
-0.6254886630179917
0.5507474429583028
-0.7042253521126693
2.5216706067769805
-0.38431975403535745
-0.8487654320987611
-1.0894941634241289
0.9441384736428144
1.8706157443491638
-0.612088752869153
-0.2309468822170988
0.6172839506172928
-0.30674846625767305
3.0000000000000044
-1.2696041822255542
0.7564296520423601
-1.7267267267267141
-1.0695187165775444
0.3861003861003861
4.307692307692303
-1.622418879056039
0.6746626686656714
-0.8190618019359811
1.5015015015015016
0.07396449704143694
2.4390243902438895
0.43290043290042884
-3.089080459770103
-1.7790956263899227
7.773584905660386
0.07002801120447781
5.458362491252612
-0.33178500331785005
-0.06657789613847824
0.06662225183210814
-0.06657789613847824
-0.9327115256495708
-0.6724949562878278
0.13540961408261143
-0.8789722785666068
-1.5688949522510116
4.019404019404007
0
-5.063291139240503
2.3859649122807056
-1.644962302947228
1.8118466898954664
-1.7111567419575633
0.20891364902507756
-1.9457956914524053
-1.8426647767540711
-0.5776173285198638
-1.1619462599854717
-0.5878030859661888
0.07390983000738678
-0.14771048744462115
-1.7751479289940661
0.9789156626505895
2.3117076808351933
-0.21865889212826747
-1.3148283418553772
1.4063656550703225
-0.8029197080291929
1.3980868285504089
-1.161103047895517
1.2481644640235074
-1.0152284263959432
-0.1465201465201382
0.5135730007336673
-2.0437956204379644
-2.011922503725774
4.562737642585551
-0.5090909090909008
3.143274853801157
-0.5669737774627803
-1.0691375623663577
0.1440922190201647
-0.7194244604316546
-0.507246376811586
-0.29133284777859114
1.5339663988312595
-0.6474820143884933
0.9413468501086252
-1.9368723098995817
-1.31675201170445
3.261675315048188
1.8664752333094
-1.5503875968992367
0.21474588403723077
10.428571428571425
0.3234152652005175
-4.190844616376531
-1.6823687752355316
-0.06844626967829864
0.684931506849315
-0.13605442176869975
-0.3405994550408719
0.8885850991114032
0
-2.8455284552845455
1.4644351464435106
-0.3436426116838488
-1.3793103448275863
-1.4685314685314645
0.07097232079488595
2.765957446808515
0
-2.208419599723959
-0.7057163020465773
1.5636105188344116
-0.20993701889433966
-0.2805049088359086
-0.3516174402250352
0.42342978122796243
-0.7730147575544783
4.3201133144476085
-1.0183299389002036
3.978052126200262
0
-1.517150395778353
3.0140656396517076
-3.185955786736024
-0.2686366689053094
1.4814814814814738
-0.06635700066356624
5.7104913678618825
1.3819095477387042
0.18587360594794483
-0.06184291898577262
0
-0.9900990099009866
-0.1875000000000071
0
-1.2523481527864748
-0.5707038681039805
-0.6377551020408163
0
1.925545571245186
-0.8186397984886721
3.7460317460317496
0
2.203182374541
1.0179640718562806
-3.9715471250740895
-0.30864197530864196
1.1145510835913384
-0.7348438456828028
-0.12338062924120212
-1.0500308832612828
0.24968789013733192
0
-5.728518057285173
0.3963011889035629
-4.078947368421045
-0.7544581618655848
-5.874222529371113
-0.2936857562408057
2.8718703976435767
0.42949176807446154
0.570206699928712
-0.4961020552799353
1.0683760683760684
-1.832276250880898
0.7178750897343862
1.9244476122594358
0.20979020979021773
0
3.489183531053733
1.0114632501685772
-2.069425901201617
1.9768234492160912
-4.478609625668442
0.13995801259621318
0.20964360587002892
2.0223152022315243
-3.691045796308958
0.07097232079488595
0.6382978723404296
2.748414376321357
-3.497942386831291
1.137171286425034
-1.0541110330288124
1.4914772727272685
-1.6794961511546576
0.4982206405693869
0.14164305949009706
-0.6364922206506405
1.2811387900355953
-0.8432888264230618
1.2756909992912908
1.3995801259622114
0
-2.4154589371980677
2.758132956152762
1.1699931176875351
-2.2448979591836813
-0.48712595685455023
-1.6783216783216823
4.5519203413940295
-4.761904761904762
1.3571428571428612
-3.5940803382663806
0
-2.6315789473684377
-0.9009009009008925
-1.5151515151515151
1.8461538461538505
-1.2839879154078677
0
0.15302218821730457
-1.98624904507257
1.0132501948557933
0.4629629629629586
0
-0.844854070660518
0.3872966692486445
0
-0.3086419753086464
-0.07739938080494917
0.92951200619676
1.918649270913277
-2.18373493975904
-0.6158583525789155
0.6971340046475645
0.6153846153846241
-2.0642201834862512
-0.46838407494144757
-0.31372549019608287
-1.022816679779699
0.15898251192369064
-0.6349206349206327
2.6357827476038316
-1.8677042801556465
1.823949246629668
-0.31152647975078324
-0.15625000000000222
0.07824726134585956
-0.5473025801407372
-0.7861635220125786
2.773375594294759
2.0817270624518254
-2.114803625377652
0.6944444444444489
-0.8429118773946317
-2.0092735703245816
1.419558359621449
-0.38880248833592534
2.0296643247462876
2.4330527926549403
-3.107260233044515
-1.0946654332408168
0.7170693686671765
-0.8512614146416919
0.9834530128004924
0.09275003864585295
0.15444015444014567
-2.081727062451803
2.0629921259842554
-1.7744175281592434
0.989632422243182
-1.2288069684243368
-0.06299212598425062
-0.03151591553735129
-2.1437578814627987
-0.9342783505154612
0.3902439024390276
0.03239390994492391
-1.7325129533678763
-0.7909045971329657
-1.2954658694569028
0.9591115598182741
0.033333333333338544
-0.3665444851716194
-1.0033444816053416
1.6047297297297225
-0.14962593516208864
-1.0156510156510146
3.212783851976445
-1.9393741851368933
3.390393883995345
0.3857900659058061
-2.2578062449960026
-0.3768020969855781
-2.187140272981426
0.8742434431741815
-2.383333333333333
-2.0317568721188284
6.117113976995465
-1.2974215798981756
-0.8652246256239653
-0.8056394763343352
3.824027072758034
-1.646023468057363
3.711681855840931
-2.140917079405661
1.8122448979591828
-1.2026940346375883
2.1587404642103527
-0.69907848744836
-0.27200000000000274
0.11230547088079622
0
-0.2724358974359002
3.3263699180459594
-0.03110419906686784
0.6067205973864352
-2.273078707283128
0.854430379746834
-0.2823972387825537
-1.1327879169288844
0.7797581158497691
-2.1474814463919145
0.8229788607390641
-2.51280409731114
0.14775898867181647
-0.049180327868854325
0.4100377234705593
-0.4737014047696817
-0.5744296733957023
-0.8583690987124398
0
0.43290043290042957
0.29840848806366
0.3471074380165303
0.19766101136550393
0.3945421666940687
0.2128704765023785
0.8169934640522876
0.8752025931928673
0.24100257069408512
0.06411283859592747
-1.297453147525232
0.616682895163912
0.20967741935484283
0.22533397714469752
1.573791552914721
-4.458498023715415
7.231507529372824
-1.2191358024691237
1.8434619590688839
0.015339776039277674
1.2423312883435618
-0.015149219815187267
0.45454545454545026
-1.3876319758672726
-1.8354236769654155
0
-0.43627298223746996
0
3.4272300469483645
-0.24209411408684609
3.3368724404671446
-0.1174225744899432
-1.851579720793521
0.7486150621350501
-1.7536038044286026
-0.0907578278626566
0.9538228614685991
0.014997000599866382
0.1499475183685838
0.1048061086988968
6.805264732276394
0.8262148158521264
-3.4861111111111183
-0.40293567419772797
-0.7224389539083949
0.05821568912822916
2.0363636363636446
1.1261582323592187
-1.494220468001131
1.5884373211219225
0.9015354275250044
