-10.053859964093359
-0.19960079840319644
-4
6.25
-0.8823529411764761
-0.49455984174085066
3.379721669980125
1.9230769230769231
2.6415094339622613
-3.7683823529411713
5.348615090735429
-3.898458748866725
6.792452830188681
-1.0600706713780943
1.1607142857142831
4.148278905560462
-6.016949152542368
2.7953110910730334
-3.1578947368421004
3.079710144927528
-1.8453427065026313
1.7009847806624812
-4.313380281690134
2.115915363385462
-3.5135135135135185
-1.960784313725485
-0.7619047619047592
7.005758157389633
-4.573991031390129
-0.18796992481203273
2.6365348399246678
0
1.2844036697247758
-2.8985507246376834
-1.3059701492537366
0
1.890359168241966
-2.411873840445264
3.2319391634980907
-2.3941068139963115
2.2641509433962317
0
-1.7527675276752819
2.065727699530519
-0.6439742410303614
-1.944444444444439
0.09442870632671795
2.07547169811321
-4.621072088724584
-0.19379844961240586
4.174757281553395
-2.0503261882572255
-1.141769743101797
3.849855630413859
-2.316960148285449
1.8026565464895554
0.0931966449207908
-2.1415270018622077
1.6175071360608972
0
1.0299625468164875
-1.668211306765534
3.0160226201696543
-1.0978956999085112
1.2025901942645805
-1.188299817184654
-0.37002775208139826
2.0427112349117946
-3.4576888080072896
-1.9792648444863283
4.903846153846148
2.6581118240146706
-1.250000000000005
-2.169981916817352
-3.3271719038817085
0.09560229445507508
-1.241642788920723
0
3.481624758220497
0.8411214953271081
-0.27803521779426443
-3.6245353159851224
1.7357762777242016
-2.3696682464454977
1.6504854368932067
0
0.8595988538681867
-2.8409090909090913
2.4366471734892787
-1.9029495718363465
2.812803103782741
-1.8867924528301887
3.653846153846151
0.649350649350652
3.963133640552993
1.0638297872340452
-1.6666666666666716
-8.117752007136481
6.6019417475728135
-3.8251366120218604
8.522727272727273
3.8394415357766194
-4.201680672268908
-3.4210526315789522
1.0899182561307927
1.707097933513033
-3.0035335689045985
-3.916211293260471
1.516587677725113
1.7740429505135442
-1.6513761467889883
-2.798507462686567
2.7831094049903946
-1.8674136321195145
0.3805899143672747
0
-1.3270142180094842
2.1133525456292057
-0.6585136406397016
1.7992424242424296
17.860465116279073
14.364640883977902
4.8999309868875045
9.999999999999993
0
8.133971291866043
1.7146017699115013
3.262642740619902
5.792522380200105
4.529616724738673
-1.2380952380952355
3.0858244937319217
-7.8110383536015044
-4.9720953830542785
0
-4.965296316070481
0
-5.0000000000000036
0.5913660555884093
-4.644326866549092
-0.3082614056720099
-0.06184291898577262
4.641089108910891
0
1.6558249556475526
-1.9778941244909864
1.8991097922848597
0
-3.4362259755387172
4.8250904704463204
-8.285385500575376
-4.51693851944794
6.373193166885688
4.879555281037681
-7.126030624263853
-1.9657577679137568
0.19404915912031784
4.583602324080048
-1.8518518518518519
-0.2515723270440287
0.6935687263556081
2.0663744520976906
-5.092024539877308
1.9392372333548806
-6.087507926442609
0.06752194463200156
-4.588394062078262
4.596888260254596
-7.234617985125096
-1.9679300291545108
5.130111524163573
4.596888260254596
-4.530087897227868
-0.7790368271954634
5.710206995003569
3.9837947332883226
-4.15584415584416
0
-4.9457994579945685
-4.989308624376336
0.0750187546886679
4.947526236881555
-0.14285714285713474
0.14306151645206625
1.0714285714285714
-1.0600706713780919
-3.2142857142857144
4.870848708487081
-5.629838142153413
-1.9388516032811294
5.779467680608361
-4.816678648454341
2.7190332326283944
2.6470588235294077
-4.656160458452722
0.3005259203606354
-0.2996254681647983
4.7332832456799485
-3.7302725968436277
4.694485842026834
-4.056939501779351
0
1.1869436201780372
-2.3460410557184876
5.105105105105114
-4.285714285714286
0.07462686567163755
-3.0574198359433216
6.076923076923081
-1.3778100072516357
-3.0882352941176388
-1.365705614567535
-1.8461538461538505
4.467084639498446
-3.750937734433608
2.0265003897116087
-2.2154316271963372
-3.125
1.6129032258064515
-1.7460317460317483
0.48465266558966763
-2.009646302250804
4.019688269073003
-0.6309148264984205
-3.8888888888888933
-1.9818331957060211
1.1794439764111133
3.9966694421315667
-4.00320256204964
4.587155963302752
-5.582137161084529
2.956081081081081
-5.41427399507794
4.423243712055515
-7.641196013289038
4.946043165467626
0
1.9708654670094234
-0.25210084033613206
1.095197978096038
-2.749999999999998
0
2.056555269922872
-3.4424853064651506
8.695652173913043
2
-3.8431372549019653
0.3262642740619949
4.634146341463405
1.010101010101019
3.923076923076919
4.367135455218361
0
-1.9858156028368874
1.230101302460215
2.0014295925661063
1.9621583742116409
0.06872852233676585
-5.013736263736252
-4.844540853217655
3.267477203647425
-2.86975717439294
-0.5303030303030217
0.5331302361005245
-1.742424242424251
-0.5397070161912018
3.7984496124031053
0
-2.6138909634055265
4.294478527607358
-1.5441176470588194
-1.9417475728155296
2.3610053313023567
4.910714285714281
-7.730496453900712
4.458109146810155
-6.622516556291391
2.0488573680062996
-1.698841698841701
2.042419481539677
-2.771362586605087
-0.2375296912113992
-1.5079365079365123
-1.6116035455278002
6.71580671580673
-0.23023791250960196
-2.8461538461538485
1.346001583531277
2.890624999999991
-2.8094153378891336
1.6406249999999956
2.613374327440435
-4.943820224719097
3.2308904649330135
-3.20610687022901
-4.968454258675077
3.651452282157681
3.2826261008807
-3.6434108527131803
-3.781174577634757
0.9197324414715791
0
-0.5799502899751473
0
2.833333333333338
4.862236628849271
-9.350850077279759
-1.960784313725488
1.1304347826086931
4.385210662080833
-5.107084019769359
0
-1.9097222222222245
4.778761061946907
-3.7162162162162207
4.473684210526311
-8.312342569269514
4.945054945054936
-0.7853403141361183
-0.08795074758136194
-1.8485915492957696
0
0
9.237668161434975
-3.612479474548433
3.83304940374787
-5.9885151763740865
6.36998254799303
-5.5783429040196975
3.6490008688097335
-1.0896898575020932
-5.000000000000004
-1.605709188224797
8.522212148685409
-6.349206349206357
0.17841213202498024
-1.3357079252003563
2.527075812274366
-6.426056338028167
5.362182502351836
-2.5892857142857193
-2.6581118240146577
-1.6007532956685526
1.4354066985645932
1.8867924528301887
-2.314814814814815
-0.5687203791469141
2.0019065776930356
0.3738317757009399
0
-4.096834264432035
4.466019417475723
-2.1375464684014847
0.6647673314340008
-1.8679245283018906
-3.6531436262257233
2.5942925563759673
4.648900992024899
2.211895910780678
8.20149118021458
-4.285714285714281
1.8437225636523216
-6.896551724137931
-1.8518518518518519
2.754716981132077
2.001468968049938
-5.742574257425739
0
-5.404889228418637
7.005855037351098
-6.320754716981134
2.014098690835851
-0.9279368213228013
2.6106018333997656
-3.864828121965434
2.0202020202020203
-3.6237623762376203
-1.376618039860287
-3.125
0
0
3.225806451612903
2.624999999999996
2.0097442143727204
-3.94029850746268
-3.459705821421176
11.287553648068664
5.861935981488621
-8.7431693989071
-1.7964071856287396
-0.40650406504065617
-1.8367346938775482
0.10395010395009804
0
5.960539979231577
2.80282242257938
-2.1163012392754994
0
2.7853525516166724
0
0.6253553155201786
1.8455743879472635
2.2374260355029603
2.0075963103635366
-2.517730496453904
-0.14550745725718134
-4.225865209471768
2.2822365918600283
-4.983265154332465
4.872798434442274
-1.2129128568762935
0
1.5867019267094888
-2.5846039419858693
1.717885092574916
2.0078814036404586
2.5018395879323023
2.297200287150038
6.368421052631583
-1.9462312386607286
11.152228763666939
1.1501210653753104
9.006582884500292
2.0450178424375443
6.617350369872229
0.9209032420840217
-5.487500000000001
1.3225763787858749
-3.3677065657224885
3.404025395110085
-11.443500979751784
2.006195604071396
-2.819956616052065
-3.1250000000000124
4.439324116743473
-1.4560964847771658
-2.14925373134328
0
-2.5320317266626047
-4.50704225352112
8.161258603736474
0
-4.303030303030308
0.5383153894870225
-2.0787401574803153
0
-1.4474107430041792
-0.13054830287205987
-1.0784313725490255
-0.23125206475057908
-0.6291390728476746
3.282239253582137
-3.1940635586384962
-0.01666388935177139
-0.7000000000000028
0.0335683115139361
-0.16778523489933123
-2.5210084033613445
0.017241379310341396
-0.017238407171173954
-1.0862068965517286
-0.1220149904131084
-0.7853403141361183
0.08795074758134944
4.534270650263617
0.36987222595831537
0.5025125628140655
1.6666666666666667
0
-0.08196721311474944
-1.2305168170631664
-4.4019933554817365
0.6429192006950557
0
0.39709944751380677
