3.230653643876793
-4.439592430858802
0.3808073115003808
4.6282245827010575
-2.5380710659898478
-1.0788690476190603
0.8649868371568302
3.2065622669649603
-3.070809248554913
0
0.7081625046589554
0.6661732050333129
3.235294117647063
0
-3.276353276353272
3.8659793814432986
-2.126905352711804
-1.99203187250996
-0.8869179600887043
-0.7084265473527134
0.6383777694329661
0
-3.0970149253731387
2.387370042356561
-3.2719067318540764
0
-4.976671850699837
2.0049099836333903
-6.859205776173294
-4.392764857881132
3.063063063063068
0
-0.48076923076924066
1.1418533157663693
-3.03951367781155
2.9108822212270486
-2.654482158398617
2.7715690657130163
-3.2622879512831666
-2.8776978417266212
2.3611111111111085
-1.9900497512437838
0.4614674665436087
3.1694993109784133
-4.140694568121097
-2.4616813748258295
0.09523809523808982
-3.4728829686013243
8.772794480039419
3.1264159492523813
-1.23022847100175
3.1583629893238405
-7.805088400172486
0
2.4789522918615448
0.4107713372889118
1.9545454545454597
-1.9616584930896146
0.5002273760800338
2.4434389140271517
2.4734982332155453
3.8793103448275863
1.037344398340249
4.804928131416833
-5.5250783699059545
3.6914143508917485
-6.320000000000005
-2.0495303159692497
6.277244986922408
3.3634126333059835
-8.095238095238097
-7.599309153713297
19.018691588785043
0
8.8339222614841
4.473304473304486
-9.703038674033156
-0.5736137667304015
0.8076923076923165
0
-1.907668828691339
-1.9836639439906738
10.238095238095243
1.079913606911447
5.3418803418803416
2.265043948613924
2.4462809917355295
2.0006453694740385
-5.346409364125287
2.2727272727272765
-3.202614379084971
-0.06752194463200156
-1.8581081081081081
-2.1686746987951846
1.3370865587614396
1.3888888888888888
-3.8356164383561606
-0.28490028490028896
-0.7857142857142817
-1.9798416126709864
4.406904149834741
-4.642982764685187
6.418295831796376
2.5996533795493932
0.6418918918918842
-1.3091641490432957
6.360544217687071
4.221298369043809
-1.2580546179809653
1.7402113113735134
-0.42761148442271757
3.067484662576687
-4.404761904761908
0.8717310087173137
-3.6419753086419786
2.0179372197309453
-2.2919937205651526
2.024421593830338
-0.2204724409448783
1.0101010101010064
-3.1874999999999964
1.9690122659780394
-5.001582779360543
3.9320226591136134
-8.400128246232764
4.515225761288076
-4.3536503683858
3.501400560224089
-0.9810554803789019
4.509736932012296
-5.197777051323955
2.3448275862069003
-2.526954177897574
-1.9702730729346658
-1.4456981664316018
0.17889087656529518
-1.857142857142853
-0.2911208151382865
-0.21897810218978933
0
3.986832479882968
0.9497010200492397
2.822299651567952
-0.5760759064723976
0.8861622358554953
0.6756756756756757
-2.583892617449661
3.238029624526344
-2.002002002002002
-1.1235955056179814
-2.892561983471067
2.730496453900705
-4.41836382464619
0.36114120621162876
-3.094638359121974
-3.4533976977348724
-1.5769230769230747
0.03907776475185397
1.171875
3.011583011583016
-2.6611694152923624
0
-4.505198305737385
-3.024193548387097
-2.03742203742204
2.037351443123944
2.8702163061564083
1.9005256773149974
2.698412698412703
2.202472952086549
0.680529300567112
1.7273751408186127
-2.6578073089700958
3.0716723549488143
-4.120676968359083
-3.990790483499629
4.356514788169478
-4.174645729605528
5.1958433253397285
1.1778115501519844
-1.1641006383777779
2.4696048632218845
-2.3359288097886584
0
-4.214123006833701
2.972651605231867
-3.4257120862201713
-1.1558389796731787
-1.6129032258064515
0
0.8606557377049157
3.982121088988221
-3.1262211801484954
0.040338846308993266
-0.9274193548387143
-4.232804232804224
2.2949426264343296
3.8637307852098095
-2.4799999999999955
-4.757998359310919
6.287683031869088
1.2965964343598009
-5.520000000000005
4.106689246401362
-8.499389995933308
0.3555555555555606
0.2657218777679337
-4.063604240282693
2.7163904235727467
4.61676378305693
-5.741216795201373
2.0000000000000027
0.44563279857397503
1.9964507542147294
-2.4358416702914285
-1.4712438698172141
-2.12669683257918
0
-0.09246417013408093
-1.9898195279962902
-3.0689329556185077
0
-4.6760837798344
-1.8906489524782775
1.3020833333333333
3.0334190231362497
-2.0958083832335412
1.8348623853211126
3.103103103103097
5.000000000000005
0
4.993065187239936
0
3.9189784236019403
0.12711864406780143
0
-0.29623360135421795
0
-4.414261460101869
1.1101243339253997
-3.2059727711901553
-2.1324863883847627
2.1789522484932857
-0.2722323049001789
-2.092811646951785
-0.4182156133828891
0.9799346710219292
2.0332717190388196
-5.34420289855073
1.9138755980861244
2.8638497652582133
3.742583295298958
-7.875054993400793
-0.3820439350525365
-4.50623202301055
0
-2.6104417670682674
2.0103092783505185
-2.5770591207680615
2.1265560165975073
2.793296089385475
4.940711462450593
0.047080979284366435
4.988235294117645
0
4.975347377857461
0
4.995730145175072
0
4.961366409109401
0
4.998062766369615
0
4.981549815498155
0
4.991212653778555
0
4.988282557750263
0
4.974489795918356
0
4.981773997569877
0
4.9768518518518485
0
4.988974641675845
0
4.98818587555789
0
4.9762440610152625
0
4.978561219628389
0
4.992058089403223
0
4.992435703479582
0
4.981473857554548
0
5
0
4.985994397759113
0
4.998221273568109
0
4.9974589191936305
0
4.549854791868352
0.4166666666666737
4.994621177193791
0
4.9912177985948345
0
4.990938240624574
0
4.992696853007572
0
4.9955735424307575
0
4.99879547097085
0
4.99024893885511
0
4.993444055944048
-9.511915912165676
-4.991374353076479
0
-4.99939474639875
0
-4.994903160040766
0
-4.9892703862661
0
-4.997176736307168
0
-4.992570579494803
0
-4.9890522364716885
0
-4.987654320987647
0
-4.989604989605001
0
-4.996353026987596
0
-4.990403071017274
0
-4.989898989898988
0
-4.996810546459707
0
-4.991047448522831
0
-4.994110718492342
0
-4.983882965534347
0
-4.984342379958238
1.9774787146388322
-1.1042283867492655
6.154684095860572
4.976911236531548
0
4.105571847507334
0.8450704225352166
4.981378026070758
0
4.988913525498892
0
1.752903907074976
3.175591531755918
0.14081673707503292
-5.122539172358377
-4.95447808596232
-0.04455335263978361
-4.992199687987514
0
-1.946985690828058
1.1244019138755954
0.023657440264968712
4.966887417218543
4.979720594862543
-6.868426701008801
-0.43788891449642253
-2.59259259259259
0
-4.990494296577947
-3.376688344172086
-1.2684442143411945
4.667016255899322
-6.237474949899794
1.6564253272775817
3.2851511169513796
2.646310432569969
2.280614774417463
3.9747939893359128
-2.3076923076923026
0.21474588403721717
-2.0714285714285685
-1.2642839776318961
-0.1969958138389587
-0.7895386133728074
0.22382491917432906
0.942928039702236
-2.48279252704032
-1.6385177716158306
0.2819067145053877
-1.8655762841809382
-2.421875000000003
-0.7205764611689321
2.4731182795698894
1.9937040923399851
-3.0092592592592564
-1.856271546009016
-1.891380707916779
-0.8537592949600723
-2.333333333333327
2.3890784982935087
2.527777777777784
2.8989433757789183
-2.2643496577145927
-0.32327586206896247
0.7837837837837777
2.4403325288281104
-2.9581151832460764
-1.240895602913398
1.2564872985522988
-1.0790396547073104
-0.7908371966184831
0.054975261132487255
0.35714285714286026
1.6972351491924413
-2.288021534320323
0
-0.44077134986226524
0.719424460431661
-2.0879120879120943
1.8518518518518583
-2.8099173553718977
2.0408163265306087
-3.6944444444444478
1.7594462070954782
-3.5430839002267573
2.174551866000581
-4.659188955996545
0.7541478129713424
2.3652694610778373
0.08774495466511009
-0.6428988895382785
-1.6764705882352908
1.6751420879449495
4.530744336569589
-8.246552209400509
3.067484662576687
-2.6785714285714284
-2.6299694189602514
0.47110552763819097
-2.719599874960922
-1.703084832904888
-0.09807126511930518
-4.875654450261791
0
-0.1375988992087985
4.994832931450223
0
4.986876640419943
0
5
0
