3.4177215189873453
0
-1.835985312117503
-0.37406483790523337
3.754693366708385
1.0856453558504118
-0.5966587112171838
0
0.7202881152461087
1.3110846245530325
0.7058823529411697
0
2.1028037383177702
0.22883295194506706
0.11415525114156225
2.052451539338651
-1.4525139664804438
1.1337868480725624
-1.7937219730941798
-3.5388127853881217
3.07692307692307
1.033295063145816
-0.454545454545461
-2.968036529680359
4.000000000000007
-1.9230769230769262
-1.8454440599769417
1.175088131609871
-0.9291521486643406
2.5791324736225123
-1.2571428571428507
0.2314814814814683
0.34642032332564826
-0.3452243958573203
0.9237875288683735
0.4576659038901504
1.3667425968109372
1.0112359550561862
-2.002224694104573
1.9296254256526708
-1.670378619153675
0
-2.491506228765575
-1.7421602787456447
1.0638297872340494
0
0.9356725146198798
0.2317497103128654
-2.5433526011560725
3.2028469750889714
-1.1494252873563218
-1.744186046511628
8.994082840236679
2.0629750271444145
0.7446808510638329
2.8511087645195383
-1.1293634496920004
0.7268951194184868
0.10309278350514878
0.30895983522143294
1.0266940451745379
-0.40650406504065617
-1.0204081632653061
0.4123711340206244
11.396303901437367
3.778801843317967
-7.193605683836585
2.9665071770334874
-7.0631970260223
3.9000000000000057
-2.8873917228103942
2.973240832507433
-4.8123195380173245
-1.8200202224469275
-2.162718846549943
1.0526315789473684
-0.7291666666666696
0
-1.4690451206715547
-1.2779552715654983
11.434735706580362
2.0329138431752263
-1.5180265654649037
3.564547206165706
-4.093023255813959
-0.09699321047526123
-2.718446601941745
-0.6986027944111804
-3.5175879396984926
0.10416666666666075
1.5608740894901145
3.0737704918032787
-2.3856858846918407
1.8329938900203637
-2.700000000000003
2.3638232271325768
0.9036144578313311
-0.0995024875621834
1.4940239043824701
2.0608439646712404
0.9615384615384616
2.5714285714285743
-0.9285051067780873
1.9681349578256742
-1.3786764705882353
4.00745573159366
7.526881720430113
3.250000000000005
-4.277643260694117
-0.5902192242832957
0.08481764206954565
2.796610169491523
-4.61665292662819
-1.3828867761452104
-1.4899211218229524
4.448398576512456
3.4071550255536627
3.5420098846787456
-4.216388225934764
-2.8239202657807354
0.6837606837606813
1.3582342954159665
-1.005025125628143
0
-4.906937394247037
-0.35587188612100146
3.5714285714285716
-1.551724137931032
-0.350262697022772
1.3181019332161688
-3.989592367736335
0
0.9936766034326958
1.6994633273703093
-2.8144239226033445
-2.0814479638009025
-1.2939001848428888
0
1.8726591760299627
-0.3676470588235216
0.5535055350553453
3.486238532110089
-2.1276595744680775
2.355072463768111
-3.6283185840707914
10.009182736455454
0.5008347245409086
1.328903654485045
-2.2950819672131124
2.3489932885906017
0.08196721311474944
1.064701064701074
-0.9724473257698564
0
-1.309328968903444
2.238805970149256
0.5677210056772124
1.2903225806451568
-3.582802547770701
1.5689512799339436
-2.9268292682926784
1.8425460636515816
-2.5493421052631535
1.181434599156123
-1.3344453711426258
-1.5215553677092115
0.9442060085836861
0.3401360544217736
-0.5932203389830533
-0.2557544757033224
-1.7094017094017093
3.304347826086954
-2.693602693602696
0.951557093425613
2.656383890317047
-1.5025041736227023
0.9322033898305037
0.41981528127623846
-1.5050167224080244
-2.207130730050929
0.8680555555555556
0.43029259896729777
-0.25706940874035744
1.546391752577317
-1.7766497461929005
-0.7751937984496051
0.8680555555555556
-0.17211703958692154
-0.25862068965517
0
0.6914433880725991
-0.6866952789699546
0.8643042350907519
1.3710368466152478
-0.1690617075232484
3.217612193056741
-3.6095159967186263
1.5319148936170188
-0.4191114836546522
3.2828282828282878
-0.40749796251018744
2.0458265139116203
0.32076984763431554
2.078337330135898
-3.758809710258416
0.4068348250610252
-2.7552674230145913
0.8333333333333334
-2.2314049586776883
2.7895181741335566
-1.6447368421052633
0.33444816053512183
-3.1666666666666643
1.3769363166953479
-1.018675721561972
2.0583190394511197
-2.0168067226890805
0.34305317324185736
-0.42735042735042733
2.660944206008579
-2.7591973244147137
2.7515047291487558
-2.259414225941425
0
0.6849315068493127
-0.08503401360543734
3.0638297872340376
2.064409578860446
-1.5372168284789576
0.24650780608052356
-0.4098360655737705
-0.5761316872428007
0.1655629139072871
1.4876033057851217
-2.6872964169381084
1.5899581589958207
-0.6589785831960555
1.3266998341625278
-2.782324058919808
2.6094276094276165
-3.3634126333059955
-1.8675721561969465
3.200692041522494
1.8440905280804718
-0.9876543209876567
0.9143807148794751
-0.41186161449752884
-0.5789909015715491
0.4159733777038269
0
0.8285004142502072
0.08216926869350395
0.32840722495895375
0
-2.7004909983633363
0.925147182506303
-3.916666666666669
-0.6071118820468369
-7.155322862129135
-1.8796992481203008
8.14176245210728
1.8600531443755484
-1.0434782608695676
1.8453427065026438
-0.25884383088870694
1.5570934256055462
-4.003407155025556
5.856255545696534
-2.8499580888516274
2.93356341673856
-3.3528918692372174
0.6071118820468369
1.0344827586206922
2.047781569965863
-1.421404682274238
0.9329940627650503
-1.5126050420168042
0.08532423208190641
-1.790281329923269
-0.7812500000000049
0.9623797025371903
-0.3466204506065907
0.8695652173913043
0
-0.6034482758620714
-0.26019080659149796
-0.08695652173912549
2.0887728459529953
-2.21653878942881
1.9180470793374043
-2.4807527801539826
2.3684210526315814
-2.6563838903170596
1.8485915492957823
-1.6421780466724336
-1.0544815465729376
1.1545293072824259
-0.6145741878841113
0.4416961130742049
2.7264731750219826
-3.3390410958904035
3.7201062887510967
-2.2203245089666903
1.3100436681222707
0.7758620689655221
1.9674935842600487
-3.1040268456375864
-0.08658008658008166
3.4662045060658575
1.2562814070351758
2.3159636062861844
2.021018593371059
-6.656101426307453
4.838709677419357
-1.9433198380566847
2.394715111478122
-5.000000000000002
4.92359932088285
-11.084142394821997
-2.4567788898999114
0.373134328358201
0.09293680297398563
1.392757660167131
-0.09157509157509938
0
-1.0082493125572818
3.1481481481481532
0.17953321364451402
0
1.0752688172043037
-3.457446808510631
-1.7447199265381135
1.495327102803733
-0.5524861878452987
0
-1.8518518518518519
1.9811320754716928
-0.7400555041628096
1.3979496738117427
-0.5514705882352889
-2.4029574861367915
3.409090909090917
-4.761904761904764
0
0.3846153846153901
2.8735632183908044
-3.258845437616387
0
-1.8286814244465885
-1.5686274509803866
-1.4940239043824701
0
3.1344792719919052
3.6274509803921595
-2.232734153263954
-1.2966905360944487
0.7843137254901933
2.7042801556420244
-1.7806402727789312
1.542912246865954
-1.8613485280151887
2.5740274820979256
-4.15094339622642
4.3307086614173285
-4.037735849056605
0.7668108533228482
-1.2682926829268264
-0.19762845849802652
0
2.9108910891089086
-5.734077352318639
2.0616452337211633
-3.719999999999999
3.8637307852098037
-5.079999999999998
-0.9692372524230949
4.106382978723404
4.230533415082772
-1.9019607843137232
3.3579852088746747
-2.6300522142719
1.9066534260178765
-5.729877216916789
5.416580525118885
-5.80505981565013
-0.06246096189881561
-2.4166666666666594
0.34158838599486885
-1.212765957446809
0
-0.7968985569674725
4.5158488927485845
-2.056501869547158
0
-0.06362672322375638
6.090831918505952
-0.04000800160032632
-3.442065239143484
4.435233160621763
1.210557650327445
-0.9411764705882292
-2.988915281076811
3.060599877576005
1.564046723421103
-2.76803118908381
2.7265437048917387
-2.361436377829822
3.937637417549468
-1.596153846153843
-4.143052569865164
3.2823649337410794
0.6711409395973222
-1.8039215686274543
0.03993610223642797
0.6387225548902201
-1.7850059500198305
0.08077544426494174
5.83131557707829
-4.137273593898954
1.4319809069212388
-0.2156862745098028
-0.6484574572607551
1.4042721518987358
0.546128340159926
1.9010669253152357
0.4188083000190346
0.7962085308056904
-0.6018431446304312
1.6650898770103981
-0.05583472920155227
-2.253258845437618
2.0956372642408105
-3.6014181750326677
-0.6968641114982568
0.5068226120857799
1.8231186966640762
0.9523809523809523
-0.18867924528302155
0.9829867674858283
-1.2729314863347054
-0.6257110352673595
-0.7822934554474272
1.1923076923076874
2.052451539338665
-2.0297951582867846
1.9958182854970483
-1.938128960119268
-0.7981755986316887
0.4789272030651341
-2.6882745471878047
0.48981191222570536
0
0.3509456034314676
1.9817369341363962
-4.81996570775386
0.08006405124099109
-0.6800000000000068
-0.08054772452678041
-0.2216848045143076
1.9995960412038014
-2.29702970297029
-0.4864207539521726
0.9572301425661891
-1.04902158563648
1.2436289500509674
0
-0.16109544905356082
-0.1613553852359788
-0.4040404040404098
