-2.2003284072249554
3.4251175285426423
-4.935064935064931
2.527322404371577
-0.5996002664890111
5.898123324396791
-7.8481012658227876
0.27472527472527863
2.73972602739726
-1.7999999999999925
2.3761031907671417
1.4588859416445548
1.568627450980396
-0.19305019305020035
3.159252095422312
-2.4062499999999964
0.03202049311558306
-0.09603072983353218
1.8904197372636902
0
-1.7610062893081833
4.289372599231766
-5.125844076120315
3.364606923325777
-0.7824726134585289
1.5457413249211285
-3.0444237340788924
0.3844921499519348
0.7341206511331029
1.8694550063371282
-1.7107309486780715
0.6329113924050633
-0.15723270440251572
-0.47244094488188976
3.734177215189877
0.6711409395973119
-1.3636363636363635
0.12288786482334171
0.6443694384780678
-2.4390243902439024
0
-0.9062499999999929
0.851466414380318
-0.25015634771732687
0.9404388714733543
0
0.3105590062111801
1.1145510835913384
-1.1022657685241954
-0.30959752321981426
0.5279503105590027
-1.0812480691998765
10.712054965646475
-0.16925246826516863
-1.0737496467928667
-1.1710939731505348
3.7283236994219586
1.9504040122596824
-3.5528833014484835
0
-1.8702181921224048
0.49090384060063197
1.091954022988509
1.1654349061966929
-0.7024445068839562
0.16977928692700134
0.25423728813558677
1.9723865877712032
-3.757944183476089
-1.177146138386455
0.6682161533991898
3.896103896103896
-2.472222222222216
-1.908288236969537
3.368176538908253
3.20224719101123
-1.4425694066412507
1.4360673847003558
-1.8241219711407537
-1.2479201331114809
1.713001965739951
1.6013252346769773
-1.766304347826087
1.1894882434301552
-0.6560962274467015
0.22014309301045995
-1.5925315760571146
-1.7578124999999873
1.2212439647827191
-2.4691358024691232
3.4810126582278382
-1.779260494856819
3.2550240588734787
0.3015350877192889
0.4372779447936657
-1.2244897959183674
2.479338842975207
-1.6129032258064515
0.9016393442622982
-0.8935824532900112
2.240437158469942
0.4810261892036375
-0.1063829787233982
0.10649627263045187
0.6914893617021337
0.36978341257263
0.05263157894736543
1.262493424513417
-0.3636363636363577
-0.18248175182482937
-0.02611647949855469
-0.1828631138975937
0.7327924627060859
-1.1431540659911608
3.416557161629435
3.1766200762388817
5.246305418719214
0.6318745611982187
-5.023255813953494
-0.5876591576885352
-0.12315270935960591
1.1097410604192355
-1.9268292682926773
0.42278040288485164
-2.1545319465081696
0.7339913945836439
1.1306532663316582
0.6211180124223602
-4.987654320987652
3.4043659043658954
-4.624277456647393
-1.976284584980237
0.8870967741935515
-0.8792965627498032
-0.8064516129032258
0.05420054200541697
-3.575297941495122
3.005617977528087
-2.972457049359143
-1.0680157391793175
0.7386363636363701
0.5076142131979566
0.19640852974187584
-1.1201344161299356
1.1611441517983476
0
-0.11198208286673496
0.896860986547082
-0.1388888888888889
-0.4172461752433936
0.5027932960893886
-0.9727626459143969
1.0384507437552593
2.7777777777777777
-3.2432432432432434
0
-0.8379888268156425
0.14084507042253522
-0.9001406469760869
-0.48254328697132803
0.513405590416416
2.9511918274687954
-3.280044101433306
-0.2564833285836356
1.2571428571428507
1.0158013544018123
-1.0893854748603289
1.3555492798644322
-0.9473390916689823
1.1251758087201125
-2.976356050069538
4.529816513761471
-3.8398244651673066
2.681118083285789
0.055555555555552395
-2.4430871737923407
1.707455890722823
-0.9513150531617173
2.8813559322033866
0.49423393739703775
-0.8743169398907072
0.3031973539139928
-0.549601538884309
1.0776457584968318
1.3942044833242115
1.2941493664060426
0.29278679797711543
0.7696390658174037
1.0007900974453545
0.651890482398957
-1.5803108808290214
-0.23690444853908327
0.554089709762539
-0.23615848858568197
0.28932140978433
-0.07867820613690306
0.9186351706036745
1.7165149544863518
-1.6364101252876588
1.3776969066805334
-2.3076923076923075
0.7874015748031497
-0.9114583333333334
-0.31537450722732946
0
3.0055365146322113
-2.5851036600972526
-0.026274303730957103
0.2628120893561104
3.0144167758846656
-2.6208651399491125
2.221060883198328
-0.9969325153374176
-0.33565711334882814
-1.7875647668393724
1.7937219730941583
-2.461777662606893
2.9755579171094704
-3.224974200206398
-0.29325513196481545
-0.02673796791444458
1.845413212088803
-2.9149159663865607
0.1081958344603825
-1.2429073223453182
-0.027359781121757246
-1.258894362342629
-0.2217294900221761
2.1111111111111174
-0.3536452665941271
0.300300300300291
-0.8982035928143589
2.4443834111507763
0
-3.056300268096509
0.16592920353981358
1.8774157923799037
-1.084010840108401
2.547945205479455
-0.6144803633449135
2.6612903225806392
0.3927729772191673
0.36515388628065576
-0.15592515592516182
0.10411244143676057
0.8840353614144506
0.1804123711340177
0
2.495497813223563
0.8785140562248996
0.22393630256283506
1.737835153922542
-3.660322108345534
-1.4437689969604834
-2.2359290670778837
2.2082018927444884
-5.478395061728397
0.1360544217687075
-4.864130434782602
7.197943444730074
-2.34479083399947
0.05457025920872814
2.945186801199894
-1.3774834437086063
1.101262422777321
0.9032943676939518
-0.6845708267509275
0.6362672322375488
-1.2908324552160257
2.4286095543101207
1.354872329338194
1.2339331619537304
-4.57084814626714
3.5125066524747175
-2.4678663239074607
0.15814443858724903
0.13157894736842105
-1.1563731931668797
-0.8242488699813939
0.5093833780160797
1.2803414243798377
0.07900974453516234
-0.05263157894736543
-1.5797788309636651
0.8025682182985554
-0.8227176220806854
0.6422263848006514
1.5687317202871516
-0.13089005235602094
0
-1.1795543905635648
0
2.387267904509284
0
-1.9689119170984515
-1.0306553911205014
1.2016021361815754
2.7968337730870774
-2.4383983572895276
-0.5261773217574323
0.23803226659613255
-0.9762532981530313
2.3181454836131064
0
-0.2604166666666667
2.297650130548306
-3.4966819806023453
-0.02644802962179919
0.5291005291005291
0.3157894736842075
-2.124868835257074
3.3503082283570085
-3.0860995850622492
2.2210329141022243
-1.1256544502617831
-0.9796134498279028
1.016042780748666
-1.5087347803070377
1.316850309056699
-0.7427055702917802
3.7413148049171565
0.9788768675940267
-2.295918367346939
3.3942558746736293
-3.0808080808080778
1.4851485148514822
-1.258023106546849
2.5741029641185587
-1.2927756653992453
1.694915254237294
-1.5151515151515151
-1.2564102564102506
0.5972474681900687
-1.0067114093959673
0
-0.286831812255547
0.3399581589958189
-0.41699244201197966
-0.26171159382360637
0.3411178168459602
-0.2092050209204902
-0.2358490566037825
-1.3396375098502669
0
0.42598509052182265
-4.506892895015906
3.137146029983346
-1.6689098250336443
0.5201204489460655
0.7625272331154715
-1.02702702702703
1.9661387220098276
-0.8837707552222697
-0.9997298027560241
1.2008733624454242
1.8608414239482138
-1.9327508604712766
-0.6209503239740698
1.5756587883727124
0.45466702326826575
-0.5857294994675307
0.5623995715050945
-2.7430093209054625
0.2738225629791895
-0.9011469142545089
-0.22044640396802276
0.9389671361502284
0
-0.7934336525307736
-0.7170435741864376
1.1666666666666634
-0.5766062602965311
-0.11046672190003703
3.096488802875308
-3.4593724859211528
2.694444444444441
-5.301595888558281
0.856898029134533
0.45312942509203225
4.257118691852276
-4.056246619794483
0.8455467869222096
0.6148686416992701
-1.6666666666666667
1.4124293785310735
1.8941504178273012
7.572443958447236
1.3977128335451081
-3.1077694235588917
-1.7071908949818992
4.710526315789468
-0.4775069112842366
1.1111111111111054
3.896103896103902
0.3125000000000027
2.75581116702612
2.8218283582089474
2.5175776820140676
6.5929203539823025
0.8717310087173077
2.0781893004115273
2.499496069340854
-3.9528023598820106
1.3104013104013175
-1.3136620856911883
1.9660045054269846
-5.663787909218717
2.0225675963380882
-1.0016694490818054
1.075042158516025
-3.6287799791449378
1.6879463319627688
-4.107256863162365
-0.13315579227696908
6.844444444444447
2.287853577371048
1.4436762911752676
2.2248947684906843
-5.058823529411766
0.7847996695580363
-2.4180327868852483
0.7769844603107914
-4.042508856011665
0.760043431053203
-1.6810344827586232
0.3945637878123655
3.7772925764192165
0.9888491479065828
-0.3750000000000024
-0.7737348389795041
-0.927291886195991
2.5313763029142686
-2.4688796680497878
2.510104233141875
2.5731479560074777
1.1531458628363318
-0.7399999999999978
2.256699576868827
-3.802955665024633
-1.0446538303973711
-1.2833781825709056
0
-0.06290626965819973
0.06294586655475336
3.1662822394632046
1.0365853658536632
2.1524844095755356
1.5557306025994553
0.3102579018809209
-0.6379277015271515
5.52529182879377
-0.4424778761061905
-1.3703703703703662
-0.863687570409317
-0.26515151515151086
0.6456513482719288
-8.11320754716981
5.13347022587269
8.59375
0.539568345323741
-4.347048300536665
1.926313820834104
5.211009174311922
0
-5.109870945238918
2.1870979599338316
-2.5179856115107913
1.9926199261992537
-2.3335745296671453
2.574550842748653
1.5709642470205933
-0.4444444444444444
1.6785714285714246
0.1053740779768217
-0.9824561403508811
