3.5054174633524537
-0.24630541871921532
-4.62962962962963
0.970873786407767
-0.32051282051282054
2.8938906752411575
-3.562499999999993
6.2864549578742634
-0.426829268292676
-3.000612369871406
-2.2095959595959593
0.7101355713363423
1.025641025641022
2.0939086294416316
-0.8701056556867655
0.8777429467084675
-1.8023617153511533
3.037974683544311
-2.948402948402955
-5.379746835443038
0.26755852842809746
10.473649099399593
-2.7777777777777746
4.161490683229807
-5.963029218843173
-4.502219403931512
3.519256308100937
-1.0904425914047575
3.6316472114137635
4.88110137672089
-6.085918854415268
-3.0495552731893336
7.208387942332897
2.017114914425435
-1.07849011384063
1.0902483343428295
-4.55362492510485
6.214689265536708
-4.550827423167842
0
-3.8390092879256894
-2.704443013522226
2.8457974851092067
3.0244530244530172
1.5615240474703311
-5.289052890528902
3.896103896103896
3.000000000000007
-4.065533980582535
4.301075268817212
-3.153426318981211
-4.821540388227921
6.776315789473692
3.943314849044964
-1.7190278601066848
-3.01568154402895
0.18656716417909386
4.59342023587834
2.6706231454005933
-6.300578034682084
2.6526835286860035
18.990384615384613
0.8080808080808052
13.226452905811627
-15.000000000000002
4.060385216033322
-2.9514757378689374
2.0103092783505185
0.7579585649317837
2.0060180541624875
-9.046214355948871
3.027027027027024
0.8394543546694619
3.017689906347561
-2.272727272727273
2.7906976744186074
-4.474610356963301
4.1052631578947425
-3.6905965621840298
-2.8871391076115485
5.729729729729727
-0.817995910020447
3.0927835051546393
1.5
-0.049261083743839564
0.5421389847215349
-2.5490196078431318
0.10060362173037657
-4.070351758793967
0
0.9952854897852308
5.809128630705388
-0.14705882352941735
1.9636720667648504
0.577756379393364
0.04786979415988239
2.775119617224886
-3.7709497206704015
8.80503144654089
-5.29124055135616
14.225352112676061
-1.9728729963008678
2.8930817610062918
3.0154849225753892
6.131329113924051
3.6898993663809083
-0.03594536304815453
3.5598705501618038
-0.5555555555555635
1.047486033519553
-5.425017277125083
5.955425648520282
-6.1379310344827624
3.6002939015429876
-1.6312056737588734
4.542177361211256
-3.24137931034482
1.8531717747683494
12.526242127361794
1.9900497512437738
7.8353658536585336
3.025162567147297
-1.0153677277716764
-1.3030219018574962
-3.258426966292141
2.2067363530778232
-5.198863636363639
1.198681450404555
-3.316553153686701
3.215926493108729
-3.7388724035608374
-0.36991368680640835
0.27846534653466404
-1.9438444924406082
4.216488357457513
-3.3816425120772915
-1.9374999999999964
3.919694072657747
-0.7359705611775633
1.946246524559781
-3.5151515151515222
4.899497487437193
-3.832335329341321
2.9887920298879274
-3.627569528415961
2.007528230865739
0.24600246002460374
4.294478527607362
-5.823529411764709
4.309806371018118
-4.371257485029947
3.600500939261115
-1.2390450287095698
2.8151774785801678
-5.416666666666663
3.0207677784770186
-2.168601099572378
2.965969403684046
-8.308065494238944
2.513227513227521
-5.161290322580645
2.7210884353741496
-1.5231788079470274
0
3.6987222595830533
-1.9779507133592626
1.554746940125699
0.3257328990228013
-3.2792207792207866
-4.66599530043638
8.661971830985923
-2.7867790019442715
-3.2000000000000077
4.476584022038568
-6.7237969676994
1.7667844522968197
-4.5833333333333295
6.62299854439592
-8.498293515358354
-1.5292801193584566
-2.462121212121212
2.019417475728151
-7.23258469737343
1.7644645055396027
-0.8467741935483848
1.382675884505899
-3.6101083032490973
-3.786933000416156
7.612456747404854
-6.672025723472678
10.034453057708877
3.7181996086105675
-0.49056603773585333
-0.18960940462646947
-5.205167173252276
-5.410821643286573
8.17796610169492
-6.541323932628288
2.975691533948028
-2.319902319902315
6.583333333333338
1.4855355746677135
-1.5023112480739729
-0.19554165037152915
7.9545454545454595
3.0852994555353903
-5.7042253521126725
1.4563106796116418
-1.435406698564585
-2.912621359223305
0.03846153846154721
-4.652056901191858
2.298387096774189
6.346078044934972
-6.189770200148264
-1.9755037534571316
-0.16122531237404503
7.307226483649585
-6.696764484574873
7.419354838709668
-2.3273273273273234
-1.7294388931591085
-1.2123582323034785
-0.07917656373712931
-0.8320126782884288
5.793048341989612
-3.5876132930513593
1.762632197414806
-4.080061585835266
3.5313001605136485
-2.558139534883719
2.6252983293556063
-1.8604651162790742
1.856240126382302
-3.6060488561457866
-1.9710378117457787
2.0927369716865094
3.6977491961414746
-5.193798449612405
0
-3.4750613246116107
-3.3883947479881407
7.189829022358617
-5.112474437627812
4.612068965517237
-1.112484548825706
-1.5416666666666619
-2.5814642403724175
7.298001737619467
7.246963562753027
-5.020762551906373
-0.31796502384737
-1.7145135566188243
-5.638945233265722
4.041272570937234
-0.8264462809917356
-0.458333333333331
5.064880703223104
-13.266932270916339
-0.7808911345888786
5.0462962962962985
-0.3966505068312057
7.610619469026544
-4.769736842105262
3.6701208981001727
-4.0816326530612175
6.817194963091614
1.6260162601626016
-1.2799999999999954
1.2965964343598009
-2.7200000000000046
-0.4934210526315743
2.479338842975207
8.870967741935484
-7.888888888888892
1.7289907519099363
-5.019762845849798
4.535996670828122
-2.906050955414006
6.519065190651908
-7.351809083910709
0
0.955546323223935
-1.1934156378600846
0.12494793835902182
-0.16638935108153313
1.8333333333333357
0.613747954173486
1.5046766978446477
4.527243589743582
-4.90609428899961
2.0153164046755343
-3.4373765310154045
0
-2.823240589198038
0.33684210526316266
0.5874947545111109
3.2540675844806057
-4.929292929292925
-0.2974925626859401
2.131287297527707
-3.171953255425707
0.905172413793101
0
2.9474583511319974
1.2448132780082988
-1.6803278688524568
0.04168403501458704
2.333333333333331
0.40716612377850164
-4.420113544201137
-1.994060246075515
3.073593073593071
-0.797984040319196
1.1430990685859514
2.009208874005853
-2.174805088223218
-1.9714765100671212
2.225074882327778
0
-2.427794056090419
0
1.029601029601032
0
-0.4670912951167704
-1.8771331058020502
3.086956521739128
1.2231126107127819
-3.0416666666666714
1.375161151697472
-0.5510809665112384
1.0230179028133017
2.742616033755274
-3.9014373716632442
-0.256410256410254
-0.5569837189374514
3.5760448082723015
0
-4.159733777038269
-2.300347222222227
4.131497112394497
-1.0238907849829375
0.1293103448275911
2.4537236332328836
-0.42016806722689076
1.2236286919831247
-4.460191746561074
-0.26178010471203944
0.6999125109361305
0.7819287576020901
-0.08620689655171923
-1.9844693701466878
4.181338028169014
-1.9856358259400038
0.25862068965517
0
-1.977644024075664
-2.5877192982456165
1.3507429085997298
1.9991115059973346
-0.30487804878048286
0.13106159895149974
-0.9162303664921442
1.2329370321444348
-1.2614180078294934
1.7621145374449338
-3.2900432900432874
-1.4324082363473667
-0.09082652134422736
2.0000000000000027
-5.525846702317293
5.471698113207545
-11.270125223613592
4.536290322580645
-0.3857280617164953
3.388189738625363
-3.5580524344569264
3.9805825242718393
-2.707749766573288
5.4222648752399145
-7.874374146563488
-1.976284584980237
0.8568548387096717
-0.04997501249375028
0.9000000000000057
2.0317145688800764
-6.5080135988343875
0.7792207792207793
-4.123711340206185
6.881720430107533
-5.43259557344065
-6.755319148936164
3.5367940673131706
0.27548209366391185
3.2967032967032965
6.063829787234045
-3.259779338014042
2.021772939346815
-4.7459349593495945
0.28806145310999254
0.851063829787231
4.061181434599165
-4.551444500760272
-0.7009345794392488
6.074866310160435
0.7763662028634765
-2.001000500250125
-6.07452782031649
6.945652173913044
3.648744791137314
-5.765836438517365
0
11.80020811654527
3.3041697691734897
-0.47752049734210394
3.657432554770964
-2.462882096069863
3.2234957020057253
-6.471200555170028
-1.9662400296790858
1.740775780510883
2.008554956295329
-3.6918869644484933
0
-0.37860861334595897
0
2.745843230403801
-2.857407064915853
3.046168491194672
-3.0023094688221708
0.9523809523809523
5.6132075471698135
-2.4564537740062526
0
-7.280219780219782
2.0246913580246884
2.3717328170377567
0
-1.6548463356973995
-1.9230769230769231
4.852941176470591
-1.8232819074333826
1.8571428571428599
-3.3660589060308634
-1.0643444605708703
1.271393643031782
-2.2211492032834355
4.691358024691358
-0.047169811320752035
0.5191127890514367
0.3286384976525768
1.8249883013570454
-1.7922794117647085
0
1.2634534394010375
6.746765249537891
-2.5974025974025974
0.8888888888888888
-5.462555066079297
5.778191985088539
-6.079295154185027
-2.345215759849906
-0.19212295869355298
2.8392685274302103
-3.1352363125877347
2.9951690821255985
-4.127579737335827
2.0547945205479397
-1.6778523489932886
