-0.6795016987542405
1.3683010262257729
-4.443194600674919
4.355503237198355
-3.8917089678511028
-1.4084507042253553
0.6547619047619013
5.97279716144293
-3.850446428571416
2.0893789901334845
-3.752131893121088
0.47253396337860776
2.586713697824812
0.45845272206304377
1.197946377638331
1.4092446448703495
-3.2240133407448646
2.010338885697875
-3.3783783783783785
3.088578088578095
-2.9395138496325703
1.3395457192778168
2.8735632183908044
-0.5586592178770949
-2.471910112359554
1.3824884792626762
-2.102272727272721
0.6384213580963403
0.05767012687427584
2.5936599423631126
-0.6741573033707802
0.9049773755656075
0
0.33632286995515376
0.39106145251396013
2.114635503617146
-1.0899182561307903
-0.8264462809917356
4.222222222222219
1.5991471215351813
-1.99370409233997
0.10706638115631083
-0.5347593582887701
1.9354838709677389
-3.006329113924045
5.43773790103317
-5.879319236719961
2.3013698630136923
-1.7675415104445544
-1.5812431842966224
1.6066481994459865
2.1264994547437324
-0.800854244527496
0.6458557588805105
0.26737967914438504
-2.933333333333333
1.26373626373627
0.16277807921865595
0.7042253521126822
3.2275416890801507
-0.990099009900993
3.0526315789473744
-5.311542390194077
-0.5393743257820928
0.27114967462039047
-0.4326663061114177
0.5975013579576286
3.1317494600432028
-3.7172774869109917
-0.9787928221859767
-0.6040637012630392
1.6574585635359116
0.9782608695652236
0
-2.529601722282033
3.7548315847598075
-4.310803618946244
7.897664071190205
-6.340206185567016
3.026967528893781
-0.9081196581196521
1.3477088948787062
-2.0212765957446868
1.5200868621064123
2.459893048128339
0.7306889352818402
-1.0362694300518134
-0.5235602094240838
0.8947368421052572
1.617110067814305
-1.84804928131418
1.3598326359832755
-0.8255933952528497
1.3527575442247777
-0.7186858316221795
1.1375387797311214
0.6646216768916213
-3.4535297105129565
3.208837453971591
0
2.5993883792049046
0
0.6954793840039628
2.6147015293537303
-0.7211538461538461
0.7263922518159807
5.769230769230769
-2.5
1.6783216783216757
1.742320036680427
-1.6674177557458392
0.7791017415215478
3.5015916325602494
-1.9771528998242531
2.0618556701030903
1.888449714536676
-0.6896551724137907
1.519097222222222
-2.650705429670807
-0.30742204655247635
-0.8370044052863461
-2.0879609062638775
4.4464609800362895
0
-3.9965247610773194
1.8099547511312217
0.26666666666666416
0.17730496453900962
-1.9026548672566421
0
-1.8493459630130782
-0.6433823529411791
-0.27752081406105195
0
8.534322820037108
0.8119658119658144
4.578211106401009
0
4.74260235103364
0.15479876160992034
-2.5115919629057184
1.387237415774871
-3.0101641907740486
-0.04030632809350839
1.0483870967741913
-0.9976057462090981
0.5642885933091518
0.36072144288577385
-0.4792332268370675
-1.6853932584269617
4.408163265306127
1.6419077404222002
-1.4999999999999913
-0.8590394377196473
-0.3544702638834209
1.9367588932806235
-1.163241566498632
2.0007846214201623
-4.730769230769235
-1.8570851836899454
0.6993006993007064
2.614379084967311
1.8312101910828116
1.6419077404222002
-4.653846153846152
2.4606696248487268
-2.0866141732283507
0.522718134298356
-3.1200000000000045
-0.08257638315441315
1.528925619834706
-1.7501017501017433
-0.37282518641259554
3.700623700623703
0.842020850040094
-2.306163021868792
-0.2849002849002803
0.8571428571428549
1.8615944961554005
-1.8275725069527193
1.1331444759206846
-1.7607042817126872
-0.04073319755600583
-1.792991035044827
0.0829875518672152
1.782752902155892
-2.240325865580448
-1.2083333333333357
1.096583719949386
1.1264080100125229
-2.764026402640271
6.024607551972855
-4.481792717086842
0.5446166736489365
1.6666666666666667
0
-1.7622950819672178
2.586566541510228
-5.978039853599031
-4.801038062283736
-2.7260336210813265
0.8874357776739868
0.2777777777777751
0
-0.5540166204986098
1.717734447539456
-2.2820629849383844
2.2886501634750145
-4.063926940639272
0
-3.522132317943839
1.6280217069560985
-0.04854368932038559
-0.4371053909664913
-2.0975609756097615
4.434479322371702
-3.6259541984732797
0.49504950495049505
3.497536945812805
3.7125178486435084
-3.120697567691607
0.37896731406916695
-1.9348749410099075
0.529355149181903
-0.5744375299186295
-0.43331728454500595
3.481624758220497
-2.4299065420560693
1.2452107279693458
0.23651844843897823
1.1326097215667794
-1.3532431171255275
3.4058656575212813
-1.0978956999085112
-1.8963922294172038
4.4318717586044345
-3.386004514672686
2.476635514018697
-3.191974464204286
-0.4239284032030173
0
3.4058656575212813
-2.2872827081427265
0.18726591760299893
-0.9813084112149506
0.047192071731946346
-0.047169811320752035
1.6989145823501624
-1.2529002320185563
1.03383458646616
-1.302325581395354
-0.3298774740810503
0.18912529550827692
-0.8022652194431416
-2.283539486203608
4.333008763388513
-2.9864675688287474
-1.9721019721019692
-4.857703631010797
2.991232594120672
1.1517275913870864
5.346534653465352
-4.74624060150377
-1.3320177602367975
-0.7000000000000028
-0.3021148036253748
2.070707070707068
2.622464126669971
-4.001928640308588
2.4610748367654476
-1.8137254901960729
0.848726909635541
-1.0891089108910834
4.054054054054051
-3.848003848003848
-1.8509254627313743
3.5677879714576965
1.870078740157486
8.309178743961347
1.6057091882248096
8.516242317822641
1.1326860841423996
-6.520000000000005
3.380402225074885
-6.084437086092711
-1.2780960775672128
-0.22321428571428573
-0.4921700223713621
0.98920863309352
5.966162065894927
-2.73109243697479
1.079913606911447
-1.4957264957264957
1.5184381778741864
-0.08547008547008061
0
-1.6680923866552633
4.393214441061328
-3.291666666666669
1.3356311934510963
-2.9336734693877458
0
-1.8396846254927801
3.435966086568504
-5.43572044866265
2.1897810218978155
-6.562499999999995
-0.6211180124223656
0.7692307692307665
-2.385496183206107
1.6129032258064573
0.1443001443001361
-1.056676272814596
-1.941747572815534
0
0.29702970297029424
-0.6910167818361331
2.0377733598409655
-1.6074037993180765
-0.8910891089108968
0.4495504495504524
2.0387866732968645
-1.803118908382061
2.03473945409429
1.3132295719844442
0.6240998559769481
-0.5725190839694603
1.5355086372360789
-4.253308128544424
-6.317867719644611
-5.848261327713394
2.7420257414661475
0
-0.8714596949891037
0.4395604395604458
1.7505470459518537
-0.5376344086021505
0
-0.32432432432432123
3.9045553145336163
-4.4363256784968685
-0.983069361004906
-1.5444015444015506
0
0.1120448179271645
5.651930609960841
-5.402542372881364
-0.7838745800671925
-2.313769751692999
1.9064124783362284
-2.0408163265306087
0.7523148148148049
0.022975301550828286
5.478350752268302
-5.0413763066202195
6.065818140121554
-3.6216216216216153
-1.8059450364554115
2.535983550376969
-3.0748663101604334
1.62068965517241
2.929532858273955
-1.4175824175824245
2.2182588340207436
-1.9956379498364212
-0.9569377990430615
-3.59510167396922
1.200326302295771
-1.5545831414094984
-0.5380746286115262
-0.6703516405974449
-2.841581813876381
1.1942481111381964
1.156069364161842
-2.0714285714285654
1.3736931680038844
-4.484950233840982
2.9504080351537905
-0.4756097560975617
0.4778826124249486
-2.1829268292683004
2.23164193990775
-3.5121951219512137
1.124873609706775
-2.624671916010509
-1.1551790527531658
-3.4800675236982297
-0.4439660971343984
-0.5135135135135074
1.3039934800325912
-3.2984714400643522
0
5.865224625623945
1.6371971185330716
1.9329896907216497
6.1946902654867335
-3.285714285714292
3.1880846873461395
9.054037933913877
3.905053598774878
-5.063690914833128
0
-0.7540474606342945
6.011173184357537
-7.325042158516009
3.1502331399977206
-1.6648291069459813
-2.892700975445676
-0.1616441519455035
1.1911645657453465
-0.5828571428571487
-1.126566271985274
0
0.22090454598302256
1.9605568445475612
-1.0012515644555642
0.861969888518561
-0.8659981768459493
4.781609195402295
3.1044317683194365
-4.2344930311735185
2.19975558271302
-3.685183172083923
3.724604966139968
-3.6887921653971714
0.11298158400180128
-0.20313734341495612
1.7754155829469558
2.744444444444443
0
0.757002271006816
2.3398089513791915
-2.999475616151022
1.6217969510217323
-1.117140121289496
-1.8721755971594523
1.2609649122806923
1.6567406605305914
-2.268853855986361
1.8528610354223465
-1.8940609951845864
1.3307155322862116
-2.0236813778256293
2.373104812129214
-7.136724619016962
0
7.02646480989252
-2.4403412158514253
-0.2324294410625277
-0.15531395606833878
-0.25555555555556
0.3676061044892484
2.752497225305221
0.44286022899113914
-2.0754919883858403
2.668570173511962
-4.631511391592682
2.9273216689098245
-1.7434891576767946
-0.18853277143174194
0.5666666666666723
2.198652082642796
-4.000000000000003
2.9054054054054035
-1.5211205953162625
-0.08889876652961251
-6.15059503948393
0
1.576202891680491
5.005250262513133
-5.466666666666669
3.3027738598965706
-5.859597223802487
1.2811215856901164
1.933174224343681
