0.859950859950846
-0.12180267965894558
-4.512195121951223
2.171136653895278
5.3749999999999964
-1.66073546856464
-1.5681544028950678
0
-1.9607843137254835
0.25000000000000355
2.244389027431418
1.2195121951219512
0.3614457831325267
-1.320528211284507
1.0948905109488947
-0.36101083032490633
0.6038647342995169
-1.0804321728691375
0
8.00970873786407
-6.9662921348314635
1.5700483091787405
1.6646848989298524
0.46783625730994816
-1.9790454016298054
0.3562945368170988
-0.9467455621301741
1.194743130227001
0.9445100354191229
0.46783625730994816
-0.8149010477299218
-0.23474178403756202
2.3529411764705883
0
0.8045977011494285
0.2280501710376315
-0.34129692832765796
-0.22831050228309205
-1.9450800915331838
0.35005834305717287
0.9302325581395315
0.23041474654378208
1.1494252873563218
0
-0.6818181818181753
-0.34324942791763313
2.4110218140068986
-2.0179372197309386
2.860411899313501
0.6674082313681805
1.4364640883977868
0.10893246187364763
-0.9793253536452727
0
-2.4175824175824205
-2.3648648648648587
4.4982698961937615
1.3245033112582814
-1.6339869281045751
1.7718715393134092
0
0.10881392818280121
2.2826086956521676
-0.7438894792773525
0
-0.21413276231263687
-0.10729613733906494
0.1074113856068835
10.30042918454935
-0.9727626459143969
-0.4911591355599214
0.5923000987166915
-0.7850834151128668
3.0662710187932825
-4.510556621881
2.3115577889447207
-2.259332023575636
1.1055276381909491
-1.0934393638170918
-0.10050251256280836
-0.7042253521126789
0.10131712259371257
0.3036437246963534
0.4036326942482399
-0.6030150753768787
0.20222446916075695
-1.513622603430878
-1.127049180327863
-2.0725388601036268
-2.6455026455026456
4.78260869565218
0.3112033195020717
1.8614270941054778
0.30456852791877886
3.0364372469635628
1.6699410609037357
-0.3864734299516963
-5.043646944713859
2.962206332992841
1.3888888888888946
-1.3698630136986356
-0.2976190476190448
4.8756218905472695
-0.18975332068311465
-1.2357414448669175
0.09624639076034101
-0.7692307692307665
-0.8720930232558194
1.9550342130987293
0.5752636625119929
0.571973307912292
1.4218009478672986
-1.1214953271028063
0.09451795841210636
-1.1331444759206826
1.1461318051575957
0.1888574126534359
1.2252591894439315
-1.9553072625698402
-1.329534662867988
0.4812319538017324
-0.3831417624521127
-0.9615384615384616
-0.7766990291262108
0.39138943248531455
-1.0721247563352772
1.57635467980295
0
-0.6789524733268562
0
-1.1718750000000027
-0.49407114624505927
0
0.09930486593842533
-2.1825396825396854
-2.332657200811356
-1.557632398753894
-0.2109704641350241
0.10570824524313799
-0.7391763463569195
0.5319148936170213
1.3756613756613727
-2.9227557411273457
2.2580645161290263
0.4206098843322878
-0.31413612565444726
-1.3655462184873919
1.7039403620873208
-0.31413612565444726
-0.7352941176470618
6.243386243386249
0.19920318725098468
-1.1928429423459133
-0.10060362173039086
-1.3091641490433004
0.6122448979591779
-1.7241379310344713
-1.547987616099071
1.7819706498951662
-1.3388259526261557
0.208768267223385
1.3541666666666636
-1.6443987667009192
-1.567398119122257
0.3184713375796148
-0.1058201058200998
2.6483050847457625
1.4447884416924577
-1.2207527975584973
-1.3388259526261557
1.7745302713987503
0.5128205128205128
-0.20408163265306412
0
-0.2044989775051154
-0.20491803278687362
0.8213552361396275
-0.20366598778004363
1.0204081632653061
1.9191919191919249
-1.090188305252734
-0.7014028056112254
0.6054490413723598
-0.6018054162487547
-0.6054490413723455
0.2030456852791907
3.9513677811550063
0
-0.09746588693956562
0
-0.39024390243902995
0.29382957884428146
2.8320312499999916
-0.1899335232668593
-0.3805899143672612
-1.241642788920723
-0.9671179883945841
0.3906249999999917
-0.5836575875486326
0.09784735812132515
0.19550342130987572
-1.4634146341463414
-2.0792079207920735
-0.9100101112234638
1.7346938775510232
-3.2096288866599827
2.487046632124358
-1.112234580384235
0.6134969325153462
-1.8292682926829382
6.0041407867494945
1.171874999999989
-0.5791505791505737
0.7766990291262108
8.766859344894035
1.4171833480956548
0.17467248908297192
-0.4359197907585004
-0.6129597197898449
-1.2334801762114587
3.568242640499554
0.0861326442721865
-0.7745266781411408
-0.08673026886382855
-0.4340277777777778
-0.08718395815170751
-0.9598603839441486
-1.3215859030837005
3.39285714285714
-0.6044905008635604
1.9113814074717663
-1.0230179028133017
3.273040482342818
0
1.5846538782318527
0.7389162561576401
-1.3854930725346397
0.7438016528925667
-4.5118949958982775
0
8.333333333333323
1.5067406819984186
-0.78125
0.07874015748031049
-2.439024390243898
-0.7258064516129078
11.69780666125102
-0.29090909090909506
10.649161196207146
5.00988793671722
-3.138731952291274
-1.4906027219701952
5.328947368421049
0.12492192379763714
-11.603243917654412
0.9880028228652122
-9.503843466107615
-3.1660231660231615
-6.459330143540677
0.08525149190111554
10.391822827938661
1.5432098765432098
0.835866261398172
0
16.352675207234377
-0.5181347150259141
-1.6927083333333297
1.1920529801324578
1.0471204188481638
0.8419689119170873
-3.5324341682723186
0.2663115845539319
-3.4528552456839234
-0.27510316368638627
4.827586206896552
0.8552631578947443
-2.2178734507501665
0.8005336891260765
-3.242885506287231
2.5307797537619816
-1.667778519012675
-0.33921302578018997
-2.654867256637172
0.4195804195804156
-1.5320334261838362
0.42432814710042027
1.619718309859163
0.7623007623007583
-1.031636863823934
0.0694927032661531
-1.874999999999992
-0.07077140835104227
4.4617563739376855
-0.27118644067796993
-0.13596193065940765
-0.9530292716133463
-0.1374570446735317
0.2752924982794062
-1.92175703500342
-0.20993701889433966
0
0.7012622720897616
-3.8300835654596104
0.07241129616219719
-2.460202604920389
0.5934718100890081
-5.75221238938053
-3.6776212832550885
2.35580828594639
1.9841269841269842
6.303501945525287
1.0248901903367538
-9.057971014492754
-0.8764940239043779
-0.6430868167202664
0.48543689320389044
-2.9790660225442855
-2.738589211618255
0.5972696245733813
0
-1.4418999151823604
0.17211703958692154
-0.6013745704467378
0
-0.7778738115816817
-0.3484320557491215
-0.08741258741259486
-1.049868766404202
-1.6799292661361553
15.017985611510793
1.0946051602814744
-0.3866976024748646
3.0279503105589884
0.9796533534287953
-3.134328358208947
0
-1.3867488443759717
0.07812499999999556
0.46838407494144757
-0.31080031080029313
-0.23382696804365655
-1.0937500000000044
-3.0805687203791403
0.16299918500407728
0.650935720097638
0.08084074373483777
1.6155088852988693
-0.07949125596183967
-3.1821797931583133
0.4108463434675431
1.7184942716857563
0
1.657280772325022
0
-2.5482747704969917
0.3898002273834692
1.8281831418864187
0.11121703209405828
6.300587208379632
0
3.4189310241863122
-0.6207593474808614
2.411388727484016
-0.6950354609929006
7.127553206684752
-0.5200000000000008
-6.00455702988876
-0.18537002709253594
0.9571428571428596
2.4479977359558567
-2.03038674033149
1.2829550260820477
0.4871937639198139
1.1220390635822168
0.30136986301369706
2.021305654192849
-0.5756358768407053
1.9119429110004063
0.0396353547364264
0.382989963021667
-0.3289040915668991
0.23759239704328483
-0.9086120621543294
0.5182724252491702
-3.860391327340034
-0.013751375137520786
-5.721358822720392
0.816921954777538
-1.9389379250470313
2.744577246569278
3.6334913112164315
1.0254988913525624
-0.6172839506172878
0.013802622498262118
2.5393320452663586
0.3499327052489975
0.5901287553648038
-0.2000000000000076
0.013360053440220596
1.1888859203847189
0.3828382838283911
0
0.07890583903207267
-0.7095926412614876
13.843303335097925
-0.023250406882115812
-0.8023255813953462
-0.9377564177704808
-2.981895633652834
-1.2074643249176666
-5.740740740740748
0.13097576948265688
-2.3152387181164107
0.4284949116229153
-0.9333333333333371
0.2691790040376889
2.0134228187919465
0.8552631578947443
-1.2785388127853932
0.039645830580152155
2.9062087186261594
0
1.8613607188703318
0.4914933837429119
-2.570855279658888
1.029733556442267
0.471397630271378
0.11412629977175173
2.7485750474984187
-0.7642998027613468
0.18633540372671514
-0.5455672659640569
4.101732951003624
0.11976047904190935
0.13157894736842038
0.35838012184925505
-3.273419830972503
0.4799409303470349
-2.951622780159229
0.8960121150933973
0.05003126954345471
0.012501562695343313
-0.3999999999999915
0.640060240963844
-3.2173587729143263
-0.8504058755314993
-4.457439896036396
-1.849836779107725
-0.9146341463414588
-1.118881118881115
1.527581329561525
-0.3204235162998105
-2.89308176100628
-1.0938399539435881
-0.4365541327124522
-1.0523238819058738
-0.6646971935007427
0.4460966542750887
2.9607698001480385
0.9202012940330706
-0.42741131215272427
1.573901845757611
-1.8735033103253957
0
0.38759689922482093
0.028600028600022906
0.600428877769838
-5.755293448912905
0.4221954161640548
