-0.34891835310537334
0.7703081232492957
-5.559416261292564
1.1773362766740207
2.5454545454545454
0
-1.3475177304964578
3.5226455787203492
-2.916666666666659
2.1459227467811157
-0.980392156862749
1.980198019801968
3.1206657420249657
-0.4034969737726929
-0.337609723160027
1.4227642276422727
3.6740146960587845
-0.5154639175257623
3.1088082901554293
-0.6909547738693432
0.6957621758380736
-2.0100502512562746
0.7051282051282015
-0.891152132399749
-0.8349389852279917
0.3886010362694264
-0.6451612903225806
1.753246753246746
2.042118698149341
0.06253908692932728
-0.5000000000000071
-0.5653266331658149
1.5792798483891344
0
3.793532338308454
-1.6776512881965315
-1.8890920170627632
0.18633540372671514
1.7978921264723975
-0.36540803897685403
0.061124694376524645
-0.9773976786805098
3.0228254164096273
-0.2994011976047904
0.3003003003003003
0.7185628742514902
-0.7728894173602753
0.778909526662662
1.7241379310344862
0.8182349503214528
-1.3913043478260902
-0.29394473838918284
0.23584905660377695
0.05882352941176136
-2.763080540858312
0.4232164449818553
-1.8061408789885611
-0.30656039239730226
-0.8610086100861044
6.575682382134009
-5.122235157159494
-0.5521472392638072
4.688463911165943
-0.05892751915144038
1.3561320754717048
0.2326934264107072
-2.495647127103895
1.4880952380952381
-0.7038123167155359
-3.5440047253396334
0
0.6736068585425562
1.0948905109488947
0.5415162454873681
-1.9748653500897564
0.06105006105005758
-0.6101281269066504
-0.5524861878453073
0.4938271604938342
-1.6584766584766688
1.374141161773902
0.24645717806529713
0.3073140749846343
0.4901960784313795
-0.6707317073170697
0.18416206261509083
-0.18382352941175428
-0.3069367710251688
-1.970443349753705
0.18844221105528353
0.43887147335422483
0.6242197253433209
0.5583126550868522
3.0845157310302285
-1.7354877318970712
1.0962241169305795
-0.42168674698794495
0.06049606775559244
-1.451027811366388
1.6564417177914041
-1.0259505129752498
-0.0609756097560941
0.3050640634533252
1.0948905109488947
-1.143200962695534
0.9738283627510615
-0.24110910186859896
1.0271903323262772
-0.6578947368421019
0.5418422636965717
2.1556886227544876
0
-0.2344665885111405
-1.938895417156277
4.1342121030557255
1.26582278481012
4.545454545454546
1.0869565217391304
-3.5483870967741904
-1.4492753623188375
0.05656108597284746
1.1305822498586773
0.33538289547232775
0.11142061281336414
-4.8414023372287085
0.3508771929824528
-1.5734265734265669
0.3552397868561245
0.9439528023598787
0.5844535359438925
-1.6850668216153433
0.05910165484634914
-1.004134672179573
0.05966587112171499
-2.3852116875372693
9.957238851557735
-10.33333333333333
0.867410161090462
-0.9213759213759213
-0.7439553626782498
-1.3116801998750747
2.2784810126582244
-2.4752475247524752
0
1.7766497461929007
0.9975062344139615
-0.2469135802469171
3.960396039603964
-2.9761904761904763
1.7177914110429517
-0.6634499396863828
-0.7893139040679922
0.9179926560587515
-1.5767131594905968
0.49291435613061174
-2.636419374616789
1.3224181360201475
-3.729024238657551
4.583602324080048
-3.271604938271612
1.786853860880671
1.2539184952978057
-1.5479876160990713
-0.37735849056603415
0.8838383838383874
0.75093867334167
-0.3105590062111801
0
0.9345794392523364
-1.2345679012345678
-0.8125000000000071
0.4410838059231362
-0.43914680050189275
-1.7013232514177623
1.666666666666663
-0.37831021437578455
0.1898734177215262
0.3790271636133887
-0.5663939584644466
0.1898734177215262
0.4421983575489505
-0.5660377358490601
-0.4427577482605874
-0.06353240152477402
-0.5085823267641522
1.3418530351437663
-0.31525851197982346
-0.4427577482605874
0.6988564167725504
-0.31545741324921134
1.645569620253161
2.117061021170614
-3.109756097560972
0.692259282567649
-0.1875000000000071
-0.8766437069505181
-0.9475679090334806
-1.658163265306137
1.4915693904020828
8.242811501597448
-8.14639905548997
-0.19280205655525898
0.3863490019317413
0.06414368184733439
-1.7307692307692235
-0.19569471624266885
0.26143790849673576
-1.760104302477195
0.5308560053085677
0
-2.244224422442248
0
0.8102633355840764
-0.2679169457468223
1.4103425117528503
1.6556291390728477
1.3029315960912051
0.45016077170417274
-0.7682458386683667
1.935483870967742
0.3797468354430344
0
-0.8827238335435093
0.5089058524173101
0.6329113924050633
0.6289308176100629
-0.5625000000000036
0.1885606536769399
-0.6900878293600968
-1.705622236260276
3.0205655526992397
0
-0.8733624454148506
0.3775959723096251
-0.5015673981191294
-2.331442974165084
5.161290322580645
0.9202453987730062
-1.9452887537993853
-2.727836329820214
1.4021669853409742
0.6285355122564426
-0.8119925046845615
2.015113350125937
-1.8518518518518519
1.4465408805031519
-1.859888406695598
0.568540745420074
-1.4447236180904417
0.6373486297004461
0.18999366687775993
0
-0.44247787610618755
0.8253968253968326
-3.1486146095717884
2.7308192457737244
-6.518987341772159
-1.1509817197020913
-1.5753424657534325
5.6367432150313315
-2.1739130434782683
4.107744107744104
-0.19404915912029946
-0.25923525599481895
0.3898635477582809
-0.3883495145631031
-0.12995451591943927
-2.0819778789850285
1.5282392026578149
2.2905759162303663
-2.431222008957141
0.1311475409835991
-0.26195153896527656
0.131319763624418
0.9180327868852496
0.0649772579597104
-0.6493506493506493
-0.32679738562091504
-1.0491803278688487
0.9940357852882703
-0.9186351706036783
2.1192052980132376
-3.955901426718544
0
-0.2025658338960047
0.8119079837618326
-0.20134228187920225
0.806993947545405
0.9339559706471018
0
-1.1896893588896307
0.40133779264213665
-0.4663557628247759
-0.20080321285141323
-0.8048289738430507
-0.20283975659229977
0.40650406504064657
-0.06747638326585312
-0.6076975016880525
0.47554347826088117
-1.4874915483434867
-0.6863417982155113
0.06910850034555822
-0.48342541436465264
0.1387925052047308
-0.8316008316008433
0.5590496156533972
-0.0694927032661531
-0.3477051460361613
-0.41870202372646387
1.401541695865452
0.8293020041465219
11.994516792323509
-0.06119951040391329
-2.5107164727495546
3.0150753768844294
-8.475609756097564
6.5956029313790845
-7.5
-0.8783783783783861
0.749829584185428
0.8119079837618326
0.06711409395972773
-2.0120724346076457
-0.752908966461324
-1.517241379310337
1.4705882352941135
1.6563146997929645
-1.9687712152070642
-0.20775623268698848
-0.6939625260235948
0.13976240391335923
-0.6978367062107467
1.1946591707659793
-1.0416666666666667
-1.7543859649122806
3.428571428571437
0.483425414364633
-2.1305841924398585
0.1404494382022392
-0.3506311360448808
0.07037297677691366
-1.969057665260185
-2.725968436154958
0.884955752212402
-1.461988304093567
0.07418397626112337
0.07412898443290905
-2.8148148148148233
0.3048780487804922
1.3677811550152064
-2.29385307346327
4.388522326223722
3.042775246214895
-0.1711840228245226
-0.41440411546156936
-0.8753049217965267
1.4186450492183034
-0.7993148729660323
-0.7194244604316546
0.17391304347826747
0.2025462962962971
-0.6786023678891118
0.30527692978629706
-0.11594202898550478
-0.39175856065002324
-2.15586307356155
1.2207830876879457
-2.0738343874099083
1.081405827575847
-0.8320950965824699
0.2697033263410351
0.6126718469814653
1.0842120897074172
-2.2627093740817017
2.2248947684906857
-2.8235294117647083
-0.12106537530266086
-0.8636363636363533
0.6877579092159385
-1.123254401942919
0.09210930303961049
-3.37423312883436
0.3968253968253968
-3.383399209486167
1.5382097856324624
-6.639806607574533
0.1208354911099608
-2.0689655172413843
0
0.31690140845070375
0.03510003510004059
0.7192982456140291
4.511409162166876
2.566666666666665
5.622359441013977
-3.830769230769234
0.7998720204767238
7.2210760196794235
-1.865008880994679
0.30165912518854127
5.112781954887226
-5.9227467811158805
0.3649635036496272
2.6666666666666745
3.1582054309327043
-3.433476394849793
3.407407407407403
-3.1948424068767967
-4.247447091904678
3.183925811437407
0.1348112642300617
2.303664921465978
8.20295364819418
-3.7162162162162162
3.5789473684210487
-6.449864498644974
-0.9994206257242351
-0.6437454279444005
0.6479163598880838
-0.8046817849305007
1.2241887905604696
-0.2477050852396936
8.092316681273747
-8.459459459459465
6.288751107174499
-4.777777777777775
7.774212368728118
-5.724725943970773
1.6365202411714048
0.7627118644067885
2.0465377067563693
-2.142857142857146
-0.1965188096574966
-1.223628691983109
0.1708671507902468
-1.492537313432832
1.9480519480519605
-2.052370842179763
0.07225433526011149
-1.0685920577617254
1.1531163333819763
-0.5050505050504969
-2.828136330674406
2.6567164179104497
-2.5879616167490567
2.910447761194034
0.6091370558375659
-0.691941761568407
3.4983306720859293
-3.899018232819076
0.4816112084063023
-1.4960058097313016
0.7667354762607053
-0.4389815627743593
-0.35273368606703276
0.6342182890855558
0.5422834530265137
-0.8017492711370222
-1.5429831006612744
2.164179104477616
-1.7531044558071627
4.074349442379175
-0.5572224603514796
-1.3362068965517135
1.936799184505604
-0.6428571428571469
0
1.1071171818835313
