1.8518518518518519
-0.1818181818181844
-1.7304189435336899
-0.834105653382767
0.09345794392522833
0
-0.09337068160597042
3.7383177570093458
-3.6036036036036037
0.09345794392522833
0.8403361344537869
-11.018518518518523
11.550468262226858
-0.0932835820895602
2.147525676937452
-0.18281535648994773
-2.0146520146520173
0
-0.3738317757009399
0
0.37523452157599035
2.710280373831781
4.003639672429474
2.099737532808404
-2.6563838903170596
6.338028169014087
-9.437086092715225
-1.3711151736745886
2.131603336422611
0
2.4500907441016357
-2.5686448184233885
-0.7272727272727247
7.4175824175824125
-5.711849957374256
-1.265822784810119
2.2893772893772892
7.430617726051922
-9.750000000000002
0.5540166204986229
2.7548209366391183
0
-2.3235031277926796
0
2.9277218664226927
-3.9111111111111163
1.2025901942645805
0.2742230347349151
-0.09115770282589655
2.645985401459859
-0.7111111111111086
-2.059086839749326
3.1078610603290597
-0.8865248226950355
-0.35778175313058275
0
3.141831238779174
0
-2.5239338555265496
-2.85714285714286
2.941176470588238
-1.9642857142857169
2.9143897996357038
0
-0.4424778761061947
0
-1.688888888888894
3.7070524412296644
-3.4001743679163083
0
2.527075812274366
-3.961267605633803
0.6416131989000943
0.18214936247723393
1.545454545454548
1.4324082363473538
-1.1473962930273585
-2.4107142857142883
3.6596523330283626
3.000882612533103
-2.4850042844901505
-1.405975395430575
2.228163992869875
-2.0052310374890996
0.5338078291814896
-0.5309734513274286
2.7580071174377174
2.077922077922083
-1.017811704834608
-0.7712082262210845
0.4317789291882556
-0.6018916595012922
0.34602076124567965
0.8620689655172413
-0.6837606837606813
-0.17211703958692154
0
-6.896551724137931
7.685185185185183
-1.977644024075664
2.3684210526315814
1.9708654670094234
-3.7815126050420167
-0.08733624454147976
5.069930069930067
4.658901830282857
-3.895071542130359
2.0678246484698097
-0.162074554294978
3.6525974025974026
-4.385277995301495
0.08190008190008889
1.3093289689034322
-1.938610662358636
3.3772652388797315
-1.9920318725099602
0.16260162601626246
-2.3538961038961084
6.5669160432252625
1.4040561622464989
-2.0769230769230793
3.0636292223094985
-4.420731707317061
1.993620414673046
-0.31274433150899583
1.882352941176475
3.464203233256351
-3.0505952380952337
-0.30698388334612864
2.3864511162432596
-0.22556390977444463
-4.220045214770154
-9.04799370574351
1.3840830449827064
-0.5119453924914749
2.0583190394511197
-6.218487394957988
-0.7168458781361982
0.9025270758122744
2.057245080500892
-1.05170902716914
1.4171833480956548
-1.6593886462882146
-2.3090586145648264
3.5454545454545507
-5.882352941176472
6.1567164179104426
2.108963093145875
-1.9793459552495671
0
-0.8779631255487269
0
0
0
2.3914968999114157
-4.671280276816601
0.5444646098003578
1.0830324909747318
0.5357142857142806
0.7104795737122659
-1.410934744268085
0
0.7155635062611782
0
-3.3747779751332128
0
1.102941176470591
-1.545454545454548
0.18467220683287427
1.7511520737327242
-1.9021739130434858
1.5697137580794118
-1.0909090909090935
2.849264705882361
-3.306523681858805
2.495378927911278
-2.254283137962128
1.2915129151291433
0.18214936247723393
0.8181818181818233
0.5410279531109056
-1.97309417040359
-0.09149130832570386
4.5787545787545785
-5.166374781085819
3.04709141274238
-1.612903225806449
-1.5482695810564688
1.665124884366338
3.548680618744305
-1.8453427065026313
-0.08952551477171757
-0.17921146953404
2.244165170556553
-1.3169446883230904
1.4234875444839807
-3.508771929824561
2.9999999999999973
-3.177405119152687
-2.2789425706472195
7.369402985074618
1.9982623805386721
1.788756388415668
0.2510460251046001
0.8347245409015025
-6.4569536423841045
5.9292035398230105
3.0075187969924766
-5.109489051094889
2.9914529914529915
-3.568464730290454
-3.2702237521514603
4.448398576512456
-0.3407155025553711
-2.30769230769231
2.537182852143487
-0.4266211604095563
2.056555269922872
-2.938706968933669
0.7785467128027731
-1.2017167381974299
4.517810599478716
-5.486284289276804
3.693931398416889
-1.7811704834605668
0.9499136442141697
-2.9084687767322546
0
0.44052863436123346
-0.8771929824561403
2.3008849557522075
0.17301038062283983
0.1727115716753047
0.34482758620690146
-1.4604810996563597
-0.17436791630340265
1.7467248908296944
0.25751072961373145
-2.3972602739726003
2.543859649122812
-0.8554319931565441
-2.9335634167385725
0.4444444444444444
4.247787610619467
-4.329371816638365
3.8154392191659245
-3.675213675213673
2.3957409050576777
-3.639514731369153
3.147482014388489
-2.8770706190061004
-0.7181328545781072
1.8987341772151978
1.952085181898849
-1.0443864229765036
1.9349164467898001
-0.0862812769629064
0.1727115716753047
1.1206896551724113
2.131287297527707
-2.9215358931552586
0
-0.2579535683576932
1.7241379310344827
-0.6779661016949129
-1.8771331058020502
1.9999999999999976
-1.960784313725488
1.217391304347831
1.0309278350515365
-2.040816326530605
1.5624999999999976
-1.9658119658119635
1.4821272885789039
-0.42955326460481097
-1.9844693701466878
0
0.8802816901408451
-1.0471204188481578
3.1746031746031695
-3.4188034188034186
-0.8849557522123894
-0.44642857142857145
0
0
-0.8968609865470852
0.2714932126696807
2.888086642599281
-1.6666666666666716
1.1596788581623652
-1.234567901234573
0.1785714285714311
-1.6934046345811102
3.626473254759746
-0.5249343832020947
1.1433597185576052
0.695652173913041
3.3678756476683986
-3.258145363408526
1.813471502590681
-5.852417302798987
2.52252252252252
-0.43936731107205623
-2.5595763459841057
-0.8152173913043529
2.0091324200913268
-1.5219337511190714
0
-1.7272727272727324
1.7576318223866843
-2.6363636363636416
4.014939309056967
-2.96229802513466
3.422756706753009
-4.830053667262962
-0.09398496240602304
-5.644402634054563
5.782652043868393
-0.6597549481621006
2.46679316888045
-3.333333333333328
2.4904214559386917
-2.990654205607479
1.6377649325626231
-0.8530805687203845
-0.19120458891012299
0.7662835249042118
1.615969581749052
-4.115996258185225
3.317073170731713
-3.305004721435316
0
0.5859374999999944
-0.7766990291262108
1.0763209393346325
2.1297192642788025
-2.7488151658767825
2.3391812865497132
-2.285714285714291
-0.19493177387913124
2.3437499999999916
1.145038167938934
-3.1132075471698086
2.4342745861733204
-0.570342205323202
-1.8164435946462634
-0.09737098344694112
-0.5847953216374214
2.3529411764705936
0
-1.6283524904214586
-0.29211295034079565
0.9960937499999961
-0.986269580351959
1.8554687499999916
3.5474592521572417
-2.7777777777777777
-0.09523809523808982
-0.8579599618684515
-7.211538461538462
6.590673575129534
-0.44720979972777924
0.11718749999999056
-5.189231369488874
5.8641975308642
0
-2.818270165208946
0
0
0.20000000000000284
-1.2375249500998093
1.050929668552957
1.7999999999999972
-2.6522593320235783
3.531786074672049
2.0467836257310026
-4.202483285577847
2.0937188434696
-1.1718750000000027
-0.9881422924901185
0
-1.996007984031936
1.8329938900203637
2
1.9607843137254901
0.9615384615384616
-3.371428571428577
0.5322294500295744
-4.705882352941174
0.4115226337448472
0
6.454918032786897
-8.219441770933596
5.075503355704702
-1.4371257485029918
-0.36452004860267256
-0.36585365853658475
1.9991840065279414
-2.9399999999999977
-0.8860498660622289
1.871101871101868
-1.8367346938775482
1.8918918918918848
-0.020403999183835973
0.20408163265306412
0
1.3034623217922618
-5.006031363088062
2.7301587301587285
4.449938195302851
-1.8737672583826486
0.30150753768843935
-1.3026052104208388
0.26395939086294934
0
-1.1745646010530688
-1.6393442622950762
4.166666666666667
-0.5999999999999943
-3.319919517102627
2.1019771071800317
1.8956379942927022
-0.4800960192038447
-0.6030150753768787
2.123356926188063
-2.871287128712877
1.3251783893985845
0.20120724346075314
-0.4819277108433632
1.392251815980625
-3.104477611940303
-0.061614294516330124
1.1919441019317827
3.371242891957751
-2.1218074656188572
0
0.9835407466880811
2.9417610812959585
-0.8688936088047804
0.29216984807167623
-6.195377743251125
3.4161490683229934
-2.7427427427427515
5.4960889254837415
-4.975609756097556
4.004106776180689
-3.810463968410661
2.6272577996715953
0
-2.8599999999999994
3.3971587399629373
-1.831939466348072
3.0425963488843815
0.334645669291342
-1.6480282519128828
-3.2515459804508327
4.927835051546393
-0.2358027117311799
0.3545400827260187
-7.752698724239456
6.999999999999997
-5.309206601710085
2.1419571608567893
4.52302631578948
-4.4256490952006295
-1.7287507717637443
1.1518324607329784
0
0.0207039337474226
3.063547919685359
0.1807591885920936
0.24057738572573664
-1.980000000000004
2.4892879004284816
-0.5176189528170376
