-2.234162337277529
0.036369514264935385
-0.2908503332659995
0.5813717943523845
2.5799045374901706
-0.06675305297050373
-2.2298624754420433
0.47221943132723804
0.9
0.471754212091183
0.5267518939393904
2.0900794818957906
0.3633217993079515
-0.6933670439962424
1.3385538218219095
-1.027768790087741
-0.7538316570835316
-0.21120347226258282
-0.7592233009708809
-0.18196403764501895
1.2388270346557906
0.6815365551424996
1.8442307692307622
-0.03776506353971941
-0.07555866185609854
1.3251668273502404
0.9570895522388093
0.5303716297377676
2.3547794117647127
-0.17061475189023184
-0.9642715791746188
-0.4904632152588556
1.9167579408543265
-0.9134873723804406
2.4927693420101162
0.35450360676555787
2.989455184534277
0.0051193665636981005
-2.0783564261825007
1.0699473739239471
1.8706896551724137
-0.14386053990014386
0.47966101694915564
-0.24121586289493077
-0.2045992560027116
0.13724393839272717
-0.248730964467002
0.15605651960035652
3.676856634770097
0.659958180867741
-2.799415774099318
0.008347942232239752
2.268781302170278
0
-0.7966176398569887
1.5221075842095735
-0.5899896265560254
-0.5005543598773857
0.4014748054076198
-0.14689081116370165
1.0281137626675325
-0.10678056593699065
-0.11985164310125108
0
-1.2372504824141672
-0.009851246182648076
-0.5829228243021346
3.889668841357668
-0.20190779014308136
0.36162044190973536
3.068253968253971
-0.1694053870913095
-0.5507304506116628
-0.25750007756026994
1.8460342146189708
-0.3710660131018398
0.9456808288884914
-0.8502755803890011
2.53135480314236
-0.5227469605998148
1.8076992372830543
0.14157621519583904
1.0367577756833257
-0.4489272388059728
0.18740849194729403
0.2995849652189162
-3.214197252050768
-0.0391407108555174
1.7936476860288166
-1.3729435436146318
-0.08700348013919466
-0.30928144611597097
2.045180722891569
-0.23170695711207265
0.5473291815209834
0.21185505583262915
-0.8955443000807458
-4.878157173542703
4.3122780788637725
0.0940565234917256
2.504325517570559
0.11204400273561715
-0.6002906976744212
0
-1.6392004328307932
-0.18731602890019272
-0.8891867739052699
-0.7844551643298291
-1.0951061026037197
-0.45024349903520083
0.24613869915697498
-0.8332821803449646
0.42091580136487855
0
-0.12944385372845368
1.1788486167044785
-0.26382809998017753
0.6116207951070336
-0.46960486322187894
-2.580507245270342
3.46703029733076
-1.5330313726084228
0.8461408286026368
-0.7795456972433733
-3.416359163591633
-0.5062243306058801
0.10560000000000581
1.4448742128312444
-0.06617299511579988
0.20810998297281671
-0.8196979232221581
-0.3791303796062697
0.6289808917197452
0.4826331197088377
-3.6440944881889705
-1.284607589971568
-0.4321192052980193
0.19122366517567635
0.3385667341587371
0.06781567369081766
-1.8297823104514095
0.7913523706896552
-0.12528816277438107
-0.8128857443925847
1.0792398104585081
-0.0016683071687219732
-1.1011011011011012
1.0863697705802908
1.2582604632534635
0.009888262632246519
1.1452771735548086
0
-0.39753009987128557
-0.3843951909708023
-2.0246305418719244
0.5564214725057371
-1.2050200836680491
-0.524664282340245
1.946917663020439
-0.02162593781711413
-0.41763727121464833
1.9215024478270315
-1.083624321710183
0.8270078557459584
0.5259956934102602
0.07194597511324208
0.9640365353507295
0.6894207894353458
1.890158638314293
-0.14670389475178933
-0.930489731437593
0.6059542982889764
-1.5295367009557623
0.127160931011165
0.29740374567960776
0.41993909280333097
-0.12449722275426454
-0.10068079393996344
2.612340228119839
-0.5097904714392588
0.7443157779275115
0.07465936663970917
0.7149518184644078
0.03240740740741302
2.1104271763780145
0.3490005892217795
-1.919602529358627
-0.09210223347916187
-0.2688791580241223
1.0830380526883405
0.6157316385472336
0.29083417907508397
-0.39873733178268267
3.267874744104936
6.31424375917768
0.08839779005524359
-3.546588650916317
1.2375883480699346
-2.9960853036362867
0.0597328049651126
-0.9857309260337772
0.7293795861947187
0.06861414035242452
0.2407142648732238
-1.6605783644540228
-0.30190913127126884
0.11726983938484749
0.22981688783453183
-2.3417159763313635
-1.083054364784828
1.8835563994977182
0.7004148379727103
-0.42090808680855873
-0.22633251393969006
1.466236009915126
-0.7950726225551994
1.2029132589099214
-0.45568500221205777
0.22370038962384933
1.2519955064151809
-0.014598753266471044
-0.27303654601468585
-1.0834236186348862
0.7948254936206717
2.6035624605353997
-0.01860544996565408
0.28772241228761314
-0.5509563231515896
0.008611533714159713
0
-0.20378874856486537
1.1360694871868617
-1.665055170060294
-0.10555692120826789
0.4284638990214864
0.748054194292298
-0.5922831514041637
-0.5238540692235683
-0.12007928126040106
0.004345432949972217
1.021132370620356
0.19212571330254977
-0.3091013165426497
-0.4923633440514365
2.130667474502673
0.32628040340121833
-1.765476073153214
3.0096739519885345
-2.0869565217391304
0.6039076376554174
0.5635593220338931
0.282307335777193
-1.0392156862745072
0.2023833111608053
-0.5056425756698377
0.0014195874678740868
-0.044006586792337946
-0.8947211452430659
-0.9042316896665429
2.381709856547892
-1.5847681464427439
0.3200482225124529
-0.3619456366237508
-0.03876692463422428
-0.9250215455328876
0.09278589654372008
-1.012456546929311
0.4111733805475403
-0.24044766984349042
0.8194925281563663
-1.1953403459966965
0.7141495461410968
-0.7207338380896913
0.2287893231649243
-2.1553679343293215
0.6460489322246787
-1.0416047548291287
0
-1.264283247496206
1.0493179433368311
-0.022574382590636148
-0.3025650289017259
-0.6447132007670234
0.01975563795514227
-0.6290168193627731
-0.27827469687934525
0.953680563008844
0.32957186033442915
-1.2352406902815678
-0.6498681871129857
-0.3502005553841379
-0.2662827241341913
1.5181384952111776
0.30734414899310947
-0.8871951219512167
-0.450644436925162
0.37852452684434146
-0.7218716330614073
0.40774561634702206
-0.49873386449260815
-2.82584069148524
-0.06866815713829738
-2.9004266743372167
1.0483525887890428
-3.125458069349658
-0.4690652320107538
-0.06587726558673916
-0.20452317365875824
-0.14058027472434717
0.510532921740891
1.215005315648256
1.0470331282615613
-0.023099641955543686
-0.06601422606571716
-0.914900995821851
-0.8966816113601772
1.821361901078005
0.02642706131078825
1.000660501981512
-0.6000065395808247
0.09868583364857975
0.23168307070442112
3.360655737704918
-1.0436161776367991
2.3801128349788434
0.5056593139940853
-2.4221183800623054
-0.9960890733498226
0.5417519872301229
-0.4762897509501711
-2.202707057686107
3.338111479083246
-0.4687574738117578
1.5522627152583042
6.470643909518262
0.3022401327486019
-2.7621861152141802
-0.0455719276925414
1.4164133738601796
0.39111670562848955
-2.3823384532712426
-0.6070614860008842
-0.5953846153846126
-1.1886152941358579
-0.9914637011512285
0.6122255267987062
-2.0503467035645158
-0.31463199293683863
-2.566869031707429
0.32889843814560177
2.042698998418556
0.09201859744286336
1.1596587151820072
0.03188775510204082
-1.528530443098496
0.8141661675919662
-0.3162931089846481
0.20294103435502384
-0.5657981450822146
0.2246973052488585
0.7612903225806422
0.04482007939557213
-0.8768000000000029
-0.019369834710740864
0.31643525992896937
-0.21887472640659783
-2.770967741935487
-0.46614246375368196
1.473308778187024
1.3188798554652243
-3.075152379717284
1.6524226054088285
-1.9957551127856543
0.05875835208004566
-0.01174476938307625
0.5134745108568038
-2.9031719532554194
0.06877460841457333
1.170082988264797
0.709894365001192
0.6543001686340671
0.3535048921056067
-1.3038615001919809
0.387360871477378
-1.186243618043029
0
-0.45870777415890296
0.5173536163360525
-1.007226123116783
-0.008608074373762589
1.255165289256192
0
2.9468278664830247
0.26262759737042957
-1.9340702789080995
0.0016799099568324256
1.7134793710522778
0.34683226531016714
-0.29790315678594365
0
0.470475593046866
-0.26617593900955966
0.2504118616144945
0.07887990534411658
-0.3924466338259382
0.7764461515635985
-0.8489825296080553
0
0.3349116526157785
0.35516969218625777
3.3425088478175384
-0.06659056316590276
0.07932730445819451
-0.06341154090044387
0.25380710659898476
0.47468354430379744
0.47086614173227775
0.626969074750388
-3.063910652813904
-0.8532587736212793
0.45055995850957475
-0.26137885412800815
-0.6535419059481961
-0.6708677315877716
0.47868067736594183
4.5975886316545145
5.537271295097565
0.06059620756417218
0.6011639242562969
-1.0101455020628591
1.6211566129247454
-0.1459555711241498
0.2017130996579674
-0.6856109230948769
1.1280514673482005
-0.014524328249818447
0.28036025566531353
0
0.22018454941839147
-0.26739900267399
-0.023188405797106723
0.09712397077584263
-1.071671662973744
0.13175037695246739
-0.6403415154749226
0.37520415520209527
-1.2181535665073788
0.020775520500994935
-0.5296657319624446
-0.5116043195513286
-0.6341734006986429
0.7860828630918171
-2.663213521160491
-0.9704706244232599
1.6633275870102093
-0.2428964252978863
1.600281772101499
0.23211648027009368
1.5263157894736843
0.4221284159075761
0.9115044247787637
0.0920810313075533
-0.3051941414406995
0.0014647293180273583
2.0593792568072216
1.2442773288939384
-0.8008958693618348
0.0271502264900421
-0.8228571428571481
