2.719059731602491
-0.05123388267440091
-1.9649722340879965
-2.3529411764705883
3.3824185631414627
0.483425414364633
-3.5824742268041274
-0.2940390269981248
5.227882037533512
1.1125265392781238
1.167478582227456
4.27563304275633
-0.007961783439483205
-1.5845210605940034
1.3511326860841462
-0.510896463638548
-3.6668538875070245
0
-1.465933699816751
1.0819949281487704
-0.7777220270948282
0
-1.7361989043404895
1.0549789861909216
-3.71753522322186
-0.15867418899860558
2.6840897051033106
2.8288907996560697
-4.147503971904016
0.3315013521765641
-0.6868967915833287
-0.534057082822635
0.7393715341959415
-0.026212319790297468
0
1.0050690438734486
-3.746647053733664
0.14383315354188322
-3.8868940754039456
6.005417016904824
-7.004405286343612
-0.06631927996210758
3.3750474023511696
0.8804108584005785
-0.8727272727272645
-0.1650770359501267
-1.5432665809296304
0.2799029669714499
1.6189058429475336
0.5218824391137196
-1.6121686856726518
-0.06480281429365353
2.1028253821213565
0.290328434041013
-1.727881309933068
0.4510724477584545
5.571847507331374
1.0416666666666667
-4.810996563573883
2.3465703971119134
0.37918871252204184
-0.13177545462531845
-2.225545390570017
0.0449842555105713
-1.1241007194244603
-0.3001364256480177
-2.435686918445543
2.459093034128093
-1.8616535864208674
-0.49283987353544556
-0.7569386038687889
0.5932203389830466
0.9641486473836895
0.34303727053588406
1.7462810680957306
0.7991282237558985
-2.180180180180184
0.7552035365629072
-0.2833638025594067
-2.502520854340469
1.325686348251235
0.6680894497541101
3.945064061203793
1.746918506695047
-1.7605020045319892
1.4904187366926858
0.10489510489510886
-0.4540691582256414
0.25438596491228865
-0.428733922477915
1.3532513181019412
0.5808912779607956
6.904577191621424
0.6289308176100592
-0.384615384615381
0.38610038610038244
-0.32852564102563375
-5.924913578261921
1.324559904289865
-0.48072868347811804
-0.05084745762711094
0.05087332541969722
0.9745762711864406
1.3764162819974899
-2.2021690537296243
-0.7195462625920597
1.8076398362892263
1.1055276381909587
-2.6838966202783374
1.43854273067757
-1.476881765545031
0.7665445873434972
-0.9889273941340393
-0.6658698992658513
4.941560673771056
0.2538694619605386
-0.7433425910799
0.8805859600032957
-2.431065426660137
-1.3377926421404682
1.1355932203389907
-0.2932797050444109
-2.916211446340032
-0.2770083102493114
3.125
0.0757575757575834
3.204642947262167
0.4645476772616174
-2.579703090776341
3.172620534599043
-2.40516545601291
-0.4879259014224356
0.9557051441868196
0.6338491932828487
1.6523517382413124
-0.024140983342717835
-3.6864133934320815
0.7772020725388754
-2.039970146778351
-1.24439177177686
-0.2571575518601063
2.17428669645928
-4.735469761964857
-1.2096062157866696
0.8401108231298474
0.1418062572011111
0.2655102221435525
1.6329773148556799
0.8511377453534787
0.18945918015846067
-0.24926938284339786
-0.034467901766487806
-1.8877682958365543
-0.37778949218063207
0.17638239703677572
0.9331807377409902
-1.5525512429132102
-0.761938513333936
-0.11606106597624807
-0.10725777618877776
1.2258410880458166
-0.11491204808626841
2.1150442477876186
1.9065776930409912
-0.6633217110298649
0.9331392860200404
2.281594571670915
1.1443734969732111
-3.5828482413708325
0
-0.9778911564625851
-1.5886646629454702
-5.863874345549743
0.15758249907304833
2.2211938917167977
0.7876867360796782
-2.910528206970903
1.4063656550703225
-3.6496350364963503
-0.8143939393939308
-5.050601489402338
-0.45248868778280543
-1.0606060606060606
-0.43899948953547263
2.1534044298605415
0.16061031921300029
3.4876728803367363
-0.08715862870422851
-0.6009498885334928
0.2827888834714862
0.24309607156748345
0
-3.1137840721699614
0.5206247496996441
0.05976095617530107
-0.9755126418475083
0.1206272617611626
0.9437751004016042
-0.9150586831111928
-1.4053402931138326
-0.30543677458766033
0.09191176470588003
3.8261401897765532
0.02948113207546723
-2.377443756754095
0.35221897957129916
-2.0758122743682357
0.9728622631848438
-1.6430020283975706
-0.9898948236749752
1.3434701103936655
0.4624396259377248
-0.40916530278232405
1.6844700082169244
-0.9090909090909091
-1.1111111111111087
1.0308215647871353
0.19385776961534304
-0.48879837067209314
-0.31723291035612183
-0.010265886459298094
1.2320328542094456
-1.5314401622718077
0.4325883201153616
0.12306430109731635
-0.030728259756217815
1.3524590163934473
-0.17185604528912712
-1.032911392405068
-0.7367236263173982
-0.08246572518297786
0.7324873620138268
2.1917247029905753
1.8139907797153763
-3.622403779899592
0.21448268818302754
-0.4382388911536963
0.32756679291637275
-0.8264462809917379
-1.1213991769547302
0.35376131515971043
1.3063763608087116
-1.156483471497295
0.031062331745710107
-0.3415795466307906
0.519318653926049
-2.944823310601364
-0.1384009368678755
-0.6289978678038355
4.795622787254579
-2.579852579852573
-0.15762925598991173
-0.5788864330070519
-0.4552191403768863
-0.4466659576730758
1.8587757718192477
-5.243838489774515
-0.387382401770891
-1.566666666666669
0.23704707077548512
0.1576576576576551
0.674612098043625
1.3066785794058573
1.984345717120494
0.3026699816236033
0.571182239465467
-0.3536219459922919
2.1507688998817076
-1.7896620696915466
-0.5145246007074664
0.7219049671371546
-1.1446298673512978
1.2877394221404586
0.03205128205127719
-0.03204101249599002
-0.21367521367521367
-1.2955032119914371
1.2365766352098901
-2.0357869923925858
0.8421743410259265
-0.7375271149674572
0.15297202797202547
-1.2437268164957427
0
-0.17675651789659994
0.2656042496679922
-4.5916114790287
4.349838037945398
3.5144124168514463
0.6640248473813786
-3.6280455367592324
0.5740781629498836
-0.04390779363336743
-0.021963540522737256
-1.8453427065026313
0.22381378692927484
-1.5297007592675351
0
0.6123143213516246
0.9692325030992925
0.7478513226922698
0
-1.3738089962331017
0.3482363513817017
-1.2873614687115191
-4.252665003402132
2.5464882150894232
0.48510048510049036
-3.413793103448281
-0.49982149232416184
-0.20332496112905699
1.9534995206136228
-1.1755025273304336
0.24979184013321148
0.6288561936402549
1.0022403018511967
-2.7901003969180453
-0.3122373003482674
-1.457655704132035
0.4889975550122249
-0.523114355231138
0.8193714076066934
0.04852013585637764
-0.09699321047526123
0.13349514563107073
0.6665858683795903
-0.3009872381411028
-0.012075836251663172
-1.6183574879227025
-0.5401424011784897
-1.147864724759327
1.111249843925581
0.07409236848604875
1.307996051332678
-0.4506699147381298
-0.41600391533096504
1.7692591227423489
1.4125316914161592
0.08333333333333874
0
2.9618175330082046
-1.6520332717190467
0.552096793139909
-0.7009345794392523
-0.3999999999999973
0.059059768485707535
1.4284027859756845
0.3375232774674089
-2.0299269226307852
-0.42623727208146134
-0.5469678953626662
-0.4901960784313753
7.2089390844647365
-0.25776084276588085
0.9999999999999974
0.8454778062075896
-2.6365140650854912
0.1699524133242692
0.5655468838366701
-1.9007985603419162
2.384774134372845
-0.3135498320268706
-0.11233430689732644
-0.5060728744939271
2.6449643947100685
0.4184561171677078
0.5154073911613165
1.8983198778092927
-1.3062098501070714
-0.20611846387502467
-2.978584628763994
1.22128851540616
-3.564312596856313
0.9067952249770405
-2.6504379479012705
-2.6408039261509595
4.872779644743147
2.311741817349513
-3.3892617449664377
3.9597082320250006
-3.6084196458402915
-0.6470248411322961
2.3607396208861577
-0.7384685298795728
0.6638434245164192
-1.0915292779988657
-1.3104954592481868
0.43098427489808333
0.01159823706795512
0.22034094862577885
8.412404535987031
2.465577969900739
1.4999999999999976
1.8062397372742225
0.9274193548387143
0
-3.5757091490211814
-0.08286720530349644
0.42504665146174814
0.14452358831423323
3.5357179672198695
1.1549183592194368
2.814960629921251
0
-0.9285851043461438
0.26089477244176423
-0.4336931380107942
0.1839124963701569
-1.149758454106278
-0.39096862476786237
-0.46119124717888776
0.23659305993690627
4.435483870967755
0
2.297768151426675
0.009205560158348194
-1.0493372606774751
0.39069767441860886
0.6856931060044351
0.17485735321186188
-0.7349563619660082
-1.7121702915316983
2.2410546139359657
0.7552035365629072
-0.5850091407678328
-3.1629275468922273
-4.74743638435245
-1.505183413078152
-1.3156563100900718
-0.11280894267254873
1.9301848049281267
0.7252215954875146
-0.5899999999999977
-0.4023740066391711
1.3028986971013006
0.40877367896311295
-3.7037037037037104
0.5774386471437434
-1.6916136969448432
0.45885910939618074
1.858195785321301
-0.22421524663677592
0.31664964249234145
-0.21382751247327386
-0.10204081632653061
-0.29622063329928267
-1.3728101628931437
0.5505349537758341
-1.3739669421487557
-0.07332146223945171
-1.0167714884696064
0.8895478131949689
0.3148945103390364
-1.852045621010782
3.6140724946695073
0.7613952052680294
0.040845501889113754
1.7046034500357181
2.117623444399842
1.2285012285012284
-1.2524271844660173
0.23596499852521652
-0.0980872976949485
0.5301914580265074
-1.6017189178630704
-0.009925558312657344
-0.33750248163589214
-1.1852589641434241
1.018042536034676
