0.37453183520598643
-1.3859275053304874
-4.864864864864865
0.8522727272727273
3.0422535211267636
-0.9841443411700445
-0.8282716731087797
0.22271714922049315
0.7777777777777809
0.3307607497243629
0.6043956043956012
3.3861277990169403
1.0036978341257143
-0.6276150627615004
7.052631578947371
-0.1966568338249782
-2.0197044334975343
0
-1.0055304172951232
-0.45708481462671696
0.05102040816326241
-0.25497195308516063
-0.2556237218813906
1.0763710917478186
0.050709939148084554
0.4054738976178322
-0.8581524482584496
0.050916496945007286
1.8829516539440145
0
-0.8991008991008906
-0.2016129032258093
2.878787878787873
-1.718213058419244
3.4465534465534495
0.28971511347175005
-2.118440057775627
0.5902606984751543
-0.5867970660146644
-0.0983767830792017
-0.4431314623338285
0.9891196834817013
3.47698334965721
-0.236630383341221
-0.7115749525616698
0.3344481605351116
0.7619047619047592
-1.890359168241966
0.9152215799614671
0.6205250596658766
0
0
1.7552182163187802
-3.9627039627039626
2.6699029126213594
-4.539007092198579
-3.467062902426944
2.3601847101077444
-2.756892230576441
1.288659793814433
-0.3053435114503788
0
2.092904543134249
1.2999999999999972
3.7512339585389904
0.666032350142724
-2.9773156899810886
-0.38967364831953794
-0.6845965770171177
-0.5908419497784287
-0.14858841010401752
0.19841269841270123
2.4752475247524752
-1.0144927536231856
-0.7320644216691069
5.211406096361846
-2.8504672897196235
0.5291005291005264
1.2918660287081285
0.33065658951347054
0.23540489642184556
0.7515265382808803
0.13986013986014517
-2.094972067039106
7.465525439847831
-0.3539823008849608
-1.0213143872113601
-0.8524001794526719
-4.027149321266971
2.4516737388024596
-1.6106764841233316
1.4499532273152451
3.0889810972798473
0.35778175313059546
0.7575757575757525
0.5307386112339748
-2.507699076110874
-5.234657039711189
3.0000000000000053
-1.0171058714748114
2.9425502101821635
3.3575317604355743
2.107111501316937
-0.7738607050730796
2.5129982668977395
0
1.6906170752324599
-1.413133832086453
-4.258010118043843
4.623513870541612
-2.988215488215486
0.5639913232104171
-2.415875754961183
0.7957559681697663
-1.5350877192982457
1.6035634743875253
0.5260850504164915
-1.4827736589620608
1.3722886232846367
-4.759825327510919
2.063273727647868
1.617250673854445
-0.4862953138815183
-0.17769880053309894
-1.335113484646195
-3.247631935047356
-0.09324009324008795
-0.4199720018665449
2.9990627928772287
-1.6378525932666164
0.37002775208141137
-1.3364055299539197
1.2143858010275546
0.9690816797415888
-1.188299817184654
-2.6827012025901866
1.711026615969579
-0.7476635514018665
1.1299435028248614
-3.0726256983240328
-0.7684918347742529
5.663117134559545
-5.222171323866241
0.3866602223296196
0.9147809340394828
-0.14312977099235827
-0.09555661729575587
1.6738402678144428
-1.364063969896522
2.098235574630427
-1.4479215319943926
1.8957345971563981
-2.0000000000000053
-4.081632653061222
3.7605145967342875
1.144492131616598
-3.347477604903345
0.780487804878046
-0.19361084220716634
-0.048496605237630615
-1.5526443474041673
1.5771315919171949
-1.601164483260545
-1.3313609467455705
0.14992503748126507
2.095808383233527
-1.5151515151515125
0.8436724565756767
-0.5905511811023566
0.04950495049504669
-0.04948045522018522
0.29702970297029424
-0.34550839091805957
6.983655274888556
-5.648148148148143
-0.9813542688910696
0.8919722497522214
-0.0982318271119787
-0.4424778761061975
-0.9382716049382744
1.645064805583256
0.24521824423737126
-1.1741682974559715
0.04950495049504669
0.09896091044038449
0.4448838358872848
-4.97047244094488
0
-0.4142931123769979
0.312012480499217
0.10368066355624087
2.019678922837911
-1.4213197969543205
2.780638516992794
-2.2545090180360723
-0.05125576627370288
-1.692307692307698
1.1476264997391847
-0.9798865394533294
0
-0.41666666666667257
0.10460251046025996
1.3061650992685474
0.10314595152139693
-1.0819165378670759
0.5729166666666637
-1.9678922837907733
-0.6339144215530993
1.010101010101013
0.5263157894736842
-1.5706806282722514
-0.3723404255319088
0.587293112653494
0.8492569002123111
0.21052631578947667
4.831932773109237
-5.160320641282556
1.0036978341257143
-0.15690376569036765
15.243583027763224
-9.136363636363635
0.05002501250625028
2.9000000000000057
-0.6316812439261473
0.9779951100244498
-0.48426150121065376
-1.1192214111922196
-2.559055118110231
1.4646464646464674
1.3937282229965071
0.9327442317133067
-0.48638132295719844
5.913978494623654
-4.8454083987078915
5.480116391852576
0.5977011494252926
-1.6910420475320005
-0.09298000929799564
-3.164262447650075
-3.4118212397885603
5.223880597014926
0.04728132387706587
3.2136105860113475
-1.0989010989011014
-0.046296296296293664
-1.8527095877721167
1.982067012741854
0.7403979639055966
-2.0211299954065125
-0.09376465072668404
1.4077897700610043
-0.18509949097640244
0.5563282336578661
0.7376671277086189
-2.517162471395881
0.4225352112676083
-5.282842449742875
-0.2961500493583388
-2.9702970297029703
-2.193877551020414
4.642670839853942
0.8474576271186526
0.3460207612456691
0
4.729064039408864
-0.37629350893696284
-0.14164305949009035
-1.6548463356973995
1.9230769230769231
1.3207547169811373
-0.37243947858473525
0.5140186915887824
1.8131101813110209
0.36529680365297323
-2.593266606005467
2.6623073330219604
-3.0937215650591496
0.14084507042254055
-0.750117205813419
0.14170996693434643
1.8867924528301887
-0.46296296296296297
-1.2093023255813926
2.6365348399246678
-1.4678899082568755
-2.234636871508385
3.0952380952380953
0.5080831408775955
-1.8382352941176472
0.42134831460674427
-1.8181818181818208
1.471984805318136
0.6083294337856863
-0.5116279069767415
0.3740065451145315
2.328830926874709
-1.6841147018661762
-0.9722222222222195
-0.8415147265077192
-1.5087223008015034
1.1488750598372455
-0.37860861334595897
-1.2826603325415622
-1.3474494706448563
-0.9268292682926857
1.3786312161496856
-2.5254978144730535
-2.3418036870951613
3.316326530612245
6.666666666666667
-4.398148148148148
-3.0992736077481866
2.09895052473764
-0.09789525208028245
-2.3517883390494774
0
2.2579026593075766
-5.20117762512268
4.8136645962732985
-0.6913580246913609
-1.5415216310293358
0
3.1313131313131257
-0.5876591576885352
-0.44334975369458407
3.908955962394857
-2.714285714285709
-2.1047479197258987
-0.3499999999999943
0.05017561465127662
-1.4543630892678063
-0.10178117048345478
-0.30565461029038343
1.2263668880940244
1.2115093387178222
0.2992518703241867
-0.9945300845350572
0.301356102461072
-0.8012018027040533
0
-1.362948006057541
-3.172978505629487
2.854122621564485
-0.46248715313463806
0.05162622612288216
-0.41279669762642485
-0.20725388601036565
0.05192107995846019
-0.7265179034768954
-0.4181913225300634
2.257217847769035
0
1.0677618069815114
-0.39618041446566493
-1.295257521672612
0.3306468278569882
-4.1606591143151315
0.9026434558349489
-0.3194888178913859
0.42735042735043344
1.946808510638296
-0.8661170823332968
0.5157894736842051
-1.1938422871504877
0.6889242183359892
-4.2105263157894735
0.27472527472527475
0.9205479452054832
-2.171788467803236
1.2876012876012837
-1.5123287671232828
-0.8011572271058182
5.1374088614694315
0.28806145310999254
-1.3085106382978766
-2.4469117171499364
0.13259668508287795
0.19863164864267557
-0.46255506607929703
1.5711440584200065
-1.165577342047923
-0.804585032514057
0.21111111111110858
-0.9868056325534988
0.1567749160134385
-0.5478533094812108
-1.1804384485666073
-0.39817974971559555
-3.597944031981715
1.777251184834123
-0.7566938300349308
5.278592375366569
-3.8662952646239543
2.80482151135837
1.3528748590755386
-2.0578420467185854
3.236797274275989
-0.16501650165017126
-0.3746556473829239
1.2056188474726286
-0.054644808743166295
0.2733734281027884
0.327153762268263
-0.05434782608695343
0.3915171288743876
0.9641425631025897
-0.7832618025751116
0.03244295447172179
1.9675675675675601
-0.28625954198472864
-1.8394471026050017
2.7404679376083205
-3.0047443331576114
0.326086956521736
-0.6392199349945866
-0.15265510849416702
-0.29485639401550295
2.95728368017525
-1.882978723404251
1.9191152553399067
-0.7553191489361636
1.0826455139886277
-0.6044538706256556
0.928198015576646
-0.22198731501056423
0.8581417523042719
4.306722689075624
1.7321248741188306
-1.4452583646802553
0.44194455604660277
-1.9899999999999949
0.857055402509937
-0.5058168942842691
0.8134214539908606
-1.1195158850226923
-1.111791105671158
2.114492006188754
1.2020202020201998
-2.6749176564527324
0.19485181007075963
-0.6345957011259002
1.3081994231561558
-0.8845958312150385
-0.14361920393927016
-0.24655845490035863
-0.3604531410916523
0.6511627906976697
-1.211747792154439
1.8814968814968838
-0.010203040506076028
-0.06122448979592069
-0.9597712885440043
-1.5360824742267989
0
-0.47115485289498776
-3.219019566589525
5.967391304347821
1.5488768078777364
-1.0202020202020254
-1.010307174201444
0.17525773195876465
0.9056293094576469
-1.5298317185109638
0.5696530295183814
-1.0813594232749715
-0.05205622071837289
0.6145833333333369
-0.5280049694585414
4.225645295587014
-1.437986818454162
-1.4994934143870353
2.859493931289859
-2.3799999999999955
1.40340094242982
-1.2021416304677217
