-5.256064690026961
0
-3.1294452347083968
-1.4684287812041117
5.216095380029807
-0.2832861189801539
0.42613636363635954
-0.2828854314002869
2.482269503546099
2.3529411764705923
0
5.206220419202156
-4.884318766066834
-0.5405405405405482
-1.1548913043478184
0.6185567010309317
3.620218579234961
0.527356624917608
-1.9672131147540983
0.33444816053511706
-1.1333333333333258
5.259608900876589
2.4343369634849528
0.06253908692932728
-3.75
2.012987012987009
4.583068109484416
0.6086427267194157
-1.996370235934671
1.9753086419753016
-1.8159806295399517
-1.3563501849568365
1.999999999999993
0
-1.5931372549019573
1.9302615193026118
-1.0384850335980382
0
-0.43209876543209175
2.6658400495970134
0.8454106280193271
-0.3592814371257451
1.9831730769230667
-2.0624631703005303
1.6245487364621043
1.835405565423324
8.430232558139535
4.021447721179625
-7.628865979381449
1.3392857142857175
-2.8634361233480115
2.0408163265306087
-2.5555555555555522
0.5131128848346669
-2.098695405558716
-0.28968713789107764
-0.11621150493898236
4.421175101803371
-2.785515320334262
0.630372492836673
1.4806378132118418
-1.0101010101010006
0.9637188208616715
-0.05614823133070989
-2.134831460674164
-0.8036739380022833
0.5208333333333202
0.748416810592983
2.5714285714285716
1.1699164345403867
-1.5418502202643078
2.0693512304250494
-1.36986301369863
-0.7222222222222285
-1.0072747621712272
2.4307518371961465
-2.8697571743929298
1.9886363636363635
-1.2813370473537669
-2.539503386004515
1.2159814707585541
0.8581235697940502
-0.17016449234260428
0
3.977272727272727
0.9289617486338736
-3.7899296155928535
0.16882386043894845
0.11235955056179137
0.224466891133561
-0.16797312430010244
1.17779024116657
-0.4434589800443522
1.2806236080178237
2.0340846619021375
0.9698275862069027
-2.134471718249733
-2.6717557251908426
2.4649859943977623
1.7495899398578396
1.1284255776464236
-0.6376195536663064
0.053475935828873965
-0.21378941742384056
-1.9282271023031572
-0.8192244675040962
3.414096916299569
1.4909478168264019
-0.5246589716684156
-1.8459915611814346
7.791509940891994
3.6889332003988065
-1.9711538461538434
2.7954879843060265
2.003816793893138
0.09354536950420422
5.607476635514018
1.7699115044247788
1.47826086956522
-2.1422450728363325
1.35726795096322
0.2159827213822894
5.818965517241379
0.6109979633401222
-8.582995951417
1.0628875110717348
-5.78439964943032
-2.232558139534889
3.8534728829686125
-1.0535959688502112
-1.5740740740740766
0
2.6810912511759253
-0.13742556115437993
-2.201834862385326
-1.969981238273916
-3.3014354066985674
-2.0286986640277065
2.8282828282828256
-1.7681728880157144
-0.3499999999999943
-0.6021073758153622
0.2523977788995457
-0.5035246727089627
1.1639676113360382
1.0005002501250626
-1.8821198613174894
1.463907117617368
5.820895522388054
2.44475787494124
0.41303350160624397
-1.8738574040219482
0.5123428039124466
-1.7145505097312403
-1.037246581801032
1.0004764173415885
-2.1226415094339623
-2.457831325301202
8.053359683794458
1.4174668495656255
-1.3074842200180368
2.101416171767928
-3.8926174496644244
-1.0707635009311038
1.458823529411762
0.18552875695733104
1.203703703703701
-1.7840805123513293
0.3726129482999587
1.3921113689095128
-8.832951945080097
0.35140562248996843
-0.8004002001000472
0.8068582955118478
0.5002501250625313
0.3982080637132817
-1.2394645513138325
1.0040160642570282
-3.1312127236580434
2.616726526423804
4
-1.6826923076923077
-0.5378973105134447
0.29498525073746035
0.49019607843137253
0.4878048780487805
-1.4563106796116505
-0.34482758620689097
-0.24715768660405338
0.09910802775024213
0.24752475247524752
-0.44444444444444725
-1.0416666666666639
0.2506265664160401
0.5999999999999943
0
-1.6401590457256376
3.082364830722584
-1.8627450980392213
-1.0989010989010932
-0.3535353535353478
0
-0.6588950836289971
2.346938775510201
-1.9441674975074805
1.677681748856132
-2.3499999999999943
0.819252432155655
0.6602336211274672
-1.7154389505549836
-1.2320328542094485
0.15592515592514705
-0.2594706798131811
0.9365244536940747
-2.938144329896901
0.10621348911311132
-1.3793103448275832
0.8606777837547037
3.680000000000003
5.401234567901234
-5.319668130795512
0.4123711340206244
-1.437371663244359
0
-0.7291666666666696
0.7345225603357848
0.8333333333333304
-0.3099173553718979
0.10362694300517546
-1.2939958592132506
2.6219192448872577
-0.45988758303524646
-0.5133470225872689
-0.10319917440661354
-0.8780991735537131
-0.8337675872850413
-0.8933263268523474
-1.1664899257688168
0.6974248927038534
-0.3729355354288698
0.42780748663102214
0.8519701810436604
-1.2671594508975743
2.6737967914438503
-1.3541666666666636
0.5279831045406547
-1.680672268907572
-0.10683760683760077
-0.588235294117644
0.5379236148466917
1.070090957731407
-1.111699311805185
0.16059957173446623
0.694815606627478
-3.0254777070063783
-1.3136288998357841
-2.218524681087077
-2.32558139534885
-3.0197444831591107
-2.095808383233533
19.999999999999993
3.7716615698267106
-2.7996070726915465
-0.7579585649317837
-0.40733197556008727
-1.4314928425357787
-0.36307053941909595
1.041124414367517
1.18495620814014
1.8329938900203637
-1.3499999999999943
-2.3821591485048237
8.047767393561786
-0.04805382027870943
-0.5288461538461511
0.3383276945384189
-0.2890173410404597
0.4830917874396135
-4.230769230769236
4.367469879518081
0
1.0582010582010528
-1.5706806282722432
-0.3868471953578391
0
0.4368932038834979
0.4833252779120348
0.09620009620009073
1.777991350312358
-0.8498583569405153
1.0952380952381007
-0.18841262364578693
-2.642756016989143
0.9694619486185166
0.04800768122899391
1.6314779270633424
0.5193578847969755
-0.28182245185532845
-3.2972209138012243
-0.43838285435947666
-0.440313111545991
0.6879606879606908
2.000976085895556
0.23923444976076555
-0.6205250596658766
-0.7684918347742529
-3.291384317521773
-1.9019019019019074
1.1224489795918309
0.8577194752775061
-0.20010005002501535
2.255639097744361
-4.460784313725488
1.3340174448435065
-0.8607594936708803
0.9703779366700598
-0.3540718259989826
-0.45685279187817546
3.6715961244263218
1.1805213969503086
1.5070491006319995
1.3409961685823673
-1.7485822306238132
0.04810004810004537
1.586538461538467
0.331282536677704
-2.5471698113207575
0.6776379477250754
0.3846153846153901
1.5325670498084236
-2.735849056603779
-0.09699321047526123
1.1650485436893232
-0.04798464491362491
3.5045607297167463
0.2319109461966605
-1.064322073114291
-2.15154349859683
-1.3384321223709288
1.3565891472868135
-0.4302103250477903
-1.0561689870379343
-0.7763221737020837
-0.24449877750611246
1.1764705882352968
-0.19379844961240586
-1.3592233009708794
-1.2303149606299213
-0.1993024414548965
0.848726909635541
-1.0396039603960368
0.05002501250625028
0.730000000000004
-2.1145636850987883
2.6470588235294112
0.0889240193656787
-0.6317867719644625
2.076296443473081
-1.245742092457422
-1.241746328964231
1.1875062369025167
-1.272189349112432
0.9889121965837527
-1.0880316518298658
-0.29999999999999716
-0.7021063189568735
-2.1111111111111147
0.0928696728923779
2.3608247422680475
-2.709235572565225
0.22774327122153093
-0.6920057839289274
0.5096203848153873
0.37251655629139013
-0.18556701030928538
-2.396199132410652
0.4232804232804293
0.10537407797681171
0.44210526315789656
1.1737581219870095
-0.40397762585456864
1.7680707228289012
-0.17373530914664026
0.12285012285011294
-1.6871165644171693
0.4160166406656177
-1.6157431382703287
-0.936940730603222
-0.03188097768331683
0
0.9779951100244517
3.168754605747979
-1.5204081632653008
1.9583462853590305
3.831300813008126
0.17617695996867241
1.6707376648754353
0
-1.0378627714779918
1.3303554088172367
-0.3545759463344421
0.7886131948451559
-1.345419847328241
-0.07737692233291256
-0.7356499854805973
1.4139444173573894
-0.9903846153846165
-0.40788579197824776
0.8873720136518738
-1.7494683935820492
2.8529267092965975
0.2869440459110446
-0.2861230329041461
2.1042563366810167
-1.5456674473067968
-0.5708848715508985
-2.1626794258373256
-1.946400625978086
2.9426433915212
0.2906976744186019
0.09661835748791721
-0.09652509652509104
0.24154589371980675
-1.1469879518072268
1.9013260530421243
-0.48799157975313856
0.49999999999999617
5.051664753157292
-2.185792349726768
-1.9087523277467517
6.074988134788805
2.5503355704697936
-2.4432809773123885
-1.2522361359570586
1.0869565217391202
-1.4336917562723963
3.6818181818181794
2.148180622533979
3.090128755364802
0.5412156536219864
0.538302277432717
1.2355848434925865
6.794141578519116
-0.5714285714285714
0.11494252873563654
-0.4975124378109496
1.6923076923076836
0.03782148260212661
-2.1172022684310106
0.4248744689069227
-0.11538461538461976
0.07701193685020741
-2.616390919584449
0.3951007506914263
1.770956316410873
1.3534416086620262
5.723006486074017
-0.07217610970770316
-3.0335861321776734
0.22346368715084647
-1.077666295057612
0.15026296018032836
0.45011252813202873
0.4480955937266574
-1.6728624535315986
1.6635160680529215
-0.40907400520638376
-0.0373412994772303
-0.11206574523721008
