0.29498525073745685
4.999999999999998
-9.52380952380952
-4.953560371517033
0
-4.885993485342017
1.0273972602739811
-4.745762711864411
10.142348754448403
4.8465266558966045
-4.4684129429892145
2.4193548387096686
-5.354330708661416
-3.494176372712146
7.2413793103448265
4.5016077170418045
-1.538461538461533
4.687499999999997
-8.955223880597023
-1.6393442622950762
6.499999999999996
4.694835680751185
0.14947683109117768
4.477611940298504
-0.4285714285714321
4.734576757532283
0.1369863013698601
4.924760601915189
0
4.954367666232083
0
4.968944099378864
0
4.970414201183432
0
4.960541149943645
0
4.940923737916209
0
4.912998976458551
-9.365853658536594
-4.951560818083951
0
-4.983012457531138
0
-4.886769964243148
10.275689223057647
4.999999999999994
0
4.978354978354968
0
4.63917525773197
0.2955665024630479
4.911591355599215
-9.363295880149813
-4.958677685950418
0
-1.6304347826086802
6.629834254143642
4.559585492227974
-6.144697720515354
-4.857444561774032
1.109877913429519
4.720087815587264
-2.096436058700202
2.2483940042826642
2.6178010471204187
4.999999999999984
-3.3041788143828947
4.522613065326644
-4.9038461538461515
-3.9433771486349904
-1.0526315789473646
-1.5957446808510676
-0.648648648648654
-3.590859630032645
0
-4.8532731376975144
1.7793594306049865
-4.77855477855478
-0.12239902080783092
-4.779411764705889
1.158301158301168
-4.834605597964375
0.13368983957218966
2.1361815754339135
-0.9150326797385657
4.4854881266490745
-1.1363636363636347
-4.725415070242658
5.227882037533508
-4.9681528662420344
5.764075067024125
3.929024081115331
-5.975609756097553
-2.9831387808041443
6.550802139037423
0
-0.8782936010037565
-3.5443037974683573
0.9186351706036783
0
-1.1703511053316091
0
-4.73684210526315
-4.834254143646416
3.1930333817126364
-1.547116736990159
6.571428571428571
4.959785522788206
-0.5108556832694768
2.567394094993584
-0.5006257822277852
1.761006289308172
-2.966625463535231
4.585987261146513
-4.993909866017064
-3.846153846153844
7.066666666666658
2.9887920298879234
-7.013301088270849
-4.161248374512358
0
4.341926729986436
-3.1209362808842678
0.26845637583892046
-4.01606425702811
4.463040446304048
-1.735647530040052
2.581521739130428
-0.6622516556291367
-0.266666666666661
-0.9358288770053513
2.564102564102557
0.5263157894736847
4.4502617801047215
-9.022556390977451
-4.683195592286499
4.7687861271676315
-4.689655172413791
-0.1447178002894325
0
2.028985507246372
-4.971590909090904
8.669656203288477
-4.40165061898211
1.2949640287769764
0
2.1306818181818232
2.225312934631422
-4.217687074829927
4.687500000000001
-2.0352781546811447
4.570637119113575
-8.741721854304638
-6.821480406386063
10.591900311526475
-8.028169014084499
7.044410413476263
-6.294706723891279
-3.816793893129771
6.349206349206355
0
9.701492537313424
-11.020408163265301
5.1987767584097835
-2.906976744186049
0
-0.14970059880239203
-1.799100449775114
0.7633587786259515
0
8.333333333333345
7.5524475524475525
-5.981794538361508
6.36237897648686
-3.901170351105341
0
-1.623815967523682
-8.803301237964233
7.843137254901968
4.89510489510489
-3.5999999999999943
4.564315352697084
-6.613756613756614
6.940509915014168
-0.6622516556291367
0
-1.3333333333333286
-2.0270270270270316
2.0689655172413843
7.567567567567561
-4.020100502512566
-1.9633507853403072
-2.9372496662216374
8.390646492434668
-1.52284263959391
3.2216494845360826
-5.742821473158552
-0.6622516556291367
-1.7333333333333318
-6.105834464043421
8.092485549132956
-9.625668449197867
9.61538461538462
7.692307692307696
-11.15288220551379
2.2566995768688316
-3.4482758620689653
-0.14285714285713982
-2.4320457796852635
2.9325513196480832
-3.703703703703701
8.875739644970423
-1.2228260869565317
5.502063273727653
-11.082138200782264
2.6392961876832803
-9.857142857142863
9.984152139461186
-6.628242074927954
1.8518518518518396
-3.6363636363636265
-3.3018867924528297
5.528455284552843
4.4684129429892145
-4.129793510324487
0
3.999999999999997
3.402366863905332
-6.294706723891279
-6.7175572519083895
1.963993453355157
-2.0866773675762564
7.540983606557377
1.8292682926829285
-1.197604790419163
-7.424242424242414
10.965630114566284
3.0973451327433623
-7.725321888412017
-6.666666666666675
2.4916943521594743
6.96920583468395
-6.060606060606053
-7.741935483870974
13.286713286713299
-6.635802469135811
3.3057851239669453
11.519999999999996
-3.586800573888092
7.886904761904766
-2.758620689655175
3.546099290780142
-6.7123287671232905
5.5800293685756355
-11.543810848400556
9.748427672955977
-9.455587392550145
-18.19620253164557
25.72533849129594
-4.307692307692312
17.363344051446948
2.0547945205479503
-15.033557046979867
10.584518167456556
2.7142857142857197
5.006954102920715
-6.754966887417216
2.2727272727272747
-6.250000000000002
-1.4814814814814763
4.360902255639098
-3.458213256484153
-0.7462686567164153
-3.7593984962406015
2.3437499999999916
5.954198473282451
-11.527377521613843
5.537459283387634
-4.0123456790123555
3.697749196141486
-5.271317829457362
6.219312602291323
-6.471494607087826
4.283360790774296
-0.7898894154818298
-0.4777070063694307
-0.7999999999999972
-1.6129032258064602
-0.8196721311475381
2.975206611570258
1.1235955056179678
0
0.6349206349206356
-2.9968454258675
7.154471544715439
2.427921092564494
-1.3333333333333313
-9.909909909909912
8.333333333333334
0
-3.538461538461545
1.2759170653907508
-3.1496062992125875
-6.991869918699196
1.2237762237762289
2.7633851468048385
-2.857142857142856
-11.418685121107268
13.0859375
17.44386873920552
-7.499999999999997
6.518282988871227
-15.522388059701493
19.61130742049469
-8.419497784342681
12.90322580645161
-10.285714285714281
5.891719745222932
-9.774436090225567
2.5000000000000058
-2.439024390243908
2.5000000000000058
-9.756097560975618
-5.945945945945947
5.172413793103457
16.57559198542805
-14.375
2.3722627737226256
-2.139037433155082
-14.389799635701275
11.914893617021267
-11.596958174904932
11.827956989247308
1.9230769230769162
0.943396226415091
4.112149532710292
-10.412926391382406
-0.8016032064128263
-5.454545454545464
-11.965811965811957
20.145631067961165
-2.4242424242424265
3.312629399585924
2.204408817635259
-2.941176470588225
0.8080808080808087
-4.4088176352705535
-9.85324947589098
-4.651162790697679
2.4390243902439157
1.4285714285714193
3.7558685446009425
-0.6787330316742137
0
2.050113895216418
-0.22321428571430077
-10.514541387024602
17.500000000000004
-9.574468085106385
7.9999999999999964
-14.379084967320257
0.7633587786259491
-5.050505050505055
1.0638297872340436
-15.263157894736834
2.4844720496894293
1.2121212121212133
3.2934131736527044
-5.21739130434783
-2.140672782874613
3.124999999999989
0
9.393939393939396
-4.432132963988911
1.4492753623188352
-2.85714285714286
11.470588235294121
8.179419525065953
-12.439024390243897
0
6.406685236768802
-1.832460732984289
6.133333333333334
5.52763819095478
-12.857142857142856
0.5464480874316945
-2.7173913043478284
0.5586592178770955
6.388888888888888
-9.921671018276758
4.057971014492744
9.192200557103066
-9.693877551020405
9.322033898305087
-3.1007751937984525
-7.999999999999996
8.695652173913038
1.3333333333333286
2.6315789473684235
0.2564102564102623
-2.813299232736581
2.6315789473684235
-8.2051282051282
15.921787709497215
-6.024096385542179
-0.25641025641025095
0.2570694087403544
4.8717948717948705
-7.0904645476772625
0
0
2.368421052631587
5.398457583547545
15.853658536585375
-10.105263157894745
3.0444964871194564
-0.454545454545465
3.8812785388127837
-5.9340659340659245
-13.3177570093458
14.285714285714294
0
-0.23584905660376854
0
-5.200945626477556
11.471321695760599
-4.026845637583887
0.23310023310022812
-5.813953488372094
-2.4691358024691272
10.886075949367081
2.739726027397263
-9.333333333333332
8.823529411764712
-5.63063063063063
7.3985680190930685
3.555555555555559
2.360515021459215
1.0482180293501198
-5.601659751037354
20.879120879120883
2.0000000000000058
-3.030303030303029
0
-3.1250000000000147
-13.47248576850095
17.324561403508774
-1.6822429906542031
3.8022813688212964
2.564102564102558
-1.9642857142857042
-11.111111111111116
4.30327868852459
-5.697445972495089
5.208333333333334
3.366336633663365
-7.8544061302682024
-4.158004158004143
3.036876355748366
-4.210526315789477
8.131868131868135
0
2.6422764227642257
3.960396039603964
-6.476190476190474
4.8879837067209815
0
4.660194174757268
-2.782931354359916
0
-4.580152671755729
0
-4.800000000000004
