3.787204588153857
-2.2389481707317076
-3.713088392944149
1.224696356275306
0.20997900209979228
-0.23947315905009886
0.20004000800160032
0.40926332601317855
-0.23859230539814866
0.04982561036372696
6.703187250996011
-0.8214319051619485
-0.06588235294118075
-0.8193633452627657
0.9115943405184823
-1.5526489131457608
1.032307398203016
-0.16083254493850951
-1.620392305505535
0.19264110961279135
1.6727552393770297
1.096822995461435
-0.8604564160119758
-0.933962264150952
2.5807065993715015
-1.9773486817675412
6.070650629794479
2.669642857142865
-0.7913731628837408
2.068723702664809
-1.5630367571281385
-1.4569883091956068
2.700309871624613
0
-0.9310344827586168
1.366167768882705
-2.334964374624435
1.951305265008354
-1.4570221570825148
3.2195975503062075
-2.644516019664354
0
0.7139125892390776
-0.025933609958502295
-0.043233895373973194
0.01730103806228767
0.6573257221933843
-0.3179240419316073
-0.025859839668990133
0.7156406276944262
0.22258368290387268
-0.07687708208764764
-0.5300051290818982
0.008594018563091822
-1.6670963306694242
8.791400856418784
-8.265724154550574
0.5078809106830082
-0.5053145147238155
0.21891418563922943
-0.06989951944079988
-1.1191746087260606
1.8922981695994219
-1.1281784257571814
1.8607917142104842
-0.034467901766487806
1.232652357555399
0.400204359673009
-4.774828258841485
0.44531528322052016
-0.8334811136726249
0.5990701001430452
-0.34663585459069096
-4.566535854441674
1.2429906542056033
0
-0.9507984861072607
-0.41006523765145303
-0.1965188096574873
0.6751054852320718
-0.3073484213467407
-0.37369207772795215
2.438109527381845
0.6590992310508804
-0.9094216078574028
-0.6883259911894274
-1.654190925053125
12.19695545950009
-9.27973199329983
0.36004431314622076
0.1839757152055929
-0.8263703975759802
1.092491435978167
8.050187746130584
-6.7723342939481155
-1.9910900990999263
2.0593692022263492
-1.82694055626251
0.8795481899824091
-5.10279001468428
5.087040618955504
-0.239278483342528
1.171586715867163
-0.23707486094648822
3.0527374097431763
1.507760532150776
5.4871122761030975
1.333554211877755
-3.318620238679102
-1.6486303686168415
2.0115189546978502
0.3202157242774041
-1.6715665686686343
-0.7261233555441654
-4.698390844161424
-0.28893905191874
2.2638775695010414
1.3459665279376645
-0.052424639580594935
0.2535186642188883
-1.1771886989884897
-0.2911850348539623
0.33628318584070394
0.07937907920268927
1.1721159777914827
-0.052264808362361415
-0.8366742199756089
2.1269115837581336
-1.4629948364888123
0.008733624454140528
-0.1397257881407658
-0.34980323567993005
-0.7810443176832024
1.2559702812665883
-1.2928022361984588
-1.6548672566371723
-0.7828669126248579
1.4601850172320097
-1.5464378296236663
-0.26330125295079815
0.5188893946290437
-0.9146893678681521
1.0145324924595684
0.9681505609844413
3.1633658930011608
0.7731063238359853
-2.5342642875614056
1.08782170336959
-1.0936132983377078
0.3715170278637811
0.8989160130430991
-0.8559699537077632
0.46691921416616883
-0.9119607155384155
-0.7964601769911505
0.8206958073149014
-2.87559723942665
1.6306823357930094
1.3176765865901798
-1.3093868884366942
0.37651277454056886
0.4018933642940073
-0.10674257249600119
-1.0151380231522789
0.008996041741645954
0.6746424395070613
-0.268048606147248
1.0929940870811723
-0.7444168734491395
0.9107142857142898
-1.787294284197491
1.2072072072072153
-0.10681858643404356
1.7020139012653634
-1.4544817313589686
-0.9424735485018348
0.04487927475092003
0.0717746276691353
0.053792361484661017
1.075268817204301
1.1170212765957366
-1.367701209889524
-0.03555555555556364
-1.8228703539036104
0.7608006521148529
0.4674157303370827
1.8609644806298609
-0.5094422485726794
2.189458815220266
0.8984881209503318
2.637212090076201
0.7758404938683535
-0.5960264900662289
-1.790473017988008
0.8225218349868605
0.18502943650126538
-2.3085963734049697
-0.06015296038498285
-0.9028374892519346
9.822125813449027
-4.3138184403887285
6.019321278176872
-5.475077881619934
0.36252780753068004
-1.1000738855594667
0
-0.6640657425085084
-0.2423330826439451
-1.222985424694246
0.3731343283581974
1.3687056437985845
-1.216869478246367
-0.3374957813027337
1.5069420927869923
-1.8598832360300213
1.0622928528936857
-1.0679448368651232
7.777305567360816
-7.192429022082022
-0.06798096532970382
-0.008503401360536483
1.0289990645462972
-0.3367003367003367
1.6891891891891893
1.943521594684393
0.21182988430828653
-1.3821138211382114
6.100577081615828
-5.563325563325556
-0.12341615928912292
0.7990773539830148
-0.33507682249100273
-0.5904059040590444
0.1484780994803229
0.6095049831150722
0.6139991813344249
-2.139951179820989
1.6961835869293975
0.6050200310686037
0.6013815522145544
-2.5688666289684288
0.4891800016582449
1.0231023102310306
-0.9555700751388472
-0.3380885627113166
0.7943074631805508
-0.6402889509111767
1.2557832121612538
-2.553851174934722
0.42702838482794414
0.9838252459563076
-0.3797886393659293
-0.7293220619923716
1.3274336283185917
-4.844689791546506
1.4200363667849911
-1.0501152565525447
-1.0526315789473724
-3.845483083362392
-0.8433844200598489
2.9540881653557665
0.9594030381096166
-0.3695556533216054
0.4769054137596124
-0.21095192054145126
0.1585484013036162
-0.9585788409110777
1.3052743740010695
-0.4820755543868875
1.0568962480183195
0.043576782290395674
-0.04355780120219531
-0.20916855499390716
0.8122270742358039
-1.4121112362470722
0.2460456942003475
-1.0255960729312803
-0.4516871844832087
2.4110320284697426
3.8919294587785758
-4.331465841625569
0.2272528625120301
-1.029039853492627
0.8018327605956391
-1.2062937062937023
0.34507166873118594
0.2645269376598184
-1.1256705654735693
0.6670817397491773
1.2811450786358014
-2.329233185030101
-0.43765630582349624
-0.15250740109446895
0.14375561545372048
0.7536335905257574
2.154942119323245
-3.103207810320793
5.856423173803539
-4.172686326166409
-0.6030507272082258
-1.1331192005710249
3.1405107842252673
-2.5811532067547467
-0.5658343811747962
-1.490380272784753
2.1639464514946027
-3.0694668820678555
0
0.8240740740740825
-0.08265221783452024
0.7352941176470589
1.094890510948905
-0.7039711191335699
0.0636247954917329
-0.08175129439550285
0.009090909090900823
-0.009090082719744484
1.6454545454545373
-0.27725605938645104
0.49327354260089684
-1.1334225792057158
1.101281819823077
0.9107142857142898
0.5308794903556893
0.5808836472451953
1.855092754637736
-2.8608247422680373
2.255240116741841
-1.6519633281439314
0.4924808723947003
-1.8902599107377382
-0.4013914905004014
0.05373455131650873
-0.4564983888292281
0.611455804334159
0.536240950933953
0.6400568939461123
-1.0599770338309338
0.7499330416927142
2.6938413823659806
-3.339373543877819
0.28566327441528705
-0.44507744347516465
0.6706008583690987
-0.5240252242650405
0.44642857142857145
-0.4
-0.03569834895136911
0
0.044638871529327745
-2.025700517579852
-0.3461153110483816
1.252170733936573
-0.23469940422458108
-0.11762576909156301
-0.07247033245766663
-0.6073792040612654
-0.20977745348414645
1.7365871492550957
-0.8624562033959132
-0.9968282736746715
0.7231121281464614
-0.33624136677572203
-0.16412874988601756
-0.7032605717417156
5.040470934510665
-5.621716287215415
0
0.25978845796993455
0.49046825837499375
-3.527028271479895
-1.2313860252004454
1.3047260075384168
-0.3625262354512454
1.0723860589812158
2.3114816218264584
-3.092592592592601
0.6210586661570802
1.6047858702877307
-1.1121495327102888
2.069747660901625
0.009259259259250838
-0.009258401999806412
0
-0.5092592592592593
0.16751977664029358
-0.7618693672767858
-0.5617451549480387
-2.382073251106295
-0.35686728395062167
0.900203271706532
0.6523407521105098
-2.4208921082729784
0.9279156085172886
0.8516403754959794
0.39343633048653076
0.6882049321353513
0.7689386747674111
0.8855393311351947
0.20543468110933027
0.41934582051998887
-0.7887899034892354
1.0195491534936014
0.9259259259259259
-1.2844036697247707
0.5855018587360552
5.71930148757277
1.0749868904037716
0.8733246865542507
0.6343219612549367
1.1158432708688168
-0.9687473675343274
2.0755358965634647
0.46666666666665907
-0.12441937624419377
-0.09965949671952647
-1.0640951034998904
-0.0168053104780958
0.7815782838893985
-0.7838559039359648
1.1010253824172245
0.01662648599217043
-0.6317014379519499
0.2593057298201513
1.0762556315701728
0.12381345439537764
-0.03297609233306603
1.2699983506515002
-1.5716612377850125
-0.612228013568304
0.44118871222841544
0.13260401127135227
-1.8374441317662675
0.43001686340640044
-4.374107967425062
-1.106233538191388
1.846590909090905
0.7670850767085037
-0.2854671280276777
0.19953153465775608
-0.9350649350649312
2.3160286663170773
0.8456479029640269
0.9147890902930867
0.058754406580478265
-0.04194279003439309
0.5874454514937899
0.18354747205072966
-0.07495003331111456
-0.00833402783566434
-0.5584264044007373
0.29335344899840754
1.32040782216281
-0.18145826459914594
-1.3468848124276942
-2.856185610185119
-0.7673736851181121
1.2077504561647288
-0.84134615384615
-3.896103896103896
2.027027027027027
1.4216335540838771
-2.0546752568343996
0.1955555555555596
0.6476224272533672
1.4367562802996874
-1.329509906152238
1.9903126376045714
0.9584664536741333
