-0.7860262008733674
-0.02200704225351362
-4.798591239269207
1.2716763005780347
2.785388127853879
-0.9329187027987536
1.3901345291479794
-0.04422821760282809
0.28761061946902905
2.007500551511133
2.3140138408304596
2.4307757345170153
-0.7635163021048381
-0.9565398211686351
0.31492756665966826
-1.2138970280452095
-2.4364406779661016
0.3257328990228013
-1.5151515151515151
0.8791208791208791
0.5446623093681917
0.9750812567713976
-1.4592274678111612
0.5879790940766526
-1.3855812946525172
0.9659714599341334
0.08697542944119029
1.2165978709537184
6.761107533805538
1.085645355850429
1.0739856801909262
-0.4919323101141283
0.8898556456397073
-0.039200313602506594
-1.7058823529411742
0.1396369439457388
-2.8486055776892454
1.5788394504818513
-2.9269277351635044
0.6446246620919157
2.623966942148758
1.9528890678477933
5.114533965244862
-0.13150479053164227
3.6117381489841858
1.470588235294122
-4.508856682769714
0.43095371931796034
0.5410447761193987
0.2041195026906704
-0.07407407407406986
-0.3335804299481223
-2.1755299367794594
0.7413039346131871
-0.8490566037735849
0.09514747859181731
3.4030418250950527
2.0408163265306167
-3.315315315315311
1.4908684308609765
-2.0014689680499407
0.4684279557804009
6.173069750093231
0.1229580186193651
0.19298245614035486
0.15759061460339296
-2.4475524475524475
0.35842293906810035
-1.3928571428571348
0.2535313292285363
-1.7341040462427786
-1.1029411764705883
1.1524163568773318
0.09187798603454611
-0.09179364787956673
1.9478133039323609
1.6582552271088764
-0.3546099290780142
4.021352313167264
1.2658227848101227
-2.516891891891888
0.259920291110726
0.10369858278603919
0
-0.25897790055248615
0.7270209451272168
-2.234060835195051
-0.5097556688345891
-3.091872791519435
-1.1850501367365542
2.8413284132841286
0.3588087549336204
4.022166607079013
0.7045884172538276
-1.9965870307167313
0.992512624064086
4.758620689655176
-4.015799868334427
5.10973936899862
0.6525285481239804
-0.4862236628849271
-0.48859934853420195
0.13093289689033627
0.8499509643674479
-1.0858995137763445
0.7373422906767164
-1.2524398178269245
1.5318728380826807
-2.85528877352369
-0.4676018704074741
0.8053691275167709
1.4480692410119917
-0.6070549630845029
0.9574116870254322
-0.24525833878351863
0.8851008031470213
-1.4297319252640055
0.29668699522003533
-0.870994248151184
-2.4038461538461537
0.7134363852556364
0.8095800303592626
5.286933244102377
0.508501509613864
-0.9486166007905138
0.7821229050279294
3.151726322458026
0.7062797481959194
-1.38740661686233
0.7421150278293241
-1.9950890116635973
0.12527403695583378
-0.7350641226149409
0.2048211753584299
-3.5534591194968588
-1.3368112161721442
-5.75016523463319
-0.07012622720897217
1.999999999999996
-0.8255933952528302
0.41623309053069324
1.4853195164076032
-0.4254594962559564
0.8203725858827473
3.8142057975928125
0.5878510777269795
-0.4383116883116957
1.7609652698516336
1.201730491908348
2.8815706143128454
-0.8771929824561299
0.1552553951249806
2.4027282591846224
-1.150469270360282
-0.24502297090352568
0.10746085354621515
0.12268057046464569
0.55138612344923
0.28941355674028596
-0.36452004860266973
-1.951219512195115
1.8034825870646622
-1.6188149053145862
0.5898789195901822
0.13888888888888537
0.5547850208044418
0.42911877394635317
0.12208148939418102
1.8899557994208165
-0.2243829468960359
-0.7796101949025556
0.6044122091266244
-5.151697206368272
1.8210609659540775
-0.7465007776049696
-0.03133813851457936
-1.7711598746081434
1.2924844423168835
-2.3787019533711264
0.6938841374858729
-0.6570512820512857
0.33876431682529806
0.9967845659164061
0.4297994269340865
0.2536059597400575
0.31620553359683795
-1.2765957446808547
-0.7024265644955264
-1.4147909967845587
0.17938682322242483
2.4580823701774417
0.41309183349221845
-1.6613924050632911
0.0965406275140825
2.5719337727053526
-0.3291020216267078
-1.006289308176097
0.7306226175349464
-0.9776095868811172
0.33439490445860237
-1.158546262498027
-0.385356454720613
0.5319148936170323
-0.2565335898669268
-1.3020414724320886
-0.6514657980456026
2.540983606557377
0.07993605115907274
-1.533546325878598
-0.06489292667098917
-0.6980519480519407
0.016347882949143213
2.0758417783589485
0.11208967173739719
-0.4158669225847765
0.40154192097654995
-1.0398336266197408
1.0992563853863488
-0.20786696514230166
-0.33648453773434106
1.3022508038585245
0.015870496746551777
-0.6664550936210798
-0.28753993610222917
-0.2723486062159637
0.6265060240963819
-1.7879948914431565
0.7639791937581163
-0.6775286336505778
0.17865843755074046
-0.8754863813229535
-0.5070330389270564
-1.8411967779056275
0.15072852118572722
-1.8561872909699035
0.5281990117566916
-0.3220338983050809
1.3263050501615294
0.6209095485819845
0.7004669779853121
1.8714806227227674
0.6340432450008091
-1.9870759289176017
0.8406131531234396
-1.2422360248447057
1.7874875868917501
-5.788617886178866
-0.828443217121152
0.5221023320570831
0.41551246537395725
-0.913793103448268
0.7308160779537031
0
0.5354983589566459
-5.738831615120271
0.5468465184104995
-3.934010152284272
-0.3774297037176826
-6.7437014586095785
1.5640869388584173
12.340000000000009
0.6587146163432315
3.3250795896710414
-0.17117425539198902
3.6179698216735097
0.28131722654311525
0.9735973597359698
0.9805523778395163
-0.2427577277876679
-0.08111615833874108
-1.4125669751582939
0.13175230566534166
-0.08223684210526316
0
-1.7448559670781931
0.03350644999163101
-1.9594707754145109
0.034164673727373675
-1.092896174863384
0.8287292817679479
0.11986301369863793
1.8813066529844362
-2.5684069162330143
-0.05168849069606384
1.7410791242889196
0.304981362250077
-2.2804054054054053
0
-0.397579948141738
0.03471017007982155
-0.1734906315058987
-0.3302050747306182
2.353966870095902
0.34071550255536626
2.2580645161290245
-0.7139299352482077
0.03344481605351931
-0.03343363423604906
-2.3578595317725792
0.03425244048639244
-0.5820921075158324
3.8057516790080776
0.3649635036496426
0.3305785123966942
-1.5650741350906097
0.1004184100418448
-4.413977595719776
1.3993353157250306
-0.27600483008453036
-0.3459609064175748
3.193889949661513
1.8671152228763706
-4.375825627476882
2.4866171645657014
-1.9545071609098605
-0.8420690840350536
0.7105719237435048
0
0.43021855102392015
0.6339958875942309
2.281627788183227
0.549359081072075
-0.28145695364239165
-0.016603021749943395
0.3985386914646259
-0.016539861065170813
-0.4631927212572299
0
0.4321090244307643
-0.049644216448776195
3.54304635761589
0.4157339302846215
0.3025477707006333
0.5715192887759998
1.4364640883977937
-1.0270774976657364
-1.1477987421383575
0.20677588675043015
-0.9206349206349134
0.40051265619993587
-1.5797032072762232
-0.42153047989622394
-3.0771735591012845
0.6383336133042279
-0.3004506760140324
0.016742005692285743
-1.3056578506862997
0.03392130257800743
-1.102068497795863
0.12000685753472408
-1.0616438356164462
0.05192107995847495
1.07247880989447
-0.20537395173710968
-0.9775338706911414
1.264288188430909
-0.27364460407046737
-0.46304235980107106
2.4465885596140673
-0.8240834174234741
-0.11870442597931921
0.2546689303904924
1.0330228619813755
-0.13409319477037684
-0.8727760993621907
-0.10159160176092494
-3.186440677966094
0.49019607843136453
-1.6202090592334415
1.3281388347795289
-2.569031807060476
-0.25112107623317975
1.1508721452976043
0.9777777777777777
1.1971830985915413
0
-3.983994432846204
0.41674216343541737
1.4254781667268093
-0.3558085749866572
1.838957329048376
0.21037868162693646
-0.13995801259623306
-0.1226348983882151
-1.9645676197158473
0.21470746108428082
-1.7675415104445593
0.3453289712831656
2.2640825937330193
0.035423308537005274
1.9298866855524242
1.5980545422963228
0.01709693964780693
0.5128205128205128
-1.0034013605442138
1.374334306820134
-1.3557024233180817
-0.32640439786977793
-0.017235436056536147
0.7067746940182766
-2.036973639164685
0.3494670627293378
0.6616750827093972
-0.017298045320882673
0
0.01730103806228767
1.3492475350285338
-0.20481310803890285
3.3179408243543658
0.7118026816752118
1.6929651545036273
0.21011798933246395
0.4032258064516129
-0.08032128514056225
0.3697749196141406
0.2723049815793762
-0.8945686900958503
0.5802707930367542
0.9615384615384616
0.3333333333333369
0.12656225280809277
0.03160056881024577
-2.76417627546991
0.7147498375568514
3.0967741935483946
0.2816020025031218
0.7800312012480499
0.24767801857585492
-0.40148239654107826
-1.0542635658914659
1.9743027264180364
0.4763368162261867
1.146964367640312
0.07559721802237677
-1.6920985043057761
0.3073613032119256
-0.07660487206986363
-0.8432996013492793
-0.07731560228854183
0.27855153203341915
-0.1851851851851922
0.4947433518862161
0.06153846153845804
-0.6765067650676472
0.5727554179566634
0.6618439279667468
1.070336391437309
0.045385779122534727
-1.814607591108423
-0.18481441552440042
1.342385434346541
0.21315468940318072
2.1725919173503425
1.0408921933085502
-1.5599705665930865
0.44849753326356706
3.1701146003869725
0.7934218118869013
-0.9446114212108233
-0.15893656985985014
0.7670043415340021
0.22978601177653638
-0.6591202177962492
0.9375450742824175
-1.128893969705627
0.30351206821795385
-1.8299711815562025
0.6458241596947147
-0.9187691410237813
0.27965852222548976
1.4237487156905984
0
-0.6078147612156362
0.10192195690157914
0.9309090909090876
