0
0.7930785868781708
-5.7224606580829755
-4.779969650986351
9.482071713147414
0.5822416302765523
-1.5918958031837835
-2.9411764705882355
0.15151515151514292
-4.614220877458393
6.106264869151481
0.8968609865470766
-3.0370370370370328
2.9029793735675957
-4.974016332590935
-4.531249999999998
0.4909983633387842
1.7915309446254095
1.3600000000000023
3.3149171270718254
-3.666921313980146
-2.379064234734338
3.8180341186027644
0
4.929577464788731
-2.982848620432513
5.687932359723295
-0.07272727272726859
5.021834061135375
4.504504504504504
-1.790450928381974
2.2957461174881875
2.178217821782186
2.0025839793281617
-5.8898036732109
4.845222072678343
-1.9897304236200402
2.0301244269810237
-6.16174582798461
-0.06839945280437368
-2.053388090349076
2.02655485674354
2.808219178082188
-1.9320453031312497
1.9701086956521778
-1.9320453031312497
3.736413043478261
0.4584151931892712
-0.39113428943937045
1.3089005235602094
0.5167958656330639
-2.9562982005141354
0.6622516556291391
-2.6315789473684212
-1.0810810810810771
-4.9863387978142155
6.398274622573692
4.391891891891892
-4.98381877022653
4.223433242506804
-5.29411764705882
4.416839199447899
0.5287508261731546
4.339250493096643
0.6301197227473221
2.00375704445837
0.6138735420503376
3.843807199511887
1.0575793184488904
4.418604651162787
-1.9487750556792873
-0.2839295854628052
1.9931662870159454
-4.9692908989391436
0
-4.994124559341951
0
-4.94743351886209
0
-4.944697462589457
2.8062970568104
-0.19973368841543473
2.334889926617745
-4.954367666232069
1.1659807956104173
-1.694915254237288
0.9655172413793143
-4.9863387978142155
3.5226455787203492
-3.0555555555555594
0.28653295128940237
-2.857142857142857
3.8235294117646976
0.5665722379603481
-3.8028169014084545
4.978038067349935
0
0
1.8131101813110142
-3.356164383561648
1.2048192771084458
-0.980392156862749
4.243281471004243
-2.3066485753052954
1.3888888888888888
0.958904109589045
1.5603799185888623
-1.8036072144288502
-0.7482993197278873
-2.261823166552441
-0.14025245441794434
4.424157303370774
-1.4794889038332137
2.3208191126279902
-2.5350233488992737
2.4640657084188873
-2.0708082832331294
-0.2728512960436601
-2.2571819425444484
4.198740377886634
-3.7609133646742743
3.279832519190501
-1.9594594594594632
-1.3094417643004863
-1.047486033519553
-1.9760056457304045
3.0957523398128024
1.745810055865922
-3.5689773507206515
3.6298932384341596
-3.8461538461538423
0.07142857142856737
-0.7137758743754461
2.731847591660684
-3.009097270818762
3.1024531024531106
-4.338698390482867
3.877103145574259
-5.140845070422543
1.7817371937639241
-0.8023340627279317
0
-0.2941176470588277
-1.9911504424778679
4.589917231000748
3.4532374100719507
-6.0500695410292185
-0.4441154700222016
3.9405204460966625
3.7195994277539257
-4.482758620689655
1.0830324909747293
-4.071428571428563
3.425167535368573
0.07199424046075904
-1.9424460431654595
-5.209097578870155
5.108359133126953
-1.325478645066282
2.985074626865672
-5.6521739130434865
6.758832565284187
-5.1798561151079054
0.1517450682852721
-2.5000000000000084
4.273504273504274
-4.172876304023841
4.043545878693637
1.943198804185347
1.1730205278592334
-0.07246376811593791
5.8013052936910805
-10.418094585332431
3.7490436113236467
0.4424778761061905
-2.8634361233480012
4.6863189720332485
1.0830324909747293
-1.4285714285714286
2.7536231884058053
-2.468265162200282
-2.747650036153298
2.4535315985130195
-2.394775036284478
0.9665427509293765
0.1472754050073554
0
0
-4.779411764705882
-2.7027027027027026
1.1904761904761905
4.392156862745094
-1.803155522163791
0
-2.4483550114766555
0
0.07843137254901515
4.937304075235119
-0.5974607916355574
0.6761833208114243
-1.3432835820895608
-1.5885022692889519
-2.5365103766333568
0
0.6309148264984205
0
-1.0971786833855732
0
-2.694136291600638
2.605863192182413
-0.7936507936507936
-3.5200000000000045
1.1608623548922103
2.459016393442623
-1.5200000000000045
8.529650690495533
-10.778443113772449
0
0.671140939597313
4.833333333333331
-2.9411764705882377
3.194103194103199
-5.476190476190481
-2.602854743912674
-0.6034482758620714
5.810928013876845
-9.836065573770492
8.454545454545453
-4.6940486169321
2.0228671943711496
-1.0344827586206922
0.17421602787456694
-4.086956521739133
3.3544877606527677
-10.175438596491224
2.5390624999999942
6.5714285714285765
5.361930294906166
-5.597964376590339
1.3477088948787062
-3.9893617021276597
0.18467220683287427
0
0
1.7511520737327242
2.5362318840579685
-3.180212014134283
-3.1934306569343067
-2.35626767200754
7.046332046332058
-1.1722272317403168
5.748175182481763
-8.54184641932701
3.679245283018873
-2.638762511373981
0
1.7757009345794446
0.09182736455463206
-4.128440366972477
4.593301435406696
0.09149130832571686
7.861060329067636
-11.271186440677964
-4.489016236867243
5.5
-2.938388625592412
1.953125
0
2.586206896551713
0.2801120448179378
-0.5586592178771029
0.6554307116104896
-1.3953488372093024
1.0377358490565984
-0.37348272642389496
1.2183692596063702
-1.8518518518518519
-1.6981132075471672
3.934740882917461
-1.8467220683287167
-2.351834430856068
0.19267822736031104
-0.7692307692307665
-5.813953488372093
3.8065843621399207
8.919722497522299
-5.732484076433131
-1.544401544401539
0.9803921568627451
-1.941747572815534
0.09900990099009338
0
-2.670623145400582
0
1.9308943089430806
0.2991026919242245
-3.578528827037768
2.3711340206185536
0.7049345417925507
3.9000000000000057
-1.539942252165552
-0.2932551319648066
1.4705882352941178
-0.28985507246376535
-2.5193798449612483
1.2922465208747629
-5.20117762512268
1.3457556935817925
0.5107252298263534
0
-2.134146341463423
-3.322949117341644
3.9742212674543533
-1.6528925619834653
3.4663865546218458
-0.5076142131979695
-0.30612244897958896
0
-1.9447287615148472
-2.9227557411273457
3.6559139784946297
1.6597510373443924
-0.10204081632652481
-1.9407558733401487
4.791666666666661
-5.069582504970174
6.282722513089006
2.0689655172413737
-4.150579150579148
-7.250755287009066
9.011943539630849
2.3904382470119434
-4.669260700389103
5.714285714285708
-2.6061776061775954
0.8919722497522214
-0.8840864440078502
-2.6759167492566927
2.3421588594704654
1.1940298507462714
-1.769911504424776
-3.403403403403409
2.5906735751295336
-2.525252525252525
1.6580310880828957
-3.058103975535168
1.7875920084122008
0
-1.2396694214876063
-1.6736401673640109
-2.2340425531914834
-0.9793253536452727
1.2967032967033043
-1.0631373399869863
2.5000000000000013
6.953359007274283
-5.861172234446889
8.372290692732676
-5.941176470588237
0.0416927246195604
1.0627214002917234
-1.958762886597944
0.8201892744479508
-6.070087609511883
8.349988896291356
2.8694404591104705
-7.750547917911936
1.5118790496760321
-3.914893617021284
1.837909654561571
-5.088062622309205
0
-0.11454753722794309
0
-1.376146788990829
0
1.976744186046515
3.9680729760547364
2.193463478833077
2.9190813479287385
-4.650677789363929
7.152230971128617
-5.592978158807925
3.6756756756756817
0.10427528675703265
-0.31249999999999706
-12.225705329153607
6.428571428571435
-4.407158836689051
2.73812309852563
-8.67881548974942
2.2698927413319945
7.268292682926821
6.730331969076857
-10.524073285044734
1.6666666666666734
-3.723653395784551
2.164923376307469
-2.000000000000008
0
7.677356656948502
-1.962996389891691
4.119677790563864
-0.7515473032714487
0.31180400890868726
-2.3090586145648295
-1.3181818181818143
-1.8885306310456016
2.0422535211267543
13.848631239935596
-9.294807031723582
3.45288482958342
-4.7588285960379
-1.1982817092471039
4.736842105263158
0.5025125628140635
-4.326086956521744
-0.7043853669620431
2.7459954233409514
-1.7817371937639135
0.6349206349206374
-0.29292474087427345
-1.0621468926553648
-0.1827318410232944
2.7917620137299743
0.044523597506669677
-3.1597685803293163
0.5284926470588163
1.0742857142857116
-0.9497964721845358
5.6392694063927085
-0.5835314458612559
1.3478260869565162
0.8151008151008207
-2.872340425531918
-2.190580503833516
0.02239641657334381
-1.4778325123152634
0.2272727272727305
-1.8140589569161094
8.429561200923802
4.536741214057498
-6.173594132029343
-0.10857763300759427
4.521739130434779
0.8735440931780402
-0.9896907216494781
0.99958350687213
-3.6288659793814393
-3.1236628155755257
1.89929328621908
-3.207628955353281
7.8817733990147865
-6.351183063511836
4.499113475177308
-4.878048780487799
8.249721293199544
-3.110195674562303
4.0603741496598715
-3.8815117466802973
0.1700318809776948
3.1190324633991064
-4.54732510288066
5.302866997197674
4.380757420675538
1.980780545204938
-2.153846153846149
2.0047169811320678
-6.204238921001925
6.778964667214456
-7.233551365909961
-2.218996267109084
0.21208907741251629
7.492063492063489
-1.1025792478834462
