-1.119242359018504
-0.5949789580612426
0.5474452554744526
1.1978221415607986
0.6814921090387375
0.32062700391877447
-1.7684659090909156
0.7880847371845919
0.9684361549497847
0.17761989342806395
1.0141843971631173
0.1895668047461943
1.5837421163279544
0.08967991169979181
-1.3922392997449888
-0.4683022296777833
-1.2851123595505587
-0.12093618837590137
-0.47720797720798047
1.1235955056179807
-0.5166312809624879
0.7540727039908878
-1.2356139236037562
0.08578781812982882
-2.142857142857143
-0.043795620437949566
2.351394771432731
0.5993150684931572
-0.03546099290780142
1.3834693153600568
1.161651504548629
1.4111787493082522
1.5211459754433803
0.11422428273869821
-2.1946308724832244
1.5027791120565492
-0.6760411032990805
0.21099918322896194
-1.399171364531679
0.7095129847764658
-0.3214774281805777
0.32251423866053974
0.6019151846785195
-0.054392167527872896
0.08843537414965677
0.7272480119622134
-0.18893387314439639
0.05408328826392337
5.074324324324318
0.7009195550125453
-2.9310344827586263
0
1.1907111374251784
0.5981016772851414
-3.515574512084793
0.33489618218352313
1.021361815754336
1.2291019625983042
-0.31986422090215355
0.5893909626719057
1.5429687500000029
0.1795217028915788
2.694399999999994
-0.03739249657234882
1.178304239401502
0.924271366073079
-0.9585444776848431
0.11096042411539603
-0.3694581280788177
0.48207663782447185
0.14761963341124928
-0.13511853580641478
-1.1254612546125433
0.2674628351060493
1.6191066997518555
1.2087174165191492
-1.7069787080041126
0.3313696612665741
0.08562691131499027
1.2894157907601997
0.40422322775264224
0.8292272563393795
-0.876042908224079
0.3667408164492357
-0.41332215167126457
0.4451127819548927
-2.419306545302119
0.5154955507824542
-3.8891263202881765
-1.4991741837123704
2.018573455436617
-0.1390732663253079
-0.44312211179337846
0.5722642589177847
0.08219004868179519
0.8843967150979154
1.321227301189725
-1.9899882578332502
2.1754208966517434
-0.24685262898049862
2.7654046028210724
-1.1378002528444924
1.1204481792717003
0.7226303745634108
0.16740404161187267
0.03581234332099254
0.8770883054892629
0.08280593836871494
0.37231842089712086
-0.494583137070189
0.4378698224852125
0.1296099917520807
0.564838785596619
0.7722911303533844
-0.12772875058058786
0.5697011975351677
2.6763005780346796
1.1991217699712862
-0.37828215398308607
-2.2168863077954013
3.797612929016047
0.5721830985915544
-0.8205689277899344
-0.5460562603419796
-1.9022794076867593
-0.49751243781094273
-1.6306818181818208
0.040432045283893346
1.0508083140877624
-0.10855902182608221
-1.527197849339361
-0.557620817843861
2.3773364485981334
0.2966851143949361
-2.713464929745722
-1.169453865045024
-3.8989468701928818
0.9665702148617894
-1.9024390243902467
-0.19269020387866168
-2.7402379024724417
0.4866491643721527
-6.48059644427452
0
1.4649768329245028
-0.3357732858773756
-0.4581901489117954
0.9476748121573141
3.38630724870918
0.927487352445191
1.221001221001221
0.057139229255291156
-1.8210659898477186
-0.47178956892651425
0.006493506493500588
0.2467372248555407
-1.0428136537340589
0.7330802461055141
0.4028589993502304
0.31063939943049146
0.9096774193548328
0.6329518572981325
-0.8576874205844981
-0.0576738224927966
1.1477301872275
0.6402535657686155
-6.160241874527587
-12.739965095986037
5.076923076923077
0.4245973645680787
0.05102784662487575
0.9544626593806855
-2.193995381062346
1.2396694214875998
0.16034985422740855
-0.2110318730898043
0.21147815941078474
0.29107844564110025
0.34102452474242095
0.18077952129582758
-0.20932582647611453
0.10849909584086799
0.9754335260115607
0.03577817531305903
2.8111587982832584
0.6053016071801326
0.11065006915628693
-1.0776457584968162
1.6689944134078276
0.2884813517411785
0.5205122936785246
0.776725488860112
-0.4326955581096521
-0.19012697766007702
-0.17688278114158354
-0.6201867375451448
-2.866547798655874
1.4473312623552668
-0.3618901802491506
-0.0977858489907167
-1.4052995874991197
-1.7869805701318993
1.9855595667870036
-0.035398230088495575
-4.135977337110488
-0.4210992907801284
-2.707916017508717
0
-0.28976666158305486
0.10706638115632387
2.276546982429332
0.44816253361219005
0.02230814991076402
0.38658835774292216
-1.918092275790555
0
-0.7852612503775362
0.1598173515981666
1.040954334776996
0
0.9700706873214086
0.8415878453861588
-0.9305760709010272
0.0521842850752809
0.484315624767156
0.8230757822927582
-0.6913289696256594
0.4221284159075795
-0.5678466076696199
0.7120077134169055
-0.5744163782311055
0.1629508925264829
-0.9317459143681069
0.6120773307456927
-1.5431411825803234
-0.22605681561299074
0.015104599350505662
1.026957637997443
-1.6892144405411567
-0.09883676727742374
-0.10654490106545593
0.71613591345422
-1.0438729198184535
0.2904754624675091
0.35823170731707665
0
-2.7037290195185033
-0.5464054328311607
-1.1302095596891817
0.19052155275064409
-0.8953331748672811
-0.04796929964821787
-0.7518796992481276
0.9026434558349489
-1.2300319488817963
0.008086689309407766
-1.1158728875232435
-0.8995011857061084
-2.458948758148377
-0.4652736655105321
3.3741288458269634
1.0359286360273072
0.5777524615509732
-0.16990291262135188
0.13777453602397421
-0.10521204273227215
-0.9803127278619387
-0.09000163639340013
0.03275734993039808
-0.43389275480965656
0.4686729156388789
-0.15549553973320981
1.204918032786889
0.2672714019599866
-1.8255250403877148
-0.27974329438868606
0.1320132013201245
-0.3955174686881967
-0.8520847121111809
0.35878181059657527
-0.24110409045559225
0
-0.3750312526043837
0
-0.9871172829178669
1.2081784386617256
-0.9934051256365382
0.14333895446880654
-2.054390839437576
0.5587552651938451
-2.504701658403142
-0.04384042086804033
0.6666666666666586
0.2178459393516905
0.5912529345274483
0.47540841905091186
-2.2023399862353865
-0.18472906403940087
-1.9035868511500957
0.0808552690683758
-0.421903052064636
0.7842783737492154
-1.3506261180679704
1.1152416356877282
-4.393830703012912
1.0973550928531275
-2.532702477038703
-0.047591852274890545
1.409389581944594
-0.25354493379660487
1.4968932404443478
0.23188943511733606
-2.0544142143253583
-0.22675736961452103
0.20833333333333764
-0.378000378000378
0.8821855435401209
-5.011753643629521
11.829340724608988
0.19474196689386963
-5.601201519568874
1.34768366869444
1.209714655092798
0.2463503649635078
-1.5836898152361965
-0.01849625450846624
0.7399870502266211
0
-0.8630979708015668
1.7875335741409608
-2.1110100090991852
-0.8272913180888515
0.8341925203861527
1.1247443762781313
1.0295063884548044
-0.009098353198062875
-1.5377616014558773
1.219850291100642
-1.1321099242216621
0.6464124111182934
-1.8258555830810248
-1.2803738317757052
-0.4828173814257227
-0.2949010654490236
-0.6201698311229845
-0.14400921658986177
3.307374290933573
-0.9306654257794323
0.8078910286519407
-0.5404901686702036
-0.852618757612659
-0.19845019845021133
1.9789792633273453
0
0.1949860724233899
0.09266981744045966
0.8517729839829689
0.9731019921050341
-0.3909446313301374
-0.045637093829864916
0.05478951693910478
-0.3376836725381076
-0.6501831501831419
-0.9954834546963021
-0.6423982869378888
-0.6465517241379395
-1.169480335754019
0.43897318446415773
-1.4156769596199612
1.917887432536632
-2.6382978723404342
-0.15540015540014657
1.1673151750972763
0
1.4999999999999913
-1.3736263736263739
0.8932859475554877
1.3994668697638821
-2.18758801990423
0.22077174121711984
-0.4884589598697356
0.009624639076025895
-0.4138196516215913
0.39621182837264557
-4.601020309943216
0.09080819291695866
-0.8366935483870922
1.2503812137846857
-1.5261044176706873
-0.10195758564437195
3.970197999591763
0.01963286541670087
1.7175385219354318
0.6850636819760622
-0.22041207474843838
-0.04802151363810987
1.0954165465551902
-0.541773595665794
2.580275229357798
0.05589714924538001
0.06517690875233198
-0.409416581371554
0.6727085863776554
0
1.3364269141531406
-0.08242513050646495
0.3758020164986168
-0.46571089398227644
2.2293577981651334
-0.37691824463789336
-0.7837131789928672
-0.7717450517523152
-0.18299935950224172
-0.12833440278669822
-0.128499311610839
0.009190331770989471
1.9665502664951169
0.5497476568132784
-1.4430402437931464
-0.5547471807930074
0.9693644261545413
0.16302871116748321
-0.009042408897742691
-0.651112316874665
0.8556344438376199
-0.3519855595667952
1.7299157684992426
0.08012820512819298
-1.0675206832132373
-0.5395198273536553
-0.2441008950365987
0.525647997099869
-0.43274432023079284
-0.28975009054690737
-1.0806393025790129
0.06426145230882635
1.8623853211009131
-0.396289291182551
0.822859209693454
0
-9.040358744394615
-0.3845395385525627
0.663169355636944
0.12782694198622954
-1.3846607090248364
0
0.5974905397331208
0
0.17818253811126059
0.009881422924903432
-0.7015117083292187
0.6865671641791022
-2.0258918865500544
0.010086746015737617
-0.30257186081694404
0.16186140617096842
2.1007978992020964
0.5045009397566548
-0.24606299212598426
0.8288110508140086
0.14678539974557198
0.6351377760406599
-1.6603553743081985
0.009873617693525152
0.9181557903050714
0.019565642731357052
0.6161971830985983
0.1458151064450277
-0.5144632110269806
