-0.34615384615383743
0.4245465071400871
-4.035357417371253
-3.644373247897475
5.818786367414797
5.027494108405334
-3.777112939416592
-1.0104935872522436
0.3533568904593662
3.794992175273872
-0.6784771956275957
0.18975332068311196
2.462121212121212
-0.18484288354898337
4.296296296296305
-0.6747159090909212
1.6088666428316054
-0.7741027445460903
-1.950354609929078
1.2658227848101267
-0.857142857142849
2.017291066282408
1.518361581920908
1.2173913043478262
-1.4776632302405537
2.5462155563306634
-1.734693877551028
0.3807545863620709
-0.9310344827586168
-0.41768186564566256
0.34952813701502966
0.5921281783350709
0.17313019390581716
-0.4493605254061567
-2.5347222222222263
-2.173138582116126
1.1289147851420123
-1.8725243068059017
2.3119266055045915
2.008608321377319
-0.7735583684950734
1.3465627214741358
2.972027972027972
1.867572156196944
-2.2333333333333294
0.9205591544493653
-0.608108108108112
1.0876954452753191
0.10087424344317801
0.10077258985556312
2.2147651006711486
-0.45961917268550034
5.738786279683389
1.6531503431066608
-1.0739490641301013
1.705955334987593
-6.099420555047271
5.878531990906146
-3.006134969325157
-2.0240354206198536
3.2278889606197545
4.315196998123831
-2.8776978417266252
0.30864197530864196
-1.5384615384615385
0
-3.4999999999999964
0.06476683937823466
1.4563106796116505
1.8819776714513483
-0.2817783343769497
0
-2.0722135007849367
-0.609169605642827
0.9032258064516165
-1.438618925831202
0
-0.7460265974700004
1.535947712418297
-7.370453813968451
-3.7178596247393982
0
3.211836881992052
0
3.3916083916083877
-2.0629015894487543
1.1395027624309235
-0.9900990099009824
-0.4137931034482719
1.8005540166204945
-1.088435374149656
-0.27510316368638627
3.5172413793103408
3.9307128580946076
-0.4487179487179414
0.7083065035415288
3.4207161125319656
-1.7001545595054095
6.289308176100629
3.4319526627219004
-3.260869565217401
2.838557066824371
0.4887866589994217
0
19.427753934191696
0.6229036895064741
7.6904761904761925
-0.5085120495246542
-5.511111111111113
0
0.3762935089369762
0.11715089034676664
0.21062485373273512
0.04670714619336493
-1.960784313725485
3.8095238095238093
-3.463302752293583
2.066999287241636
-1.6527001862197446
-2.035502958579887
0.24160425223483933
-0.8435767654856592
0.12153621779290229
1.9664967225054681
-7.238095238095233
0.10266940451744795
1.358974358974362
0.17708069820389288
-3.3585858585858617
-0.7055134570159364
-0.1842105263157865
-1.239124703400999
2.0288307528029805
0.47095761381475965
-4.557291666666667
-0.08185538881309996
0.1365374112506827
-1.554404145077717
-0.38781163434902416
0.11123470522802481
0.9722222222222222
1.7881705639614855
-3.864864864864868
1.1526567332021431
14.146748193440795
-0.6574141709276817
-0.24509803921568626
2.6781326781326724
4.785833931562575
2.0095912308746318
-0.604432505036935
0
-0.968468468468471
0.9779395042074167
7.274774774774777
2.2464833088389646
-9.137577002053389
1.4237288135593247
-3.7655971479500967
-0.39360963185922404
1.766620176662023
2.5125628140703515
-3.208556149732628
-1.4502762430939122
4.62508759635598
2.2103148024112604
-4.041065967671472
2.299112223992708
-0.8678237650200217
-1.2345679012345678
-1.3863636363636416
3.4339709610509415
-2.5623885918003566
2.446832837868737
-2.07589285714286
0
-1.2764987462958663
0.4386977603324814
-1.1724137931034535
-0.441963247266801
-2.827102803738323
-1.1781678288049957
0.19464720194647478
-0.4371053909664913
0.09756097560975055
-1.2183235867446394
-1.9486926492353176
0.025157232704408235
0.47786720321931014
1.852315394242798
-1.2779552715654925
1.269604182225547
3.8593903638151397
4.023668639053255
-4.641638225255967
-3.7461226437604496
0.7684680218145817
0.8610086100861009
-3.4634146341463388
-6.215260232440632
5.899784482758631
-8.92902569320784
-4.888268156424581
2.7606461086637233
2.3435267219205618
2.848366378106671
-7.493890849850671
3.8743762841209244
-7.261938400678155
-3.4125533211456394
5.48895899053627
5.143540669856473
-0.9385665529010271
2.7849554981337894
-4.134078212290506
3.14685314685315
-0.7627118644067764
1.337887845146595
-2.471910112359554
-0.34562211981566493
0.7803468208092452
2.6670490392887904
-3.4916201117318435
-0.3762662807525359
-0.2033701336432274
0.727802037845706
-1.1560693641618498
1.1695906432748537
0.14450867052023122
2.626262626262633
-1.124859392575928
0.02844141069396072
-1.3647995450668216
1.4125108100317194
-0.8811824900511719
1.95010037281331
-1.6033755274261572
0.05717552887363883
-0.3999999999999935
-1.2048192771084467
8.56562137049942
-1.1500401176785116
2.543290043290037
-0.4221635883905073
2.17276099629042
0.10373443983401899
-0.6217616580310822
3.23253388946819
-6.4393939393939394
4.669365721997304
-4.383702939659618
4.099244875943902
-3.5233160621761717
0.053705692803449376
-2.066559312936137
-2.164976705946829
-3.5014005602240896
3.1640058055152327
-6.584130557118733
-2.3493975903614492
7.433682911782857
1.0623026126902062
-0.9659090909090845
0.02868617326447673
-2.982506452537992
2.601241501625779
-4.119850187265921
5.1382211538461435
-2.257787939411254
1.6959064327485414
-2.8177113283496293
1.124260355029589
-2.399063779988294
1.3189448441246934
-1.0650887573964565
0
-0.29904306220095694
2.579484103179371
-3.245614035087726
2.689634330613489
-4.7086521483225425
2.1618282890673255
-2.660217654171708
1.2422360248447204
-2.3926380368098195
0.5656819610308018
0.3437500000000071
1.52600436001245
-0.6134969325153374
-0.6172839506172839
-1.149068322981363
1.319509896324219
-1.9844961240310006
-0.28472002530845747
3.17258883248731
0.8917589175891865
-2.0725388601036303
0.9025832555244249
-3.2078963602714303
2.007648183556409
-2.4367385192127493
0.06404098623118432
-0.19200000000000728
0
-3.719140750240451
1.4985014985014984
-1.6404199475065617
0.7338225483655733
-1.6225165562913832
-0.3029283069673625
0.43889264010803897
2.7563025210083993
-4.939483153418373
-1.548520302821748
3.7749038797623045
2.6608285618053333
-4.954068241469823
1.484294097342082
-4.149659863945574
0.7452093683463328
0.4931313842902551
1.542236242551692
0.6213324128408738
0.24013722126929285
-2.840520191649559
1.4089468122578375
-1.8756512678013122
-11.433628318584073
-2.038369304556353
4.202366381068956
-6.186374314800317
0
2.003338898163611
3.7643207855973766
-1.419558359621449
0.6
-2.1868787276341948
-0.4065040650406504
0.2857142857142811
-1.5059015059015013
2.479338842975207
1.9758064516129055
-5.417160933175175
2.341137123745829
-1.4705882352941269
0.45605306799337597
1.114321089558394
3.5102040816326507
-6.78233438485804
2.284263959390865
-5.955334987593054
-0.6156552330694836
4.20353982300885
2.760084925690021
-3.636363636363641
-0.08576329331045825
-0.12875536480687183
1.2462397937258298
1.146010186757223
1.5107007973143072
-0.3720545680033095
-1.2448132780082988
0.8403361344537815
-0.8333333333333334
2.1428571428571406
-3.743315508021388
-0.17094017094017336
5.950342465753427
-9.575757575757573
0.7149240393208196
-0.9760425909494308
1.2544802867383564
0.3982300884955777
-0.3966505068312057
2.2566371681415904
-1.2115967113803474
-0.6132282084975933
9.255178492728074
-6.45421540943929
-0.8193186718413134
-1.4347826086956572
0.39700044111160376
-0.9226713532513157
6.873614190687362
-6.431535269709544
-1.4634146341463465
-1.3501350135013501
-3.28467153284671
-5.4245283018867925
2.743142144638404
5.776699029126216
0.41303350160624397
0.09140767824496737
2.0091324200913268
11.593554162936439
0.2807862013638141
-3.8799999999999955
2.2055763628797265
-1.1400651465797977
1.3179571663920875
-4.715447154471543
0
-0.5119453924914749
2.4013722126929773
1.7587939698492414
-3.292181069958848
6.042553191489357
0.28089887640450123
-3.0412164865946356
1.5270326042096527
2.357723577235777
-1.5091342335186702
0
0.8870967741935438
-0.8792965627497956
1.1693548387096797
-1.5145476285372703
2.347227842978556
-1.6607354685646567
1.2062726176115803
0.0794596742153425
-0.7145692735212431
-2.239104358256695
2.8220858895705545
-4.972155926809864
4.520719966513178
-2.523027633159785
0.24650780608052356
-2.8278688524590185
0.37958667229017534
-3.067226890756307
-2.427394885132204
5.108840515326522
0.9298393913778601
-3.3919597989949843
-1.950585175552666
0.7957559681697663
3.8596491228070224
-6.630067567567575
1.6282225237449093
-2.091677792612367
0.3636363636363688
1.1775362318840554
-0.35810205908684484
0.04492362982928765
3.906600808262244
-4.7104580812445995
0.22675736961451248
1.3122171945701384
0.3573023671281746
1.0680907877169585
-0.44033465433729635
2.6979212737726646
0.6459948320413437
-2.7813436029097134
0
7.570422535211276
0.6546644844517161
4.756097560975605
0.8149010477299273
-2.7328714395689078
-1.0684606252473243
0.4
0.03984063745019694
3.30545599362803
-0.5397070161912018
1.3565891472868217
-15.869980879541108
-2.909090909090912
-0.7490636704119824
1.0377358490565984
2.7077497665733015
-2.3181818181818157
1.4425314099581175
1.4220183486238507
