-0.12499999999999684
-1.2515644555694618
-3.1826503309393073
-0.4799999999999934
4.092370651856182
1.095197978096034
1.0138888888888826
-1.7324350336862244
4.337484259129704
3.2050422421885445
-1.2344074844074844
0.5130903828443596
2.0026178010471143
1.167714615680742
-1.217656012176563
-2.4139702105803744
1.3289473684210555
1.0258407998961143
-0.424164524421588
-2.4138376145604807
0.4497354497354467
1.922570450355547
-2.9457364341085213
1.5308839190628327
1.0226825750622728
1.5444516547696272
-3.9621676891615545
2.7149321266968296
-1.2697590049235494
0
-0.26246719160104987
0.1842105263157865
-0.31520882584712073
0.13175230566534915
1.8552631578947398
0.20669164190673334
-1.2891581797086502
1.2537547342301043
-0.8770798400619058
-0.05204944697462294
0.5207655253222236
1.5671545136640361
-1.1604182606477969
-0.941813959489107
-0.859598853868183
2.3384130320546443
-1.6816431322207988
0.49614832223528765
0.8314927893984639
0.7602113129751291
-0.677749360613805
0.39912450109436187
-2.3339317773788064
-1.3786764705882353
-1.0118492877113596
0
1.546738399462004
0.6622516556291391
-0.17105263157894138
1.3575853433504619
0.7152145643693107
1.6010329244673953
-1.791841402973697
-0.8799171842650045
4.242819843342037
2.4170319348778904
-3.912937148447053
0.6744718757953765
1.832890911389205
0.8565044687189644
-3.1507692307692334
0.12708095056551022
-3.0587638025130124
0.30112594920137054
-5.038506722360008
1.1408934707903717
3.6966567001902755
-0.3931847968545216
1.5789473684210527
-4.922279792746114
-0.08174386920981236
-1.554404145077717
-3.3795013850415483
-3.9420871559633026
8.834502313087588
-0.37021801727683146
-0.6743737957610758
-1.3994734654288516
-0.3934794828555464
-0.6772009029345308
4.7017045454545485
0.936100936100933
1.075268817204301
1.2101063829787264
-1.5766653527788725
1.2014417300760913
-2.4798839203271426
-0.9874205329365555
-1.9398907103825198
2.215101699637795
-0.708736540820505
0.08236101578586448
-2.002468797147171
0.4058782365290381
1.881795372177307
2.052264331645916
-3.3382490950529533
0.4160887656033287
-1.6298342541436401
-1.5725919685481669
1.098430813124115
1.382813602370531
0.34794711203897005
1.1927877947295455
-2.686403508771933
-1.1267605633802817
0.9544159544159609
1.5803584027091762
-2.542019724961794
0.057012542759403824
2.051282051282048
1.0748185371301013
-2.375362518989096
1.1034092516621967
-2.294669091926695
0.37233280824860704
0.0713368526180625
-0.285143997718848
-2.173291392622238
-0.14615609470914936
-0.7172131147541116
-2.314610054548125
0.3773015393902807
0.16538866335889682
-1.4860402281597254
-2.4836202955965194
1.25
0.6635802469135732
0.8278399509428317
-3.4210126197354414
-1.6215365239294817
0.19203072491599385
1.3416387158600827
-1.702127659574461
6.814173480840147
0
0.7955568898228691
2.7550260610573343
-1.9275362318840514
1.226540564504205
0.6277372262773656
-1.3491948353401937
0.6911764705882419
1.3582590915729449
-2.6657060518731988
-3.774981495188749
1.3230769230769266
0.22775584573337382
-0.6514164520527296
1.1893870082342282
-2.622061482820973
1.7641597028783622
-1.9768856447688563
0
-0.9152963077877718
1.4091122592766556
-1.2814574648757244
2.486706287144194
-0.9461315428048118
1.7870898166692377
1.5286817012259586
1.3714967203339365
-2.529411764705889
2.172601086300557
-0.8417011222681697
1.8615040953090096
-2.9532163742690125
0.9490810485085973
-0.8506193105506709
0.10535821794100625
-1.9696286272740975
-1.8251533742331254
4.983596313076078
-1.77083333333333
1.7876079381911762
0.5209108498288436
-0.16286644951140403
0.05932077710219353
-1.4524974062546416
0.4511956685215822
-0.5988920497080401
0.9188130742581748
-0.8358208955223915
0.21071643588199537
-0.8410934214478687
0.015146925174175862
-2.4382856277449507
-0.9624340266997896
-0.642633228840129
-0.5048114844612608
-8.038687172982407
-4.775862068965525
11.225783088900961
0.9278853980140072
6.064516129032262
1.2773722627737192
-2.387387387387384
-7.091216735886789
8.62582781456954
-0.015241579027590723
0.4878048780487874
0.2730582524271776
-2.8744326777609683
0.404984423676016
1.9547005895128797
1.3085818624467298
-0.03003905076598555
-2.028245192307692
0.06134028523232284
0.07662835249042145
0.27565084226645553
-1.9547953573610195
18.785046728971967
-0.3409388932599033
-0.4473684210526286
1.4538725878932064
-1.4460656591975016
-0.1718440185062729
-0.0926906779661077
2.3194168323392974
0.03886010362693711
4.88152272432993
-6.4691358024691334
-1.6367476240760266
2.7777777777777684
3.1335683509596555
-1.759716419799972
-2.0618556701030926
2.1973684210526376
1.7123728595339196
-1.3797468354430351
0
-2.0793222949557237
0.23594180102242343
2.380018307833128
-0.1021841869970564
-1.457614115841961
-0.8693395614376599
0.9162303664921466
-0.7782101167315175
-4.326797385620918
2.473015439267663
-4.186666666666664
0.5148900640133498
-3.4750103834971493
0.11474469305793954
-5.730659025787966
-3.7841945288753767
-7.976622966356025
-1.8194301407483733
10.000000000000007
0.20661157024792665
0.5075337034099993
2.903582136657721
-3.1743597607728944
-0.8552423186569492
0.6549520766773199
6.967148071734642
-5.652818991097926
-0.92781883944016
2.984126984126977
1.4180024660912525
-3.0699088145896725
2.6654123549702105
-3.940134392180812
-0.06359300476947174
-2.736239261851741
-1.8645731108930288
2.9666666666666592
13.305276788604733
5.899999999999993
10.886280857952253
-1.6909975669099728
-1.0023511941591414
0.25
0.7481296758104738
1.051980198019802
0.9063074096754412
0.6918315329530338
0.048216007714558494
6.2891566265060295
-5.214237134436636
8.562544845730676
-0.7931262392597414
1.410170997113028
0.07664513303405732
-0.350109409190377
-0.13175230566534166
-0.07695690413369013
-0.1320277258224152
-0.3305056736807315
0.0663203271802707
0.38661217276041093
-0.5061619718309759
-2.5215660252156678
1.4295439074200162
-6.0514541387024625
-3.0837004405286317
1.461916461916459
1.4650684102191576
2.9355608591885467
0.405750057964294
-5.4728091444405935
0
-0.7939416147550995
1.0711647377493143
-3.3012547204288003
1.0330057949105627
-0.8852867830423968
1.0441564976726718
-1.3570717131474217
1.615549665530742
-0.34778288411378316
-0.26174747600647
-0.012496875781057577
-0.18747656542932134
1.3398447282744717
0.13591993080440168
0.3208292201382062
0.5781057810578162
-0.07337654396478203
0.7710194590625327
3.6920087442312335
0.023424689622867825
-0.4918032786885299
-1.1414450458931433
2.321152243780502
-0.23266635644485806
6.821361940298507
1.27715314921951
-1.325716749299413
-1.6930638995084653
-2.622222222222225
-2.0424463715198513
3.622597553873037
0.04496402877697586
0.02247191011236466
-2.2691529993259993
-3.218390804597701
-0.2375296912114014
-2.4880952380952355
4.504944451226954
-2.453271028037383
0.5868263473053865
-1.4406476961543069
1.183860835950721
1.9460362941738245
1.0774095327321753
3.695979608388365
-2.167597765363126
0.936500685244396
1.8556234442181594
-0.6887358364807871
-0.8389261744966443
0.09024252679074501
0.529696833089152
-3.5089686098654655
0.011618450098746258
-0.9642193308550133
1.8416422287390082
-3.1444367657221917
-0.4518967772624515
0.4658941584040111
0.40428061831153117
-2.7356702984367627
-0.10958236941434035
4.851292052657249
-0.639386189258312
-2.585702585702588
1.4172471775162088
-1.1961155850307938
-2.2413999760278
1.557135850907299
0.0482916817578282
-1.242910582840602
-0.06109481915933529
-0.08558503484532728
0.6240822320117363
-5.800802626778539
0.4002065582236022
0.655779863700644
2.1972406745017943
-1.3125
1.5832805573147561
2.094763092269321
-0.9892525647288605
1.6652275811027506
-0.18199466148992963
2.759207487541015
-2.7442630707357383
3.356847482364377
0.188279595198873
0.5167958656330722
-1.7994858611825166
1.7015706806282804
-0.6669006669006722
1.6489988221436984
-1.8192352259559728
0.8143514693733143
0.3043783657223026
0.39682539682540746
0.639386189258312
1.5016749451311078
0
0.19346762262432363
-0.1703771013175829
-0.7964501080896575
-0.2867301296020186
-2.3004370830457788
-0.7887920885330741
2.4445235552391016
-0.9035097880226983
-0.5376972530683837
-0.39957691855681954
0.023598820059002417
0.8611537100389235
0.42105263157895
0
-1.1413929652923442
-0.09425070688029626
0.34198113207546904
-1.116464919497003
2.2581411932493465
0.40678754067875406
-1.1922676235675373
0
1.3003748828491122
-0.5088469989591871
0.9299081715680577
0.43763676148797287
-1.6167870657034769
0.6410256410256411
1.5170816444701822
1.1179557380789362
-1.8953068592057711
-0.6784728610855539
1.875651267801312
1.147857711103537
0.07865168539326353
0.7297631076681261
2.329469460543912
1.285263043241472
-1.3764920959242881
0.7741794787918463
-0.37870590781216185
1.2164657325947574
-2.843652752441249
-3.6779324055665956
3.910102052516916
-1.9311410284705361
3.2969506020029202
2.047930283224396
-1.900085397096494
1.175190424374315
-0.5592600559259983
-1.5249837767683347
-2.0098846787479356
-1.356198161847122
3.772298602431534
1.1715756049490909
-1.6017316017315968
0.956885173779139
0.5774049460725643
0.010831889081445953
0.24910646593740587
