-2.2082018927444746
0
-4.1935483870967705
4.377104377104374
-5.80645161290323
4.452054794520544
-6.2295081967213095
1.3986013986013999
3.448275862068969
4.999999999999997
0
4.761904761904759
0
4.848484848484853
0
4.335260115606934
-1.6620498614958463
1.971830985915501
-5.80110497237569
4.1055718475073215
-7.887323943661967
-0.6116207951070342
-1.8461538461538478
-3.76175548589342
5.863192182410429
3.6923076923076956
-2.9673590504451064
4.281345565749239
-4.105571847507335
4.58715596330275
-4.093567251461992
0.6097560975609762
-3.6363636363636265
3.459119496855342
-0.6079027355623106
4.58715596330275
-4.970760233918127
-1.538461538461533
2.8124999999999956
-4.8632218844984845
8.626198083067093
-4.999999999999998
4.024767801857582
2.6785714285714377
-3.4782608695652204
-0.30030030030030724
2.1084337349397675
2.949852507374634
-1.432664756446999
3.1976744186046475
-6.760563380281685
-4.229607250755291
5.047318611987387
0.6006006006006012
-3.283582089552235
4.3209876543209775
-5.32544378698224
0
-1.5625000000000082
-2.8571428571428528
1.960784313725492
0.9615384615384552
3.492063492063488
3.987730061349704
0.29498525073745685
0
2.3529411764705905
-0.8620689655172358
-4.057971014492757
-4.531722054380662
6.012658227848099
0.8955223880596956
-0.8875739644970356
-0.8955223880597089
1.204819277108435
1.7857142857142874
-2.9239766081871372
2.1084337349397675
-6.489675516224195
0
-3.78548895899054
1.639344262295091
-2.5806451612903247
3.973509933774838
-3.821656050955417
-2.3178807947019813
3.0508474576271136
-1.3157894736842117
3.333333333333336
1.6129032258064457
-0.3174603174603107
0
-0.6369426751592362
-1.282051282051283
-0.32467532467533217
4.234527687296429
-4.687500000000011
-1.3114754098360668
0
4.651162790697679
-0.6349206349206356
0
-0.6389776357827482
2.8938906752411673
-2.187500000000009
2.2364217252396257
1.250000000000001
4.3209876543209775
-5.029585798816566
-1.2461059190031163
4.100946372239744
0.9090909090909167
-1.5015015015015094
3.353658536585376
-0.29498525073746995
4.733727810650892
-4.237288135593218
2.949852507374634
-4.0114613180515795
3.8805970149253697
-5.747126436781614
0.30487804878049485
0.6079027355623106
4.229607250755291
-1.7391304347826102
2.949852507374634
-6.303724928366768
2.752293577981647
-1.7857142857142874
-4.84848484848484
4.140127388535029
-4.58715596330275
4.807692307692305
3.058103975535171
-2.077151335311581
0
-4.545454545454543
-3.492063492063488
5.263157894736847
3.124999999999989
-6.66666666666666
2.2727272727272676
1.5873015873015959
-1.5625000000000082
0.6349206349206356
-3.78548895899054
4.590163934426234
1.88087774294671
-1.230769230769232
-4.984423676012465
5.245901639344267
2.4922118380062326
-1.5197568389057696
-1.234567901234569
0
0
0.31249999999999334
1.2461059190031163
-2.461538461538464
-0.6309148264984233
-4.126984126984124
-0.6622516556291397
0.3333333333333262
0.6644518272425256
-0.6600660066006607
0.6644518272425256
-3.6303630363036263
-0.6849315068493157
1.3793103448275874
-1.3605442176870761
1.0344827586206982
-1.0238907849829435
-1.7241379310344767
4.912280701754391
-1.0033444816053594
0.6756756756756763
-4.697986577181212
2.1126760563380302
1.0344827586206982
-4.778156996587034
3.9426523297490994
4.827586206896556
-4.2763157894736805
3.092783505154634
-3.6666666666666625
0.34602076124566733
-1.0344827586206828
-0.6968641114982584
1.4035087719298258
2.07612456747405
-2.711864406779663
2.0905923344947754
-0.6825938566552907
-0.34364261168385674
0
-1.3793103448275874
6.293706293706299
1.6447368421052573
3.2362459546925595
4.702194357366769
-7.485029940119761
-1.6181229773462726
6.249999999999997
2.167182662538695
1.5151515151515234
-0.5970149253731348
-2.702702702702698
-1.234567901234569
-3.1250000000000027
3.225806451612906
-6.562499999999998
4.682274247491628
-0.319488817891367
0
-2.2435897435897525
-1.6393442622950762
6.000000000000004
0.6289308176100634
-2.8125000000000093
0
-0.9646302250803797
-3.2467532467532494
0.33557046979866545
2.006688963210689
1.3114754098360668
0
0
1.9417475728155358
-4.126984126984124
-2.980132450331121
2.047781569965872
-0.6688963210702347
3.367003367003355
0.32573289902280883
-2.272727272727282
-0.3322259136212554
1.6666666666666607
3.278688524590167
-2.8571428571428528
1.960784313725492
-0.6410256410256415
1.6129032258064457
-0.6349206349206356
-3.8338658146964892
4.651162790697679
-1.5873015873015817
1.6129032258064457
0.9523809523809603
-1.2578616352201268
-1.2738853503184724
0.6451612903225812
-2.2435897435897525
0.327868852459024
2.9411764705882306
-2.222222222222217
-0.6493506493506499
-0.9803921568627532
-4.950495049504948
0
-1.0416666666666599
1.7543859649122744
3.448275862068969
0.6666666666666673
-0.6622516556291397
-1.3333333333333346
-0.33783783783783067
1.0169491525423662
0.33557046979866545
0.3344481605351099
4.6666666666666705
-1.9108280254777086
2.2727272727272676
-0.6349206349206356
-0.9584664536741152
0
4.1935483870967705
-4.643962848297211
0
-2.5974025974025996
0
0.6666666666666673
-2.3178807947019813
3.389830508474564
0
1.3114754098360668
1.9417475728155358
-5.3968253968253945
-2.3489932885905986
5.841924398625427
0
-4.220779220779217
0
4.06779661016948
0.6514657980456032
-2.588996763754048
-1.9933554817275618
1.0169491525423662
-1.342281879194632
2.3809523809523756
-0.3322259136212554
-2.0000000000000018
0.3401360544217766
1.0169491525423662
2.3489932885905986
-2.2950819672131098
0.671140939597316
-0.9999999999999934
4.377104377104374
-3.225806451612906
3.6666666666666625
-5.466237942122184
3.7414965986394515
-3.934426229508186
-1.7064846416382342
0.34722222222223026
-3.4602076124567502
2.1505376344086042
-3.157894736842116
-0.36231884057970243
3.63636363636364
-3.5087719298245643
-4.727272727272723
0.38167938931296896
4.562737642585556
-5.818181818181824
-1.5444015444015458
3.1372549019607874
-1.1406844106463805
0
-3.8461538461538494
3.5999999999999943
0
-0.3861003861003779
4.263565891472863
-5.576208178438659
-1.968503937007867
5.622489959839344
2.6615969581749157
-4.814814814814827
-2.334630350194555
0.3984063745020013
0
-2.380952380952383
0
2.4390243902439046
-0.7936507936507944
1.1999999999999922
3.952569169960478
-7.604562737642575
-0.8230452674897126
4.149377593360981
2.788844621513956
-3.8759689922480653
2.822580645161284
-6.274509803921557
2.510460251046027
-3.673469387755114
-0.423728813559313
5.106382978723409
0
4.858299595141687
1.9305019305019409
-5.681818181818178
-3.2128514056224926
0.41493775933609073
3.3057851239669453
-6.400000000000006
-3.418803418803422
5.752212389380547
4.184100418410045
-8.03212851405623
0.4366812227074143
-4.347826086956506
4.545454545454529
-8.695652173913032
2.3809523809523725
-2.325581395348829
4.2857142857142785
-1.8264840182648419
4.651162790697679
-1.3333333333333246
4.504504504504488
-7.327586206896549
3.720930232558143
-5.829596412556049
-2.3809523809523934
3.902439024390248
-3.2863849765258144
0
4.854368932038839
-0.9259259259259267
4.205607476635507
-2.690582959641258
3.6866359447004644
0.444444444444435
0
3.982300884955766
4.680851063829782
0
4.878048780487809
0
0.7751937984496131
3.8461538461538494
4.81481481481481
0
4.9469964664310995
0
4.713804713804703
0
4.823151125401926
0
4.907975460122704
0
4.970760233918127
-9.470752089136486
-4.923076923076928
3.559870550161823
3.124999999999989
-7.575757575757576
0
-3.934426229508186
4.778156996587019
-2.280130293159604
3.333333333333336
-7.419354838709677
0
4.181184668989551
4.013377926421393
0.6430868167202578
4.792332268370604
-4.26829268292682
3.5031847133757923
-2.153846153846149
3.459119496855342
-4.8632218844984845
0
-3.514376996805108
0
-3.642384105960261
3.4364261168384758
-5.9800664451827155
2.473498233215542
-6.206896551724128
-1.1029411764705972
-1.8587360594795472
2.2727272727272747
0
-3.703703703703707
3.8461538461538494
0
-4.814814814814827
4.280155642023359
-2.985074626865674
4.2307692307692255
-7.380073800738014
0
3.9840637450199243
3.4482758620689773
-6.296296296296309
2.7667984189723436
-1.1538461538461633
3.112840466926073
0.3773584905660465
-1.8796992481203108
0
4.5977011494252915
-1.831501831501825
-1.119402985074636
0.3773584905660465
