-3.9617486338797816
0
-9.246088193456618
1.0971786833855843
18.6046511627907
-2.222222222222221
2.941176470588232
2.5974025974025996
-2.1518987341772142
0.2587322121604084
3.0967741935483897
2.628285356695858
-0.975609756097562
0
-0.9852216748768483
8.333333333333355
-8.49598163031
3.51317440401506
0.9696969696969706
-3.3613445378151185
1.242236024844716
0
-0.36809815950921637
0.12315270935962518
-1.2300123001230185
-0.3735990037359821
-0.6249999999999978
0
0.7547169811320705
0.12484394506866152
-0.12468827930174299
0
0
0
-0.7490636704119802
0.6289308176100606
-0.6249999999999978
0.6289308176100606
0
0
-0.12499999999999734
3.504380475594485
-2.1765417170495733
1.112484548825709
0.3667481662591826
3.410475030450662
-2.4734982332155577
1.328502415458952
14.183551847437418
0.6263048016701513
1.6597510373443998
2.0408163265306047
-6.500000000000003
1.0695187165775364
-2.0105820105820054
0
1.7278617710583168
1.273885350318463
-0.6289308176100495
0.21097046413501658
-2.2105263157894828
-0.10764262648008383
-1.077586206896548
-0.7625272331154715
0.32930845225028693
0.1094091903719889
-0.4371584699453653
0.21953896816686444
-1.204819277108447
0
-0.22172949002216824
0
-0.11111111111110875
0
3.6707452725250285
2.7896995708154484
-3.4446764091858046
1.0810810810810771
-1.8181818181818175
-8.496732026143786
2.9761904761904763
-0.578034682080933
1.2790697674418745
1.6073478760045783
-3.3898305084745646
0
-0.11695906432750365
-0.4683840749414421
-0.8235294117647092
-0.5931198102016482
0.8353221957040394
0.5917159763313694
-0.7058823529411823
1.3033175355450382
-1.520467836257319
0.8313539192399084
-1.06007067137809
-1.7857142857142898
0.48484848484847454
-0.9650180940892437
6.942752740560273
0
-1.1389521640091076
0.11520737327188695
0.4602991944764203
0.2290950744558943
-0.8000000000000033
0.6912442396313422
-1.4874141876430296
-0.3484320557491215
-0.3496503496503422
4.561403508771916
-2.4608501118568107
2.0642201834862353
-0.4494382022472014
1.5801354401805934
1.999999999999997
0.6535947712418355
-1.7316017316017331
-0.3303964757709181
-1.9889502762431102
1.4656144306651724
-2.8888888888888866
1.4874141876430091
2.593010146561448
0.32967032967034215
-1.9715224534501805
0.33519553072626973
-1.4476614699331936
-0.5649717514124174
0
0.2272727272727224
-0.11337868480725381
0
-2.837684449489217
-1.2850467289719767
-3.4319526627218835
1.5931372549019485
-1.3268998793727316
-2.200488997555009
0.374999999999992
0.7471980074719863
-0.6180469715698481
0.9950248756218916
0.7389162561576417
0.9779951100244508
-2.1791767554479384
0.24752475247524225
0.9876543209876553
0.48899755501223624
-0.4866180048661912
-1.1002444987775044
1.3597033374536396
0
-1.463414634146332
0.990099009900991
-0.7352941176470649
0
0.49382716049383857
-0.7371007371007432
0.12376237623762112
0.24721878862793045
0.9864364981504326
0
5.616605616605628
0
-1.6184971098265961
-0.23501762632196915
-1.2956419316843277
0
-2.625298329355616
0.12254901960784052
-1.3463892288861619
0.49627791563274376
0.7407407407407469
0.8578431372549055
-1.4580801944107047
0
0.12330456226880132
0
-0.2463054187192066
0
-0.6172839506172708
0.1242236024844694
-0.4962779156327658
-0.24937655860348598
-0.8750000000000036
0.8827238335435093
-0.24999999999999467
0.25062656641603476
0.374999999999992
0.12453300124532737
-0.6218905472636684
0.12515644555694352
0
0
-0.3750000000000031
0.6273525721455436
-0.49875311720697196
0.25062656641603476
-0.5000000000000004
0
-1.1306532663316564
-0.762388818297338
-1.280409731113952
1.1673151750972743
7.3076923076923
4.420549581839917
-7.3226544622425696
-0.9876543209876553
-0.8728179551122119
-0.37735849056604087
0
-0.5050505050505055
-0.50761421319797
1.2755102040816395
-1.8891687657430773
0.8985879332477572
-0.12722646310433428
0
-0.8917197452229223
1.5424164524421606
-1.2658227848101333
0
0.2564102564102623
-0.12787723785167104
1.1523687580025703
-0.6329113924050722
1.019108280254778
-0.2522068095838534
0.6321112515802759
0.1256281407035149
2.7603513174403984
0
-0.9768009768009778
0.12330456226880132
-1.8472906403940823
0.12547051442911764
-0.25062656641604586
-0.5025125628140708
-0.25252525252524716
0.2531645569620199
-0.5050505050505055
0.25380710659899064
-0.1265822784810212
0.12674271229405165
-0.5063291139240511
-0.2544529262086573
0.12755102040816055
0
0.25477707006370015
0.12706480304955256
-0.8883248730964504
1.1523687580025703
-2.4050632911392453
0.2594033722438452
5.045278137128056
2.4630541871921316
17.067307692307693
7.905544147843938
-6.6603235014272055
0.5096839959225171
-7.809330628803242
0.9900990099009885
-1.4161220043572877
-0.5524861878453117
0.8888888888888897
0.8810572687224677
-3.056768558951958
0
-2.0270270270270436
0
-1.494252873563207
0.3500583430571687
5.465116279069775
4.189636163175292
-4.9735449735449615
-0.11135857461024261
-1.4492753623188492
1.2443438914027085
-2.1229050279329553
-0.9132420091324209
-1.7281105990783452
1.4067995310668346
-0.9248554913294805
0.23337222870477914
-2.095459837019787
-0.4756242568371097
0
1.1947431302270184
-2.24321133412044
-0.8454106280193057
-1.0962241169305922
0
0.12315270935962518
0.24600246002459497
-1.1042944785276056
-0.7444168734491377
-0.12499999999999734
0.25031289111388705
-1.4981273408239715
1.1406844106463974
0
0.25062656641603476
-1.5000000000000013
1.52284263959391
-3.3749999999999947
-0.9055627425614525
2.219321148825064
-0.2554278416347441
0
2.4327784891165223
-2.749999999999997
-0.38560411311054305
-0.516129032258065
-0.12970168612191682
-2.9870129870129927
0.5354752342704154
-0.5326231691078567
0.6693440428380164
-1.9946808510638228
-0.9497964721845358
0.41095890410959246
-0.9549795361528006
0.5509641873278242
2.0547945205479503
0.13422818791946023
-0.2680965147453026
-0.1344086021505467
0.2691790040376913
-3.0872483221476568
0
-1.5235457063711833
0.7032348804500678
-0.5586592178770955
-0.1404494382022442
-0.14064697609002355
0
-2.957746478873239
0.8708272859216328
-4.316546762589925
2.2556390977443526
-2.3529411764705905
-0.6024096385542175
-0.7575757575757549
-0.45801526717557633
0.3067484662576758
-0.3058103975535239
-2.760736196319014
0
-2.3659305993690767
-1.130856219709213
11.111111111111105
0.5882352941176476
-1.6081871345029157
-0.8915304606240787
-1.6491754122938578
0.1524390243902542
-1.2176560121765612
0.15408320493065927
-1.3846153846153824
0
0.9360374414976538
-0.7727975270479107
-0.7788161993769442
-1.2558869701726856
-1.1128775834658233
-0.6430868167202578
-1.294498381877024
0
0.4918032786885287
0.48939641109298937
-1.785714285714291
0.9917355371900909
-1.6366612111293048
0
-2.3294509151414258
1.3628620102214664
2.0168067226890773
-0.32948929159803064
0
0
-0.9917355371900762
-2.8380634390651074
2.405498281786936
2.0134228187919483
-11.348684210526322
0.5565862708719898
-7.933579335793353
-4.809619238476958
25.89473684210527
2.006688963210689
-3.2786885245901525
0
1.0169491525423662
0.8389261744966413
9.650582362728787
0
-1.0622154779969695
0.613496932515338
0.1524390243902542
-0.7610350076103608
0
1.226993865030676
-2.575757575757575
0.7776049766718618
-1.234567901234569
-0.15625000000001055
-3.442879499217524
-0.32414910858994445
0.3252032520325134
-1.620745542949751
0.9884678747940627
1.1419249592169705
-0.4838709677419395
-0.9724473257698478
1.4729950900163642
-1.9354838709677435
0
-0.9868421052631661
0.33222591362127013
-0.4966887417218584
0.4991680532445965
0.9933774834437021
1.1475409836065622
-1.1345218800648345
0
-0.49180327868851414
0.6589785831960466
1.4729950900163642
-1.7741935483871019
0
0.8210180623973699
-0.3257328990227944
-0.16339869281045402
-0.16366612111294065
1.3114754098360668
0.9708737864077751
-1.9230769230769247
-0.16339869281045402
-0.16366612111294065
0.16393442622951926
0.9819967266775713
0.48622366288493113
8.064516129032258
0.2985074626865608
-2.0833333333333286
-1.0638297872340468
0.30721966205837886
-0.15313935681471172
-1.5337423312883383
-0.1557632398753861
0
1.4040561622464875
0.615384615384616
-1.2232415902140683
0.6191950464396291
0.30769230769230116
-2.147239263803676
0.6269592476489034
-0.4672897196261721
0
-0.4694835680751074
0
-0.9433962264151021
0
2.857142857142867
7.098765432098765
1.8731988472622463
