0.1851851851851878
0.9646487985212595
0.22312489272840913
0.07991779883548869
1.477298653890022
-0.3372491709291215
0.2932716710845438
0.09559691840522103
0.6460674157303371
0.31258721741556844
-1.0683879583773757
0.6074582372461867
1.956728350198468
-0.3290014805066623
-0.7316938988832016
-0.6872090445577528
0.03906250000000254
-0.3346906900206392
-0.15671349415122598
0.0056056953865075984
2.3430493273542576
-0.03833935808960705
0.6301024601391705
0.337580311445064
0.7054482309528978
0.1616553507921112
1.5709059608349498
2.01271186440678
-0.7580477673935571
0.8423145338495296
1.4319066147859876
-0.2608562221881187
1.1282051282051282
-0.978701825557807
-0.6811082091463079
-0.6909353408270645
1.2357217030114203
0.4769719971279082
0.9034760859578401
0.19222986645082732
-0.15651822679995503
1.1378002528445006
-0.18999999999999773
-0.611161206291957
1.8397177419354838
0.6335065577827248
-0.21639699011458532
0.17250726994923357
-0.9643770911238012
0.45707472178060643
-2.3541048466864445
-0.22285251215559618
-1.9695431472081195
-0.26926263463131966
2.0197300103842206
0.529289022342097
0.030375132891213307
0.2024393947062098
0.5656851356129006
-1.5619506805283467
1.9642857142857142
0.6304728546409761
-0.885087762915815
-0.20568905834545273
-0.42228031369395186
-0.20698707592891302
-0.9004907168513155
-0.45433661748941195
5.158974358974354
0.0682727006729782
-1.0575048732943493
1.014628380042365
-1.3018674728168143
-0.6027072423673573
-1.4065606361829004
-0.1865201391339439
2.5757575757575757
-2.117183653372723
-6.639839034205232
0
-0.23706896551724627
0.12961762799741255
-0.7173678532901809
0
0.505242570761121
0
-0.6486486486486487
0
-1.8117519042437407
0.0775752202582071
2.1150545374010323
-0.005422111370162612
0.037956837653185416
1.1382730771315517
-2.095503510370338
0.7225749945259495
-1.0869565217391304
-2.7417582417582467
1.740014688435692
1.6269642956299601
-1.0709212107966417
0.4031812658787243
-1.1056713790637622
-0.6507954166203163
-0.4143105089300635
0.07870916961825286
-0.37076568732093196
-0.5243868057513366
0.1190341231152879
0.14153880994168602
-0.6105834464043394
0.10238907849829093
-1.1421752471871751
0.06897740989826093
0.252742834166228
0.38388815676388277
-0.10844748858448007
1.017084738014981
1.5046099892527807
-2.000557258289222
-0.22745365631752532
1.5559101789581775
-1.8238958415174813
-0.5373270835715154
-0.8505747126436756
0.33039647577092773
-0.912819920272701
-0.17491691446562885
1.7522340984755564
0.40181390276103557
-0.9204733863129558
-0.2308136180034622
1.474840948525159
0.31347962382445144
-0.6988636363636338
-0.32614293070893435
2.6176808266360454
-0.08391138957261132
1.2989194334023877
-1.5033438346321808
0.47696537792492005
0.36300681335865076
1.1351622057759776
0.31911966987620105
0.4223111939889237
-0.7045330420535276
2.8381277157472162
1.0803872278975262
-1.571511720196838
0.16664874744650623
-1.0679976385981786
-0.6455462731908479
0.2511602511602462
-1.1437285550895921
0.5729711861605472
-0.958641468090934
-0.8241150442477927
-0.1673080140538732
-0.28490028490027985
-0.14565826330531703
-0.30296229802513974
-0.16319639842431574
0.2818330421058565
-1.067955707942218
1.4885517868302964
-0.47584392319319263
1.0462369220384822
0.20040080160320134
-0.5222222222222273
-0.2904054506869104
1.5850789738994038
0.19848927606549643
-0.4347108347548486
-0.9505913562506934
0.47985715879923607
0.16103953798312368
3.7589399567555555
-0.5931071333155175
-0.3010105353687452
-0.5067931852490761
-2.2867670965644327
0.19409937888198758
0.12176897105219713
-1.3931118359223862
3.7842686550428883
-0.5077787381158216
0.6461070691714677
-0.13486540432648217
-1.6421780466724336
-1.0599736379613331
0.538440188731615
-0.011042402826857634
-0.016565433462173082
0.005522726017557246
-1.5241882041086763
0
-0.22431583669807087
0.6070143884892061
-3.0670391061452564
-0.6397325802547351
0.9802784222737871
0.06318570854155374
-0.2238805970149306
0.3049306714228285
0.21222897785934483
-0.11447541640432718
-0.46988711248638004
-0.16696413149865225
-0.25951557093425603
-1.1274934952298352
1.5847953216374215
-1.1168038685164852
0.5821738371077604
-0.005788041905431291
-0.9029868025005736
0.49065420560748196
-0.7614508253894522
-0.19328764716218325
1.9718309859154877
0.011510128913446448
1.122108412935896
-0.478006031980872
-0.24586883183716518
0
-0.515877565057893
-0.3168932933855727
0.03468007629617574
-0.1560062402496126
0.6192129629629656
-0.3335825616840142
-0.35778175313059296
-0.37644060925464756
-0.20346471340541797
-0.04077590726393927
-0.36130536130536395
0.12282138261785802
-0.4497926280740724
0.4459570472949131
0.42060988433228447
1.2216404886561956
-1.0229885057471237
0.418069910579494
-0.607146987394472
0.07562976322066173
0.4476223694919222
0.1562590427686682
-0.826303016294924
-0.268018411699581
-0.07594788806449462
-1.7715154349859787
1.7082316528778076
1.4396067415730418
0.6692050305757418
0
2.767908309455585
0.931244075168686
-3.09944751381215
-0.7640116312218536
-0.6492387245044501
0.8501040943789061
-2.746717128275709
1.2912735849056658
-0.3434425752372135
0
-0.5432242990654179
1.0101603335878337
-1.0523867666724889
1.2104830179809694
-2.1017185322805414
-0.5930494603249911
-0.1789762558167283
0.4064068850107551
1.2142857142857197
-0.023523876734891258
0.7117647058823476
0.7534606623444946
-0.5159420289855126
0.046617329992435286
-0.4950783388665618
0.269257785062041
2.142440163455928
-0.48579756529690804
0.045945325063172206
0.09758897818599573
-1.8695876584274895
-0.9935129448892526
2.4437754559943388
-0.1901469317199628
0.4733864449832609
-1.3962307515513779
1.1129887535691474
1.2851544490548614
-3.0953058321479427
-0.06458810404555863
2.90834312573443
-0.5994861547245218
0.02297530155083808
-2.8310554726082566
1.85568228828084
-1.9379170293008465
3.2483285012721197
0.0057306590257827535
-0.899661910492225
-1.0812998727882528
1.0112819313731194
-0.3125000000000053
-1.2423081388598551
2.1102750999294533
-1.5197743365379002
-1.2743321447360703
0.6749955592397338
1.5114979709463063
-1.0950173812282786
-1.581629664343038
1.9582167728111477
0.19264448336251924
-0.3088038221756077
0
0.3798947983635301
0.21542940320233162
-0.03485940041832073
-1.197256770893869
1.9529411764705908
1.9732287099007642
-0.8600203689034766
0.10272799908685963
-0.3078677309008034
-1.0637081093446135
-0.9653179190751472
1.4358255997198468
-2.549053455319649
-1.375767595654225
1.0417290307130511
0.4266161047579573
1.8998170983538742
-0.7642869550112801
-3.004842756286831
-0.7218479307025986
0.6968007755695589
0
-2.0398339250255786
-0.39926289926289926
1.1532531606537184
0.29264723814168725
-0.2796352583586571
-0.28041940990003267
-0.5929820271426853
-1.1007933091445707
0.9016291506031587
-0.42521723054169536
0.018566654288894327
-0.9900377451890354
0.9749390663083644
-0.6313053165810513
0.2678293366552448
-0.11181513231457042
-0.4415422885572083
-0.2998313448685228
0.3320593947747749
-0.5807418508804909
0.5401670749324877
-0.6684575498219557
0.6540880503144711
-0.5186203449137828
0.35801771245525066
-0.2628614344724024
-0.6149598393574269
0.8208107084227807
-2.1042084168336617
0
-1.3178096212896708
0.6093608193958312
0.5541237113402003
0.6023324362424767
-0.3566878980891662
0.05113781641523616
-0.22361359570661896
0.01920983543574019
-0.11523687580025317
-0.4230226893988038
0.675849639546859
-0.08311489035227636
0.44151522907602325
-1.1658278651971685
0.663916462549952
0.08324262022155052
1.0748560460652563
-0.13925813394100808
0.31059837728195305
-0.6003159557661928
-0.00635727908454603
-1.3223981181257665
4.413375426841054
0.012341108231521998
0.0740375123395882
-0.12330456226880394
-0.09259259259259259
0.29657089898053474
2.0883385695804897
-0.0663770214820261
0.6883642292132173
-0.7496251874062968
0.2175226586102664
-0.1205836247437598
-0.1509115054931788
-0.610603953811735
-0.2980535279805408
-0.006100909035440733
-0.5735204392922569
-0.07363770250367073
1.8791451731761182
0.6148282097649214
-0.6410256410256437
0.2773590593910105
-0.1382959533401452
-0.018063583815026166
1.3309244203553092
0.3149887079519899
-2.180223946916297
-3.403791411786071
-7.053733776412314
0.10793308148947038
-5.566037735849051
0.4281432852861424
-0.6607929515418631
0.5364423145697733
0.9746727376209481
1.4373282604100677
-1.6253386122108835
0.24712278472075125
-0.30285955768417766
0.3037795831861501
0.3169460487392591
-0.29488169627185606
-0.8238856418561945
2.101675660323765
-2.1905424200278163
0.4123711340206153
-0.89216172201373
0.0071443880831541795
-0.8501214459208362
-0.4178975430506651
1.9318428478402465
-0.12067007382169545
-1.2650131476085535
0.7629741596487538
-0.721480105721847
-0.12231975823859875
-0.4826741589222548
1.049659765455335
-1.9700551615445232
0.8403975445776088
-2.1885643887238238
0.46677039342075677
-0.4646017699115011
0
1.163221456619993
0.7763292807968294
0.15261627906976083
-0.12335824686160789
-0.5884917175239854
0.12424175984798988
-0.40145985401459855
-0.9087577867350745
1.1167813031580607
0.9289057928613257
-0.1449380389883325
0
-0.24675230423108285
-0.6111313204801813
2.6571993265500464
0.5419281232173352
-0.3404255319148904
0.48391688015940465
1.0410764872521279
