0
-0.794281175536137
-4.163330664531622
-4.928989139515454
0
-0.2636203866432437
-4.669603524229069
0.09242144177448972
4.893813481071093
4.929577464788737
-8.557046979865769
1.8348623853210944
-1.081081081081074
2.9143897996357038
-2.300884955752226
-2.898550724637668
2.9850746268656576
2.9891304347826098
-3.8698328935795914
-2.9277218664226927
0.6597549481621139
4.962546816479412
-5.352363960749344
1.7907634307257425
-6.111111111111112
2.958579881656794
-2.2988505747126458
2.9411764705882426
-2.1904761904761947
4.9659201557935715
-4.174397031539883
2.904162633107461
-2.6340545625588065
-0.48309178743960324
2.9126213592232904
-0.943396226415091
-2.095238095238101
1.4591439688715988
-0.7670182166826469
-2.2222222222222263
-1.1857707509881346
1.5000000000000036
-1.6748768472906397
-2.304609218436878
1.025641025641022
0.812182741116752
-1.007049345417922
0.20345879959307805
-2.131979695431463
-2.8008298755186862
-0.5336179295624219
1.1802575107296076
-2.969247083775179
1.311475409836057
2.265372168284799
0
3.586497890295357
2.8513238289205636
2.0792079207920877
4.267701260911731
0.651162790697677
4.8059149722735635
0.17636684303350594
4.929577464788737
-9.395973154362409
-1.5740740740740733
-0.5644402634054609
0.5676442762535525
-3.8570084666039524
1.5655577299412928
-2.5048169556840225
0.4940711462450664
0.3933136676499599
-1.077375122429003
-0.1980198019801938
-4.662698412698419
3.1217481789802366
0.6054490413723562
-1.003009027081258
-0.20263424518743237
1.1167512690355452
0.7028112449799047
-0.4985044865403683
2.905811623246484
-1.8500486854917186
-0.4960317460317531
-0.9970089730807542
-4.028197381671705
1.5739769150052505
-0.8264462809917363
2.7083333333333313
0.10141987829614389
-1.4184397163120446
-1.0277492291880743
-1.0384215991692773
0
1.4690451206715696
1.5511892450879043
-3.054989816700618
-3.781512605042011
3.493449781659392
-0.8438818565400851
0.7446808510638327
2.111932418162611
-3.826266804550147
-1.290322580645172
0.21786492374727204
0.7608695652173945
0.2157497303128325
-3.1216361679224884
4.888888888888883
-3.601694915254236
3.2967032967033045
4.042553191489351
0.2044989775051263
-2.040816326530623
6.562500000000008
-2.737047898338232
-1.9095477386934625
-1.6393442622950836
1.2500000000000104
-4.938271604938276
3.1385281385281294
0
2.518363064008397
-2.251791197543489
0.5235602094240726
0.2083333333333289
-3.638253638253635
-2.9126213592232966
0.444444444444435
0.5530973451327513
-0.6600660066006655
-4.097452934662229
9.468822170900696
4.430379746835442
-6.9696969696969635
-1.7372421281216084
1.9889502762430906
-0.8667388949079097
1.6393442622950858
0
-1.6129032258064553
4.918032786885238
-2.395833333333338
0
-0.7470651013873908
2.903225806451608
-1.1494252873563158
-1.1627906976744313
0.3208556149732742
4.797441364605536
-3.0518819938962434
-1.888772298006293
4.064171122994661
-1.6443987667009263
-1.0449320794148342
-1.7951425554382252
2.7956989247311803
0.41841004184099523
-1.3541666666666563
0.31678986272438603
-2.421052631578952
7.87486515641856
-8.200000000000003
-7.080610021786495
8.206330597889815
-2.7085590465872156
-0.22271714922048522
1.227678571428565
2.5358324145534774
2.1505376344085945
-4.210526315789477
-1.098901098901095
0.5555555555555635
-1.6574585635359154
3.0337078651685343
-6.761177753544157
15.555555555555554
-0.809716599190284
-3.0612244897959253
2.105263157894729
3.092783505154647
1.6999999999999993
-6.293018682399219
-2.518363064008397
-1.1840688912809412
-7.298474945533769
7.755581668625148
3.489640130861508
-3.1612223393045387
-2.0674646354733355
1.3333333333333246
-2.9605263157894695
13.33333333333333
-6.7796610169491505
4.705882352941171
2.1450459652706932
-8.699999999999992
-0.3285870755750398
0.7692307692307724
-2.3991275899672915
4.245810055865931
0.7502679528403031
-1.9148936170212736
0.10845986984815387
-1.516793066088847
-0.9900990099009885
3.44444444444445
-2.1482277121374977
1.5367727771679536
-3.243243243243251
1.0055865921787694
0.5530973451327513
0.8800880088008809
0.872410032715377
-0.648648648648654
-3.1556039173014057
2.584269662921353
-0.8762322015334071
1.8784530386740321
-2.9284164859002315
3.2402234636871614
-2.5974025974025996
2.999999999999995
-2.2653721682847796
1.8763796909492265
0.10834236186348631
0.8658008658008666
-2.8969957081545017
2.8729281767955777
-0.10741138560687204
0.6451612903225669
-1.709401709401711
7.391304347826103
4.149797570850185
2.721088435374161
-2.554399243140961
2.038834951456302
-1.998097050428155
1.6504854368932032
2.960840496657103
-5.102040816326521
-2.1505376344086082
2.8971028971029065
-3.883495145631071
2.121212121212112
1.1869436201780514
-3.030303030303035
17.842741935483865
-14.970059880239521
2.6156941649899377
-1.9607843137254835
0.5000000000000071
-1.592039800995026
5.156723963599593
-9.519230769230772
-0.3188097768331494
20.362473347547954
6.288751107174499
4.249999999999998
4.556354916067149
3.7461773700305825
0.8106116433308728
-2.5584795321637404
-1.350337584396097
0.38022813688212115
1.5151515151515234
-5.447761194029853
-3.3149171270718227
2.2857142857142807
-3.4317637669592957
-0.7438016528925608
-1.3322231473771868
-2.5316455696202445
-1.991341991341995
3.975265017667838
-3.99320305862361
-0.8849557522124019
0
-0.6249999999999867
2.4258760107816673
-3.33333333333334
1.4519056261343026
0.9838998211091183
1.8600531443755612
-3.304347826086963
-2.8776978417266057
1.0185185185185133
4.491292392300643
-4.298245614035089
-0.7332722273143911
-0.8310249307479212
4.562383612662944
-3.561887800534286
-6.278855032317633
3.4482758620689618
-1.428571428571432
4.057971014492753
-8.542246982358403
6.598984771573607
2.380952380952381
-0.9302325581395315
0
-0.09389671361502147
0
-1.409774436090229
2.001906577693032
-2.5233644859813045
-2.205177372962612
-1.078431372549014
-8.325074331020812
6.810810810810819
-2.327935222672069
1.8652849740932613
-2.339776195320452
-2.1874999999999907
-9.26517571884985
9.741784037558686
1.9251336898395692
-4.616998950682052
0.9900990099009885
3.7037037037037024
1.3655462184874032
-4.248704663212436
0.4329004329004237
-0.32327586206895864
-2.4864864864864913
-0.22172949002216824
2.4444444444444517
-2.386117136659443
-3.2222222222222126
2.4110218140068778
3.699551569506727
-4.972972972972983
0.11376564277589948
0.9090909090909098
-0.6756756756756812
-3.0612244897959133
0.5847953216374144
-2.325581395348829
-1.4285714285714404
-2.053140096618357
-0.36991368680640396
0.6188118811881276
4.428044280442797
-4.8292108362779755
9.90099009900991
-9.684684684684697
0
-2.369077306733161
1.7879948914431631
-0.6273525721455436
0
-0.631313131313129
0
3.684879288437103
9.068627450980395
-10.898876404494388
0
-0.3783102143757801
0
-1.2658227848101333
-0.25641025641025095
1.5424164524421606
-2.0253164556962044
8.78552971576227
-0.8313539192399084
4.3113772455089965
2.1814006888633695
-11.34831460674158
-1.7743979721165992
-5.290322580645163
6.539509536784747
-10.102301790281329
1.7069701280227612
-2.3776223776223766
0.7163323782234932
2.7027027027026955
0.9695290858725801
-0.13717421124828238
3.0219780219780183
-1.466666666666671
-1.623815967523682
-1.9257221458046725
0
-1.8232819074333786
-0.28571428571427965
0.14326647564469608
-7.010014306151648
3.3846153846153806
2.6785714285714377
4.637681159420281
6.2326869806094205
-5.867014341590615
-0.9695290858725678
10.069930069930065
8.00508259212198
1.7647058823529453
0
9.9421965317919
-1.1566771819137691
-3.829787234042566
-1.5486725663716683
1.3483146067415641
-4.101995565410191
6.127167630057796
0.21786492374727204
-0.978260869565216
2.0856201975850857
-1.5053763440860275
-4.9126637554585075
0
-3.2146957520091974
0.948991696322658
-2.4676850763807177
1.5662650602409518
-2.7283511269276444
0.4878048780487918
0.7281553398058312
0.9638554216867478
-1.1933174224343843
0.3623188405797239
-2.5270758122743784
3.456790123456804
-3.4606205250596767
8.652657601977742
1.2514220705347123
-2.2471910112359668
0
-1.2643678160919476
-3.608847497089645
4.347826086956537
0.6944444444444295
2.0689655172413968
-1.8018018018018032
0.6880733944953982
-0.5694760820045437
2.1764032073310364
-4.708520179372196
2.117647058823526
1.15207373271889
0.11389521640090874
-0.22753128555175853
0.3420752565564554
-0.7954545454545486
-3.550973654066443
1.7814726840855148
-0.5834305717619686
2.4647887323943762
0
2.7491408934707926
-4.6822742474916375
-3.157894736842121
0.4830917874396247
4.927884615384617
-5.269186712485691
2.5392986698911835
-4.599056603773591
-3.5846724351050683
2.692307692307692
1.3732833957552988
-1.4778325123152614
-1.2499999999999956
6.329113924050633
4.642857142857128
0.341296928327658
3.0612244897959133
1.2101210121012038
4.891304347826099
0.10362694300517913
4.968944099378886
-1.77514792899408
0
-4.919678714859439
