-2.073971655720705
0.3765148841040176
-6.704958387058967
-0.4774469154416327
3.7495265749273994
0.7301046483329278
-2.6334863493597434
1.7369727047146402
-1.829268292682927
2.111801242236025
2.1289537712895377
0.11911852293031566
0.4759071980963712
3.007696862048547
-4.126911139211401
-1.870503597122305
6.353861192570871
0.4136029411764732
5.2631578947368425
0.8695652173913043
0.5064655172413842
0.7826739573281821
-0.6914893617021277
1.7139796464916979
-0.989994734070561
1.2658227848101242
-2.573529411764706
2.4258760107816713
-2.263157894736842
1.2385568120624664
-5.1276595744680895
-1.0989010989010939
2.018140589569156
1.1224716603689735
-2.472799208704253
1.386071670047337
-3.089918861842844
2.7640784493634616
-4.4308035714285765
1.1211024173770903
-2.5638064441621355
2.3942159535379792
-0.8450052089362142
-0.1867849638104159
7.672514619883043
6.017814468824677
-2.366803278688527
2.8439500472242654
-3.061224489795918
-2.526315789473684
0.7343412526997791
0.771869639794173
-5.297872340425527
0
-1.8535160638058863
0
0.32047613597344105
0.17113519680547631
-3.5649202733485144
-0.04724223455770532
2.6586316908897554
-0.8747697974217207
3.936367858801669
0.32398614679923776
-1.102449888641423
2.015538790676723
-3.002207505518769
-1.6385980883022278
2.3137436372049978
-0.8028041610131188
6.87336144990312
1.3225255972696222
1.4736842105263157
2.65560165975104
0.04042037186741888
14.141414141414142
-2.690265486725672
2.7646416878865128
-4.150442477876115
-3.7946634659772793
0.4894433781189932
-2.5785502817304833
6.087638466816981
0.3418961374976941
-4.272953310617929
2.1645021645021645
-4.237288135593221
1.0816125860373649
0.4474708171206137
-3.1570792175091915
3.1299999999999955
-1.4738679336759364
-0.20667257159728597
1.5384615384615294
-4.535742035742029
0.11191372469223958
5.691056910569106
-0.9615384615384616
3.4757281553398016
2.2705948583223914
-2.6605504587155964
-0.06597549481621541
-0.01886258606055319
3.565701348929364
-2.686947809454413
6.70160988393859
-3.043859649122811
1.6918483669592008
8.300711743772238
1.8647827158465495
6.41935483870967
2.9099727190057663
-5.530191458026503
-0.7716891417881433
0.3849175176747911
0.6338524141169034
-1.5863141524105826
1.058786346396973
-3.1118060985144607
-2.840542285345388
4.958471760797346
0.49853604494737314
-2.7795275590551145
0.42925406981452613
-3.9435483870967816
-0.8815380740491983
-2.1429781467050617
3.5228944862806237
-0.9364548494983316
0.7427413909520556
-4.364946380697043
0.21024967148489626
3.1558702683800948
1.5169491525423806
-2.6629935720844884
-0.008576329331038511
-3.508019555708044
4.355555555555555
-2.1039182282793907
0.9310014791612325
-3.4310344827586166
3.552936975540078
-6.112068965517249
0
0.33054815903040463
0.30200420975564696
-2.417883211678832
3.599812996727443
-1.444043321299639
2.005494505494514
2.818924499506227
-2.209028202217756
3.991071428571433
-0.4035373916029918
3.9224137931034484
0.8710078805474907
-2.401315789473688
0.43815301651500216
-4.555369127516775
0.026368990067676408
-1.8101933216168637
1.1276176839090664
0.6460176991150403
0.2374043787918795
-2.4473684210526394
4.109342685010345
-0.7859733978234504
0.8096108644554674
-1.3212435233160582
-1.0939004113065547
-1.9907980888338346
-1.959014173512688
0.03683241252302863
-0.03681885125184931
4.042357274401482
-0.8761837330737313
-1.000000000000004
0.4689754689754731
0.28725314183124284
-1.5395631936985361
-0.9636363636363554
10.152377455480071
-7.716666666666659
0.24381433989523368
-0.027024592379060856
0.3784465669490039
-0.9605026929982088
-0.48037705066617914
-2.4772313296903503
-0.07471049682479965
-0.4392523364486024
10.74814606214212
-4.678759111713854
1.9028988084652403
-1.7713787085514794
-0.09771697610376978
-1.4849724346434128
2.8883473237656827
1.5615404860075404
0.7169387578820035
-5.188679245283019
-1.2935323383084536
-1.3196480938416506
-0.5107726597325409
0.8587697190329548
0.6941230911614993
0.12867647058824366
0.0734349183036492
-1.623555310952123
5.1655011655011736
-2.553417856192941
0.08188517878264863
-1.9727272727272769
1.975331540387643
-2.1644234267006146
1.989217326640648
-2.3514400291651434
-0.8306888183684983
0.018823529411768986
0.6775195257363362
-0.39256005234134456
0.4034906634137144
-0.7383177570093543
-1.4782035589868958
0.238914373088685
1.0296501096386648
1.1890157591771169
0.7087568777394514
-1.370497268265597
0.009388789785009522
-0.2722493428464223
1.2802409865386555
-1.1060507482108086
1.4849624060150333
-2.2226338210779777
0.018942981625312133
-0.833333333333329
1.98624904507257
-2.022471910112351
1.2996941896024377
-2.4716981132075513
1.2768427161926916
-1.7956064947468915
1.9256953900019407
-2.4713740458015248
1.5360532237550075
-2.4474850645596433
0.7210588700118598
-3.1185642836128338
-0.7996760805749547
-0.5204081632653085
0
-0.7180223612678224
1.7667114371319375
-4.071065989847718
0.5397396549899485
-2.0526315789473686
-3.277807630306287
-2.611111111111111
2.6811180832857957
4.6222222222222245
1.9541206457094282
7.552083333333333
3.380145278450372
-2.314034101555185
1.0837249448546997
-3.2542694497153657
0.6178287731685745
0.029239766081866913
0.7502679528403046
-1.7504835589941994
0
1.1024707156216096
-0.038944601304630865
-1.8018895490406155
-1.7556040468161123
2.251388187783943
1.10584518167457
-4.345703125
1.8887187340479836
-0.5911823647294566
0.7962906965023664
0.4600000000000023
0.8859247461676266
-1.785890478539716
-0.5424954792043377
-0.868686868686871
1.2635011208477662
-2.5256590863352697
-3.6853515020130114
1.1039657020364366
0
-2.353440050885183
2.9204212354793158
-2.6265822784810102
0.7366482504604002
-2.9035380148403056
1.2293720234799006
-2.352297592997812
-0.2801120448179272
0.9101123595505644
-1.7815388041420777
1.7911801383063093
1.1248468649070078
-3.436123348017626
-0.7413321167883212
0.735378605078719
2.65769362381658
-2.6777777777777803
0.011416828405071668
1.621004566210051
1.100876207593794
-2.5555555555555554
-2.8278221208665855
2.8045059845106755
-0.011414222120765065
-1.1757990867579857
1.6056370567171048
-1.1709868121873657
-0.14954561141147527
-3.110599078341014
-0.8323424494649228
0.6954436450839274
-1.166944510597756
-1.1084337349397646
1.8518518518518574
-1.8899521531100425
2.3896610582784574
-3.5603715170278614
2.481787875046305
-6.879518072289159
0.9056799068443525
0.5000641107834308
2.9344220464404187
-2.9499256321269156
0.2809706257982178
-0.26744778400407826
-1.6600689567105094
3.8306713413842357
1.2631315657828943
4.7054464616524525
6.133522057088936
-2.6672593909757727
1.1418131993605847
-4.944682772634901
2.8978622327790946
-4.051246537396125
1.0465535907614636
-4.952380952380954
0.20040080160320928
-1.5374999999999943
2.005839786720827
-0.2115743621655315
0.7732601646295891
0.420792079207918
-1.4049790485580451
-0.3125
1.5423197492162952
-0.0740923684860347
0.8156203657933649
5.969600392253009
0.6130711393869236
-1.391124396412958
-2.063658621895773
0.28571428571428303
-1.9468186134852774
0.7627118644067742
1.369698426048311
-3.8283750148157005
2.7113630761646537
-1.5958723302135776
1.9387879526886937
-4.1148325358851645
2.0084830339321385
-2.592637886755539
0.4394224733207784
-1.3375000000000057
1.076903585455467
8.373025821007781
2.9493407356002774
-3.5501629030446042
0.3960396039603934
-3.08620489615965
0.08380222674488752
-4.820574162679421
-4.071886389342728
2.6202017555351764
2.0809396144516876
-2.9764882441220695
-1.392111368909507
2.4836601307189543
2.7551020408163294
-2.4453823237338685
0.0636213258684311
1.805696846388612
1.1241568823382462
1.4204545454545454
0.5967604433077551
-0.8111380145278505
0.10984987184182729
-1.706900755913192
0.9675018605804955
1.7813267813267812
-0.30175015087507545
8.55932203389831
0.45723207315712155
-1.9427175843694495
-1.99252801992527
1.9637287744022178
1.3028208904497565
-1.4202639230597232
0
2.9948950652297195
0.23130300693909273
5.593406593406591
1.9669060256009967
-1.0614411104306978
1.0831442129152054
2.030819471374628
0.02000400080016458
-2.7600000000000025
0
-1.5837104072398167
3.636363636363632
-1.663641863278887
2.3069824669332513
-5.83283223090799
1.1068539804171964
1.0947368421052608
-1.0828821324448124
-6.2105263157894735
0.35914702581369756
-1.7333929769626482
1.2404688744736516
-1.0454136690647557
0.2839940929228672
1.903035795197108
1.1116051578479325
0.30782761653473556
0.8329679964927689
0.5652173913043528
2.031993082576735
-1.1440677966101647
0.514359194170591
-0.6609808102345465
-2.7688345138441677
3.3885209713024333
0.5871677164513718
-2.409254935257912
0.03262642740619408
-1.7177647314633568
-0.4424778761061947
-0.4333333333333308
-0.011159468809287216
2.544642857142852
0.19590770570309843
-2.0638713882250705
1.3753327417923666
-1.8818380743982543
0.13380909901873836
-0.20044543429843592
-1.3613032805177465
1.5723981900452464
0.23387905111928087
-2.955555555555558
-10.922830318296311
-3.7275064267352187
0
-1.28170894526035
