-6.8789808917197455
4.924760601915189
-4.823989569752284
0
-4.109589041095888
-1.4285714285714235
4.782608695652175
3.5961272475795267
-4.53938584779706
3.4965034965034962
-4.8648648648648685
4.4034090909090855
-4.8979591836734615
0.14306151645207132
0
-1.4285714285714235
0.2898550724637619
1.1560693641618507
0
-1.4285714285714235
1.7391304347825973
-0.28490028490027886
0
0
0
0
-0.14285714285713982
-4.721030042918456
5.105105105105103
0
-0.14285714285713982
-0.14306151645207132
0.28653295128939216
-3.5714285714285716
3.7037037037037037
2.142857142857148
-2.097902097902103
0
-0.14285714285713982
-3.0042918454935617
-0.8849557522123966
4.0178571428571495
0.14306151645207132
0.7142857142857117
-0.8510638297872285
0.14306151645207132
-3.1428571428571392
-1.9174041297935087
3.9097744360902222
1.3024602026049183
0
0
-2.9999999999999996
4.565537555228271
-1.267605633802815
-0.14265335235377727
0
-1.4285714285714235
1.3043478260869543
0
-0.5722460658082981
-2.1582733812949693
3.6764705882352944
-0.7092198581560258
0
0
-0.14285714285713982
0
0.14306151645207132
0
-3.5714285714285716
3.7037037037037037
-3.5714285714285716
3.4074074074074137
0.28653295128939216
0
0
0
-2.85714285714286
-0.7352941176470562
3.4074074074074137
0.28653295128939216
-0.8571428571428515
-2.017291066282429
0.5882352941176476
2.3391812865497097
-0.14285714285713982
0.14306151645207132
-0.14285714285713982
2.2889842632331923
-2.097902097902103
1.8571428571428557
-2.244039270687239
3.7302725968436254
-2.0746887966805025
0.28248587570620864
4.225352112676067
4.999999999999989
0
4.890604890604901
0
-4.907975460122704
10.322580645161299
4.678362573099398
-5.027932960893847
3.294117647058816
-2.1640091116173066
1.5133876600698577
-4.816513761467888
0.6024096385542039
4.3113772455089965
0.9184845005740332
1.137656427758833
2.1372328458942573
-0.6607929515418557
0.6651884700665244
-3.634361233480177
3.999999999999996
-3.296703296703285
2.2727272727272645
-2.333333333333343
2.389078498293525
-0.6666666666666722
-1.565995525727056
-1.9318181818181808
3.5921205098493476
-1.0067114093959717
-3.9548022598870016
0.9411764705882362
3.962703962703961
-3.475336322869961
3.600464576074338
-2.4663677130044914
-1.7241379310344667
-0.5847953216374352
-1.17647058823529
-3.809523809523813
-0.990099009900991
-1.6249999999999987
-0.8894536213468905
5.641025641025647
2.9126213592233037
-0.7075471698113266
-4.750593824228033
1.122194513715709
-1.972872996300854
2.8930817610062833
1.3447432762836118
-5.910735826296735
-0.3846153846153878
1.930501930501935
4.040404040404044
-1.3349514563106726
1.4760147601475917
-3.0303030303030303
3.125
-6.545454545454546
-0.12970168612191682
0.2597402597402542
0
0
-1.5544041450777217
4.868421052631581
0.3764115432873306
-3.749999999999998
-3.6363636363636394
5.121293800539082
0
0
-3.589743589743593
1.8617021276595822
4.177545691906009
-0.1253132832080285
2.2584692597239724
-1.2269938650306704
3.8509316770186173
-6.69856459330143
4.9999999999999964
-5.372405372405367
-0.6451612903225784
-0.5194805194805199
0
-3.9164490861618777
1.9021739130434738
2.2666666666666657
-2.086049543676664
4.527296937416776
-2.9299363057324785
0.13123359580052213
4.718217562254264
-4.005006257822282
0
-1.4341590612777095
3.1746031746031775
-1.2820512820512775
0
-0.5194805194805199
-3.2637075718015667
6.612685560053984
0
-1.1392405063291233
-4.609475032010236
2.684563758389264
1.9607843137254832
-1.153846153846152
-1.4267185473411197
3.1578947368421084
0.765306122448986
-2.531645569620255
3.896103896103894
-1.8750000000000044
2.4203821656050892
-5.472636815920392
3.552631578947375
-0.8894536213468905
2.435897435897441
-3.6295369211514394
3.6363636363636394
-0.7518796992481265
3.409090909090904
-6.349206349206344
-1.5645371577574982
3.973509933774832
0
-3.4394904458598674
-0.7915567282321966
5.718085106382986
-3.144654088050314
3.896103896103894
0
0.49999999999998934
-3.358208955223876
3.346203346203344
-1.4943960149439506
-0.5056890012642229
-1.5247776365946646
3.6129032258064435
0
2.3661270236612864
0.9732360097323609
-3.373493975903628
3.740648379052378
-1.8028846153846196
-1.4687882496939928
1.863354037267063
3.048780487804878
-0.5917159763313484
1.1904761904761862
4.823529411764707
1.0101010101010084
8.888888888888896
9.999999999999984
0
4.916512059369213
0
4.951370468611836
0
4.9705139005897365
0
4.975922953451037
0
4.96941896024465
0
4.952658412235977
-9.437890353920885
-4.980842911877397
0
-5.000000000000008
0
-4.923599320882853
8.303571428571441
4.5342126957955395
-6.0725552050473155
-2.5188916876574368
-0.17226528854435466
-1.6393442622950778
1.9298245614034988
2.4096385542168774
2.100840336134454
2.05761316872428
-2.500000000000004
-1.9851116625310192
-1.856540084388176
1.0318142734307756
1.021276595744674
1.095197978096047
-1.3333333333333346
-0.25337837837837296
0.5927180355630846
2.272727272727269
-3.37448559670782
0.5110732538330536
-1.1864406779661065
2.0583190394511166
-3.949579831932778
3.6745406824146976
-7.932489451476789
2.383134738771767
-1.4324082363473603
-3.7238873751135344
2.9245283018867974
2.1998166819431733
-3.4080717488789305
-2.0427112349117817
0.9478672985781956
2.347417840375587
-7.155963302752304
0
1.0869565217391424
2.150537634408591
-5.263157894736832
0
0.10101010101009886
2.4217961654894067
-1.576354679802957
0
0
4.104104104104105
-5.673076923076922
-1.6309887869520912
-0.20725388601035827
0
3.7383177570093395
0
2.4024024024024047
-4.203323558162265
6.224489795918361
0
-3.938520653218061
-4.800000000000004
3.7815126050420296
4.2510121457489864
-4.854368932038835
3.979591836734681
-3.4347399411187407
-0.40650406504064174
1.836734693877548
2.204408817635259
-4.019607843137257
2.1450459652706932
-2.7999999999999936
-1.7489711934156371
4.81675392670156
-1.998001998001991
-2.038735983690123
4.4745057232049925
-1.0956175298804725
-4.3303121852970765
0.1052631578947346
-1.5772870662460605
-0.10683760683760457
2.139037433155092
-6.910994764397906
-4.611923509561306
-0.3537735849056738
-4.733727810650871
-0.24844720496896086
-1.618929016189278
5.56962025316455
-1.0791366906474804
4.727272727272734
4.050925925925921
-6.785317018909893
-2.3866348448687478
6.112469437652812
0.11520737327188695
4.833141542002301
4.939626783754129
-0.7322175732217603
4.952581664910439
-3.714859437751014
-4.90093847758082
6.688596491228084
2.26104830421376
-1.8090452261306504
4.298874104401228
-8.145240431795878
-1.709401709401711
2.1739130434782727
3.829787234042547
-2.7663934426229466
-2.002107481559531
0.1075268817204278
-3.3297529538131094
2.2222222222222143
-1.956521739130432
-3.1042128603104144
0.11441647597253761
-5.028571428571423
0.48134777376653604
-4.071856287425148
-4.494382022471903
9.281045751633975
2.272727272727288
-1.7543859649122846
4.761904761904766
0.2272727272727224
4.648526077097507
0.32502708559045895
0.10799136069114242
4.854368932038847
9.979423868312745
-10.289990645463048
4.171011470281547
-0.6006006006006056
0.7049345417925507
0
-4.900000000000002
2.6288117770767614
-2.663934426229506
1.5789473684210564
0
2.7979274611398917
4.334677419354836
-4.251207729468594
-1.109989909182638
-2.8571428571428688
-1.7857142857142851
4.278074866310164
5.333333333333329
-4.38169425511197
4.2769857433808545
-3.8085937500000053
0
-2.030456852791871
-1.4507772020725447
1.8927444794952653
-1.9607843137254852
1.684210526315791
6.314699792960656
-12.560856864654324
8.017817371937626
-3.7113402061855614
2.7837259100642378
-6.041666666666668
-1.8847006651884695
5.19774011299436
0.10741138560687204
2.7896995708154484
0
-2.087682672233813
2.3454157782515868
-0.9374999999999986
0
-2.313354363827557
2.260495156081818
-2.105263157894729
-1.720430107526883
0.32822757111596673
3.5986913849509277
-5.894736842105268
0
-0.44742729306486745
0
-1.5730337078651748
-2.739726027397263
-0.9389671361502356
-4.028436018957344
3.333333333333328
2.1505376344086202
-0.701754385964918
-1.648998822143705
-3.7125748502994074
1.9900497512437831
-2.439024390243894
0.6250000000000089
2.236024844720493
2.06561360874848
-2.261904761904756
-1.2180267965895422
9.124537607891495
-1.6949152542372923
0.4597701149425394
-2.288329519450813
3.9812646370023614
