-4.459064327485397
2.524866105585319
-2.2388059701492535
6.030534351145042
-3.5277177825773975
-1.3432835820895608
-0.30257186081692683
0
0.5311077389984739
-0.452830188679241
-0.8339651250947644
-0.9938837920489383
9.6911196911197
1.8303414290742654
-4.839267196681645
-0.4722121322194011
-0.4744525547445297
0
1.5034836817015118
3.829479768786115
-3.514265831593586
0
-2.3800937612693915
-0.9604728481713949
0.29839612085041195
4.834510970621049
-2.0574671869457095
3.5856573705179198
-2.202797202797207
1.8948873793350058
-0.45614035087719695
0.10574550581600684
-0.5985915492957706
2.2670917463691027
-0.20782819535849184
3.540437348143002
-3.419376466644314
0
0
-2.6379729260673455
0.5347593582887701
2.127659574468085
-0.8333333333333255
0.14005602240895562
2.23776223776223
0.06839945280439312
-3.554340396445671
1.8781006378455039
-0.3826086956521818
2.0251396648044735
-1.4373716632443494
-1.9791666666666627
0.99185263903649
0.3156787092248254
-1.048951048951049
-0.14134275618373754
-0.31847133757962987
0.10649627263046198
-1.3120567375886485
3.413582464965864
-3.9263377345378774
1.9891500904159132
-1.3829787234042472
3.020496224379711
-4.5724258289703394
0.036576444769576714
-0.036563071297997345
0
2.194586686174104
2.3264137437365786
-2.1336131514515446
-3.3238027162258796
6.617375231053596
-3.571428571428556
-0.6112909025530547
1.3024602026049288
-4.571428571428576
0
2.6946107784431095
0
-1.6034985422740444
2.4074074074074074
-1.0849909584086799
0.5484460694698354
-4.799999999999996
0.07639419404124852
-0.610687022900772
-0.15360983102917716
-0.9230769230769144
-0.621118012422369
1.2109375000000089
1.582400617522179
-2.2796352583586628
1.8273716951788448
-0.9927453226422169
2.506748939452372
-2.896914973664405
-2.208446338628445
-0.4358161648177473
3.342618384401105
-1.155179052753177
-0.6622516556291347
0.5098039215686319
2.1849395239953044
0.1909125620465827
0
-1.0289634146341422
0.11551790527532206
-0.5000000000000043
1.8167761886354807
0.41761579347001626
2.0415879017013148
6.780288995924421
1.977793199167241
3.300442327322234
8.498023715415004
-7.225258044930163
3.403141361256537
-4.430379746835443
-3.9072847682119245
3.790489317711923
2.025232403718467
-4.49072567523593
-2.3168654173764947
-0.27903732124172004
-3.3578174186778478
3.76402461093014
1.151028950122083
-4.689655172413801
3.473227206946463
-4.650349650349654
-2.676934360102681
2.3737754333082184
0.6993006993007119
-0.21929824561404337
2.344322344322336
-4.688618468146015
3.5674051821254222
-3.517041334300213
-0.7891770011274042
-1.4015151515151472
0
0.8067614291202327
-0.3048780487804705
0.3058103975534994
2.0198170731707363
0.6350392230108288
3.7861915367483467
-1.5736766809728304
0
-1.998546511627907
-1.37189469781238
0.9398496240601504
0.5586592178770949
-2.8888888888888933
-0.8390541571319561
-2.61538461538462
4.976303317535554
-3.461249059443186
0.5455962587685024
-1.3953488372093001
3.5377358490565927
-3.796507213363695
2.446724546172067
-3.1972265023112523
-0.4377238360525359
1.2390087929656366
2.4871693643900556
-1.8875192604006292
1.9630938358853554
-1.0396611474778548
-1.9455252918287937
1.230158730158728
-0.4312034496275948
0.9448818897637705
0.6240249609984488
1.124031007751929
2.6446914526638694
-2.912621359223305
1.5384615384615385
-1.6287878787878831
0.11551790527532206
-2.192307692307688
2.831301612268969
-1.5296367112810707
-1.9805825242718424
1.7036450079239234
1.753019088430074
-2.603369065849917
3.0267295597484343
-1.182754673788639
3.2432432432432345
-2.3186237845923667
1.9142419601837672
-1.7655897821187034
0
-0.5736137667304015
0.7692307692307693
-1.8320610687022945
0.11664074650078203
0.5825242718446602
0.3861003861003861
-1.4230769230769187
-0.8973858759266529
-0.2755905511810979
0.31583103039872995
0.4329004329004307
2.2727272727272774
-3.0651340996168583
-0.7905138339920948
1.792828685258964
0.9001956947162472
-2.6764934057408865
-1.5942606616181745
1.7010935601458035
0.039824771007564444
0.9952229299363058
-1.3795821836815136
0.8393285371702729
-0.11890606420927917
0.039682539682537425
-0.7140023800079266
0
2.1973631642029563
-0.8209538702111113
0
-1.2613322822230937
1.2375249500997982
-0.9463722397476363
3.3837579617834397
-2.9264536003080455
2.9750099166997335
-2.8505392912172702
1.5067406819984186
-0.8593749999999956
0.07880220646177645
0.826771653543316
0.7418976962124081
-1.1627906976744187
1.1764705882352942
-1.472868217054268
1.4162077104642103
-2.0558572536850317
2.0198019801980287
-2.95031055900622
2.360000000000002
-0.27354435326300003
-1.9984326018808756
-0.2399040383846439
1.6833667334669293
-1.1036657469452043
2.7500996412913534
-3.80139643134213
3.870967741935493
-5.124223602484479
1.06382978723404
0.2429149797570827
1.6155088852988693
0.5166931637519918
1.22578094108343
1.7968750000000089
0
-5.257099002302386
2.389631429728637
-0.7911392405063291
0.47846889952152655
-0.7936507936507936
-2.4
1.1065573770491757
2.877989460883674
-3.2308904649330246
3.09446254071661
-2.764612954186414
2.8838342810723083
-2.2108172127911656
0.12111425111021856
-0.9274193548387143
4.151404151404159
-3.516998827667057
6.723369785338192
-5.351043643263756
2.927024859663185
-2.6100506427736616
0
-1.6399999999999977
0.12200081333874865
-0.5686433793663596
-1.0212418300653594
0.9905076351630117
0.16346546791990424
-1.1015911872704973
0
0.12376237623761673
0.5768438401318524
-0.45063498566161175
0
1.9341563786008185
0
-3.0278562777553493
1.9983347210657834
-3.1428571428571384
3.3291192583227884
-3.0587275693311584
-0.5048380311316738
2.3678646934460863
1.5282940933498625
-1.9934906427990258
-0.37359900373599236
-2.5
2.521367521367524
-3.584827011254687
9.641158668396015
-16.995268138801258
8.266033254156772
-11.276875822729275
7.270029673590514
-9.266943291839555
0
4.471544715447146
-0.7782101167315147
0.3921568627451036
-4.199218750000011
4.026503567787975
0.48995590396864286
-0.5363237445148681
-4.705882352941174
3.1893004115226278
1.694915254237291
-0.9313725490196106
-3.513112320633347
8.102564102564108
2.371916508538899
-4.49490268767378
3.250849102377495
-5.0281954887218125
2.820385947550726
-5.2935514918190565
2.9471544715447067
0.7403751233958539
1.91082802547771
-3.4134615384615357
-0.4479840716774543
3
0
-3.349514563106799
2.0090406830738323
-1.4278680452978856
-0.049950049950047114
0.3498250874562804
-0.3984063745019977
-1.5
2.944162436548229
-1.2228796844181549
1.7372204472843542
-0.932286555446519
-2.4962852897473957
3.4034339124250677
-1.0119866378463362
0.41687344913151536
-0.16803400217455935
1.5742574257425777
4.24017935471293
-4.628763792781001
-0.676536915383859
1.8558736426456166
2.7330878077146665
-5.641509433962268
4.939012197560486
-4.411204268292678
6.548390311970504
-6.108512628624884
0.5280462289528755
0.7333994053518283
-0.13774104683195648
2.09852216748768
-1.9588922126797272
1.102362204724414
2.073598130841117
-3.3094897472579867
2.04182284474256
-2.1846302561624023
-0.08894159501927405
-0.34619188921858984
-0.9925558312655087
0.43107769423559583
-1.1778798163306117
1.9696969696969726
0.04952947003466781
-3.009900990099016
0
0.12249897917517819
-0.08156606851549582
-2.897959183673473
4.129886506935694
-1.4431325058028124
3.409789064099937
-3.287454203386467
-0.685983413535376
1.4020618556701026
0.14233428222854877
-2.0609137055837574
-1.5237897792059696
3.747368421052634
0.4464285714285691
2.858585858585857
2.1113620740449823
-1.2502404308520843
1.2758083365796533
-0.028848927781518548
-0.009619084263169398
0.8369408369408277
-0.6391909940850864
-0.48967834853577064
1.0227711308375167
-0.9551098376313276
0.38572806171648166
-1.056676272814596
0.24271844660194175
-3.5351089588377778
-0.1004016064256971
-0.7336683417085467
-1.761668522830814
6.132124085334435
0
0.029131870266072186
-0.4950975633433697
0.5756097560975643
3.69579978659424
-0.14031805425631963
1.17096018735363
-0.7870370370370318
-3.3597760149323457
1.4002897151134746
-0.8571428571428625
-0.2881844380403431
2.7456647398844014
-3.5161744022503516
1.068999028182696
0.9615384615384616
-2.857142857142857
0.44117647058823806
3.855539287457299
-4.088345864661662
1.91082802547771
-0.9615384615384616
-0.970873786407767
0.8823529411764761
1.5549076773566513
-1.5311004784688942
-1.5063168124392723
1.23334977799704
3.703703703703715
-4.276315789473695
2.6018654884634325
-2.822966507177036
0.4431314623338285
-0.9313725490196106
0.04948045522018522
-1.0880316518298658
3
0.9223300970873815
0.04810004810004537
-1.7788461538461484
-0.5384238864415187
-0.5413385826771626
-1.8307768431469513
0.4536290322580674
0.15052684395382987
0.8517034068136359
2.0864381520119166
-2.67639902676399
0
1.4699999999999989
-2.9269734897013886
1.69543147208122
