0.40585847891299703
-0.1054481546572975
-7.090077410274447
-1.0414694186707063
4.975124378109452
0.07291286912139577
-1.5482695810564664
0.0555041628122025
0.5547337278106509
1.2688488414858572
-2.669329943708016
2.182835820895531
-2.610918385977737
1.0498687664042037
1.5584415584415543
-0.6028498355864002
-0.8454328248483776
-0.5375347544022201
-1.8076779724189425
-0.929967735813243
-0.09578544061302682
0.8053691275167872
-1.9783146281149115
1.2225887832330815
-5.023006134969334
3.3306419055308845
-1.6800156280523475
1.3510828531690864
0.3136639874534338
0.2735978112175169
0.25336191775481476
-0.038880248833579274
6.1065733177751795
2.3826979472140764
-1.0025062656641643
1.0669077757685312
-0.7872606906423291
0.5049594229035085
-1.1663376996231833
-1.2708787218591142
2.6480323648400317
1.6481547832318042
-0.4582305252026829
0
-0.9737960339943343
-1.9488646522438724
1.6593727206418714
0
2.062780269058296
0.56239015817224
-1.957357567284174
0.14260249554366392
-3.3463866144535346
0.6445672191528545
-1.9213174748398902
0.5597014925373134
-1.2615955473098246
0.5449079293498642
4.335638198467564
1.217983163173933
-1.5395505220315069
1.365923795830342
4.007092198581565
2.284350494374357
2.3500000000000036
0.016283992835046855
0.3093454900683779
0.24346696964778444
-3.400259067357513
0.5196111297351698
0.2668000667000015
1.4468651255612917
-2.65573770491804
2.6945099360053892
-1.7218760249262055
1.6852995161021231
1.0173941581883894
1.0071474983755575
-1.3348343518816268
-0.24449877750611246
0.6209150326797311
1.964923676518354
-3.455964325529532
0.37941273507092615
1.1996713229252185
0.5196492367651909
-2.2132471728594583
-0.8755988765901132
1.283333333333341
0.049366463715641684
2.9440789473684172
-0.03195398625977501
0.5913377017740021
1.0803940260565728
-0.2514932411191485
-0.1890954932240853
-1.0893590148405397
-0.4309656823623377
-0.1442770118627729
1.5572323005297874
2.6715143850774545
0.07698229407236336
0.938461538461542
0.5791800030483089
-3.318684649189268
2.2413793103448203
-0.04599110838570513
-1.8404907975460123
0.37499999999999645
-1.696762141967618
-0.5859065716547974
1.1309334182860822
-1.8585604032130973
0.25678061306371736
-0.9284456539138896
-0.14541929229277384
1.731391585760525
1.4792428821377372
-1.64576802507837
-2.836653386454176
2.968673117926834
1.7202930869703836
-2.129658628249299
1.6960000000000037
-1.384518565135316
-1.914486279514997
1.7404033832140609
0.5915267785771455
-0.8741258741258741
2.2286355619688916
-4.187578419071525
0
1.6532984121787564
0.1288244766505563
-0.4663879060791215
-1.5672968169332577
-3.808273145108346
-2.7303754266211606
3.526315789473688
-0.8473140145738011
-0.905828063578887
2.1386685063815265
-1.857480580884836
-1.9958706125258123
1.9662921348314486
0
-1.773415977961425
0.420683610867656
0.558561703613204
-0.4339524388127061
0.22663877266386934
-0.6609845190467829
0.5077919803887195
-1.010452961672466
1.777543118620188
0.9683555248141144
-3.0142147628018536
-0.5297545470598624
0.31954553523878365
0.7963192355335339
-4.020365168539322
2.0120724346076457
0.7172314864622557
0.08901548869503292
-3.1127712557808604
-0.8261428309161005
2.443539429840787
-0.19877123238164487
2.2089444142676165
-0.283436669619136
0.19541659264523412
0.9929078014184437
2.61587078651685
4.260051325919585
-4.7423695438135836
0.34453057708871665
0
0.3776824034334842
-1.4366341713699486
0.13881658858234744
-1.5595217466643563
0.14082027812004128
-1.4413780980840099
0.3031924380238865
1.9914651493598943
1.4993026499302688
1.494331844726886
0.1861567101032362
1.4358108108108107
0.349708576186515
0.09956853634251954
0.13262599469495268
0.9437086092715307
1.6893554206986967
0.9032258064516165
0.9271099744245451
-4.608805828318027
1.5606840444961134
0.8173941474579042
-1.1675044592184278
0.7054963084495414
-1.5966112740306215
5.3145695364238446
1.3048262851752797
1.1638733705772812
-1.7947537965945592
3.498906591690093
-1.871415635375789
8.551215010765903
1.4451686030036903
1.145251396648051
0
-0.9527754763877507
0.20911752404851527
-0.16694490818029104
0.4598662207357796
-1.2623110001387188
0.028097780275364637
14.087078651685388
-0.5293610734950086
2.7846534653465347
0
-2.5406381697772455
-0.6671608598962167
-2.885572139303488
0
-1.8058401639344146
-0.5999739141776473
-1.0759742815903484
1.6182517575275297
-1.8927033024409345
1.0244811069717843
-2.634005004609509
0.9062626809143847
0.1608579088471911
1.4052462526766594
-0.5543090933087034
0.836098208360976
-1.855751513556187
-1.5287649188681895
4.099142040038135
-0.03924646781789044
-4.502028530297078
-0.23297245443333497
-4.629120879120886
-0.3312689039320113
2.6445086705202248
1.928762494720547
1.022099447513809
0.013672409078482738
-1.1619958988380041
-0.6362378976486892
3.5913140311804104
0.01343724805158681
-0.9001746607550628
-2.020065075921906
-3.2240210322402194
0
-5.919359450957962
-1.1854103343464977
4.167948323592727
0.9153993798907494
0.07315288953913679
0.6725146198830443
0.4792332268370541
-0.8527243821361435
1.224489795918364
0.6480414746543779
-0.872800114465592
0.519630484988456
0.057438253877078876
0.17221584385764144
1.1604584527220663
0.11329839966009836
-2.6170604045833925
-0.05810575246949118
2.7034883720930267
0.48117746957259794
-0.7887323943662004
-0.49687677455990914
3.2814952204308745
-0.4834921950545656
-2.359800111049417
0.9382996872334408
3.267605633802823
-1.2547735951991332
0.04143646408839151
0.35896727875190154
-1.650846058605035
-0.6014827248566169
-1.0413734871939173
-0.17064846416382898
-1.3675213675213707
-0.5632582322356986
1.3362381989833036
-0.8026372366346599
0.37566825603236853
0.2591046494889815
0.4594400574300137
-1.3720165785336604
-2.202579336328075
-2.0891983997629313
-0.04539951573849191
-1.514004542013626
-0.6302843966179896
-3.759282178217815
0.8519530622086408
-1.960471788332795
2.780035766542029
0.3796267004112586
2.048534509927513
0.3088326127239036
-2.3552955665024733
-1.8130222292290716
5.571612074502256
0.5627376425855583
-1.709013914095594
-3.338975226957983
1.3053167780961368
-0.18856065367692204
3.4162468513853796
-0.9133810321205663
-0.32263020433246625
0.43156596794082436
-6.645181092694916
-0.7068880486601932
0.364238410596034
-1.2372154404486968
-1.5366627693335635
0.5597964376590253
-0.472334682860991
-0.9999999999999961
1.0614620784112192
1.304421480603091
-0.2842809364548571
0.7546536978031193
2.6298268974700516
1.5244891339604245
-1.7571884984025559
-0.22764227642276053
1.1408083441981747
-0.09668063164679709
-2.1451612903225734
0.04944783253666631
0.8896210873146585
0.4082299150881777
-0.6342494714587701
-0.556464811783957
-1.9420671494404325
-2.316213494461221
1.9072164948453647
0.48895633114145626
3.0033557046979826
0.2606287669001503
4.159220146222587
0.48354390890657034
1.5678360757528575
0.6571908910285906
1.6853932584269697
0.08959235478571137
-0.19394301059226535
-1.0313901345291445
-2.73372602325933
-1.5372670807453381
-1.088156442201542
-0.5739795918367383
-2.1327774214240005
-2.9985253154186395
4.712837837837834
-2.6939829004678066
-0.29840848806367176
-0.681742600598607
-7.4501925330654615
-0.14471780028942738
0.6340579710144928
-2.07020702070207
3.6029411764705923
1.5968772178850248
1.4844568634299684
0.8432283600068795
1.8259385665529089
-0.8547008547008584
-1.6565246788370636
-0.4640770024063135
-2.072180970471421
-1.1461823311585257
-1.6767748840527965
1.4150943396226332
-3.0053667262969506
-0.16599040944302673
8.645852577129148
2.1935045060363842
-2.995008319467554
0.737564322469975
0.11918951132301132
0.3401360544217687
-1.4915254237288058
0.6882312456985547
3.434723171565261
0
-0.578225673219891
0.08308408109006316
0.796945043998019
2.4542908911217225
-2.9099678456591676
-0.11591323066731773
-0.9946949602122015
0.15070328198258157
0.16719612104999163
0.7511266900350525
-0.6626905235255136
0.66711140760507
-1.2094102054340736
0.2515512326010398
-0.15055202408832005
0.03350644999163101
-1.7752470272986136
-1.4492753623188406
0.9515570934256056
-1.6623821765210018
1.655629139072848
-0.44573975655750203
0.3616325124849163
-1.8016472203157174
2.7433164424253094
0.017006802721092302
-0.23805475259309253
0.06817794443497141
2.265372168284782
-0.0832778147901399
-0.06667777962993454
0.5838198498748958
0.2819237147595432
0.4299652720357051
-0.7245183599538906
-0.4644219605241258
-0.08331944675887351
-1.1174116077385
0.6915162759318642
0.4857621440535975
0.10001666944491128
-1.3155703580349671
1.6874789065136686
-0.3816793893129884
0.31650841246045164
1.0461640650946453
0.7395234182415776
-0.3588907014681966
0.294695481335964
-0.24485798237022527
-1.4563901161839268
0.4815675855197571
0.3801024624029011
0.06585446163977235
1.2997696610727363
-1.9814844891992927
1.3421706710853394
-0.04905166775671488
-0.9978733845902028
-0.2808988764045019
-0.7787903893952023
0.15030060120242
0.5836251459062864
-0.19893899204244783
-0.2990033222591287
0.8830389870043243
-0.5615194054500375
0.46503903006144404
-4.513142668209614
