4.413793103448279
4.887714663143991
-3.652392947103275
4.575163398692806
0.374999999999992
4.981320049813205
-4.982206405693949
-4.9937578027465594
4.9934296977660955
0
4.881101376720908
-4.892601431980919
10.288582183186945
2.389078498293525
2.4444444444444517
0
-0.10845986984815387
-1.7372421281216084
-1.32596685082874
-4.927211646136612
0
-1.06007067137809
-3.9285714285714293
3.7174721189590945
-0.8363201911588831
-4.819277108433739
0
0
0
-0.6329113924050722
5.477707006369424
2.053140096618357
-2.958579881656805
-4.268292682926825
-0.6369426751592334
4.743589743589745
0
2.2031823745410004
0
-4.79041916167664
-0.1257861635220099
2.0151133501259353
-6.666666666666667
4.761904761904766
-1.5151515151515165
0
-2.5641025641025665
5.000000000000011
-6.140350877192985
3.7383177570093373
1.158301158301168
4.961832061068699
-0.24242424242423727
0
0
-4.981773997569868
0
-4.092071611253201
-0.9333333333333371
0
-4.979811574697176
0
0
0
2.6912181303116203
0
-2.0689655172413843
4.929577464788741
-0.2684563758389324
0.9421265141319016
3.7333333333333365
0
4.75578406169666
4.662576687116552
-4.454865181711595
0
-1.9631901840490815
-1.8773466833541972
0
-4.974489795918363
10.335570469798663
4.987834549878347
0
4.982618771726532
0
4.966887417218535
0
4.942166140904318
0
4.909819639278559
0
4.9665711556828995
0
4.9135577797998105
0
4.943625325238511
-9.421487603305776
-4.927007299270081
10.36468330134357
-1.7391304347826024
-2.654867256637174
-0.454545454545461
0
-4.840182648401821
5.086372360844524
-1.8264840182648339
-3.162790697674417
0.38424591738711955
0
0
-0.6698564593301293
-3.853564547206169
0.20040080160320214
1.999999999999993
-6.372549019607829
2.0942408376963275
-5.6410256410256485
-1.0869565217391266
6.1538461538461595
4.865424430641829
-1.184600197433376
0
4.9950049950049955
2.2835394862036176
2.6046511627906916
-1.6319129646418833
6.728110599078345
4.576856649395504
-2.5598678777869424
2.11864406779661
2.323651452282152
2.5952960259529627
-5.138339920948619
0
-4.999999999999997
-1.75438596491229
6.696428571428572
4.602510460251052
-8
0
-4.3478260869565215
0
-1.0909090909090837
4.963235294117639
0
4.991243432574433
-8.256880733944957
5.000000000000006
-1.991341991341995
1.5901060070671353
0.8695652173913012
0
1.551724137931032
4.414261460101879
-6.504065040650412
0
-2.7826086956521765
4.830053667262978
-6.143344709897615
-4.545454545454546
9.238095238095244
-4.09764603312991
4.454545454545457
-4.873803307223677
8.691674290942371
2.272727272727269
-1.2345679012345707
4.583333333333339
-3.426294820717143
-4.290429042904287
4.741379310344834
0.823045267489709
0.6530612244897965
2.1897810218978067
1.5873015873015959
1.0937499999999905
0.5409582689335416
2.22905457340508
-4.436090225563908
0
4.642014162077103
4.887218045112771
-8.960573476702509
0
0.7874015748031609
-5.000000000000004
0.24671052631578422
0
4.922067268252664
0
1.6419077404222115
2.3076923076923133
-5.639097744360902
1.99203187250996
-2.734375000000011
0
3.1325301204819325
-1.8691588785046747
0.39682539682540247
-3.162055335968382
8.326530612244895
2.9389600602863646
-6.002928257686678
1.2461059190031163
0.3846153846153901
-1.9157088122605364
0.7812499999999972
-4.5736434108527115
0.8935824532900035
4.9919484702093335
-8.205521472392627
0
-3.842940685045955
0.0868809730668965
4.861111111111116
-4.552980132450337
9.71379011274936
4.58498023715415
0.15117157974300507
4.981132075471699
-0.07189072609633204
4.676258992805757
-2.3367697594501706
4.996481351161147
-9.450402144772118
0
-0.44411547002220947
-4.907063197026024
4.769351055512129
-5
1.3354281225451683
0
-0.07751937984495959
0
-3.4134988363072245
-4.819277108433733
9.198312236286919
-4.945904173106637
5.121951219512186
-3.325599381283834
3.9200000000000017
-4.926866820631259
0
0
4.9392712550607385
2.932098765432091
-0.07496251874062809
0.5251312828207073
0.373134328358201
4.981412639405205
-8.640226628895176
0
4.651162790697671
4.814814814814817
-9.25795053003534
-4.984423676012465
8.032786885245905
4.5523520485584195
-8.925979680696653
-4.940239043824709
0.16764459346185728
0
0
4.937238493723848
0
4.545454545454548
-4.652936689549958
-2
5.306122448979594
-4.651162790697671
3.6585365853658476
4.549019607843138
-4.351087771942987
4.705882352941174
-5.617977528089888
0
-4.999999999999992
-3.5087719298245608
8.225108225108219
4.959999999999994
-2.8201219512195066
0
-1.9607843137254901
-4.959999999999994
1.0101010101010035
0
4.999999999999997
4.603174603174604
-2.276176024279203
4.813664596273285
-3.7777777777777763
4.926866820631259
-2.787967718268531
2.9433962264150986
-5.058651026392971
4.864864864864871
0.07363770250368032
-3.237674760853565
8.441064638783265
4.978962131837314
-0.200400801603214
4.953145917001341
0
2.6785714285714395
2.236024844720493
4.981773997569868
-0.4629629629629736
4.999999999999997
0
4.983388704318949
-5.748945147679324
-1.5109121432568526
-3.4090909090909167
0
-5.000000000000008
0.30959752321981865
-5.246913580246912
0
-4.88599348534202
-4.109589041095888
-0.7142857142857117
-4.676258992805757
0
-4.905660377358493
1.5873015873015959
0
4.687499999999997
0
4.104477611940291
2.1505376344086073
-5.9649122807017525
2.985074626865674
1.0869565217391202
1.7921146953405018
-5.281690140845071
0
-1.115241635687722
0.7518796992481176
-4.850746268656718
-1.9607843137254901
0
-4.400000000000006
0.41841004184101016
-4.166666666666667
-0.4347826086956584
3.930131004366822
-3.7815126050420256
-4.803493449781651
0
0
-0.9174311926605472
-1.8518518518518616
2.83018867924529
1.8348623853210944
-6.66666666666667
0
-1.9305019305019238
-3.0511811023622095
-1.9289340101522794
-0.6211180124223654
-4.374999999999999
-1.9607843137254872
6.6666666666666625
-1.041666666666663
5.2631578947368425
4.6000000000000085
-2.198852772466543
0
-2.737047898338232
0
4.020100502512567
2.4154589371980677
0
2.358490566037736
-3.041474654377881
0
0
0
-4.942965779467677
-5
4.210526315789477
0
-2.020202020202031
-2.0618556701030855
0.4210526315789384
0.6289308176100682
-2.083333333333326
0
-5.000000000000006
-2.0156774916013407
7.0857142857142765
0
-0.21344717182496878
-4.919786096256675
2.6996625421822293
-2.5191675794085477
2.247191011235947
0
0
0
4.945054945054957
-4.712041884816765
10.10989010989011
0
-4.890219560878246
0
4.40713536201469
4.924623115577892
-7.183908045977012
4.953560371517033
-1.6715830875122903
5
0
0
4.761904761904762
0
3.2727272727272676
1.672535211267617
-6.147186147186154
4.7047970479704775
-0.17621145374448965
0
-0.26478375992938535
4.955752212389369
-9.443507588532876
0
-4.934823091247666
2.350636630754147
-0.0956937799043042
0
-4.9808429118773905
0.10080645161290108
-5.0352467270896275
0
4.984093319194068
2.4242424242424265
-7.199211045364895
0
-4.250797024442087
2.663706992230857
2.1621621621621543
-0.5291005291005179
5.531914893617016
4.838709677419359
0
4.8076923076923075
-2.293577981651376
-4.976525821596255
0
-4.940711462450594
4.469854469854486
0
0
-0.49751243781095233
-2.5
0
4.923076923076928
-0.2932551319648205
-2.156862745098028
0
4.909819639278559
4.584527220630359
-0.45662100456620036
4.954128440366964
-9.440559440559442
-0.19305019305018895
0
4.9323017408123775
-0.921658986175112
-4.9302325581395285
0
-1.6634050880626214
-1.4925373134328392
4.646464646464637
0.28957528957530054
