-3.509852216748779
2.042118698149341
-5.816135084427774
4.515272244355917
-0.5082592121982283
2.0434227330779167
-2.065081351689619
5.814696485622999
-5.4951690821256
2.8753993610223643
-0.7453416149068253
0.31289111389236546
-0.0623830318153604
0.8739076154806528
1.7945544554455481
-2.61398176291794
6.367041198501884
1.3497652582159523
-2.4898668210770025
0.7719714964370444
-1.5321154979375335
1.9748653500897735
-2.0539906103286385
0
-1.797483523067705
0
-0.06101281269066157
2.2588522588522517
-1.552238805970146
0.060642813826558103
0.5454545454545489
-1.0849909584086868
0.731261425959791
0.3024803387779794
-0.7840772014475339
0.7902735562310099
-1.0856453558504289
1.7682926829268328
1.4979029358897542
2.125147579693031
0.4046242774566408
1.3241220495106572
-1.7045454545454546
1.7341040462427746
-0.5113636363636396
0.5139920045688211
-1.7045454545454546
1.3294797687861337
0.9127210496292038
1.0175240248728
-2.12646894236149
-0.5145797598627819
0.4597701149425353
1.1441647597254003
-2.4321266968325856
0
-1.6811594202898583
0.5306603773584939
1.583577712609964
1.039260969976912
-1.7714285714285682
0
2.3851076207097117
0
0.7954545454545486
-0.05636978579481077
-2.0868584320361063
-1.497695852534559
1.4619883040935673
0.2881844380403458
-6.896551724137931
-3.024691358024695
1.1457670273711085
0.2517306482064227
-1.2554927809165097
1.0807374443738007
1.823899371069186
0.061766522544777214
0.1851851851851922
2.218114602587797
-0.8438818565400877
0.7902735562310099
-0.060313630880592724
0.18105009052505214
0.30120481927710846
1.261261261261258
-2.194543297746138
0
-1.212856276531231
0.06138735420503027
0.24539877300613847
-0.8567931456548382
1.481481481481485
1.6423357664233507
-0.5984440454817475
0.2408187838651449
-0.180180180180187
-1.083032490974719
0.8515815085158185
1.3268998793727314
1.4880952380952381
0.2932551319648094
-0.5847953216374269
4.588235294117654
-3.768278965129368
1.5780245470485197
-1.2658227848101362
2.4475524475524577
-2.1615472127417585
1.104651162790701
0.34502587694076725
0.744985673352442
-1.0238907849829415
-1.4367816091954022
0.23323615160350186
1.9197207678882973
-1.997716894977169
2.2714036109493336
-3.132118451025057
-0.05878894767783323
2.0000000000000036
0.6920415224913429
-0.4009163802978171
1.1500862564692351
-1.5349630471859108
0.4618937644341867
0.8045977011494285
-0.5701254275940707
-1.949541284403673
-0.5263157894736875
0.7054673721340489
-0.17513134851139017
-0.11695906432747873
1.814988290398123
-5.1178838412881
1.0909090909090977
-1.4388489208633126
0
-1.094890510948912
1.353013530135312
-2.1844660194174894
0.0620347394541084
0.8679479231245983
1.2292562999385372
0.18214936247723826
-0.12121212121211432
-0.9101941747572815
0.4286589099816219
-1.2195121951219512
2.1604938271604937
-1.5709969788519602
0.49109883364025964
1.4660965180207732
4.6959662853702655
-1.7251293847038527
1.5213575190169657
-1.6138328530259431
-1.581722319859396
1.0119047619047552
-0.9428403064230964
2.141582391433667
2.2714036109493336
-3.9293849658314386
0.05927682276231342
0.8293838862559106
2.173913043478271
-2.1851638872915533
1.1169900058788982
-1.4534883720930232
0
-1.1209439528023633
2.088305489260143
-1.3442431326709428
2.2511848341232126
-1.5643105446118126
0.4708652148322442
-1.6403046280023335
4.228707564026203
-3.3714285714285745
1.9515079834417572
-2.6682134570765625
1.0131108462455236
3.185840707964605
0.5717552887364208
0.227401932916433
0.28360748723766305
2.997737556561076
-0.16474464579900217
2.1452145214521328
1.1308562197092207
-1.544195953141643
-0.3785830178474943
-3.5287730727470143
0
0.5627462014631401
-1.5109121432568489
-0.39772727272726627
0.6274957216200766
-0.1700680272108908
0.05678591709255782
0.8513053348467651
-0.8441193021947102
0.9080590238365623
-1.743532058492701
1.3737836290784236
-0.9599096555618231
0.34207525655643917
2.840909090909091
-3.9779005524861817
-1.9562715765247443
1.76056338028169
1.7877739331026494
-0.3966005665722315
1.1376564277588168
-0.8998875140607552
2.1566401816118113
-3.1666666666666603
0.9179575444635653
-0.1705514496873288
-1.5375854214122942
2.949681897050315
-2.303370786516851
2.07015526164462
1.1267605633802817
-1.615598885793875
-0.22650056625141884
-0.7945516458569678
0.057208237986266765
-0.5145797598627819
0.28735632183908044
-0.6876790830945494
-0.28851702250432776
-0.40509259259260244
-0.9296920395119084
0.7038123167155359
-3.319743739079784
8.493975903614455
1.5546918378678576
-1.038819026790599
2.044198895027618
0.1082837033026622
-3.29908058409951
-0.8948545861297665
0.620767494356672
-1.1217049915872126
-1.3045944412932564
0.6321839080459738
2.341519131924611
-1.8415178571428477
1.1938601478112532
-2.640449438202241
0.05770340450086227
-0.8650519031141868
0.3490401396160525
-1.7391304347826086
0.4719764011799477
-0.4697592483852092
-1.9469026548672634
-0.36101083032490633
-4.287439613526566
5.804416403785482
-0.6559332140727456
2.701080432172869
1.6364699006429055
-1.1500862564692351
-0.40721349621874176
-1.1098130841121363
4.9025398700531495
-4.054054054054048
8.392018779342711
0.866269626421236
-0.1610305958132106
-2.5806451612903287
-0.6622516556291328
0.6666666666666603
1.4348785871964806
-1.9042437431991295
-1.6638935108153077
0.5640157924421884
-0.16825574873808824
0.11235955056179137
2.020202020202033
-2.530253025302543
3.103837471783296
-0.6568144499178921
1.6528925619834711
-2.3848238482384856
-0.05552470849527725
-0.16666666666667299
-1.1129660545353368
-0.056274620146310815
0
1.4639639639639608
-0.11098779134294598
-1.4444444444444413
1.3528748590755386
-1.3904338153503892
-0.4512126339537571
-0.33994334277620075
3.3541785105173427
-2.420242024202423
1.4656144306651602
0.055555555555552395
-1.7767906718489666
-0.39570378745054663
2.043132803632249
-3.2258064516129092
-1.1494252873563218
1.6279069767441927
-0.45766590389016665
1.8390804597701085
-1.185101580135437
-1.7704169046259248
-1.976744186046515
2.0166073546856498
2.209302325581402
-2.901023890784996
2.0503807850029294
-1.722158438576349
2.7453271028037483
-2.6151222285389393
0.40863981319322157
0.6976744186046445
0.4618937644341867
-1.9540229885057503
1.9343493552168882
-3.220241518113855
3.6838978015448536
-4.011461318051576
1.492537313432836
-2.5882352941176503
1.4492753623188441
-0.47619047619048294
0.4784688995215379
-1.0714285714285783
1.744885679903734
-1.9515079834417404
0.12062726176115116
-0.18072289156627191
2.29330114665058
-1.7699115044247788
0.4204204204204136
5.801435406698575
2.8264556246466928
-5.77240241891149
-0.35005834305717287
-1.756440281030445
0
-1.3110846245530494
2.053140096618361
-2.485207100591709
-0.4733009708737871
0.1341299841482739
1.059425231368717
-0.710929027593673
0.12135922330096396
1.1151515151515172
-0.02397506593142654
-0.9112709832134354
1.5246853823814195
-0.6555423122765331
2.5194961007798544
-2.621416032767711
2.0310058887153133
-2.520612485276797
-1.0391493475108742
0.45177045177043995
0.8873222316761931
-2.0120481927710863
-0.11066027296201084
-0.11078286558344314
1.4171287738755285
-2.017010935601454
1.3144841269841299
1.1750305997551942
-0.6169852407452104
-0.07303712720633265
2.2048970641978345
-3.134684147795005
2.608588655100289
-1.2111764000479734
0
0.38844379703812504
1.3301088270858457
-4.988066825775648
2.48681235870383
-2.6960784313725354
-0.44080604534006107
-1.366223908918404
1.3210209054764668
0.8860759493670922
0
1.7314930991217006
0.5180069067587589
-0.7239263803681023
1.0999876405883087
-0.5256723716381327
-0.4301339560034515
0.5924463095532017
0
-0.15950920245398215
0.036868624800296346
1.683046683046671
1.4860456687205559
-1.1071428571428652
-1.9983146743710085
1.879375998034641
0
-1.6035688449481533
-0.5391496140178872
2.377725760749036
0.7220216606498298
-1.0633213859020316
1.7992996014973974
-2.26571767497034
0.7403811142128892
0.3734939759036172
1.8965310286880306
-1.8965720343974548
1.4649375600384231
-1.2781065088757377
1.2347158954687139
-1.0065127294257057
1.0167464114832638
0.2605091770278258
3.3423880949568896
-3.7942857142857065
3.5875504870515513
-3.348623853211011
-1.518747033697201
0.09638554216867265
0.9870004814636584
-2.3361144219308794
1.4766902611667172
-0.3367408298256177
1.2911789549897346
-1.9895163211817986
-0.3038774766014343
-0.6339917093391807
2.4539877300613497
-1.269461077844314
0.5579815623483843
-0.37394451145959257
0.7991282237558985
-0.7447447447447502
-1.6700956069224198
0.9476923076923028
0.8778346744696403
-0.5801305293690957
-0.5592025285679649
0.46454767726162555
-0.2190313944998866
0.3902439024390161
0
-1.1540330417881302
-0.13518495760108076
-0.3568791533349818
1.1485735457576964
-0.5494505494505528
-0.5524861878453073
0.38271604938271886
0.7256180051654205
-0.1221001221001325
0.6601466992665114
-0.825844061209627
0
0.8082292432035226
-0.8381924198250702
0.7472742864143078
