-1.4965517241379342
-2.9615626969124103
-2.1212121212121278
3.199174406604754
-0.9928571428571493
5.035711709111911
-6.154268837145418
-2.283539486203619
2.3818440566249857
5.625868754115141
-3.5739022025211185
6.3065651486855305
-2.0202702702702764
2.0619267636714773
-0.8581081081081112
-1.8537449737613334
-0.40969377126587486
2.6356156742434775
-2.1059782608695654
1.5891741845940381
4.85688913177129
0.19543973941368079
-0.8192457737321137
1.8749180542808384
1.4157014157014156
1.5228426395939085
-3.7750000000000057
2.624058196934275
-2.1645569620253196
0.2717039720533087
0.9032258064516129
1.4066496163682864
4.823455233291299
1.1729323308270676
-3.900118906064204
0.9651076466221176
0.8578431372549019
1.4580801944106927
-2.9401197604790363
0.5614164970078295
-3.398773006134975
0.9780261653753393
2.7358490566037736
-3.15273951637588
4.4627054361567575
2.2631005688006836
-3.5207100591715976
0.33118675252990437
0.8924750901644298
-0.1514692517418964
-0.47330097087378364
4.859163516644315
7.698121983836261
0
-0.7072288506181456
1.6746411483253563
-2.5668449197860963
1.5367727771679474
-0.7567567567567568
0
1.2037037037036988
2.2549916581454226
-2.8263157894736866
2.7785300330390488
-2.4873524451939195
2.3508430609597926
-3.1733460055969234
2.5139055513142186
-2.2554391191020846
2.312925170068027
-2.4574468085106407
1.4287272330679488
-1.403225806451608
0.33262446153006753
-7.603260869565222
0.4646785483206924
0.9660421545667447
-0.05798782255726297
-0.9399477806788538
0.1581444385872457
6.233918128654966
2.278982714962022
-1.1356297093649037
0
-1.6331863465621426
0.060877746416509435
2.3008849557522075
0.665008650519041
6.504108706160369
-0.15128593040847202
12.510101010101002
1.3601472370606538
12.032772364924703
0.40320986678263326
1.4016299854324936
-0.06600660066005895
-5.388919107933805
-9.482156790275557
16.051175029489166
3.0258014073494954
3.2367003111482022
-0.025728672768030952
4.705882352941177
3.230337078651685
4.717687074829926
2.71218371390522
7.093162987793314
3.2334268418721392
-7.974828375286046
-3.950640308342656
-1.090579592893428
-3.723334642062563
1.8996805546115711
1.0038352509588098
3.955623060159816
3.986151696099606
0.974373071871471
4.997277512251189
-2.5064822817631804
-3.900709219858156
9.261992619926193
4.016098165034343
-8.60954030141509
-3.366195932143169
-1.4093137254901962
-3.663766314481047
-1.1064159220670213
3.0693456846500067
1.870312351656695
4.9984467225846565
0
0
-1.730820438474511
3.5707834045884237
1.3779069767441887
0.9347938292137382
-2.1875
2.523961661341856
-2.563812006005836
-1.4944467058207853
-0.7880755608028281
2.037902002201529
-6.895445798588838
-0.2286036388688874
5.238543628374139
2.538101345104235
2.3967422920302526
4.533575730030676
0.44565217391304596
4.999458933015899
0
2.957848088220143
-7.727727727727732
-0.08678672163158543
0.4234527687296392
2.713806898043034
-3.892105263157897
-89.85788998110677
-6.31749460043196
-2.0172910662824206
-2.9999999999999964
0.3941782898726535
4.56055572334641
2.2241478913922554
-7.064142413111049
0.9425357251444277
-5.873493975903615
-2.72
-2.171052631578955
-1.9502353732346855
7.064471879286681
1.2171684817424764
-1.9936708860759529
4.520503713270908
-2.687673772011118
2.2222222222222223
-5.186335403726704
4.782181460858161
0.18755861206627783
4.99219968798752
0
4.992570579494803
0
4.981602037928097
0
4.071178215152338
0.8808290155440356
1.6692347200821778
3.258398585501398
4.990215264187861
0
4.986020503261892
-9.49844651575677
-3.0652280529671407
-0.1264862130027827
-0.20263424518743955
5.1015228426396
-4.998792562183058
0
-4.982206405693942
0
-4.975922953451049
0
-4.983108108108105
0
-3.377777777777771
-0.9506286415210128
-0.6811145510835878
5.704488778054866
2.506635210852256
2.128883774453388
3.6619718309859155
-7.065217391304348
2.836257309941517
-3.7531987489337473
0.4431314623338257
-2.264705882352938
1.5347577490219577
-2.845287492590387
-2.3489932885906004
1.2808497344579712
0.5860579888957539
-1.9625881631401514
0.0938379730997846
1.374999999999993
-0.9247842170160296
-0.3422526446795165
-0.12488292226039154
-0.8752735229759159
0.9145380006307087
-0.7187500000000036
0.7239534151715491
0.06249999999999645
2.43597751405372
-3.3536585365853657
0.31545741324921134
-1.5094339622641546
0
-0.2873563218390732
1.248799231508158
-0.1265022137887341
2.374920835972134
-4.1138261676461525
0
-3.5483870967741935
1.0033444816053512
-0.8278145695364238
-1.1018363939899871
0.23632680621201507
0.37049511620074865
-1.442953020134232
1.4640789921688837
1.3758389261745043
1.2909632571995953
-4.57516339869281
-1.36986301369863
-3.2291666666666705
-3.013993541442403
-1.8128005919348997
-1.9216277317256845
7.030349596619289
4.953338119167248
-2.2571819425444484
0
4.968509447165846
3.2333333333333294
-0.2260251856635417
1.909385113268601
-3.8424896792632475
-1.849405548216652
0.03364737550471828
2.8590649175916583
-1.0137344669718844
-1.8830525272547038
0.4040404040404002
1.2407780013413778
-0.861212321960903
1.5703307718008648
-2.565789473684214
1.2829169480081066
-0.7999999999999924
-1.1760752688172043
1.9721183270996103
-1.100366788929628
-2.865812542144302
0
0.3471017007983339
2.0754064337599445
-2.541511352084039
0
-3.755215577190546
1.1560693641618456
-1.4285714285714286
-3.188405797101453
5.2395209580838324
0
-0.17780938833570414
-2.2800142500890552
-0.47393364928910364
-0.3663003663003663
-1.3235294117647143
1.2295081967213157
0.18402649981597352
1.1021307861866276
-1.7805232558139452
0
-4.994450610432852
-1.8691588785046773
-1.6269841269841248
1.7345703912868022
0.9516256938937374
0
-1.3354281225451712
2.707006369426756
-5.775193798449614
-1.3574660633484092
1.4595496246872393
1.767365392519516
-3.432956381260097
0.9201171058134743
9.034397016162456
-8.779931584948697
-0.16666666666666904
0
0.3338898163606058
0
2.4542429284525813
-0.9338205440519737
-2.172131147540988
-1.9271051529116023
-2.263989747970945
-1.00524475524476
-3.620309050772622
0.7787448465414515
1.9090909090909038
1.6057091882248096
-3.6874451273046556
0.27347310847766376
-2.0454545454545454
1.6241299303944317
-3.470319634703194
-0.5676442762535558
-1.5699333967649778
-0.3866602223296333
2.765647743813691
3.777148253068933
-1.774340309372159
1.8063918480778165
-4.003639672429486
-1.2796208530805633
2.4003840614498317
2.109704641350211
0.4591368227731864
0
-1.6453382084095167
0
-0.7899628252788051
2.9976580796252956
-3.4106412005457023
0
-0.800376647834283
-0.0474608448030348
2.2792022792022846
0.7428040854224671
-3.548387096774188
3.201146679407543
-3.194444444444447
1.2434241989478692
-4.487482286254133
0.8902077151335368
1.3235294117647003
0.1451378809869431
-0.966183574879227
2.926829268292683
-3.2701421800947896
1.8128368446839869
-3.849855630413859
2.1521521521521434
-0.39196472317490594
5.164781111657648
-4.02245088868102
1.3645224171540018
-2.2596153846153793
0.34431874077717095
-1.1764705882352968
-0.5952380952380896
-2.644710578842321
2.306509482316761
-2.9058116232464846
-0.10319917440661354
-4.235537190082639
-1.1326860841423918
6.219312602291313
4.6841294298921445
-0.1471886959081459
2.6926100628930767
7.636363636363641
-0.6934566145092471
2.193375111906896
3.355234340779674
-0.25428038650618506
1.9714479945615169
1.224999999999999
-2.692022721659666
1.6412859560067663
2.2140835691692997
-4.2589576547231305
0
-2.432593348643361
2.8681021706913143
-1.3728813559322073
2.5949475854957984
-1.5912897822445609
1.702127659574468
9.439330543933055
1.6592751185196417
6.754418954494185
3.5510462904248516
-0.9185548071034867
-0.013734377146003455
-6.188186813186807
1.3251336115381815
1.5317919075144542
2.1135781383432954
-3.3173043417659898
-3.3878757298349234
5.662911288517498
0.2683236830956047
-2.0422535211267645
-0.07189072609632949
-2.194244604316555
1.8756895917616856
-1.732851985559571
1.3960323291697323
-1.3768115942029027
1.3960323291697323
-2.8260869565217432
-0.8202833706189369
1.2406015037594027
1.745265503156327
-1.9343065693430699
1.5258652772608943
3.409090909090913
-0.7444168734491395
0.35714285714285715
-0.996441281138794
-1.4737598849748261
1.4958044509303048
-1.0424155283968286
-5.5575735561206
-2.461538461538464
0.9069400630914871
6.994919890582261
1.168736303871435
-3.17689530685921
-0.07457121551080859
-4.029850746268661
0
0.9331259720062342
-1.0015408320493153
0.38910505836575876
0
0.5038759689922525
1.8125723100655566
-2.007575757575762
-0.2705836876691104
-1.8604651162790742
0.15797788309636876
-4.298107255520507
1.7717346518335442
3.7651821862348225
1.4436207569254735
-1.461538461538466
-0.46838407494144757
-1.5294117647058847
