8.052884615384619
0.7786429365962053
-1.7660044150110314
4.943820224719108
-9.207708779443264
-0.943396226415091
5.9523809523809526
0
-4.269662921348312
-3.755868544600942
0
0
4.878048780487805
4.9999999999999964
0
1.7718715393134092
0
0
3.808487486398259
0
-1.6771488469601765
4.904051172707899
-8.739837398373993
-2.0044543429844066
-2.272727272727273
4.418604651162787
-6.458797327394207
5.0000000000000036
-3.0612244897959213
2.1052631578947336
-6.071019473081327
0
-1.2195121951219512
4.938271604938271
0
0
4.941176470588239
4.932735426008959
-0.4273504273504183
2.7896995708154444
-2.2964509394572055
-2.1367521367521367
2.183406113537118
0
0
-4.807692307692308
-0.11223344556677253
0
3.3707865168539324
-2.1739130434782608
-2.8888888888888826
-3.7757437070938344
6.0642092746730185
4.035874439461877
-4.094827586206893
-4.49438202247191
-0.47058823529412436
0
0
2.0094562647754173
-6.604866743916573
0
-1.240694789081886
4.522613065326644
-0.12019230769231794
4.572803850782204
-6.789413118527048
4.691358024691355
-0.23584905660377695
4.964539007092203
-3.6036036036036068
4.439252336448612
-6.711409395973154
-4.916067146282984
2.017654476670881
3.8318912237329963
-6.904761904761902
4.987212276214823
-7.429963459196096
3.0263157894736805
-4.853128991060022
2.0134228187919465
2.894736842105267
0
4.987212276214823
2.3142509135201044
2.6190476190476226
4.524361948955907
-3.88457269700333
3.926096997690538
-3.444444444444438
-4.4879171461450005
9.879518072289159
2.0833333333333237
-6.874328678839948
4.728950403690882
-3.7444933920704755
2.0594965675057173
-6.390134529147985
0
-2.395209580838323
0
4.785276073619639
-3.981264637002348
5.975609756097568
0.11507479861909586
-2.413793103448269
4.7114252061248525
-2.587176602924647
-2.5404157043879776
1.8957345971563913
2.09302325581395
-2.847380410022779
0
-2.3446658851113718
0
4.921968787515016
4.805491990846669
0.10917030567686521
-0.7633587786259572
-0.32967032967032656
-0.7717750826901906
2.333333333333327
2.4972855591748226
-5.402542372881364
0
0.6718924972004575
0
-2.2246941045606228
4.8919226393629085
0
1.3015184381778773
-4.817987152034261
0
0.1124859392575864
4.606741573033702
0.3222341568206352
0
4.925053533190572
4.693877551020402
0.29239766081872454
4.956268221574338
-7.407407407407407
-1.9000000000000057
7.033639143730893
4.190476190476196
-1.8281535648994514
4.28305400372439
0.3571428571428622
4.982206405693945
0
4.745762711864402
0.24271844660195097
4.923325262308309
0
5
-6.739926739926742
4.948939512961506
0
4.940119760479038
0
4.992867332382311
0
4.959239130434791
0
4.98381877022653
0
4.993834771886574
0
4.9911920140927775
0
4.977628635346743
-9.483217900905691
-4.944084755738673
0
-4.953560371517028
0
-4.951140065146576
0
-4.934886908841684
0
-4.974765681326589
7.359635811836106
0.4946996466431015
2.461322081575246
4.735758407687032
-5.766710353866306
-4.033379694019479
0.14492753623187582
-0.7959479015918918
-0.6564551422319517
4.258443465491933
-0.21126760563381083
3.8108680310515215
-4.826648538409242
-4.928571428571432
3.9819684447783708
-1.7341040462427786
1.0294117647058865
4.657933042212522
-2.7121001390820623
2.930664760543241
-3.125
-1.9354838709677338
0.36549707602339176
4.952658412235967
-4.233171408743924
-2.7536231884058053
0.8941877794336939
1.846381093057607
-0.6526468455402507
1.9708029197080208
-2.2906227630637
-4.98168498168499
0
4.6260601387818046
-3.758290346352244
-0.4594180704440998
2.3076923076923075
3.7593984962406015
-6.449275362318844
-2.0914020139426714
2.84810126582278
0
-2.8461538461538485
4.35471100554237
-1.820940819423373
-4.868624420401863
5.605199025182783
4.923076923076928
-7.844574780058652
3.4208432776451847
0.9230769230769144
4.954268292682928
-3.2679738562091507
2.1021021021021107
-5.661764705882344
2.8838659392049792
-0.833333333333329
3.7433155080213947
-8.394698085419737
4.260450160771691
0.693909020817275
4.134762633996941
-7.647058823529415
-1.194267515923567
2.981466559226433
4.851330203442881
-2.3134328358208913
3.8961038961038916
-5.661764705882344
-0.07794232268123362
0.6240249609984488
0
-4.49612403100775
2.2727272727272703
-6.984126984126982
0.17064846416382495
-2.1294718909710393
-3.0461270670147953
3.141831238779174
-4.1775456919060145
4.722979109900093
3.209019947961841
-4.0336134453781485
0
1.5761821366024493
-0.7758620689655221
3.388357949609041
4.9579831932773155
0
0
4.643714971977568
4.361132364192821
-8.43108504398827
4.8839071257005555
0.07633587786259108
0
-3.051106025934401
4.956726986624714
-5.622188905547226
4.924543288324058
-0.3785011355034065
-1.5957446808510596
-2.3166023166023164
4.980237154150206
-6.475903614457837
4.9919484702093415
-1.9171779141104293
-4.925723221266623
4.440789473684215
1.4173228346456783
-2.2515527950310603
2.70055599682288
-1.1600928074246049
4.538341158059466
-3.2185628742514845
-0.07733952049499052
-0.30959752321979667
4.968944099378864
-5.399408284023656
4.300234558248632
-3.4482758620689613
2.484472049689432
-5.3787878787878745
4.083266613290628
-1.9999999999999956
0
-4.945054945054954
-1.9818331957060211
1.4321819713563628
4.983388704318936
0
3.6392405063291093
-2.2900763358778624
2.734375
-1.9011406844106464
1.8604651162790742
-3.5007610350076166
0
1.6561514195583664
0
-1.7067494181536096
-0.07892659826362157
-1.2638230647709277
-0.8
0.080645161290318
4.995970991136194
-0.4604758250192039
4.857363145720903
0
0
5.000000000000008
4.481792717086819
0.469168900804301
4.936624416277522
0
4.767959313413859
0.18203883495144596
4.966686856450647
-0.3462204270052064
1.8529241459177865
-6.7083570210346855
-4.996953077391828
0
-4.939063502245039
0
-0.472334682860991
-4.5423728813559245
4.971590909090908
-7.848443843031138
-0.44052863436122935
3.333333333333341
4.910077076791318
0.08163265306122758
4.948341489940185
0.038860103626944476
4.959212741162758
-1.505057981741918
4.997494989979954
0
4.998210664439935
0
4.998863894569423
-0.6275697900887235
0
-4.96515679442509
0
-1.2030247479376686
-0.3826974370868587
2.211874272409769
-4.897494305239177
10.407185628742512
4.653433127237235
0.2798507462686526
0
4.992248062015502
4.843473124630835
0.14084507042254055
4.997655883731831
-0.07144132880871432
4.995531724754234
0
4.996169886798881
-0.251297016861221
4.75416497358798
-9.309542280837858
-4.99572284003422
0
-4.997298757428415
10.52032982655672
4.999571220307004
0
4.990199281280638
0
4.978607545702043
-5.742867728788431
3.773584905660375
-7.007575757575758
-1.5478615071283142
5.006206040546141
0.07880220646177645
-4.566929133858266
4.744224422442244
-4.293028751476961
2.880658436213992
-7.360000000000002
0
-3.3246977547495633
-0.8485931219294353
-4.144144144144139
-0.37593984962406546
-4.622641509433968
0
-4.995054401582589
-1.9781363872982733
7.116303770578851
4.065443728309379
0.8575512148642129
4.959848842701937
0
4.365436543654373
0.6037084950409684
4.543506215173594
-5.45305453054531
2.3417172593235063
-6.610169491525422
-0.18148820326679024
-4.227272727272733
4.318936877076423
-7.006369426751594
1.7123287671232876
-6.349206349206358
4.725218284540327
-1.1280039234919133
4.117063492063497
-2.7155788470700415
3.81978452497552
-3.7735849056603774
-1.9607843137254901
-1.6500000000000057
3.6603965429588294
-3.8744482589504687
0
0.8673469387755044
0
-4.957005563985828
-4.9494411921234756
0
-4.983202687569992
0
0
-4.949911608721259
0
-4.9597024178549285
2.609262883235486
-7.3744437380801156
-0.5490734385723974
-4.416839199447899
-4.909747292418781
-0.0759301442672698
-4.255319148936166
9.6031746031746
4.996379435191894
0
4.9655172413793025
0
4.993429697766112
0
4.94367959949936
0
4.94931425163984
0.04545454545455256
4.997728305315755
0
