2.633814783347498
-4.96688741721854
7.752613240418108
2.5060630557801176
-4.5741324921135655
-2.727272727272728
1.9541206457094344
4.166666666666667
-1.6800000000000068
4.963384865744518
-4.5736434108527115
4.955320877335494
-4.411764705882355
3.2388663967611366
1.6470588235294183
4.938271604938262
0
-3.60294117647059
6.788710907704047
1.9999999999999953
-0.5602240896358549
2.957746478873239
1.3679890560875587
1.2145748987854232
-3.4666666666666637
1.8646408839778976
0.06779661016949008
2.3035230352303513
-0.993377483443711
0.33444816053512183
4.599999999999996
1.9757807520713864
2.937499999999993
4.553734061930784
-0.17421602787455046
4.363001745200698
-8.807134894091424
3.5452322738386424
-3.6009445100354363
0.7348438456827986
-5.592705167173253
-4.571796522858977
3.2388663967611366
-4.901960784313725
3.1615120274914026
2.2651565622918044
-1.6286644951140066
0.6622516556291367
-4.934210526315789
-1.7301038062283738
-1.1971830985915488
0.14255167498219068
0.9252669039145837
-3.737658674188994
0
1.0989010989011014
0
0.36231884057970243
0.14440433212996082
-4.830569574621485
5.151515151515163
3.7463976945244926
-1.3888888888888962
4.929577464788741
-3.3557046979865772
3.541666666666665
-6.103286384976527
4.928571428571424
-4.016337644656228
0
-0.8510638297872285
0.14306151645207132
0.571428571428572
-3.764204545454541
4.059040590405896
-3.829787234042547
3.2448377581120904
4.999999999999995
-9.251700680272105
2.023988005996998
2.8655400440852357
2.142857142857148
-1.818181818181829
4.700854700854702
-1.3605442176870701
4.068965517241378
-1.1928429423459226
3.9570757880617027
-8.580645161290322
0
-0.5645730416372623
-2.058197303051804
-0.7246376811594305
4.963503649635047
-8.066759388038944
4.992435703479577
0
4.971181556195961
-0.34317089910776055
4.958677685950417
0
4.986876640419945
0
5.000000000000004
0
3.5714285714285587
1.1494252873563382
4.261363636363636
-3.8147138964577807
-3.682719546742202
5.882352941176471
4.166666666666667
0.7999999999999924
4.761904761904773
0
4.797979797979794
0
4.819277108433735
0
4.827586206896555
0
4.8245614035087625
0
3.1380753138075317
-7.707910750507094
-2.857142857142851
-2.036199095022637
-3.9260969976905216
-0.9615384615384581
-3.398058252427198
-1.507537688442197
-4.8469387755102185
0
-2.144772117962459
-2.73972602739726
-4.788732394366205
2.071005917159772
4.057971014492749
-0.8356545961002707
3.932584269662917
-4.324324324324328
3.1073446327683656
-7.671232876712321
-4.451038575667655
7.4534161490683175
3.757225433526003
-3.621169916434533
-3.179190751445091
5.671641791044772
3.3898305084745846
-0.27322404371585085
-4.931506849315061
10.374639769452433
0
-0.7832898172323686
-4.9999999999999964
7.202216066481998
2.8423772609818974
-7.5376884422110555
-1.9021739130434667
-0.5540166204986228
-4.456824512534823
6.705539358600596
4.371584699453556
-8.638743455497394
3.1518624641833854
-2.499999999999996
2.56410256410256
-5.277777777777774
0.8797653958944198
-5.232558139534875
3.9877300613496844
-6.784660766961644
4.746835443037974
-7.25075528700907
-4.560260586319214
8.873720136518763
4.075235109717882
0.6024096385542039
4.790419161676652
-8.857142857142861
4.702194357366771
-0.8982035928143628
4.8338368580060465
-7.780979827089345
5.000000000000004
-2.6785714285714244
3.9755351681957096
-5.588235294117643
0
2.180685358255438
4.268292682926847
-6.432748538011704
-1.8750000000000044
1.9108280254777117
0
4.062499999999991
4.504504504504505
-0.2873563218390641
4.899135446685866
-2.19780219780219
2.247191011235947
-6.868131868131869
-4.424778761061947
1.2345679012345636
3.6585365853658627
0
-4.705882352941181
5.864197530864193
2.0408163265306207
-2.857142857142857
4.705882352941181
-8.707865168539328
2.1538461538461626
-5.120481927710851
3.4920634920634965
1.2269938650306704
3.9393939393939306
-7.2886297376093205
-2.5157232704402537
-1.9354838709677464
1.9736842105263206
2.903225806451608
-3.134796238244514
-1.6181229773462784
0
-3.618421052631572
-1.0238907849829375
4.827586206896547
4.605263157894744
-4.402515723270447
-3.9473684210526296
3.4246575342465753
2.980132450331133
-0.9646302250803881
-4.545454545454553
2.040816326530617
-5
6.666666666666662
-3.618421052631572
0.34129692832763775
4.421768707482995
-4.234527687296419
-4.761904761904757
6.428571428571431
0
0
2.013422818791939
-6.578947368421053
3.16901408450705
-3.7542662116041003
4.964539007092207
0
3.0405405405405355
-7.540983606557379
4.964539007092207
-9.459459459459461
0
-4.850746268656718
-4.705882352941174
5.349794238683129
3.124999999999989
-1.1363636363636256
4.980842911877383
-5.109489051094886
0
-1.9230769230769231
-0.7843137254901933
3.162055335968382
1.9157088122605364
-1.2030075187969935
3.8812785388127837
-8.205128205128212
4.469273743016764
-8.938120702826586
2.3489932885905986
2.0491803278688527
2.0080321285140563
2.834645669291348
4.977029096477796
-2.2611232676878226
2.3134328358208993
-5.105762217359599
4.919292851652579
-0.5860805860805866
0.07369196757553269
-4.9337260677466865
-0.07745933384972724
-0.7751937984496097
-5.000000000000004
6.249999999999997
3.7151702786377743
-8.358208955223887
4.560260586319223
0.1557632398753861
-4.743390357698285
-0.24489795918366825
2.4549918166939353
-5.830670926517575
4.919423240033928
-4.1228779304769585
4.806070826306916
-5.872888173773133
-3.4188034188034067
6.106194690265482
-4.920767306088406
0
4.8245614035087625
-2.092050209205021
2.4786324786324867
-5.5045871559633035
4.942630185348636
0
4.962153069806559
-6.570512820512823
-2.658662092624361
5.638766519823793
4.920767306088406
-5.325914149443562
9.06801007556675
-11.085450346420318
4.329004329004329
-1.7427385892116252
4.5608108108108185
-6.623586429725365
4.9307958477508675
-1.1541632316570531
4.5871559633027434
-10.127591706539071
-9.405501330967159
4.7992164544564
-4.205607476635508
-6.04878048780487
7.995846313603318
-12.019230769230768
3.278688524590152
-7.830687830687815
2.1814006888633695
-0.2247191011235907
-3.153153153153166
1.1627906976744145
4.942528735632202
-4.928806133625422
0
-4.953917050691241
0
-4.9696969696969715
-4.974489795918363
0
-4.966442953020136
0
-4.943502824858752
0
0
-0.44576523031203935
4.328358208955224
-7.4391988555078745
4.94590417310665
-2.3564064801178226
-3.921568627450977
9.262166405023546
4.885057471264366
0
4.931506849315072
0
4.960835509138368
-8.208955223880588
0
-4.878048780487809
0
2.5641025641025728
1.249999999999998
-6.172839506172841
-4.385964912280699
-0.6116207951070342
4.307692307692312
-0.4424778761061983
3.7037037037037037
-0.4285714285714321
0
-0.5738880918220952
2.5974025974026063
2.2503516174402143
0
-2.613480055020626
-1.836158192090394
-2.446043165467625
-4.572271386430685
0
-4.945904173106637
10.081300813008117
1.9202363367799231
2.8985507246376705
4.929577464788741
-3.3557046979865772
-4.166666666666664
9.565217391304337
4.894179894179897
0
4.918032786885253
-8.774038461538467
9.486166007905146
0.36101083032490205
9.952038369304557
0
4.907306434023983
-3.95010395010394
-1.5151515151515214
0.5494505494505573
1.092896174863384
-0.43243243243242324
-2.280130293159618
-1.5555555555555618
1.4672686230248395
-6.3403781979977785
0
4.988123515439429
1.8099547511312233
2.666666666666669
2.2727272727272627
-7.08994708994709
3.530751708428252
-5.390539053905393
4.651162790697679
-1.2222222222222159
2.9246344206974104
-2.841530054644806
4.611923509561306
-8.602150537634415
-4.941176470588235
9.158415841584162
2.0408163265306087
-3.999999999999994
4.745370370370372
-2.762430939226519
0.4545454545454448
-2.941176470588233
0
-0.8158508158508192
-4.935370152761457
9.394313967861555
0
4.406779661016956
0
-0.21645021645021184
0.8676789587852501
-2.7956989247311994
2.876106194690283
-5.913978494623663
-4.914285714285711
7.0913461538461515
0
4.82603815937149
0
-2.676659528907923
-1.5401540154015465
-3.4636871508379747
-4.86111111111111
8.272506082725057
1.6853932584269702
-4.9723756906077465
-1.627906976744172
2.718676122931426
0
1.9562715765247405
-4.966139954853268
10.451306413301673
0
-4.516129032258063
4.617117117117099
-7.212055974165771
3.2482598607888766
1.6853932584269702
-1.9889502762431102
7.102593010146571
