-2.2916666666666696
4.477611940298511
-8.979591836734691
-2.0179372197309386
2.9748283752860343
0
-1.3333333333333366
-4.954954954954945
8.056872037914689
2.1929824561403506
-3.004291845493559
3.0973451327433597
-4.506437768240346
4.943820224719108
-2.355460385438975
-4.824561403508778
5.529953917050688
-0.4366812227074143
0
4.60526315789474
-4.612159329140467
-4.835164835164841
2.7713625866050875
3.3707865168539324
-6.086956521739125
0.4629629629629531
0.46082949308756416
4.816513761467893
0
4.814004376367605
0
0
4.592901878914411
-0.19960079840319644
0.20000000000000284
1.996007984031936
-4.1095890410958935
2.857142857142854
-7.341269841269832
4.925053533190572
-3.4693877551020464
1.4799154334038116
3.333333333333336
0.8064516129032229
-0.20000000000000284
2.0040080160320644
-5.697445972495086
-1.8749999999999971
1.910828025477704
4.999999999999997
-9.325396825396817
4.59518599562362
-6.903765690376564
3.146067415730334
-1.9607843137254872
4.66666666666667
0.21231422505308156
4.872881355932197
-5.858585858585856
4.7210300429184455
-5.94262295081967
-1.9607843137254872
5.1111111111111045
-2.7484143763213473
0.652173913043472
3.455723542116634
-1.0438413361169103
0.6329113924050723
0.6289308176100569
-4.791666666666661
9.190371991247254
-3.807615230460919
4.166666666666667
3.799999999999997
-3.8535645472061657
3.006012024048096
1.7509727626459117
1.3384321223709423
-2.2641509433962317
3.4749034749034835
-1.3059701492537366
-4.158790170132317
3.1558185404339136
-1.9120458891013385
-0.9746588693957116
-2.1653543307086505
-1.4084507042253578
2.0408163265306123
-1.5999999999999943
-3.252032520325206
3.991596638655459
2.0202020202020203
-0.7920792079207892
1.996007984031936
0.9784735812133072
4.651162790697671
-3.7037037037037037
2.115384615384618
-2.8248587570621466
-2.9069767441860463
1.7964071856287396
-3.9215686274509802
2.0408163265306123
0
2.799999999999997
0.9727626459143969
-2.6974951830443135
2.7722772277227694
-6.936416184971101
-1.8633540372670778
0.8438818565400814
3.765690376569047
-0.4032258064516186
-1.8218623481781349
1.0309278350515463
1.8367346938775482
-0.20040080160320928
2.0080321285140563
-2.755905511811021
-3.0364372469635628
2.2964509394572055
-3.061224489795918
3.1578947368421053
-1.8367346938775482
-0.20790020790021085
-1.0416666666666667
2.5263157894736903
2.258726899383972
-3.212851405622479
2.4896265560165887
1.4170040485830018
4.590818363273447
-5.5343511450381655
-3.8383838383838356
2.9411764705882324
-0.816326530612242
-0.4115226337448618
1.0330578512396695
-3.4764826175869032
0
-0.423728813559328
3.6170212765957506
-1.437371663244359
1.8749999999999971
-1.8404907975460094
0
3.5416666666666727
4.2253521126760445
-4.440154440154435
1.0101010101010102
0.5999999999999943
2.9821073558648115
1.3513513513513569
0
4.952380952380954
4.900181488203258
-4.152249134948095
4.873646209386287
-3.786574870912225
4.6511627906976765
-5.982905982905983
0.9090909090909091
2.342342342342337
-1.9366197183098492
4.308797127468579
3.098106712564539
-4.841402337228713
-1.7543859649122806
0.8928571428571429
2.477876106194688
-3.972366148531947
4.136690647482009
-7.426597582037992
0
2.61194029850746
0
-0.3636363636363688
2.0072992700729952
-1.610017889087654
0
-0.9090909090909091
-0.5504587155963251
-0.7380073800738112
-0.3717472118959029
-0.37313432835821425
-0.18726591760299893
-2.439024390243897
1.730769230769228
-2.4574669187145504
1.3565891472868135
-2.294455066921598
2.348336594911929
-0.9560229445506693
0.1930501930501958
2.119460500963394
1.6981132075471672
-1.113172541743973
4.690431519699812
-0.7168458781361982
-4.873646209386274
1.3282732447817756
1.1235955056179803
-0.7407407407407381
0
-2.798507462686567
-0.19193857965451327
-4.423076923076918
2.4144869215291664
-1.7681728880157144
5
0
0
2.857142857142857
4.62962962962963
-2.6548672566371683
4.727272727272729
-7.118055555555557
4.859813084112152
0
4.812834224598922
-0.8503401360544218
-3.2590051457975964
-1.773049645390071
4.512635379061372
-2.5906735751295336
2.1276595744680904
-6.59722222222223
0.18587360594795804
-0.37105751391464886
2.979515828677829
-3.0741410488245857
0.7462686567164153
-5.555555555555555
0
0.7843137254901933
0.7782101167315147
-3.088803088803078
3.3864541832669235
-6.358381502890168
-1.851851851851849
6.4989517819706375
2.952755905511811
-4.0152963671128
-0.99601593625498
1.8108651911468783
0.395256916996039
-4.1338582677165245
0
-0.821355236139642
2.898550724637693
-4.426559356136827
1.2631578947368451
3.5343035343035254
4.216867469879521
-1.734104046242772
0
-4.901960784313726
-4.742268041237107
-0.2164502164502195
-4.3383947939262475
8.390022675736951
4.602510460251052
-1.7999999999999972
1.62932790224032
-1.4028056112224363
0.6097560975609698
0.4040404040404098
0.4024144869215206
-3.807615230460919
2.916666666666664
1.4170040485830018
3.592814371257479
-1.5414258188824608
-3.9138943248532287
4.480651731160887
-2.5341130604288447
1
2.376237623762382
-3.0947775628626717
4.590818363273447
-7.0610687022900676
-1.0266940451745379
1.867219917012445
3.2586558044806546
-0.5917159763313693
2.777777777777775
-7.335907335907331
3.125
1.0101010101010102
3.5999999999999943
-4.2471042471042395
2.0161290322580645
-1.5810276679841981
0.20080321285140848
-1.6032064128256456
-1.6293279022403344
0.4140786749482461
1.8556701030927805
0.20242914979757373
0.6060606060606003
-3.0120481927710845
-1.8633540372670778
4.430379746835446
4.848484848484846
-6.74373795761079
2.8925619834710714
-4.016064257028113
0
3.3472803347280364
0
0.40485829959514746
0
-2.4193548387096833
-1.0330578512396695
2.9227557411273457
0
-1.6227180527383311
0.618556701030922
-1.8442622950819645
2.2964509394572055
-2.0408163265306123
0
-1.6666666666666607
2.966101694915251
-1.2345679012345707
0
3.9583333333333304
-4.609218436873742
2.100840336134454
2.469135802469127
1.6064257028112536
0
-4.940711462450593
1.4553014553014465
3.483606557377055
2.7722772277227694
-0.7707129094412304
-4.660194174757279
0.20366598778004363
-0.40650406504065617
-1.4285714285714344
0.20703933747412304
-0.8264462809917327
2.0833333333333335
0.20408163265306412
0.4073319755600728
1.0141987829614605
0
-4.819277108433733
2.531645569620259
-5.349794238683129
-1.7391304347826024
1.4601769911504348
0
-0.4361098996947293
-0.3504161191414731
-1.9340659340659396
2.599731062303908
-3.451288772389686
1.5837104072398092
1.6035634743875253
1.9728189390618276
-0.3009458297506461
-2.759810263044418
1.7294900221729514
-3.6617262423714028
-0.4524886877828118
1.1363636363636365
-1.1235955056179776
0
-4.545454545454546
2.1428571428571397
-0.37296037296036505
2.246139447824054
-3.6613272311212843
-1.425178147268412
-1.0120481927710885
-0.09737098344693074
0.8284600389863631
3.8666022232962645
-3.676128431828754
3.236714975845419
-2.6672905942910634
3.269230769230768
0.5586592178770996
-4.861111111111114
4.5742092457420815
0
-4.979060027919948
-0.048971596474052706
0.048995590396871944
2.5465230166503403
-0.28653295128940914
1.772030651341001
1.0352941176470534
-2.14252445272472
2.7129938124702364
-2.4559777571825654
6.413301662707828
4.6875000000000036
-8.955223880597005
4.918032786885232
-1.7857142857142796
2.22727272727272
-6.002667852378825
3.5477767265846736
-0.41114664230242054
-0.36697247706422864
4.696132596685081
1.0993843447669307
-5.828621139625925
2.9561200923787556
-1.3010318528488074
-4.499999999999993
6.901475487862919
-2.0480854853072166
-2.0454545454545423
-0.2320185614849221
2.139534883720934
-2.094717668488164
-1.860465116279063
0
3.6492890995260643
0.5486968449931295
-4.32014552069122
0.04752851711027359
4.038004750593814
2.2831050228310503
-1.7857142857142796
-2.500000000000003
-1.5850815850815845
3.6949313121743304
-0.5481955230698995
-4.409738171796054
0.09610764055742227
1.104176668266925
2.469135802469134
0.7877664504170608
1.1494252873563218
-2.500000000000003
1.1655011655011656
0
3.087557603686644
0
-1.6540008940545416
1.3636363636363669
-1.4798206278026989
-3.504779244424213
1.650943396226422
-1.8561484918793603
5.106382978723413
0
-2.4291497975708465
1.3831258644536522
-3.001364256480219
2.4847632442569205
-0.4117108874656901
-4.869085898024799
10.091743119266054
-1.3157894736842135
5.866666666666668
0.3358522250209836
4.644351464435159
0.35985605757696865
1.7529880478087558
1.8010963194988288
0
2.4999999999999947
-2.6266416510318926
