0
-2.33918128654972
-2.6946107784431095
-4.923076923076928
5.501618122977356
3.9877300613496844
0.5899705014749347
-3.812316715542534
0.9146341463414764
4.229607250755283
-0.28985507246377223
2.034883720930241
-2.849002849002849
-0.29325513196481356
-1.17647058823529
-0.5952380952381037
0
2.9940119760479043
-3.4883720930232434
-0.6024096385542254
5.454545454545446
0.5747126436781691
-4.285714285714286
0
0.2985074626865714
4.1666666666666625
-8.571428571428571
0
-0.6249999999999978
2.8301886792452895
-3.66972477064221
2.222222222222231
-6.832298136645971
2.000000000000005
-6.86274509803922
0
-3.1578947368421004
2.173913043478253
1.773049645390071
0
0.6968641114982553
4.498269896193774
-4.966887417218543
-1.7421602787456447
1.0638297872340452
4.561403508771932
-5.704697986577179
4.626334519572944
-5.1020408163265305
3.5842293906810037
-3.114186851211068
4.285714285714283
-4.109589041095888
-2.142857142857148
1.0948905109489078
-1.0830324909747318
-3.6496350364963503
2.2727272727272783
-7.037037037037032
1.99203187250996
2.734374999999997
4.9429657794676825
-0.43478260869565577
4.9490538573507985
-8.391123439667123
2.043906131718392
2.596439169139463
4.410701373825014
-5.263157894736841
1.9736842105263128
-0.5734767025089611
-1.5861571737563005
-2.417582417582418
1.2012012012012023
3.7091988130563798
4.864091559370527
-2.1828103683492515
4.253835425383539
-4.615384615384611
0.35063113604488577
-2.375960866526903
-3.937007874015753
0.2235469448584155
-3.1226765799256504
1.53491941673063
0.30234315948601015
0.07535795026375122
3.91566265060242
-5.434782608695652
-3.8314176245210727
2.3904382470119434
3.8132295719844373
-1.124437781109448
1.9711902956785428
-2.5278810408921926
-0.07627765064835841
-0.2290076335877814
-1.6832440703902114
1.5564202334630433
1.9157088122605364
-0.7518796992481309
-1.5151515151515098
2.3846153846153886
-3.8317054845980447
5.0781249999999885
3.940520446096663
1.001430615164512
4.957507082152983
0
3.7786774628879924
1.1703511053315976
4.948586118251913
0
4.960195958358863
-4.025670945157533
2.127659574468094
2.797619047619041
2.200347423277354
-5.949008498583554
2.3493975903614275
-5.5326662742789745
2.4922118380062215
-3.0395136778115504
4.9529780564263275
-4.480286738351245
0.0625390869293295
-3.125
0
-3.225806451612903
-1.3333333333333286
1.8243243243243215
-0.46449900464499194
-1.3333333333333286
2.3648648648648622
0.1320132013201292
2.1753460777851026
-6.709677419354834
3.2503457814661054
-5.090421969189549
0
0.07057163020465622
4.724964739069112
-4.713804713804709
4.52296819787985
-2.839756592292089
2.9923451635351532
-5.472972972972976
0.4288777698356004
0.2135231316725933
3.3380681818181865
-2.9553264604811096
0
-2.407932011331444
2.6850507982583527
0.49469964664311156
0.5625879043600567
-2.587412587412594
-2.010050251256277
1.2454212454212448
1.230101302460202
-3.9313795568263097
4.09226190476191
-4.431736954967842
2.0194465220643334
6.524926686217
1.1011699931176886
-4.356705241660986
-4.982206405693958
2.846441947565549
1.9664967225054593
-3.5714285714285716
-1.4814814814814763
3.7593984962406015
0
3.260869565217386
0.7017543859649098
-4.459930313588842
0.07293946024799261
2.0408163265306074
0
-0.8571428571428515
0
-0.8645533141210446
-1.8895348837209287
1.9259259259259243
1.8168604651162792
-0.5710206995003574
-5.958363244795406
5.0381679389312986
1.67151162790698
-1.2151536812008572
1.0853835021707696
-1.5748031496063037
1.745454545454547
-1.501072194424595
1.233671988388969
-3.4408602150537537
0
1.0393466963622775
4.555473916238068
-7.308503162333105
1.0614101592115281
0.3750937734433662
3.8863976083706993
-4.676258992805757
2.9433962264150986
-4.178885630498535
2.142310635042076
-2.3220973782771575
4.677914110429457
-4.615384615384621
3.302611367127494
-2.453531598513012
-0.15243902439024065
-1.0687022900763268
1.0030864197530787
-2.521008403361345
1.0971786833855843
2.480620155038762
1.8910741301059
-3.8604305864885027
2.316602316602322
-3.7735849056603774
0
1.9607843137254901
-1.538461538461533
1.4062499999999978
-4.3143297380585555
6.19967793880837
1.5921152388172923
0
2.014925373134325
-2.99926847110461
-0.4524886877828092
1.2878787878787874
1.3462976813762266
0.5166051660516495
-0.14684287812040803
-4.117647058823533
0.07668711656442917
0.7662835249042118
-0.30418250950571046
0.5339435545385224
-0.8345978755690397
1.7597551644988556
2.2556390977443526
-2.426470588235295
1.130369253956295
-2.682563338301039
3.3690658499234263
-3.629629629629631
2.9976940814757924
-2.4626865671641798
2.371843917368022
-3.7369207772795217
-2.950310559006217
0.9599999999999937
-4.04120443740095
-2.3947151114781104
0.6768189509306266
1.428571428571428
6.379453189726592
-5.685358255451717
1.98183319570603
-0.24291497975707985
-3.4090909090909083
3.3613445378151288
4.552845528455274
-1.555209953343696
-0.4739336492891035
1.825396825396829
4.130943102104438
-3.443113772455083
-3.488372093023264
1.2851405622489973
-3.8858049167327535
2.31023102310232
3.06451612903225
-0.8607198748043774
0.39463299131807983
-0.9433962264151021
2.301587301587309
-1.2412723041117155
-1.806755695208173
-0.1599999999999966
-1.041666666666673
3.4817813765182164
-0.6259780907668238
0.23622047244095384
2.906520031421832
-3.6641221374045836
4.358161648177502
-3.189066059225512
1.5686274509803866
-2.1621621621621574
-1.973164956590371
0.402576489533017
3.448275862068963
15.968992248062019
2.2727272727272716
-4.640522875816999
0.06854009595613288
-2.5342465753424603
0
2.810962754743502
2.460697197539299
-6.737825216811205
3.648068669527895
1.656314699792962
3.190767141887297
0.9868421052631603
4.234527687296419
-9.375
1.3793103448275814
-3.4013605442176873
-0.35211267605633056
0.7067137809187254
1.0526315789473708
0.3472222222222148
7.266435986159175
-7.096774193548385
0
-3.4722222222222223
-1.438848920863317
-0.7299270072992675
0
-3.3088235294117596
-4.182509505703427
4.365079365079371
0.7604562737642558
-3.0188679245283048
3.5019455252918372
1.5037593984962352
3.333333333333328
-3.5842293906810037
2.973977695167289
-5.776173285198548
-0.3831417624521127
0.3846153846153901
0
-0.7662835249042254
-1.544401544401539
0
5.882352941176471
-2.2222222222222276
2.6515151515151625
-4.797047970479706
-3.488372093023264
7.228915662650605
0
-2.2471910112359472
1.9157088122605364
-1.5789473684210589
-0.5347593582887722
-0.3072196620583652
0.07704160246532964
3.3872209391839836
0.5212211466865249
-4.370370370370369
-0.8520526723470134
1.0156249999999922
3.6349574632637327
-3.7313432835820897
0
-1.6279069767441927
4.018912529550826
-4.84848484848484
1.1146496815286528
-2.992125984251961
3.490259740259738
-3.9999999999999982
-5.964052287581703
6.689834926151169
1.7915309446254124
-4.799999999999997
2.857142857142856
-7.271241830065364
1.233480176211459
2.349869451697124
-0.5102040816326573
1.7094017094017186
0.5042016806722731
-0.41806020066890226
-0.0839630562552459
-1.8487394957983248
2.226027397260272
-10.217755443886087
4.850746268656712
-8.896797153024911
8.691406250000005
-4.582210242587615
0.09416195856875295
1.0348071495766644
2.420856610800743
4.18181818181819
2.4432809773123854
-0.1703577512776795
1.4505119453924908
-2.3549201009251566
-1.8087855297157545
-3.5087719298245643
3.5454545454545507
-7.199297629499563
0.2838221381267678
-3.773584905660381
6.176470588235302
6.371191135734067
3.298611111111118
-3.3613445378151288
2.6086956521739193
-1.3559322033898316
-1.4604810996563566
-1.9180470793374074
3.111111111111108
-3.275862068965509
-0.17825311942960204
1.5178571428571423
-0.17590149516270515
-1.4977973568281933
0
-0.35778175313058275
0.0897666068222602
2.9596412556053817
0.17421602787456075
-1.217391304347831
2.1126760563380302
-2.672413793103453
-4.782993799822845
4.744186046511626
-1.8650088809946632
0.3619909502262366
-1.8935978358881793
5.422794117647057
1.9180470793373918
-3.3361847733105114
2.2123893805309733
-0.17316017316018484
-0.7805724197745001
0.08741258741258555
-0.5240174672488972
-0.17559262510975723
0
1.1433597185576148
0
0
8.521739130434787
-3.926282051282053
1.6680567139282676
-2.0508613617719442
2.17755443886097
17.37704918032788
7.541899441340782
5.3896103896103895
0.3080714725816433
-10.012285012285016
-6.484641638225264
-3.722627737226276
-5.231235784685364
5.439999999999998
-2.883156297420326
1.250000000000001
-2.6234567901234693
2.7733755942947815
1.773323053199681
-0.1515151515151483
-1.7450682852807315
4.71042471042472
2.5073746312684353
-4.460431654676266
4.668674698795188
-6.618705035971223
0
1.6949152542372794
2.2727272727272783
2.6666666666666625
