0.7142857142857106
-0.7092198581560247
-1.2987012987012987
0
-1.907894736842109
2.6156941649899434
-0.13071895424835858
-3.3376963350785487
2.8436018957346088
-5.595786701777485
3.0683403068340347
-1.217861975642768
3.0136986301369904
-1.5957446808510676
1.756756756756753
-0.0664010624169949
0
-0.9966777408637874
0
0
1.9463087248322186
1.1191573403554895
-8.98437499999999
7.296137339055785
-1.2000000000000075
0
0.7422402159244419
-4.889484259879445
5.633802816901408
-3.4666666666666592
4.903314917127068
0
0.0658327847267902
0
-5.2631578947368425
4.166666666666667
-2
-3.333333333333337
-0.9148486980999176
-1.6335227272727353
2.527075812274368
1.408450704225352
1.3888888888888888
2.808219178082188
-2.065289806795466
4.761904761904762
-8.37662337662338
14.812189936215454
-10.617283950617278
5.662983425414357
-4.052287581699339
0
-0.3405994550408719
-4.032809295967194
2.56410256410256
3.1944444444444406
-3.432032301480481
0.34843205574912894
-1.250000000000008
3.656821378340378
-1.6960651289009496
2.4154589371980677
-1.7520215633423142
0.13717421124827753
-4.041095890410963
8.493932905067812
-4.276315789473684
1.5807560137457122
1.894451962110949
-0.3984063745019883
2.5333333333333408
-6.046814044213271
6.366782006920407
-2.01691607026675
-3.9840637450199203
-0.3457814661134163
4.580152671755721
5.507631055076319
-3.5220125786163488
2.9986962190351982
-6.518987341772159
-1.1509817197020913
3.8356164383561606
2.8364116094986884
6.286080821039117
-1.9915509957754878
0.9852216748768438
-4.878048780487805
3.397435897435905
-3.285802851828897
0.4487179487179414
8.423739629865999
-9.358446144791056
1.2987012987012987
1.2820512820512822
0
19.999999999999996
0
-3.5337552742615976
0
0.8747949699289198
0
-4.173441734417338
0
0.5090497737556432
5.79628587507035
13.404255319148932
5.0656660412758026
-10.267857142857142
-0.4975124378109453
0.6500000000000057
-3.527074018877309
19.155509783728125
3.6300777873811607
-6.5054211843202765
-0.08920606601248378
1.8303571428571404
-7.452871547566857
7.24774988157272
-0.8392226148409919
-1.1135857461024499
-1.4864864864864915
0
4.983996342021036
-6.794425087108012
-10.981308411214954
17.165354330708656
-1.971326164874542
-2.1023765996343795
2.0074696545284834
-0.6864988558352403
-2.9493087557603714
0.6647673314340008
-4.481132075471698
-0.49382716049382713
-4.714640198511166
-3.8020833333333393
6.009745533297251
-1.4811031664964278
-0.9849663037843471
-2.7225130890052296
4.413347685683524
-1.288659793814433
4.177545691906006
-6.365914786967413
-1.980728051391872
0.7099945385035562
7.375271149674617
-7.525252525252528
8.028399781540152
-5.308392315470171
2.509343299519481
-4.895833333333337
-3.7787513691128183
2.219692657939673
-3.953229398663694
2.1449275362318776
1.0215664018161246
-0.05617977528089568
0.05621135469364492
2.808988764044944
5.956284153005467
-9.28313563692625
6.878908470721998
-1.0638297872340425
1.075268817204301
-0.3723404255319088
4.591564335290974
-1.1230219499744853
0.36138358286010175
-3.2921810699588505
3.6702127659574497
-6.670087224217547
6.652006597031333
-3.556701030927838
0.21378941742384056
0.16000000000000605
1.1714589989350312
-1.0526315789473684
3.723404255319149
-4.820512820512824
6.4655172413793105
-3.947368421052623
-1.053740779768177
-3.993610223642172
0
2.107598447032714
7.4416078218359685
-5.965621840242675
6.344086021505382
-9.201213346814974
6.347438752783967
-5.706806282722516
0.7773459189339288
0.8264462809917356
1.639344262295082
-1.3440860215053763
7.629427792915531
-8.25316455696203
3.035320088300221
-6.963042313872523
19.68911917098447
-12.842712842712851
0
-5.022075055187635
2.0337013364323067
2.505694760820049
2.2222222222222223
-2.499999999999997
10.81382385730212
-7.142857142857151
4.008667388949083
-3.125
3.172043010752691
-2.136529442417923
0
-3.1948881789137378
2.310231023102304
0.16129032258065126
2.0397208803005813
-6.417674907943182
4.4969083754918495
-5.809575040344277
4.226156482010283
-0.821917808219178
2.5966850828729218
-4.092622509423799
3.312745648512075
-4.565217391304351
3.6446469248291606
-2.912087912087918
2.9994340690435832
0.9890109890109953
-4.2437431991294945
3.9204545454545485
0.054674685620554574
-3.8251366120218577
3.5227272727272663
-4.61031833150383
2.013808975834292
-4.68133107727017
4.1420118343195265
1.7045454545454546
-3.8547486033519585
3.021499128413723
1.4664410603496865
-3.446359088382444
-1.4968336211859496
-2.6300409117475163
8.04321728691477
-6.666666666666667
6.5476190476190474
-7.597765363128489
4.715840386940739
-4.041570438799076
-3.6101083032490977
1.1235955056179847
-3.7037037037037037
-1.2820512820512822
-1.948051948051948
5.960264900662252
0
0.3125
4.61059190031153
-1.250744490768311
0.4221954161640462
-0.6606606606606572
-3.022974607013301
-0.18703241895262554
3.622735790131175
-1.0849909584086868
-4.204753199268742
4.4529262086514
-3.714981729598048
3.731815306767872
-4.390243902439018
4.33673469387754
6.356968215158927
-4.827586206896555
-4.468599033816429
2.4020227560050644
3.271604938271612
-0.2390914524805772
-4.014379868184552
-0.9363295880149813
2.5834908632640348
1.9656019656019585
1.2048192771084338
-0.6547619047619013
-0.2396644697423641
2.0420420420420453
-1.118304885226607
0
-2.380952380952381
0
2.0121951219512266
-1.9127316198446007
-0.06093845216331159
-3.2317073170731776
0
1.5122873345935766
-3.9106145251396542
0.9689922480620154
4.926423544465763
-3.8414634146341533
8.053265694356385
-5.39906103286386
8.49875930521093
-13.093196112064039
6.513157894736846
-9.264978381717109
8.236895847515314
-6.163522012578624
-1.4745308310991883
-0.6802721088435374
-1.36986301369863
0.20833333333334123
-1.9404019404019481
3.6042402826855082
0.06821282401091018
3.5446489434219615
3.9499670836076364
0.886637112096267
2.008788449466408
-5.661538461538455
5.6099151989562905
-7.5972822730080365
-3.4090909090909056
1.45328719723183
-5.184174624829464
-1.870503597122298
14.002932551319644
0.19292604501608449
0.06418485237483589
-2.6940346375882083
4.152933421226112
-8.73417721518988
0.5547850208044462
1.9310344827586285
8.119079837618402
-9.386733416770962
2.2099447513812076
-3.8513513513513438
2.2487702037947916
-2.4054982817869415
-1.7605633802816902
0.7168458781362007
1.1387900355871845
0.5629838142153494
10.496850944716584
-12.539582013932876
-0.07241129616219719
-2.347826086956528
-0.5639655684179214
5.641791044776121
-0.11302627860977436
-4.497878359264507
5.154028436018963
-7.450704225352122
5.006848272713448
-3.5507246376811636
0
-0.13523666416228913
3.671381281974138
-0.7982583454281732
0
-4.169714703730789
-3.664122137404578
2.393026941362913
0.7583965330444125
-2.319508448540693
4.4975625098285885
-3.686982693754707
7.734375000000004
-1.5953589557650594
-3.831982313927774
0
-3.2183908045977034
7.157561361836902
-8.231121619624648
3.301127214170699
-1.7926734216679745
-2.063492063492059
0.016207455429494342
1.3287959812023988
-3.6942267711498515
7.256725340418473
2.0746245548846622
0.227514030031839
-0.5750605326876445
-5.175038051750389
-1.1878009630818538
0.877192982456139
0
-1.3365539452495947
5.924596050269304
-1.1710323574730432
5.534767695665726
-5.480868665977251
1.594248202563306
-0.015384615384623256
1.5540852438836823
-4.075757575757573
-0.48965408308324476
3.1746031746031744
0
-0.1538461538461451
-2.0030816640986195
-3.5220125786163554
9.99022164276401
-6.593569417691503
1.6814720812182664
2.3244929797192033
-4.772068912944049
2.161383285302596
6.519354333176612
-4.5314109165808425
2.450300508552941
-2.5270758122743784
1.6975308641975442
-2.063732928679817
0
0.712736287573588
-7.6923076923076925
8.15
-4.4536908614578525
4.483870967741938
-4.121642482247609
1.5456448236998888
3.0600919613128266
-4.538461538461543
0
0.6929895245769536
0.032010243277853914
-0.6240000000000009
-1.7871518274029938
1.5081967213114782
4.7319121447028305
-6.738627602158825
5.373677248677249
-1.1454573983994931
0
-1.0793650793650789
-0.016046213093706692
2.615952495586576
-1.3919299343134197
0
0.09516256938937713
0.41197908413880213
-0.5838724948713863
1.8253968253968345
-4.988308651597822
5.561936013125513
-0.015542430836190729
-0.5129799471475179
0
1.4531250000000107
-1.4323117203141948
1.4062500000000089
-2.0030816640986195
-0.015723270440248443
2.0600723384179935
-5.161787365177208
5.588952071486593
-0.030773965225413175
0
-3.1399107280283194
6.149690131892576
-1.3173652694610711
