-5.406386066763437
-1.802838511699267
-4.648437500000002
0.0819336337566641
1.4326647564469914
12.187247780468116
-14.388489208633093
1.8907563025210083
-1.6494845360824741
-1.8867924528301887
3.6324786324786325
3.0103092783505203
3.6028823058446755
4.868624420401841
-1.2527634487840742
-0.6716417910447804
-0.41322314049585496
0.8675971331572819
1.5706806282722685
1.73048600883652
15.924719507781397
1.9669060256010025
5.082669932639304
-1.3986013986014019
-6.737588652482256
-0.3168567807351077
8.677685950413208
-0.380228136882116
-0.7046388725778139
1.0348905972797162
2.633889376646181
0.3421727972626144
-2.557544757033248
-1.2831729367162372
2.1861152141802003
0.37583116507661507
-4.176267281105991
4.598737601442744
-5.287356321839074
0.15169902912621358
-0.12117540139352743
5.429178040643019
1.3808975834292159
-0.7094211123723042
2.6007430694484204
0.2228412256267441
-0.3057254030016739
0.5854474491218352
-0.3880266075388121
0.6121313299944479
-1.078539823008859
0.6709533128319917
-3.499028047764516
-2.935251798561148
0.4743551734361002
-1.1802891708468575
2.4186324275903326
1.224489795918364
-1.6129032258064417
0.43911007025761123
-0.5537744097930731
4.923798358733884
2.7374301675977684
1.2234910277324633
-1.2355627182379862
3.2635300516725594
-5.530682117461153
-1.031502648452743
-1.3521126760563413
1.3706453455168508
-2.3661971830985853
0.9809578765147078
-0.11428571428570779
4.118993135011435
-4.670329670329671
1.7291066282420748
-2.5212464589235064
0.552165068294094
-2.774566473988446
1.1593341260404382
-1.3517484572436151
1.5787905868334857
-0.6451612903225773
2.0661157024793386
-3.7304800462695296
4.535896665665372
-5.172413793103448
0.030303030303037194
-2.9082096334444176
0.4056162246489895
1.02548166563083
2.430021531836351
-1.6816816816816884
-0.3970678069639446
1.8399264029438822
2.589581451370059
-1.7023774581743503
2.0603165123917693
-1.1995318899941552
0.08883624518804009
-2.2781065088757364
-0.0605510142294849
1.7873371705543704
0
-1.8154761904761973
0.9093664746892999
0.030039050766002627
-2.072072072072065
1.1959521619135165
-1.9696969696969697
11.004636785162294
-2.3948760790866115
-2.482168330955774
0.058513750731418554
1.3450292397660886
1.8176572417772516
-1.9552281099461541
1.0404624277456713
-0.14302059496567504
-1.4322543683758235
0.8427782621330941
1.354466858789622
-2.018765993744659
-0.4352872896111433
-2.3899737685806017
1.1943863839952225
1.2688108586603752
0.1165501165501265
0.844004656577409
-0.8080808080808114
-0.20366598778003744
-3.7900874635568513
3.0606060606060677
-0.05880623346076021
-1.3533392174168775
-2.236802863107665
0.06101281269066157
-0.030487804878055712
1.2808783165599407
-1.8970189701897051
7.090239410681388
0.9458297506448873
-1.817149346961947
3.4412955465586976
-5.032149846239866
1.7957020900794887
-0.6072874493927191
7.3610707011929035
-6.693766937669374
5.7217542840546
13.489010989010994
1.6702977487291157
-1.4047619047618993
2.439024390243894
-3.5596416784535516
3.1532632608164204
-1.3744075829383913
1.777991350312358
-5.901794145420207
0.2508780732563974
-3.803803803803815
2.185223725286169
-1.3747454175152836
2.736189984512138
-3.8944723618090453
0.9150326797385621
-6.450777202072533
-79.61783439490445
8.695652173913052
-0.1249999999999929
-4.005006257822281
-1.4341590612777164
-4.365079365079362
0
-2.074688796680498
0
-3.9548022598870016
0
-4.117647058823525
0
-3.9877300613496947
4.313099041533539
8.269525267993883
4.52616690240453
-10.013531799729371
-1.804511278195493
3.981623277182249
-0.7363770250368188
5.78635014836794
0.5610098176718172
-2.092050209205021
0.9971509971510012
-2.6798307475317427
-0.8695652173912961
-1.461988304093567
0.8902077151335227
-4.264705882352949
2.7649769585253634
-1.7937219730941745
-1.8264840182648445
0.6201550387596987
-1.3867488443759717
0.46874999999999556
0.1555209953343834
0.7763975155279502
1.232665639445296
-1.2176560121765558
-0.7704160246533127
-0.7763975155279613
-0.31298904538340494
0.9419152276295044
1.5552099533437014
-1.6845329249617065
0
0.4672897196261638
-1.8604651162790742
0.3159557661927375
1.259842519685035
1.2441679626749567
-0.6144393241167304
-2.0092735703245816
1.577287066246068
-1.863354037267085
0
0.7911392405063291
-0.47095761381476337
-1.8927444794952615
0.48231511254018833
6.4
0.7518796992481203
1.3432835820895608
-1.4727540500736376
1.345291479820615
1.0324483775811253
-2.0437956204379644
1.0432190760059656
-2.802359882005887
0.45523520485583785
-0.6042296072507638
-1.2158054711246158
0.9230769230769144
-2.134146341463402
-1.557632398753894
2.373417721518987
-2.31839258114374
0.3164556962025249
-0.3154574132492046
6.170886075949353
-6.259314456035761
0.6359300476947514
-0.47393364928909504
0.7936507936507936
-1.417322834645667
-0.7987220447284344
-4.347826086956526
4.377104377104379
-9.193548387096778
-4.085257548845465
-2.7777777777777777
0
9.142857142857137
3.1413612565445104
4.737732656514377
-0.16155088852988922
1.6181229773462784
-0.47770700636942226
-2.0799999999999956
0
3.921568627450978
0.6289308176100606
-2.6562500000000044
-0.9630818619582574
1.6207455429497568
-1.1164274322169103
0.16129032258064746
0
1.1272141706924246
-7.484076433121012
5.679862306368325
0.4885993485342089
6.158833063209071
0
-2.4427480916030557
3.2863849765258237
-2.12121212121213
0.15479876160992034
-2.0092735703245816
1.104100946372233
-1.560062402496089
1.5847860538827145
-3.5881435257410255
1.4563106796116598
-2.711323763955347
0.32786885245902103
18.300653594771244
1.1049723756906038
0.8196721311475332
-1.761517615176148
-2.896551724137923
-0.5681818181818262
-3.2857142857142816
1.7725258493353069
1.1611030478954965
1.1477761836441853
-4.113475177304973
0
-3.1065088757396366
-1.9847328244274767
0.15576323987538054
-2.0217729393468074
13.01587301587302
-0.14044943820225916
-9.142053445850914
2.1671826625387087
8.939393939393948
6.954102920723226
-7.022106631989604
0.6993006993006993
-3.888888888888885
0.8670520231213791
-3.0085959885386737
0
2.65878877400295
0
-2.5899280575539527
0.4431314623338215
2.2058823529411766
3.597122302158273
-4.305555555555547
-3.6284470246734393
1.506024096385542
-9.198813056379825
7.026143790849669
-2.2900763358778624
3.125
1.5151515151515151
-3.283582089552243
-1.3888888888888868
2.503912363067295
-2.5954198473282486
1.880877742946713
-3.8461538461538463
1.6
-0.6299212598425175
1.426307448494451
-1.8750000000000044
1.7515923566879004
-2.660406885758992
-1.607717041800643
2.124183006535943
-1.6
0.6829268292682955
1.0335917312661507
-2.4936061381074204
1.7049180327868838
-2.1598968407478987
3.822075782537068
2.189781021897814
-1.8322981366459732
0.12654223347041807
-0.9162717219589231
-5.771683673469385
6.497461928934004
0.5401970130282864
0
0
-3.72945638432364
-0.6565988181221251
-1.1896893588896331
2.0401337792642242
-2.3926581448705355
0.36937541974479327
-0.6691201070592148
0.23576961940047247
1.1424731182795693
1.4617940199335473
-1.4407334643090954
0.5315614617940204
0.2643754130865773
15.029663810151611
-12.951289398280801
-0.2633311389071702
-1.1881188118811863
1.169004676018697
-5.018157807857377
18.004866180048673
-16.053019145802658
0.8421052631578893
-4.558107167710505
1.6769959897922015
2.545715310147009
0
1.2937062937062846
1.3462202278218867
1.9754768392370636
15.89846359385438
-12.391930835734883
1.9407894736842102
0.03226847370119898
-9.322580645161292
7.933119886161511
-0.09887936717205385
1.2867040580666467
0.4560260586319237
-2.172503242542147
-0.5303281405369576
-0.3998667110963045
-0.3011040481766472
1.2080536912751658
-1.8567639257294388
1.3513513513513464
1.466666666666671
1.1826544021024947
0
17.240259740259734
-0.44309055663250235
-3.6439499304589766
-0.11547344110854257
-4.0751445086705305
-2.4706236818318783
-1.266604881062702
0.25031289111388705
-1.3420724094881389
1.5185068016450616
3.926456840137108
1.9490254872563675
-2.35294117647058
-1.0542168674698837
-1.2480974124809854
-1.0480887792848221
2.336448598130841
1.7960426179604148
1.2260765550239345
-1.59527326440177
4.052836985890106
-3.6641661858049512
2.605570530098824
0.40863981319322995
-4.389534883720924
-2.401945880206747
2.46105919003115
2.0370933414411727
2.681764004767576
4.759141033081836
-5.0692520775623215
0.3793405310767302
1.8604651162790715
0
-1.3127853881278564
-0.0578368999421516
-1.8518518518518534
1.591981132075469
0.5223447475333712
2.4826789838337167
2.591549295774653
6.644700713893469
5.432543769309988
1.8070818070817944
2.4466298872631405
-2.1306485600562017
-1.0287081339712913
0
6.792361614696646
1.9465821638750553
-1.6651865008880995
-1.89659065251749
0.23014959723819173
1.033295063145816
-4.613636363636366
-0.07147962830593552
0.858369098712445
1.4184397163120601
3.846153846153843
2.2222222222222268
-4.501537110232756
