-3.3235581622678314
-0.2022244691607713
-6.281661600810539
0.7567567567567598
0.7510729613733936
4.366347177848769
-3.4693877551020464
-0.10570824524312296
0.4232804232804293
1.1591148577449886
-0.5208333333333334
1.0471204188481675
5.803108808290149
-0.09794319294808454
-0.29411764705882076
-1.671583087512294
1.7999999999999972
-0.4911591355599214
-0.9871668311944719
5.682951146560321
-2.924528301886787
-0.48590864917395526
-0.19531250000000278
0.39138943248531455
0.5847953216374352
0.9689922480620154
1.9193857965451055
0.7532956685499032
0.8411214953271081
-0.5560704355885158
1.584342963653311
-1.100917431192663
0.18552875695733104
1.8518518518518519
0.45454545454545453
0.45248868778280543
-1.1711711711711685
2.0966271649954393
-0.3571428571428622
-1.8817204301075219
2.1917808219178134
-0.80428954423593
0
-0.9009009009009009
0.3636363636363688
1.630434782608693
-1.6934046345811102
0.09066183136900138
-0.9963768115942105
3.9341262580054868
-0.8802816901408451
0.17761989342806647
-1.5957446808510614
-2.7027027027027026
0.09259259259258733
0
0.37002775208141137
1.0138248847926215
0.36496350364964025
1.2727272727272778
-1.6157989228007283
2.098540145985412
1.6085790884718472
1.8469656992084382
2.8497409326424847
4.114189756507142
-8.225806451612906
1.1423550087873438
-0.8688097306689835
0.08764241893076996
0.6129597197898449
1.8276762402088722
0.08547008547008061
-0.9393680614859047
0.25862068965517
-0.2579535683576932
-1.293103448275862
-0.17467248908297192
0.17497812773403573
0.4366812227074236
-0.17391304347826333
1.7421602787456447
1.1130136986301347
-0.0846740050804355
0.16949152542373122
0.16920473773265893
-1.3513513513513584
-2.054794520547938
-1.835664335664343
-0.35618878005342075
-0.8936550491510277
0.7213706041478783
5.192479856759174
-0.08510638297871857
0
0.5962521294718812
0.7620660457239676
2.5210084033613445
-3.3606557377049135
0.25445292620864896
1.6074450084602296
-0.9159034138218105
6.638655462184879
0.8668242710795857
-3.749999999999998
1.8668831168831146
-2.549800796812751
-0.3270645952575564
0.24610336341263098
-3.1096563011456606
4.9831081081081
0.7240547063555959
0.7188498402555842
-0.8723235527359194
-1.4399999999999977
-0.2435064935064912
-0.08136696501221198
0.08143322475570727
1.1391375101708636
-1.8503620273531756
2.5409836065573725
1.9184652278177505
-2.5098039215686296
2.1721641190667764
-4.330708661417323
-0.16460905349794472
-1.0717230008244
1.5833333333333381
2.0508613617719442
1.607717041800643
18.037974683544288
0.3351206434316354
-5.8784235136940435
0
2.3420865862313573
-2.4965325936199685
3.8406827880512133
0.958904109589045
-5.630936227951161
-0.07189072609632949
-3.812949640287778
0.5983545250561043
-2.3791821561338207
-2.056359482102069
3.888024883359254
4.7155688622754575
-8.649035025017875
2.4256651017214463
1.9098548510313216
-1.7241379310344913
1.2204424103737561
-0.979653353428774
6.0882800608828
-1.721664275466288
-0.5109489051094808
-0.22010271460015507
-1.838235294117647
-0.07490636704119424
0.5247376311843992
0
-0.4474272930648727
1.423220973782776
-0.960118168389964
-0.22371364653242576
0.07473841554558618
0.6721433905899967
1.335311572700284
-0.21961932650071958
1.393983859134246
1.3024602026049288
-2.142857142857143
0.5839416058394243
0.8708272859216172
-1.2949640287769866
2.405247813411087
-0.4270462633451917
-1.2151536812008699
-1.5918958031837835
4.632352941176479
0.3513703443429374
14.005602240896357
1.1056511056510951
4.374240583232088
0.6984866123399235
-2.196531791907521
0
1.595744680851074
0.5235602094240871
1.6782407407407274
-0.2276607854296968
-2.79520821448945
-0.1760563380281757
-1.4697236919459142
-0.2386634844868769
1.1961722488038278
-2.0685579196217496
-0.7242003621001742
-2.553191489361695
2.308172177167803
-1.829268292682927
-1.5527950310559007
0.31545741324921134
2.641509433962257
-1.8382352941176472
-1.0611735330836385
0.6309148264984227
-2.8213166144200628
1.3548387096774157
3.755569700827502
1.8404907975460123
-4.578313253012045
0
-0.5050505050505122
0.25380710659898836
-0.06329113924050273
1.6466117796073427
0.373831775700931
-0.5586592178770985
3.058676654182276
2.362204724409452
-2.307692307692311
0.7874015748031565
-3.4254807692307794
0
-0.8089607965152352
0.125470514429102
-2.192982456140351
-0.06406149903907388
0.384615384615381
0.8939974457215873
8.037974683544297
0.17574692442882917
1.1111111111111145
0
0.23134759976865568
1.5579919215233633
-0.7386363636363701
0.2862049227246709
-3.8242009132420027
-1.839762611275961
1.269649334945583
0.11940298507462008
2.5044722719141426
1.1634671320535195
-2.9327199539965463
-1.0071090047393465
0
-1.9150209455415852
0.24405125076266362
-1.8867924528302025
3.7841191066997664
1.5540944411237263
-1.0594467333725788
2.2010707911957272
-4.307334109429572
0
-1.2773722627737192
-6.284658040665445
0.8547008547008622
-3.259452411994785
6.805929919137462
-2.0189274447949455
3.4771410173856903
-2.177971375233354
3.1170483460559835
-1.4188772362738946
2.3779724655819665
1.283618581907087
-0.7845503922751859
1.4598540145985435
1.4388489208632955
-2.482269503546093
2.5454545454545388
-1.4184397163120435
-0.3597122302158409
0.1805054151624617
-0.3003003003003003
-1.2048192771084338
0.5487804878048815
0.6670709520921736
8.132530120481928
0.11142061281336414
-2.4485253199777284
1.5402167712492802
5.617977528089888
1.0106382978723434
-3.738809899947338
2.844638949671766
-3.5106382978723376
-1.2679162072767427
-1.898380792853158
0.1707455890722888
-2.3295454545454515
0.29086678301337987
0.6380510440835233
-0.46109510086455985
2.142443543717439
0.056689342403624894
-0.11331444759206155
-1.0209869540555934
-2.3495702005730625
-0.11737089201878935
-3.172737955346638
0.4854368932038731
-3.92512077294686
1.8227529855436868
-6.419753086419756
0.7255936675461704
-1.6371971185330716
1.1984021304926842
3.9473684210526314
1.2658227848101267
-4.0625
-0.1954397394136882
-2.5456919060052074
0.4688546550569247
0.46666666666665907
-1.7252820172528165
0.8102633355840764
0
0.5358338914936255
-1.3990672884743467
2.9054054054054133
-1.5101772816809003
0.9333333333333371
-0.13210039630120016
-1.4550264550264476
-1.4093959731543586
-1.157249829816213
0.41322314049588343
-0.4801097393690103
1.6540317022742976
-1.2881355932203429
1.4423076923076885
0.6093432633717033
-0.40376850605652376
-1.0135135135135136
-3.8907849829351457
3.0539772727272605
0.27567195037905284
-0.8247422680412293
0.06930006930006535
-1.8698060941828372
-0.2822865208186149
-1.132342533616435
-0.501073729420178
-2.733812949640296
-0.14792899408283183
0.592592592592601
-1.39911634756996
2.2404779686333085
0.2921840759678639
3.233794610342314
-2.0742204035558047
2.2766570605187293
-1.9442096365173422
3.6781609195402334
-1.5936807095343564
1.9011406844106382
0.19347705914870172
1.1448275862068942
-1.609164052911486
1.3998613998613871
-2.815746309458724
3.4177215189873515
-1.9447844417244755
1.8585298196948732
-1.0484749455337636
0.16513003990643257
0.6731693913999105
-2.0196506550218394
-0.27855153203343014
-2.4162011173184217
0.6869901245169454
0.11371712864251957
-2.6693170523924596
0.7002188183807498
-1.897725626539189
2.7170702894270575
2.07015526164462
-0.8450704225352033
-1.8465909090909252
1.4037626628075237
0.7992007992008026
-3.0440322809004554
-0.5403037383177636
-0.5432388782851337
0.05904930617066173
0.8852168781351347
-2.383737935068727
4.614232209737825
7.3893741944722855
-5.04067208961195
0.08425782895661042
-0.7155886067068765
0.2402487280949713
3.7924714507260644
3.2328171692474807
-4.513157894736851
-1.7500344494970321
1.949509116409538
0.38519741367450977
-0.2603809784843055
-1.0717230008244039
2.1666666666666696
-0.12234910277325096
-0.9119368449707387
0.06868131868131477
0.7137954701441459
-1.1857707509881483
1.8344827586206873
0.0677231477719046
-0.5414185165132532
0.36744692433314646
2.983050847457631
-2.0408163265306083
-1.4516129032258231
-1.8003273322422166
1.0416666666666667
0.3436426116838488
0.2739726027397299
-0.06830601092895787
-0.013670539986336452
-0.8750341810226969
1.5448275862069027
1.399076337951645
-0.3616878767582186
0.8066684592632544
-1.4937316617764798
0.18954779312212372
4.1891891891891815
-1.3488975356679536
2.3271101761766975
0.21842477193884327
-3.282051282051285
0.7423117709437994
-1.1315789473684204
0.984828320468452
-2.2930943595150173
-2.2120312921499874
2.3034482758620713
0.47188890386948135
-2.30810520665593
0.5219780219780352
-1.7901065864990464
-0.5148184221511125
-1.286713286713289
-0.6092377444035033
1.1404133998574442
-1.1980267794221402
1.3837375178316675
0.6050372871816615
-1.216783216783223
0.7362310632875694
-0.09838369641603287
1.139561057962862
1.210182222840457
-1.0445299615173242
-1.2083333333333397
-0.8857022353437305
1.5460992907801467
-1.522559016622438
1.6879432624113444
1.1298646952155145
-1.4344827586206983
-0.643716764623557
1.1267605633802777
-1.1142061281337008
0.9295774647887276
-0.3628244487859209
-0.5602240896358622
-0.704225352112676
0.09929078014183429
0
3.6842851069859837
