-4.133858267716535
-5.420944558521556
-4.038211029092492
4.8868778280543035
0
4.961173425366695
-0.5343197698314884
-4.173553719008262
7.805088400172486
4.8
0.19083969465648856
-4.761904761904762
7.559999999999991
-0.3718854592785422
5.375139977603596
0
4.321643641516113
4.923599320882852
-6.537216828478961
4.570637119113569
-8.609271523178808
0
-3.6231884057971016
-4.473684210526318
-0.11806375442738408
1.5760441292356184
0
-4.577191621411951
-0.3658536585365877
0.3263973888208941
1.586010573403825
-2.00160128102482
-0.32679738562091964
1.9262295081967167
-0.2814636107760308
-3.9112903225806406
0.16785564414602486
3.393380812735661
-1.6612641815235099
2.966625463535236
1.5606242496998821
0
-2.994483845547684
-0.08123476848090522
-0.7723577235772381
4.793117574764448
-6.059421422986708
0
-4.161464835622139
3.9947894051237465
0.6680584551148202
4.437992534218174
-4.249404289118355
-1.2857735379510553
2.4789915966386578
2.9110291102911003
-3.187250996015936
2.674897119341564
-5.290581162324645
-4.189589504866697
5.123674911660776
3.361344537815126
-3.2113821138211405
3.7379252414951725
0.9716599190283424
4.971932638331999
-4.507257448433923
4.8
-5.343511450381679
5.645161290322581
-0.8015267175572606
9.272797229703741
-5.9154929577464825
4.752994011976043
-2.8224365844944543
-3.6029411764705923
-0.7627765064836003
1.4604150653343626
1.3636363636363722
-9.790732436472354
1.6984258492129223
-1.8329938900203666
-2.24066390041494
6.112054329371818
2.759999999999991
0
-0.38925652004669975
0
0
0
-0.4298554122704159
-4.238618524332814
0.28688524590163467
8.54107069881489
-4.932228915662659
3.762376237623762
-1.7938931297709881
-5.868635833657218
4.128819157720892
3.0927835051546437
-0.8461538461538418
-5.352986811481773
6.557377049180328
0
10
6.293706293706293
3.4868421052631655
9.980928162746336
-6.387283236994226
0
4.507564062982409
0.5022156573116657
-2.792475014697237
4.989416389476867
-5.299539170506906
4.592457420924564
-1.366676359406801
0
4.982311320754727
0
4.998595900028069
4.974592136935016
0
4.993630573248414
0
4.998786702256725
0
4.991911254911029
0
4.512436715826547
-5.960404380791914
0
-4.994400895856665
-4.761904761904759
6.336633663366342
0.512104283054001
-5.465493283927749
-4.997550220480151
0
-4.976792160907687
0
-4.99321573948439
6.283918880319908
0
4.86428379467884
4.997437211686315
-3.8076641444959645
4.99873128647551
-0.2174963750604239
4.940663598934375
-4.454188783752599
3.8164251207729496
-4.048394602140538
4.849660523763337
-4.949121184088802
4.37956204379562
-6.75990675990676
-0.025000000000005684
0.02500625156289641
2
-4.95098039215686
-0.07735946364105502
4.774193548387097
0
-4.729064039408864
-0.2843846949327877
5.263157894736845
3.4236453201970387
-6.572993569897586
-4.639306653071626
3.7155840684308945
0
-4.999999999999994
4.99186109603906
-4.883720930232553
3.2328171692474807
1.6578947368421082
4.504271291742163
-7.505573445627944
2.838778789501881
-2.6041666666666665
0
-4.999999999999997
-0.1125809175344875
-4.170188785573388
4.616289326668623
-2.22034851039911
2.3282552457602828
-6.488764044943826
0.3304295584259606
0.02994011976048585
2.963184675246925
-3.488372093023256
0
-1.53614457831326
1.315386968491897
-4.528985507246377
2.466793168880459
-0.06172839506172489
3.7368746139592233
1.1908306043465318
-4.972050603118558
8.266253869969038
-3.660280240205894
1.1576135351736523
1.5258215962441282
-5.520231213872839
-0.15295197308045275
-3.400735294117637
-3.0130034887408814
3.041203400915635
-3.5226912091399627
-1.5131578947368496
-3.7742150968603725
6.213120444290169
1.3071895424836601
-4.516129032258065
2.6013513513513473
-5.16957523872242
4.131944444444437
-4.434811603867941
3.977669225401248
-4.026845637583893
4.825174825174829
-8.705803869246171
2.2652539276580157
1.3219006788138785
0.42313117066290146
1.9662921348314486
3.236914600550976
-2.0013342228152102
4.833219877467661
-8.701298701298704
5.263157894736846
-6.486486486486482
8.381502890173406
-3.3333333333333335
4.137931034482759
-1.6556291390728477
-5.05050505050505
0
6.382978723404255
-0.26666666666667044
5.581550802139033
-7.154162709718254
9.989771564950566
-12.36825790452574
-5.836575875486382
10.180315552216388
0
-2.4889191953631133
4.860139860139852
-1.1670556852284095
-0.8097165991902758
-2.58503401360545
4.015363128491621
-6.680093991272232
-1.2949640287769866
-7.361516034985419
6.215578284815111
-0.18518518518518517
-3.5250463821892395
7.73076923076924
2.8204212781149507
-7.118055555555555
4.63551401869158
-5.680600214362265
2.272727272727273
-0.8888888888888805
-5.717488789237672
16.646848989298455
1.2572205232755653
3.3557046979865772
-2.5974025974025974
-2.2999999999999923
9.109518935516885
-6.7542213883677364
-0.06706908115358438
0
-4.3624161073825505
5.2631578947368425
6
-3.2389937106918274
3.347416314592139
-6.918238993710692
8.108108108108109
-4.0625
4.234527687296417
5.5312499999999964
4.945217648800708
1.6647855530474138
5.4121565362198165
-5.318588730911003
2.836484983314791
-4.380746349378039
1.2443438914027085
-4.888268156424581
-0.17621145374450006
4.1188584877905265
1.7236507487991024
-2.611111111111105
2.4814603536794033
-6.651822989145571
0.5366726296958889
3.113879003558719
-0.48892723612309136
-7.22543352601156
2.679127725856705
0.2730582524271776
-0.12102874432677073
-0.6967585580127268
3.721781574130564
-12.235294117647063
0
3.7533512064343317
3.3591731266149796
-0.625
-8.176100628930818
2.8424657534246616
5.89410589410589
-9.182389937106915
3.601108033240989
-4.3114973262032015
4.785190359762483
-1.3333333333333333
2.7027027027027026
-6.480263157894733
-1.4421385860007114
-1.17773019271949
-2.4918743228602303
0.03703703703704546
-1.8141429100333335
2.5641025641025683
-2.9411764705882355
4.924242424242424
-0.36101083032490977
-1.666666666666675
2.800294767870311
-10.322580645161294
3.916866506794569
-0.884615384615389
-3.764066744276286
2.7419354838709724
3.4536891679748867
-7.435508345978763
3.2377049180327893
1.9055180627232962
5.960264900662256
-15.257352941176471
4.034707158351415
0.667222685571307
3.52112676056338
-10.204081632653061
4.278074866310158
3.2051282051282053
1.0351966873706004
2.336065573770487
-7.0484581497797345
4.523912106850496
-1.8961253091508634
2.436974789915971
0.0820344544708731
3.0737704918032787
-4.532803180914515
0.20824656393169513
7.024106400665006
7.417475728155349
11.352133044107005
-4.058441558441558
4.196277495769874
-9.093861643390712
2.85816362986781
-1.493574157693628
1.551480959097312
-0.798611111111115
11.305565278263916
-16.22641509433963
4.129129129129129
2.1989906272530724
5.079365079365071
-8.022826451829467
3.5766423357664276
-3.4178999295278323
3.2834731849689893
-3.426351112681047
0
-6.108266276517919
4.986365407089993
-5.936920222634508
2.524654832347131
-4.848018468641772
-2.9518803073190503
6.416666666666669
-1.3312451057165253
2.142857142857134
1.010101010101019
0.6153846153846241
-0.6116207951070423
0.9230769230769144
3.6585365853658627
1.0661764705882268
2.000727537286286
-10.342368045649064
3.3810660302306967
-0.884955752212372
0
0.621118012422347
-2.7777777777777737
1.5079365079365123
-0.703674745895235
-2.0472440944881845
3.5369774919614194
-0.9704968944099488
7.408859270874169
1.532846715328463
4.241552839683685
-5.517241379310345
2.18978102189781
-1.0714285714285714
-4.620938628158849
1.0219530658591933
0
5.282877482203081
2.491103202846975
-4.548611111111119
4.656238632229906
-0.6256517205422355
1.3641133263378924
-2.4154589371980677
0.42432814710042027
0.6338028169014125
3.5339398180545714
-5.981750591416016
-0.7548526240114903
3.2959072799710123
-0.14025245441794434
-3.7219101123595584
3.4281546316557385
-4.125528913963344
3.677822728944465
-1.6317843206810807
2.3440317345834836
-0.6694855532064954
0.03547357218872747
-3.723404255319149
3.130755064456722
-0.7142857142857143
0
-2.7697841726618666
2.0347761746207915
-0.5438723712835388
3.5362741523878922
-3.1690140845070425
3.200000000000004
-1.620859760394652
-2.5429799426933974
-0.2572583608967458
-0.14738393515106016
1.8081180811808035
-3.5882566147154686
2.2180451127819465
2.169915410077247
-3.7077033837293056
-3.8130841121495282
3.303536727555383
-5.831452219714071
3.9552536955653124
-0.07686395080706712
2.192307692307688
2.0323673315769795
-6.196975285872376
4.561541486433333
-3.6479879654005227
3.4348165495706526
-4.90566037735849
