4.983388704318949
4.984177215189865
0
4.973624717407688
0
4.9533381191672605
0
4.993160054719565
0
4.9511400651465785
0
4.965859714463071
0
4.967474866942637
0
4.957746478873234
0
4.991948470209339
0
9.969325153374248
0
9.995350999535093
0
9.974640743871511
0
4.996156802459649
0
4.9780380673499245
0
4.951185495118556
0
4.983388704318936
0
4.905063291139231
0
4.977375565610855
0
4.885057471264377
0
4.931506849315061
0
4.960835509138397
0
4.975124378109452
0
4.976303317535531
0
4.96613995485328
0
4.946236559139779
0
4.918032786885258
0
4.980468749999994
0
-4.930232558139533
10.371819960861052
4.964539007092207
0
4.9831081081081
0
4.987932421560742
0
4.980842911877395
0
-4.963503649635045
9.370199692780353
3.651685393258419
0.8807588075880837
-3.4251175285426423
8.692628650904032
4.990403071017263
0
4.2656916514320535
0.701344243132681
4.352872896111434
0.6117908787541682
1.6030956329463824
3.3188248095756223
4.94997367035282
0
3.863522328148514
1.0628019323671443
4.971319311663482
0
2.73224043715847
2.1719858156028393
2.9067245119305807
0.3372681281618935
0
5.000000000000002
4.841936774709882
-0.19083969465648856
4.894837476099431
0.07291286912139577
4.990892531876134
0
4.094378903539213
0.8666666666666742
4.428288169200257
0.5379746835443002
4.53257790368273
0.4215597711532602
4.407796101949022
0.5456634118322901
4.370179948586105
0.6020799124247525
4.597388465723606
0.36410923276982504
4.690334283493139
0.2722772277227779
-4.986423105406083
0
-4.988308651597815
0
-4.976756904566582
0
-4.978417266187054
0
-4.996971532404603
0
-4.972904048453926
0
-4.998322710499843
0
-4.978813559322022
0
-4.979561501300644
0
-4.966757919436835
0
-4.979423868312756
0
-4.980511043741879
0
-4.968094804010941
0
-4.988009592326141
0
-4.0888440181726375
9.473684210526315
-5.000000000000002
0
-4.959514170040477
5.484558040468573
-0.35335689045935825
-4.660587639311052
-4.994686503719436
0
-1.9574944071588365
3.9931545921277807
1.9747668678003258
0
1.882732651963421
0.10559662090812494
1.898734177215187
0.05175983436854179
1.9141231246766623
0
1.8274111675126874
0
1.2961116650049822
0.6889763779527588
1.9061583577712637
0.04796163069544092
0.6232023010546555
1.2863268222963262
1.7873941674506169
0.04621072088724321
1.662817551963046
0.3180372557928292
-89.80978260869564
0
0.8888888888888857
0.8810572687224638
1.310043668122274
0.4310344827586268
0.8583690987124433
-2.553191489361708
-1.7467248908296882
0
-1.7777777777777715
0
-1.8099547511312313
0
-1.843317972350224
0
-1.8779342723004795
0
-1.9138755980861177
0
-1.951219512195115
0
-1.9900497512437916
0
-1.9289340101522794
0
-1.9668737060041357
0
-1.9007391763463726
0
-1.9375672766415473
0
-1.9758507135016437
0
-1.9036954087346016
0
-1.9406392694063919
0
-1.9790454016298014
0
-1.900237529691213
0
-1.9370460048426168
0
-1.9753086419752994
0
-1.8891687657430773
0
-1.9255455712451908
0
-1.9633507853403072
0
-1.8691588785046804
0
-1.9047619047619004
0
-1.9417475728155296
0
-1.9801980198019882
0
-1.8759018759018744
0
-1.9117647058823515
0
-1.9490254872563701
0
-4.434250764525994
-0.480000000000004
-4.983922829581988
10.490693739424707
4.900459418070435
0
-4.963503649635035
0
-4.915514592933938
0
-4.846526655896619
10.186757215619705
4.930662557781193
0
4.99265785609399
0
4.89510489510489
0
4.933333333333335
0
4.955527318932652
0
4.963680387409203
0
4.959630911188001
0
4.945054945054957
0
4.921465968586375
-7.984031936127733
0
-4.9891540130151935
-4.908675799086755
0
-4.9219687875150075
7.196969696969701
4.946996466431094
0
4.938271604938266
0
4.9197860962566935
0
4.994903160040777
-0.1941747572815665
1.8482490272373666
-5.253104106972308
-2.5201612903225805
0.8273009307135478
-0.5128205128205201
5.154639175257732
1.9607843137255008
2.9807692307692353
4.761904761904759
-0.5347593582887744
-0.08960573476702317
0.7174887892376688
-0.623330365093502
-1.9713261648745577
-4.844606946983541
-0.09606147934677989
0
4.999999999999996
3.479853479853487
-0.08849557522125277
0.974313551815777
-5.087719298245615
-4.713493530499074
7.856450048496592
4.946043165467633
-8.054841473864606
4.380242311276783
-1.160714285714277
4.607046070460703
0.17271157167529858
0.1724137931034446
-1.721170395869185
0.7005253940455348
-4.956521739130437
1.921317474839898
-6.732495511669659
-4.908565928777668
0.9109311740890673
-0.7021063189568734
1.0101010101010064
3.9000000000000057
-8.565928777670843
-4.947368421052638
0
-0.3322259136212554
-4.666666666666666
-4.895104895104894
0
-4.901960784313729
0
-4.896907216494844
0
-4.878048780487809
0
-4.985754985754981
0
-4.9475262368815605
10.410094637223978
4.999999999999995
-0.5442176870748304
-3.9671682626538995
7.407407407407414
2.1220159151193654
-4.415584415584414
2.853260869565217
-6.869220607661829
0
-3.6879432624113444
-2.061855670103088
-1.2030075187969935
-1.9786910197869085
5.7453416149068195
-1.6152716593245144
-3.4328358208955287
2.009273570324573
-5.757575757575756
-3.37620578778135
-1.3311148086522475
-2.023608768971334
7.0567986230636865
0.48231511254019693
4.480000000000004
4.900459418070435
0
3.5036496350364996
1.410437235543026
4.867872044506253
-9.15119363395226
-7.737226277372254
11.867088607594937
-6.506364922206506
2.571860816944023
-1.7699115044247802
3.0030030030030055
9.183673469387752
-4.806408544726305
-2.664796633941087
-2.7377521613832907
0
2.6666666666666625
3.7518037518037617
-6.8150208623087645
3.1343283582089545
-2.8943560057887145
-2.9806259314456063
2.3041474654377936
-2.2522522522522577
1.0752688172043054
3.951367781155012
-4.239766081871346
-1.526717557251903
4.651162790697671
-2.0740740740740695
1.5128593040847147
-1.6393442622950867
1.060606060606065
-1.4992503748125885
1.3698630136986278
0.6006006006006012
4.776119402985065
2.4216524216524333
-0.1390820584144739
2.9247910863509747
6.2246278755074425
8.152866242038224
1.648998822143705
2.3174971031286127
2.151755379388443
1.441241685144133
-0.9836065573770476
1.986754966887414
-1.4069264069264154
4.061470911086729
0.8438818565400851
4.916317991631787
-0.19940179461614732
3.9960039960039997
0.8645533141210361
3.6190476190476266
1.1948529411764615
0.5449591280653996
-0.2710027100271105
0.2717391304347929
3.0713640469738017
4.732690622261167
-3.1799163179916237
4.926534140017289
0
4.942339373970343
-3.7676609105180567
-0.08156606851549582
-0.5714285714285737
0
2.463054187192124
3.2852564102564115
-7.292474786656332
