-0.9611829944547219
3.7700634565136335
-1.043165467625891
0
1.0541621228644047
-5.39568345323741
5.589353612167296
-5.581562837594527
9.038901601830661
0.03497726477790233
-0.5594405594405674
0.2109704641350291
2.6666666666666745
0.44429254955569186
1.4630826811840802
1.2743125419181796
-0.43046357615894415
2.427668772863323
-1.8181818181818257
-4.100529100529093
2.3793103448275783
3.3344560458066805
-3.5202086049543713
-0.8108108108108031
1.907356948228871
2.573529411764702
-3.8123167155425186
4.302168021680213
-3.5401104254628053
-0.9427609427609466
-0.849762066621346
4.490915323962984
-1.0498687664041957
0
-2.3209549071618034
1.7651052274270156
0.20013342228150963
1.464713715046616
0.8858267716535395
-4.292682926829265
0.6795786612300373
0
1.5862301721228447
-1.3289036544850499
2.087542087542084
-0.06596306068601208
-0.3960396039603923
-1.921802518223993
1.0135135135135136
0
0.9030100334448122
0
-0.7954922108054283
0.9021049114600697
-4.536423841059599
-2.7055150884495354
6.381461675579314
0.5361930294906243
-1.3999999999999961
-0.676132521974307
0.4084411164057143
-0.6101694915254275
6.139154160982265
3.4704370179948625
-0.3416149068323052
-1.8074166406980228
-0.47603935258648045
0.127551020408156
-1.2738853503184713
-0.6451612903225806
0.6168831168831095
8.422071636011625
-5.476190476190469
0
-1.7632241813602085
1.9230769230769231
-2.0754716981132146
-3.5324341682723186
1.7976031957390262
-3.7933289731850954
1.9714479945615266
-1.966666666666659
5.4743284597075705
1.5473887814313383
-2.6666666666666594
1.7612524461839454
-4.583333333333337
0
1.5787705744037583
1.5873015873015912
-1.399739583333337
2.872235061076278
-2.4390243902439095
2.82894736842106
-0.4158669225847765
-0.3854802441374843
5.675588519832301
0.061031431187057866
1.6163464470875302
-2.4009603841536618
3.536285362853629
0.1485001485001485
0.8600237247924182
0
1.7935901205527685
0.9532062391681142
4.291845493562231
0.9602194787379973
-2.2010869565217455
0.22228396776882783
0.11089548100915833
-2.464691221268356
3.0948324815445867
-0.027540622418072907
4.848484848484855
2.023121387283234
-2.0087561164048444
-1.41918528252299
-0.7997867235403892
-2.1768341843590493
0.9065934065934097
-0.8984481350394803
1.3461538461538398
0
-2.439685551640011
-4.4178938594053845
3.488372093023256
-1.2640449438202248
1.1095305832147873
-0.3939223410241917
2.2598870056497176
-0.5801104972375754
-0.11114198388440602
0.13908205841446453
-0.47222222222221905
-2.2885849846497317
1.8280491288203304
-0.2244039270687269
-0.8715209446162401
2.0419739081111707
-3.696498054474711
-0.05772005772005444
-2.367889113485414
-1.2126589766341385
4.940119760479042
-0.14265335235378032
-1.3142857142857207
2.895193977996526
-0.16882386043893244
-1.2683201803833144
1.3988010276905445
-1.4639639639639608
0.2857142857142857
-2.9059829059829028
2.259389671361499
3.2711621233859334
-0.6390664073353584
2.0693512304250494
1.8356164383561613
2.017756255044391
-4.3248945147679265
1.984564498346193
-6.135135135135132
-0.37431615318169054
1.9653179190751477
-0.7936507936507968
-1.5714285714285714
0
-1.48040638606677
-1.0017678255745366
1.1904761904761905
0
-1.1764705882352942
-0.5952380952380952
3.203592814371254
-3.191180736872643
1.8579562481270568
0.029420417769939023
0.9999999999999933
-3.8730343622597423
1.7873371705543704
-2.380952380952381
2.256097560975603
-3.369111508646379
4.844183893859916
-4.3260741612713325
1.5072285450630505
0
-0.1818181818181887
-1.0018214936247585
4.170499846672789
-2.0606417427141595
-1.4427412082957654
3.0802073802988787
-2.92899408284023
1.7677537336177855
-0.7786762503743534
-2.0827044974343596
2.096177558569671
-0.3623188405797067
2.999999999999993
1.2062371285672324
-1.2790697674418539
0
-2.2379269729093116
-1.9578313253012047
-0.24577572964670089
0
1.3242993532491567
2.00607902735563
-3.605482717520865
4.420401854714068
-0.029603315571350722
-2.990820254663893
3.14407814407813
-2.3379698135542992
1.0909090909090977
-1.0791366906474888
0
-1.2121212121212122
2.914110429447853
-1.6095380029806192
0.5755831566191993
-1.777108433734933
4.446488807114382
-0.17615971814445763
1.7647058823529411
5.780346820809249
-7.568306010928959
-1.9804906887378033
2.171290711700841
-0.23612750885478492
0.8284023668639087
-0.9976525821596344
1.4522821576763587
1.080923166812734
-2.8901734104046244
2.3511904761904696
-2.2681011922070238
0.5653079440642598
-1.0946745562130145
1.6452288363745138
1.706886403766925
3.7905092592592493
-6.551435740172846
-1.7004773269689704
1.062215477996965
3.3033033033033035
-1.773255813953495
8.84877182598403
-9.624796084828722
-0.6618531889289978
2.634766807995151
0.8852168781351432
-1.5501608657502062
-4.27807486631017
2.4208566108007483
-4.787878787878792
3.182686187141948
-4.318322023442319
4.352030947775629
-0.27803521779424695
2.230483271375461
2.939393939393936
-1.354136002355009
-4.327066547299314
5.895196506550211
-1.6200294550810015
-0.2994011976047904
3.3033033033033035
-3.517441860465123
1.1147936125339095
-2.413587604290829
3.5114503816793894
-4.2182890855457265
0
1.1395133969818259
1.0962241169305795
-2.8915662650602476
3.0397022332506243
-2.438290186634547
1.604443073125575
-1.6398420892803018
1.8524235875270147
-2.485601697484083
2.580043518806345
-0.7575757575757576
0.7633587786259542
2.606060606060613
0
0.1772002362669716
9.080188679245285
-8.16216216216216
1.824602707474982
-2.8901734104046244
-1.6666666666666734
0.9987893462469769
3.056637698531612
-1.1049723756905945
0
-0.8526903851808392
0
-2.8469750889679615
3.1746031746031673
-2.899408284023672
1.4625228519195648
-1.5615615615615581
2.4710189139719234
-6.906817505209881
6.715701950751519
-2.9068025172310423
-3.0555555555555487
3.85227634511301
1.072961373390558
-0.9705793145283557
-2.9402756508422736
0.8520037866835107
7.478097622027526
-8.646288209606984
6.437221159974502
-5.359281437125742
-0.411262258778871
-0.6035578144853984
0.09587727708533442
-0.15964240102171137
0
-0.06395906619762988
0.03200000000000727
-2.0153550863723644
2.1221025138752854
-4.092071611253201
-3.066666666666663
-0.06877579092159168
5.781142463867844
-4.489264801561469
-1.6008174386921135
-0.2422983731394907
-0.7633587786259503
-2.097902097902098
3.2142857142857144
-5.882352941176471
0
2.0220588235294117
0.9009009009009009
4.928571428571432
0.6126616746085811
0.7104194857915986
-4.467584816929799
0.2109704641350291
2.280701754385965
-1.783876500857629
-2.899056933286766
5.971223021582742
-2.2063815342837745
0.4859423811176595
0.5526770293609751
1.717622810030917
-0.03377237419791379
1.6216216216216255
0.3989361702127622
1.9205298013245071
3.0214424951267094
-7.2216966256701465
1.2576478585995883
-2.6854649211144683
-2.035184546395301
2.0422535211267645
-3.4851621808143625
0.10725777618877776
0.03571428571429384
3.8200642627632946
0
-1.4442916093535036
2.442428471737613
-0.44277929155313733
1.915839890523423
0.033568311513938486
-0.20134228187920225
2.8581035642232684
1.9941157240928484
-1.2179487179487216
0.5191434133679503
-2.775984506132996
3.9840637450199203
-3.5440613026819814
0
-2.4826216484607744
8.621860149355049
-11.031250000000004
-2.388479100807872
2.195034184958627
-0.704225352112676
0.9574468085106342
7.4113101510361865
-2.74689339437542
-3.2952252858103415
6.536856745479817
0
-0.13054830287205524
3.9215686274509802
-2.6100628930817646
3.2612205360025905
-0.3752345215759814
0.4394224733207712
3.249999999999993
0.4842615012106607
-2.1686746987951775
-1.970443349753705
1.7587939698492534
-2.4382716049382647
3.7329958873773976
-1.1893870082342108
-0.46296296296296297
0.15503875968992248
0.30959752321981426
1.790123456790127
-0.6367495451789031
0.7018614586512089
1.2121212121212122
1.137724550898207
-5.121373593842513
-1.3104524180967203
2.4343977236800467
-3.024691358024695
2.7052832590706557
-0.8366904245429156
-0.5625000000000036
-2.576995600251411
2.645161290322577
-2.388434946574471
2.2858982614294803
-2.8958136606861786
1.9773095623987107
2.828989192625549
-1.1128284389490024
-1.8443263519849884
0.5095541401273957
-0.9505703422053231
-0.03198976327575903
3.36
-4.582043343653254
-1.914341336794282
5.722791928547804
-2.1589486858573324
-2.142628717620719
0.13071895424835858
0.8485639686684148
1.4886731391585835
-1.817602040816341
0.03247807729783136
0.6493506493506493
0
-1.3225806451612976
1.9941157240928484
-1.3461538461538425
3.248862897985705
-4.247954688483323
0.032862306933935555
-0.09855453350852646
2.5978296612956187
-1.1858974358974324
8.984755108660393
-9.404761904761912
1.8396846254927803
-3.6774193548387024
0.20093770931010244
-1.0695187165775364
4.020270270270262
-3.962325430334521
