0.40120361083248895
0.2997002997003111
-4.780876494023915
1.987447698744776
1.2307692307692337
-0.4052684903748791
-3.865717192268563
1.0582010582010581
-0.31413612565444726
0.8403361344537785
-0.10416666666666075
2.711157455682997
-2.7411167512690384
0.3131524008350701
-1.9771071800208029
-0.4246284501061631
-0.4264392324093726
1.2847965738757907
1.6913319238900726
0.41580041580040694
-0.7246376811594085
1.5641293013555786
1.9507186858316132
2.215508559919439
-1.6748768472906432
-0.30060120240480676
-0.7035175879397013
-0.5060728744939271
1.017293997965412
0.8056394763343375
-2.3976023976023892
-0.30706243602865624
0.9240246406570753
1.8311291963377387
-1.998001998001998
1.8348623853211126
5.105105105105099
1.8095238095238149
-0.18709073900842174
0.09372071227740798
-1.217228464419473
0.09478672985781451
0.09469696969697777
-0.851466414380327
-1.6221374045801553
1.551891367604276
-2.48328557784146
0.6856023506366336
0.6809338521400806
2.6086956521739157
-1.9774011299435108
1.729106628242086
-1.605288007554299
-0.7677543186180394
-1.8375241779497153
0.19704433497537227
1.081612586037359
-0.3891050583657505
-0.09765625000000833
1.8572825024437984
-0.8637236084453029
0.6776379477250754
5.000000000000002
0.73260073260073
2.181818181818187
-0.800711743772247
-2.690582959641256
1.8433179723502304
-1.9004524886877776
-0.3690036900369056
0.3703703703703756
-1.0147601476014838
3.7278657968313142
1.8867924528301965
-4.497354497354505
0.6463527239150534
-2.0183486238532136
0
-0.28089887640449174
-2.065727699530519
1.9175455417066156
1.5992474129821288
0.6481481481481508
0.8279668813247392
7.208029197080298
1.6170212765957495
3.7688442211055273
1.4527845036319589
-2.147971360381864
-1.7886178861788642
5.711920529801329
1.4878621769772837
4.783950617283964
1.9145802650957247
-3.251445086705202
-1.8670649738610903
-0.4566210045662057
-0.9938837920489383
-2.3166023166023164
-1.818181818181816
5.636070853462146
-0.4573170731707274
2.5267993874425816
2.912621359223305
4.208998548621177
0.9749303621169957
7.9999999999999964
1.21328224776501
-0.567823343848584
-0.19035532994922777
-2.1614748887476196
-0.5198180636777202
-1.6329196603527107
-0.3984063745019883
-2
0.06802721088434988
7.749830047586679
1.388012618296523
-0.8711885500933275
-1.004394224733222
-1.0145846544070987
-0.2562459961563137
2.1194605009633984
-0.12578616352200542
-3.3375314861461027
0.586319218241046
-0.5181347150259141
-0.7161458333333297
0.1311475409835991
0.06548788474133775
-1.963350785340314
0.1335113484646119
-0.3333333333333333
-0.8026755852842733
-0.8091706001348732
-2.447314751869473
-0.5574912891986142
0.14015416958655716
0.489853044086766
-1.253481894150406
0.42313117066290146
0.28089887640449834
-0.5602240896358622
-0.8450704225352033
1.4914772727272685
-1.5395381385584443
4.477611940298516
0.9523809523809562
0.7412398921832846
1.0033444816053512
-1.788079470198668
4.31557653405258
-3.361344537815119
-3.612040133779268
9.576682859125615
-1.1399620012666316
-2.0499679692504733
-1.4388489208633204
0.33178500331785005
-1.52116402116401
0.6715916722632639
-0.1334222815210254
-2.471609886439538
-0.13698630136985523
1.7146776406035664
1.416048550236004
-0.19946808510639052
0.19986675549634336
-2.4601063829787346
-0.47716428084525475
-0.5479452054794598
0.20661157024794172
-3.7113402061855707
3.8543897216274132
-2.1993127147766245
-0.7027406886858748
-3.3262561924982426
2.6354319180087806
2.4964336661911557
0.7654836464857501
-0.6215469613259708
0.6949270326615705
1.7943409247757034
-1.7627118644067759
0.06901311249136943
-1.6551724137931074
-0.420757363253853
-0.8450704225352033
0.6392045454545292
-0.776287932251231
-0.640113798008539
1.2168933428776072
8.84016973125884
0.1299545159194208
2.0116807268007753
-0.763358778625947
-0.8974358974359011
1.0996119016817705
-1.7274472168906059
-0.39062499999999634
-1.0457516339869244
-1.5191545574636798
2.0791415157612305
1.1826544021025043
-2.402597402597395
-0.3992015968064023
5.477621910487653
1.3299556681443916
-1.6249999999999964
-0.25412960609911417
-0.7006369426751556
0.06414368184733439
2.307692307692304
0.6892230576441067
0.9956440572495475
0.8626001232285749
-1.2217470983506415
0.18552875695733542
-0.1851851851851922
-0.06184291898577262
1.1757425742574292
-1.1620795107033675
-1.3613861386138544
-0.8155583437892167
-1.8342820999367526
-0.4510309278350443
0.6472491909385113
-0.45016077170417274
1.614987080103359
0
0.7628734901462101
0.5047318611987454
0.5649717514124151
-0.374531835205989
-1.8796992481203008
-0.19157088122604277
0.5758157389635171
0
-2.989821882951647
-1.4426229508196646
3.792415169660671
-0.32051282051282054
0.3215434083601286
-0.384615384615381
-1.2226512226512263
-1.107491856677517
0.5270092226613853
-0.3931847968545179
1.447368421052624
0.25940337224384286
2.134540750323423
-0.7599746675110938
9.636247606892166
2.9685681024446997
-6.444318824194463
1.7522658610271937
-3.622327790973868
-2.033271719038824
-4.842767295597477
-1.850627891606088
7.3400673400673435
1.5683814303638643
-2.2235948116121027
-1.6424510423247143
0.5780346820809286
-0.8301404853128882
0.06439150032195384
0.45045045045044313
0.19218449711723984
1.918158567774936
-0.6273525721455457
1.0101010101010064
1.437500000000007
0.06161429451632428
-1.1699507389162596
-0.4361370716510833
-2.0025031289111492
-0.2554278416347418
-0.9603072983354675
0
2.391725921137697
0.8838383838383874
-1.6270337922403144
-0.9541984732824428
2.1836865767501643
-1.8227529855436868
1.088348271446874
0.06333122229258664
-0.7594936708860688
0.127551020408156
-0.5095541401273957
1.152368758002568
-1.8987341772151898
-1.677419354838706
1.9685039370078738
-0.38610038610038244
0.3875968992248025
0.38610038610038244
-2.8205128205128243
0.39577836411609124
-0.3942181340341619
-0.46174142480210334
-0.6626905235255136
-0.6004002668445668
-0.40268456375838546
-0.26954177897574505
-4.324324324324328
1.0593220338983051
-0.7686932215234062
0
3.6619718309859075
1.8342391304347943
-5.33689126084056
0
-0.5637773079633625
0.2834868887314002
-0.14134275618373754
0
-1.2738853503184793
0.071684587813616
-2.865329512893983
-3.392330383480822
3.5877862595419763
-3.4635224760501027
2.900763358778635
-1.6320474777448197
0.7541478129713424
-0.4491017964071814
-0.8270676691729281
-1.1372251705837755
-0.5368098159509332
-1.1565150346954511
1.0920436817472745
-0.6944444444444489
0.6216006216006305
1.8532818532818576
-2.198635329795304
-1.3953488372093001
2.8301886792452895
0.22935779816512455
-1.449275362318845
-1.0835913312693433
-1.5649452269170578
2.5437201907790166
-3.5658914728682127
-1.5273311897106154
-2.2857142857142834
2.0885547201336676
-4.255319148936172
0.08547008547008061
3.5012809564474883
-1.0561056105610571
1.9346230820546975
0.1636125654450285
-2.1724926494609575
-1.4526632158958046
1.372416130125373
1.6212602373391256
-0.9046052631578901
-0.0829875518672152
0.7641196013288932
-1.0880316518298658
6.799999999999997
-0.9051186017478126
2.094488188976375
0.030849915162727167
-5.936777178103307
-1.6229508196721345
3.332777870354941
3.0478955007256903
-4.021909233176839
-0.701125061144627
-1.3136288998357917
0
2.895174708818639
0.04851228978006797
-2.6507192500404084
0.630914826498427
2.5243359181653213
0.6598004505954241
-2.765787370103912
0.9536336731338347
-1.5146579804560256
1.7033239622953549
-4.227642276422766
1.5280135823429517
-4.548494983277591
1.2964260686755467
-1.7813905223106212
-0.5106532840288768
2.3893805309734537
4.909248055315465
-0.016477179106933616
0.527356624917601
3.4918032786885287
0
0.3643275780136177
-0.9785353535353495
0.9085113165444697
-0.33170115305639053
2.044374009508715
0.9473520733033071
-3.784615384615386
0.28781579788935036
-2.598852040816319
-1.7024062858078346
2.0482930890924296
-1.2728459530026128
0.13223140495867486
-0.13205678441729662
-0.9752066115702536
1.8027040560841352
-2.656173143138227
0.1684352366515099
-0.2354128131831185
0.35395246923984636
-0.06718172657037143
-0.3361344537815174
-1.0455311973018506
0.5282890252215444
-0.7628411595185672
-0.751622822002046
1.876075731497412
-0.15205271160668407
3.824027072758034
-0.9452411994784848
-0.06581112207963005
-0.37866315442871906
2.4624029086101507
3.064516129032256
-4.30359937402191
-1.7988552739166008
2.0815986677768525
1.1092985318107662
-2.6137463697967047
0.2319416832339307
-0.5454545454545426
1.2963270732923402
-2.0836751435603005
-1.0556300268096557
-1.2193056731583385
0.034287673581352866
1.0625535561268165
-1.5601153128709542
1.9638242894056859
2.9734752491975085
-3.593109105824454
0.23825731790333657
0.27164685908319813
0
0.3386386725363964
0.3881201484981505
2.5718608169440262
1.5077023926581359
-0.8879560865353523
2.215344518651245
-0.7011952191235024
1.1073663938372615
3.142857142857149
-0.6617420744844672
5.902401239349345
0
-1.0971328262141604
-1.4938618547552214
1.1861861861861958
2.00326457931443
-3.7532732033750342
-0.3929866989117154
-3.88467374810319
-0.5367856015156353
6.571428571428572
0.8191837950551045
-2.836460333875021
0.015204500532165297
1.9306780176345333
