-1.3605442176870701
4.827586206896547
-0.32894736842104566
0
3.6303630363036232
4.140127388535046
-2.1406727828746264
0
-5.000000000000004
-4.934210526315789
4.152249134948107
-4.983388704318936
9.440559440559438
-4.792332268370607
3.6912751677852276
-1.9417475728155271
6.600660066006589
0.30959752321981865
-5.246913580246912
-4.88599348534202
9.246575342465752
4.075235109717882
-7.53012048192772
0.32573289902280594
2.5974025974025996
-1.2658227848101333
-3.525641025641019
0
-4.983388704318936
0
4.89510489510489
2.000000000000005
-6.86274509803922
2.1052631578947416
-3.4364261168384878
4.626334519572944
-2.3809523809523787
-1.7421602787456447
2.482269503546097
2.0761245674740536
-0.33898305084746244
0.3401360544217736
-5.084745762711864
2.142857142857148
-5.944055944055954
4.832713754646843
-2.1276595744680775
2.173913043478253
-0.7092198581560258
-1.7857142857142858
-1.4545454545454495
-1.8450184501845017
4.887218045112771
0.35842293906810546
-2.85714285714286
-4.779411764705885
8.494208494208506
4.982206405693945
0
-4.406779661016951
8.865248226950355
-2.280130293159607
-1.6666666666666667
4.745762711864402
0
4.8543689320388355
0
-4.62962962962963
2.912621359223308
4.71698113207546
-1.5015015015015016
-4.8780487804877986
0
-4.8076923076923075
0
-4.713804713804709
0
-1.7667844522968197
-3.2374100719424534
0
4.832713754646843
4.964539007092207
-0.3378378378378426
-4.745762711864402
0.7117437722419904
2.120141342756176
1.0380622837370268
-1.7123287671232876
2.4390243902439
-4.761904761904757
4.642857142857145
-4.436860068259388
-0.3571428571428622
0.7168458781362109
-4.2704626334519675
4.089219330855024
0.7142857142857117
4.2553191489361675
-0.3401360544217615
-3.7542662116041003
2.1276595744680904
-4.513888888888891
2.181818181818187
4.982206405693945
-2.9152542372881336
0
3.7011173184357498
0.673400673400671
-0.8026755852842757
4.989885367498316
-3.2113037893384715
4.578633045786327
-0.8248730964466942
-1.7914267434421056
-2.280130293159607
0
1.4000000000000057
4.536489151873763
-0.9433962264150966
-1.9047619047619093
-3.042071197410996
-4.806408544726305
3.4361851332398334
3.7288135593220386
1.1764705882352922
4.974160206718343
-8.861538461538458
-1.417960837272119
4.109589041095888
0
-1.6447368421052633
3.010033444816061
-2.6623376623376633
2.0680453635757203
-6.339869281045755
2.233077459874391
-6.006825938566559
0
4.502541757443725
-4.864489228631001
4.747991234477723
-4.11436541143654
4.800000000000001
-4.927133934767529
3.6496350364963503
1.4084507042253598
-4.375000000000005
1.6702977487291244
0
0
-2.7142857142857197
-1.6152716593245144
6.119402985074629
-0.14064697609002355
-3.0985915492957714
-1.8895348837209287
5.0370370370370345
-4.936530324400559
0.5934718100890213
-0.07374631268436421
1.0332103321033121
-4.30971512052593
4.503816793893129
3.3601168736303935
-1.5547703180212058
-4.1636755204594404
5.168539325842692
4.6296296296296315
-3.607896528250506
-3.954802259887009
4.779411764705885
0
-2.4561403508771904
-2.5899280575539656
7.533234859675048
-4.945054945054949
1.0838150289017368
4.288777698355966
-4.729266620973266
3.597122302158273
-3.541666666666665
4.82361411087113
-3.8461538461538494
-4.857142857142855
7.58258258258258
0.13956734124214637
-4.181184668989545
1.8181818181818181
-1.2857142857142836
4.848046309696093
-3.51966873706004
1.6452074391988585
3.237156931738206
2.2494887525562377
-7.066666666666671
0
3.7302725968436254
-1.7980636237897756
-2.6760563380281623
1.3024602026049183
-4.285714285714283
1.1194029850746294
0
0.29520295202951397
-0.735835172921263
-3.4840622683469284
3.609831029185873
-2.9651593773165335
2.7501909854850988
-2.973977695167276
-1.9923371647509698
0
0.31274433150899866
3.897116134060795
-2.475618904726182
0
-1.1538461538461566
2.334630350194558
-1.1406844106463905
3.0769230769230798
-2.985074626865674
-3.0000000000000044
3.0927835051546437
1.9230769230769231
0.3773584905660431
1.5037593984962352
-3.7037037037037037
0
3.8461538461538463
-1.4814814814814763
5.1127819548872155
0
-1.2160228898426317
-4.344677769732075
4.466313398940195
-2.173913043478266
-1.9259259259259243
-2.1903323262839947
1.7760617760617794
2.0485584218512867
-2.973977695167276
2.2988505747126355
-0.22471910112359073
0.6006006006006012
3.656716417910449
-0.0719942404607616
-4.8991354466858885
0
2.2727272727272783
2.59259259259259
-5.1985559566786925
3.198781416603198
-1.1070110701107037
0
3.1343283582089545
-3.039073806078147
-1.9402985074626848
0
-2.130898021308989
-2.0217729393468105
2.6984126984126973
2.3956723338485357
-1.8867924528301887
2.3076923076923133
-2.2556390977443663
1.7692307692307725
-1.7384731670445988
-3.0769230769230798
3.8888888888888906
-2.979373567608866
1.8110236220472475
-0.618716163959784
0
-1.5564202334630295
2.766798418972329
-0.7692307692307665
-0.7751937984496097
-3.515625000000008
3.562753036437243
-1.8764659890539364
2.0717131474103567
0
-2.02966432474629
0
1.99203187250996
0
-0.7812500000000111
-3.070866141732274
-0.4061738424045549
4.893964110929851
-2.799377916018658
-2.4000000000000057
2.0491803278688527
-0.4016064257028027
0
-4.838709677419351
2.11864406779661
-2.0746887966804977
7.203389830508471
-1.185770750988145
1.519999999999996
-0.07880220646177925
-4.810725552050469
4.391052195526092
-1.5873015873015817
0.5645161290322603
-2.2453889334402657
-0.7383100902378987
-4.049586776859506
1.5503875968992225
-6.276505513146722
0.09049773755655915
4.882459312839051
2.1551724137931036
2.4472573839662526
4.942339373970343
-0.1569858712715822
-0.15723270440252632
2.519685039370081
4.992319508448543
0
-4.46232626188734
9.877488514548231
4.39024390243903
0.06675567423230833
-1.9346230820547092
-3.0612244897959138
-4.982456140350883
5.539143279172822
1.0496850944716611
0
-4.986149584487527
3.4985422740524683
-1.7605633802816902
-3.2974910394265167
0.07412898443291169
2.59259259259259
2.1660649819494635
-6.713780918727923
5.000000000000002
-8.513708513708512
-4.968454258675071
1.2448132780082868
2.459016393442629
-2
2.0408163265306123
0.9599999999999937
-4.83359746434231
3.5803497085761844
1.2861736334405156
-5.9523809523809526
-4.8101265822784836
2.2163120567375887
4.943625325238511
-3.3057851239669453
2.1367521367521367
1.1715481171548165
-4.9627791563275405
5.744125326370758
-3.703703703703712
3.162393162393171
-1.8227009113504609
3.8818565400843954
0.7311129163281873
-2.8225806451612874
-4.979253112033207
9.868995633187781
4.928457869634334
-1.5151515151515098
-2.3076923076923133
3.0708661417322882
0.458365164247521
-2.281368821292781
0
0
-4.980544747081702
0
0
0
0
0
-2.538902538902543
0
-4.201680672268908
-0.789473684210525
-4.951370468611852
1.023255813953483
-2.394106813996315
-0.09433962264150743
-4.532577903682724
7.616221562809114
-3.4926470588235365
7.999999999999998
-4.761904761904755
10.185185185185182
4.201680672268908
-1.6129032258064602
-1.6393442622950762
5.833333333333328
-4.8818897637795216
0.7450331125827803
1.5612161051766598
0
-0.4854368932038732
-3.252032520325206
0
4.117647058823531
0.0807102502017739
-2.0161290322580645
2.05761316872428
-6.451612903225812
0
-4.9137931034482785
-2.9918404351767913
6.822429906542061
4.111986001749787
-3.4453781512605053
2.2628372497824176
0.9361702127659526
-0.4215851602023519
0.508044030482631
-2.443133951137314
0.25906735751294785
-3.0146425495262674
7.7264653641207905
2.2258862324814475
-3.225806451612906
0
-3.333333333333336
0
1.2068965517241428
-3.7478705281090248
8.053097345132745
4.995904995904991
-6.4742589703588145
-2.4186822351960044
-1.4529914529914525
4.943625325238511
-4.214876033057849
0.5176876617773986
0.0858369098712428
2.915951972555745
1.4999999999999976
2.216748768472903
-0.4016064257028027
-5.000000000000008
1.1035653650254735
4.953820319059613
-4.079999999999998
-1.5846538782318558
2.8813559322033884
4.612850082372312
-5.905511811023622
0
0
-1.6736401673640109
0
-3.3191489361702176
6.954225352112684
-2.4691358024691414
-2.5316455696202445
0
-0.432900432900439
1.7391304347826024
-0.08547008547008365
-4.191616766467068
0.4464285714285778
-2.2222222222222223
5.818181818181824
