2.691019786910201
1.1205312147981183
-8.337242026266406
1.682231034923881
0.47807762470905885
-1.189507293557879
1.3748970411201955
0
-1.3187499999999943
0.6080182405472107
0.4091910607491344
2.119122257053289
-2.320726915520626
-0.05656819610308554
0.06288912647003334
0.5656464081453083
2.487344540966201
-0.9756692481248856
-0.9237021984112321
0.49723413512337616
-0.284495021337135
0.006202319667564128
1.116348300669809
2.6987242394504416
-3.3564261825131414
2.4533432208626897
-0.24126907533626876
0.7618356611645147
-0.6180618061806153
-1.7208066658616108
7.980586103090241
0.477924442421489
4.9207248018120096
-0.2914350477629711
2.0568335588633286
1.0129939008220583
-0.34652945500367055
0.12118018967333796
-1.1840235752249646
0.8680370646501201
4.403146613167208
0.9911504424778715
2.6288117770767614
1.7759562841530099
0.9395973154362373
0.35144376899696483
-0.7430194036914254
4.706050636532676
-0.09107468123861566
1.9279854147675561
2.835040021464009
0.10001304517981398
-1.6203301476976621
-2.229875921755641
-1.2871465992231959
-3.920940659742866
7.5761904761904715
2.129166482227432
-4.607316227461847
1.4766686355581806
-0.1432793050953825
1.8294323379069224
-1.3474240422721229
0.522228173540431
-1.2344034456729154
-0.5529829609315372
-0.3616636528028933
2.028130671506344
-3.8511139769644647
1.2441607696221308
1.5806304248515262
0.3597769382982551
0.9051801398100141
-0.031086242117429292
2.447692239349647
-0.04336137368831845
-0.7634912372028418
2.1157545025354123
4.96147260273973
-17.541498429789147
19.967355821545162
-0.9853638425067034
1.8487674883411098
-0.19623875715454545
-4.751761428805506
2.3567865129881382
-3.5630252100840414
-1.4769954688044458
2.0474948038738656
0.5416883342000347
-4.491185724753236
3.1228846067060703
-0.5557743643604139
4.070586164407675
-1.9704850099369913
-1.2207220808351025
1.0436681222707462
-4.835991183715808
4.468664850136244
1.8866284124500126
-2.9012714395426227
1.595043501186384
2.0371091215777826
0.45354357409292445
-2.9494915397274184
0.08695652173913043
-0.4821894005212819
-0.47579553887118997
-0.631578947368425
0.7459392655367272
0.8061336254107379
-0.03476900343344699
0.5999739141776523
1.5774233977267815
-1.9698774676650859
1.449589861551152
-1.9251336898395721
-3.9432933478735044
3.0834203714636073
-1.3215859030837005
0.5401785714285674
0.2353359087074367
-1.7453707805439926
0.6853020739404787
-4.271896829661457
1.7588174759098094
-1.4618001287119693
-3.5267773838402645
8.080270793036746
1.0693033868730746
-1.0712704736609038
0.004474673348841465
1.0559756588661644
-0.022138587558113793
-0.35872453498670986
-3.991288501711195
-0.8657006620063802
0.48566358457084574
0.571614462310611
-0.79016681299385
-0.30274802049371213
1.854706844195273
-1.3530868727639667
-0.3719719161203329
0.704718346012058
0.009268699601437487
0.40778498609824754
-0.7661067011261012
0.5115803181099433
0.40718119563206473
0.5668202764977043
0.35283874810978405
-0.16438356164383147
-0.018294914013908294
-0.6999085086916826
4.7265858939512775
-3.6554788193375427
0.3561318601041084
-0.5914467697907189
-1.2723112128146536
0.07417022065642333
0.28256438762274916
0.7344450090073487
-0.8620689655172497
-1.0638297872340425
0.42075736325385693
-0.4888268156424581
1.4502923976608186
-1.8722619322112017
0.9962874195215855
0.6653948164347951
0.120181196265134
4.681440443213301
-2.072858780982623
0.45937668888487737
0.33174930511970285
-3.512064343163535
4.441048439381314
-5.316365893672685
0.4027348506134639
-1.0121268656716333
1.4983744051265007
2.0286894758832124
-0.5050505050505215
-3.301778936296695
0.18444076613857133
1.3547960725075443
-0.2375296912113972
-1.1764705882352857
0.3401360544217601
-1.0593220338983051
0
0.45205805377111585
4.249171009000465
-3.803335302403773
0.23618327822390175
-2.13477851083884
1.6564742138970527
-2.041589692577325
0.39168278529980216
1.4402003757044504
-0.2849002849002849
-0.6142857142857187
0.7570312874323311
-2.815160017119218
3.7236384988012006
-2.3021039720728456
2.3466924191211933
-0.06133232685411055
0.8355756974932642
-0.47284644194756126
0.9454819135424953
1.523765144454791
0.596686097213935
1.8615686453438056
-0.19260918253080322
-0.8527062202674806
-2.109360854607999
1.5814297604735168
1.5613619810633523
-0.9950248756218825
2.4129657295486315
0.9901865440721462
1.9697102337389478
-2.1119505494505417
1.5611296263813326
-1.5284974093264287
1.2102078400420901
-0.7365046356468244
0.38407821229051076
-0.22608695652173122
0.23531462436812078
-2.3563168420137304
7.569011576135352
-2.967715231788072
2.030456852791874
-1.952422760148847
0.2558417192563534
-0.5741748894181695
5.655131111776544
-3.9353819992712364
0.23180343069077425
-0.4204860819106888
0.4011485516425978
0.11776086133659344
0.5545053560176357
-1.1154279984960447
1.0519645120405614
-2.458296751536443
-0.07286442930006506
1.2910697435017546
0.35994071564683466
-1.4092827004219448
1.005734828383121
-4.8684377780602555
1.060039194726536
-2.344645218157771
-1.8232692481270913
-6.1276087156385115
2.2525831252142403
1.4989703558258791
3.321694819288482
3.438670198191603
-2.154430267979327
0.8121644181744349
0.30882155484937723
-3.3241120828127793
1.5368994323164344
2.2772727272727233
0.1199946669037053
-0.5282315340909131
0.410549332857326
0.8444069152482112
-1.0576880701599753
-0.18707407242438281
-2.8024454460261583
2.212937881639974
0.34586533710640155
-0.8415398388540816
3.588840736728061
-4.806728548394114
-3.0397363120307674
3.0358829084041634
0.8110708885121118
6.377272727272736
0.16237234542578843
1.3779275628172938
0.06732873253660616
-0.9209419680403739
1.2308475871142992
-2.1173116431176893
0.025700334104339462
-2.7406646111682087
1.963719619584377
-8.273598756369305
-1.7277092552490265
1.8203592814371257
0.578687367678202
1.810272242492273
-1.9480817826786165
5.187198350592769
-1.1582323592302208
0.319992788894894
-1.1590817197538155
0.5408845052497655
0.6916817359855417
-2.12813720648319
0.004587366392949633
0.830275229357794
-0.21837041080932293
1.6823963890028557
0.9685230024213239
-3.2818189892530456
-0.18825474080535878
0.059803109761695054
0.5149188543055617
-1.0703014224946297
-0.12483240094319074
0.9952782149800945
0.4950268139524308
0.1459521094640738
-0.37801156806484165
2.6012617719667226
1.5862406986588204
-0.14474319049081896
0.026355090925059697
-0.004391357807830188
0.12296341838303904
-0.17544629150401334
-1.0325585482666197
-2.002308648552651
0.5164680831785274
1.509893180691396
-0.09324216321818263
-0.808852939869331
0.21954388637484165
-1.2607296137339177
0.6791632708503125
0.7330455117827029
2.232242510826376
-3.1311410978645475
-0.3381119826886665
-0.5382910390373925
0.26832817900671435
-1.6283394566153961
0.37347842124676817
-2.122283981809007
1.2296428403811084
-0.8948027261347388
-0.32747005988023953
1.7929221815451175
9.641276281814823
-9.331763320576982
-0.6771799628942444
2.9186513495843838
0.2404827805254198
-0.1131631359768242
0.4939502424434718
-1.10479797979798
0.04103780037390411
1.8185961713764855
-1.5220018801199695
-0.05000227283057907
-1.032381298890316
0.2711272459905377
-0.5499541704857929
-3.543778801843322
0.6401987482681234
-2.259672442440062
4.8472485307688435
-7.833418260990408
-1.487736228387611
2.0714285714285667
-0.5248425472358292
-0.8843776694638416
-1.0544993662864361
0.6558384997694294
1.5220157800967213
-0.3158844765343051
0.4728132387706902
1.4918648310387963
-0.9273417846396663
0.8314662683594745
0.5480940154058813
-3.295192260472421
4.321551899248433
-5.841405831670166
-0.051698288786641164
1.36036828221176
0.6021637068789641
-3.631936694734713
-0.8632487630276799
2.7131782945736385
0.26363401395709013
6.542586100226856
-0.3097023953544685
2.2862967817096216
0.033219438116945374
1.337824374970341
-0.17789429333831408
-0.18290109271678895
-0.770531854914494
1.8560606060605975
0.2324284120490889
-1.7948242278081727
-0.16056670602125578
-1.2724090629582372
-0.838443848217708
1.4398221964536013
0.9526077637532746
4.73696626562869
-2.157754853822248
-0.30386740331491296
3.2557495151011357
-1.091283152198224
-0.5200090436355415
0.8818181818181859
0.6758583400919167
-0.2953813104189003
-0.2423915970913049
1.0844132469402405
0.15579790785666592
0.8755555555555474
-0.38331056967880417
1.972578505086241
0.5942054129077149
-0.02155822877592377
0.6813869242711629
1.5291698792084414
-0.09703413070076285
0.8868243243243243
-0.46044370029300963
0.8999158957106851
-0.21255313828456734
0.2422419913962213
3.7831757010124654
-0.5299289413465123
1.4206723977882825
13.032751004815154
1.8870581608224162
-3.4796129923980588
0.24343965918446736
2.203492732402424
0.5311342511705855
4.268335071254786
0.5100340022668086
-0.33829723723922317
1.0283204099970078
-2.1542921141050164
0.7709399407487237
2.3185113419971146
1.2113494628922312
2.8034066713981427
0.4173596510496809
-0.9124999999999943
-0.337454270215727
-0.7752919211417361
-0.6218905472636816
4.354802477455803
-1.5898886770404166
-0.20311865254210806
0.0876753507014085
0.028156676260796237
1.6420104463140774
-3.3632838943935064
-1.541155866900178
1.6881730862520705
-0.13675539865789466
2.1942675159235696
