-2.2499999999999964
2.3017902813299194
-10.749999999999993
4.014939309056953
2.5134649910233335
4.728546409807364
-0.8361204013378045
-1.1804384485666004
2.047781569965872
1.1705685618728996
-0.1652892561983436
0.5794701986754991
0.7407407407407396
0.16339869281045402
-1.1419249592169705
-5.033003300330028
3.8227628149435233
2.8451882845188274
-4.068348250610253
0
2.035623409669213
0.1662510390690054
-0.9128630705394291
0.5025125628140745
-0.8333333333333304
0
-0.5042016806722731
-1.8581081081081134
1.6351118760757426
0.0846740050804385
0.42301184433163225
1.5164279696714533
-0.4979253112033236
0
-0.3336113427856624
0
-1.0041841004184036
1.3524936601859692
-2.3352793994995777
0.08539709649871721
-1.9624573378839625
0.9573542210617879
-2.586206896551715
2.1238938053097205
0.08665511265166
3.030303030303027
-1.428571428571428
1.0230179028132926
0
2.0253164556962044
17.617866004962785
4.078762306610408
-10.40540540540541
1.8099547511312233
-7.18518518518519
0
2.0750199521149226
2.9710711493354247
-0.9111617312072834
4.214559386973172
-5.294117647058815
0.8540372670807409
-0.46189376443418395
0.3093580819798989
-0.6939090208172695
0
-0.698757763975168
-0.31274433150898473
-0.8627450980392112
1.5822784810126524
1.5576323987538885
1.6104294478527674
-1.7358490566037768
0.8448540706605315
-1.7517136329017549
0.38759689922479795
-0.15444015444015116
-0.23201856148491384
0.15503875968991918
-14.47368421052631
12.48868778280542
0.6436041834271928
-0.23980815347721313
0
-1.041666666666673
0
-0.48582995951417407
-0.3254678600488133
2.122448979591835
-1.119104716227023
-0.32336297493936256
0
-0.6488240064882407
0.40816326530612823
-1.219512195121954
-0.7407407407407396
0.8291873963515725
-4.52302631578948
4.048234280792426
-0.6622516556291397
2.0000000000000018
0.4901960784313766
-0.5691056910569129
2.207686017988549
-1.8400000000000034
2.281988590057059
2.6294820717131477
0
2.173913043478256
0
-1.8237082066869317
0.23219814241485573
-0.6177606177606183
-1.6317016317016246
-0.15797788309636315
-0.31645569620253894
1.031746031746038
-0.07855459544383178
-0.5503144654088072
-3.952569169960474
2.2222222222222188
0.24154589371980162
-0.2409638554216816
1.2077294685990367
-1.7501988862370774
-2.4291497975708416
0.41493775933609073
-0.3305785123966872
-0.4145936981757936
-0.8326394671107381
0.755667506297228
-4.083333333333335
4.51781059947871
0
-1.911886949293422
-4.915254237288136
0.7130124777183606
-2.389380530973463
4.261106074342708
0.8695652173913012
-3.448275862068969
2.589285714285723
-0.8703220191470813
-2.0193151887620755
1.7921146953404954
0.7922535211267594
-2.183406113537118
0.17857142857144065
0.6238859180035518
0.0885739592559926
0.7964601769911491
0.5267778753292249
1.310043668122274
0
-1.2068965517241275
-0.08726003490402759
-1.7467248908296882
-1.7777777777777715
1.0859728506787258
-2.4171888988361645
0.5504587155963349
0.3649635036496272
-0.727272727272728
4.3956043956043995
0.5263157894736885
4.9738219895287825
0
4.488778054862851
-7.159904534606207
-2.3136246786632353
0.08771929824561216
-2.278702892199823
1.5246636771300441
0.7067137809187285
0.789473684210525
-0.7832898172323747
-0.8771929824561372
-0.8849557522124019
-0.08928571428571239
-0.3574620196604035
0
-1.345291479820631
-0.27272727272726693
-2.096627164995446
1.8621973929236433
0
-0.4570383912248532
-0.2754820936639223
1.0128913443830683
-1.276207839562448
0.8310249307479212
-0.4578754578754644
0.6439742410303615
-0.7312614259597813
2.02578268876612
-1.3537906137184148
1.5553522415370533
0.09009009009008817
-0.6300630063006326
-1.177536231884049
0.3666361136571874
-0.3652968036529603
0
-1.4665444546287822
1.1162790697674345
-1.5639374425022994
0.4672897196261749
-0.9302325581395315
0.6572769953051669
-2.052238805970155
0.1904761904761864
-1.615969581749049
0.38647342995169975
0.5774783445620666
-1.1483253588516673
-0.6776379477250754
3.8011695906432803
-0.9389671361502314
0.09478672985781787
0.47348484848483835
0.6597549481621139
-1.1235955056179703
6.155303030303033
4.995539696699364
-6.032285471537801
0.0904159132007214
0.09033423667569816
-1.3537906137184148
0.9149130832570873
-0.2719854941069752
1.0909090909090837
0.35971223021583565
0.08960573476702317
0.08952551477170803
-1.2522361359570713
-0.36231884057970243
0.09090909090908897
0.8174386920980914
-2.162162162162164
-0.5524861878452921
0.7407407407407414
0.8272058823529398
0.5469462169553211
0.6346328195829581
-1.8918918918918837
-0.18365472910928696
1.1959521619135307
-0.454545454545461
0.18264840182649636
0.36463081130354735
5.449591280653948
0.17226528854436995
-7.050730868443682
2.3126734505087883
-8.137432188065102
0.3937007874015664
-5.294117647058815
-1.656314699792962
-6.526315789473676
-2.139639639639654
9.781357882623702
-0.10482180293500826
3.147953830010501
0.20345879959307805
0.20304568527918349
-0.506585612968581
0.6109979633401272
1.1133603238866339
-0.20020020020019594
1.6048144433299913
0
0.6910167818361155
0.09803921568628984
0.587659157688528
-2.3369036027263896
0.39880358923231235
-0.2979145978153042
-0.3984063745019836
-0.19999999999999574
0.4008016032064043
-0.5988023952095681
-0.40160642570282046
-0.30241935483870325
0.3033367037411462
0.20161290322580216
1.0060362173038193
-0.9960159362549766
0.10060362173038015
0.10050251256282978
-0.40160642570282046
-0.7056451612903254
0.10152284263959174
0.40567951318459355
0.40404040404039543
-1.0060362173038193
0.914634146341462
-0.8056394763343411
-1.7258883248730958
0.6198347107438068
-0.9240246406570827
-1.9689119170984404
-1.0570824524313045
0.8547008547008556
-1.2711864406779578
-0.21459227467810701
0.1075268817204278
-2.363050483351242
-1.5401540154015465
0.2234636871508531
0.5574136008918499
4.656319290465631
2.754237288135591
-4.020618556701018
0.5370569280343601
-2.243589743589734
-0.21857923497267293
-2.081051478641854
0.2237136465324536
0
0.5580357142857023
-2.552719200887907
3.530751708428252
-0.5500550055005579
2.3230088495575316
-2.9189189189189144
-0.7795100222717181
0.673400673400679
0.44593088071347986
-1.2208657047724687
0
-0.5617977528089967
-1.0169491525423713
1.3698630136986416
1.0135135135135118
-1.2263099219621092
-1.9187358916478547
0.5753739930955203
-0.686498855835246
-0.8064516129032291
0.23228803716610164
-2.4333719582850617
-0.7125890736342102
-1.3157894736842037
-1.0909090909090893
0.4901960784313621
2.0731707317073162
-2.2700119474312968
1.8337408312958479
-3.2412965186074376
0.12406947890818594
1.1152416356877306
0.12254901960784052
5.38555691554467
0.6968641114982637
-2.883506343713956
-0.23752969121139636
-1.6666666666666734
1.5738498789346342
-2.622169249106086
0.12239902080783092
-0.7334963325183436
0
0
0.7389162561576417
-1.1002444987775044
0
-1.9777503090234876
-3.6569987389659526
0.1308900523560298
1.045751633986929
0.5174644243208169
0.3861003861003893
-2.0512820512820533
0.9162303664921504
-1.2970168612191912
0.5256241787122212
-3.398692810457525
0.13531799729364918
-2.0270270270270316
1.3793103448275814
-3.537414965986392
0.14104372355429884
-1.4084507042253471
5.428571428571426
-8.536585365853657
1.4814814814814763
-5.985401459854004
-0.15527950310560054
-4.510108864696734
0.16286644951141166
1.1382113821138113
1.2861736334405156
9.206349206349207
1.5988372093023302
7.29613733905579
4.400000000000001
14.431673052362719
0.44642857142856185
-9.666666666666657
-1.4760147601476137
-4.3695380774032415
1.5665796344647533
5.912596401028278
0
-4.0048543689320395
-1.264222503160563
3.4571062740076886
1.4851485148514754
-2.682926829268279
-1.5037593984962419
1.3994910941475753
-0.6273525721455436
0.37878787878788195
-0.37735849056604087
0
0.25252525252525837
-0.3778337531486177
0.12642225031605292
-0.631313131313129
0.12706480304955256
-0.7614213197969494
-0.2557544757033307
0.6410256410256387
1.019108280254778
-0.6305170239596447
-0.25380710659897937
0
0.12722646310432298
0.5082592121982216
-2.4020227560050618
0.6476683937823812
-0.9009009009008931
2.5974025974025996
-1.0126582278481022
0.25575447570331933
0.12755102040816055
-0.509554140127389
-0.12804097311139293
0.12820512820512547
0.1280409731114043
-0.3836317135549904
0
-0.12836970474967635
0.3856041131105316
-0.25608194622278585
-1.7971758664955029
0.784313725490191
0
0.2594033722438452
-1.0349288486416568
1.045751633986929
-0.38809831824062413
0.1298701298701271
-1.1673151750972743
0.13123359580052213
-1.0484927916120586
0.132450331125825
-0.6613756613756591
2.396804260985361
-1.0403120936280894
1.708278580814716
-0.7751937984496188
0.651041666666676
-0.7761966364812483
1.3037809647979093
0
-0.7722007722007672
-0.5188067444876788
0.13037809647978862
