-0.7291666666666696
1.1017838405036697
-5.760249091852619
0.5506607929515419
5.859802847754665
-1.3967925504397398
-2.0461699895068235
1.3926084627745168
-1.4263074484944622
2.357984994640946
0.1047120418848108
2.4581589958159085
3.675344563552827
1.3293943870014855
0.38872691933915593
-1.355275895450137
0.3434739941118688
0.19559902200489276
-1.5129331381161515
-2.4777006937561943
1.8292682926829238
0.3493013972055831
2.2376926902038785
0.3891050583657643
-0.5813953488372176
-0.04873294346978281
-0.19502681618722853
0.43966780654616794
3.8910505836575875
2.996254681647943
-2.909090909090912
0.09363295880150611
5.519176800748355
1.0638297872340452
-1.0526315789473708
-0.22163120567375888
-2.35450910706352
-2.4567788898999114
0.6063432835820816
0.0927213722763176
-0.09263547938861373
1.9007881316643593
2.0473157415832572
0.6241640659830482
-1.639344262295077
1.1711711711711685
-1.8699910952804937
-1.451905626134309
2.209944751381221
0.810810810810816
3.6193029490616593
-0.3449762828805569
-2.2068368671570724
-0.9292035398230063
-2.5904421616793263
0.1375515818431964
-0.18315018315018575
1.3761467889908257
1.3574660633484164
0.9821428571428521
-1.2820512820512722
1.4330497089117726
1.456953642384111
0.0870322019147035
-0.1304347826087006
-3.91815411406182
2.0389669234254644
0.9325044404973458
-2.507699076110874
1.7148014440433266
-1.8189884649511954
0.27112516945322834
1.2618296529968378
0.22251891410769917
0.35523978685613294
2.6548672566371683
-4.094827586206897
0.3146067415730286
-0.5376344086021455
1.8018018018018018
-3.14159292035398
0.41114664230242376
-1.956323930846229
0.7424593967517376
0
0.8751727314601593
-1.7808219178082219
0.6508600650860091
-4.110854503464206
0.3853564547206221
1.0076775431861777
1.1401425178147295
1.0803193987787614
0.6040892193308603
-1.016166281755191
1.2599160055996212
-1.3364055299539197
-1.9149929939280683
-2.142857142857143
1.5571776155717707
0.047915668423585404
0
0.7183908045977011
0.047551117451257396
0.14258555133079037
0.6644518272425276
1.6030174446016057
0.09280742459396224
-1.7153453871117241
-1.8396226415094366
-0.5766458433445405
2.4649589173513746
-2.877358490566035
1.5541525012141761
-6.695361071257771
1.435161455663768
2.475997978777163
4.043392504930961
-6.6350710900473935
0.8121827411167484
-2.6183282980866007
0.5170630816959669
-1.851851851851849
1.100628930817607
-2.851218247796786
1.494130202774804
1.1041009463722518
1.8720748829953167
-2.1949974476773924
0.10438413361169993
-1.9812304483837389
-0.15957446808511244
0.6925945657964898
0.8465608465608435
-3.882476390346278
0.3275109170305801
-4.570184983677914
0.34207525655643917
3.749999999999997
-0.32858707557502426
-0.5494505494505495
3.1491712707182256
-4.07070166041778
1.4517029592406445
-1.1557512383048951
-0.8351893095768375
1.1791128579449717
0.05549389567148876
1.6084303937881181
2.0742358078602683
-2.3529411764705914
2.6286966046002256
-1.8676627534685164
1.0875475802066341
-1.506186121570743
1.5838339705079223
-2.8494623655914038
1.0514665190924215
-2.4644030668127055
1.909039865244248
-2.0385674931129416
0.9561304836895324
1.559888579387193
1.4262205156335679
-2.650081124932399
2.1666666666666696
1.413811854268621
0
1.0187667560321747
1.592356687898089
-3.657262277951933
0.32537960954446543
-1.6216216216216217
1.6483516483516483
-1.9999999999999938
0
-1.0479867622724797
0.3344481605351139
-0.38888888888888257
0.2788622420524261
-1.668520578420467
-0.3959276018099644
0.9653605905735475
-0.9561304836895483
0.11357183418513178
0.28360748723766305
-1.2443438914027245
1.2600229095074553
-1.6968325791855203
-0.05753739930956429
0.2878526194588371
0.45924225028703297
-0.11428571428570779
-0.45766590389016665
-1.091954022988509
-0.8715862870424173
2.0515826494724503
-0.057438253877078876
0.8620689655172413
0
4.444444444444451
-5.073649754500824
-0.8620689655172413
0
-9.101449275362313
-0.5102040816326603
3.076923076923084
0.12437810945272924
1.490683229813668
-0.8567931456548382
-1.9753086419753016
0.4408060453400432
-0.06269592476488672
-0.3764115432873239
8.1234256926952
0.6988934187536501
1.098901098901102
0.11441647597253353
-0.2857142857142857
0.28653295128939826
-1.2571428571428507
-0.4629629629629695
2.0348837209302326
4.843304843304844
-2.826086956521733
-1.5100671140939692
3.350369108461105
-0.05494505494505182
0.054975261132487255
0.27472527472527475
-0.3835616438356102
0
-0.6600660066006694
-0.0553709856035406
0.38781163434902416
0.4415011037527657
-1.4835164835164774
0.11154489682096409
-2.0055710306406653
-1.0801591813530447
0.977011494252867
-0.1138303927148484
-1.4245014245014245
3.988439306358385
-3.8910505836575875
0
-0.7518796992481268
-1.456876456876457
2.12891780011827
-1.50550086855819
-0.23515579071134962
0.17678255745433788
-0.11764705882352272
0.11778563015311462
-3.8823529411764675
0.06119951040391329
-3.363914373088685
-1.4556962025316527
-4.945407835581239
-1.2837837837837875
10.061601642710485
1.679104477611933
10.33639143730887
-0.8869179600886886
-0.05592841163312233
-1.2311135982092831
7.422096317280451
0.2109704641350241
0.8421052631578917
0.208768267223385
2.2395833333333393
0.30565461029036894
-3.4027425088877687
3.680336487907466
-4.310344827586207
0.15898251192369442
-1.5343915343915373
0.48361096184847163
-1.2299465240641771
0.216567406605309
0.3781739600216192
0.10764262648008
0
0.5376344086021505
-0.8556149732620291
0.431499460625665
-2.2019334049409207
-0.054914881933000724
4.230769230769225
-0.8434370057986265
-0.9569377990430532
0.10735373054213022
0.482573726541558
-0.7470651013874097
0.9677419354838771
-0.37273695420661185
0.05344735435595634
-1.014957264957253
13.167835941716122
6.628516928946116
-0.08944543828264251
-0.7609668755595421
-3.428055931438879
-0.186828584773473
-3.1352363125877347
-1.7874396135265647
1.9183472700442583
-1.64092664092663
-2.355250245338573
0.5527638190954746
2.9485257371314373
-0.4854368932038835
-0.4878048780487805
0.04901960784313447
0.34296913277805835
-0.6835937500000028
1.3274336283185784
-1.0189228529839855
-0.7843137254901933
-0.4446640316205562
0.2977667493796498
0
1.2370113805047007
2.150537634408605
-1.4832535885167437
3.108305002428366
2.2138483278379595
2.2119815668202816
-3.065825067628499
-0.6976744186046512
0.7494145199063206
-0.23245002324500233
-2.3299161230195713
1.4790076335877835
0.4231311706629082
0
0.37453183520599787
-0.3264925373134408
-2.3865231633130533
0.6711409395973181
8.04761904761905
-0.2644336712207996
0.3535130357931873
1.8053720827829125
-1.0380622837370144
0.5244755244755195
-5.826086956521741
-1.2003693444136632
-1.8691588785046729
0
-1.3809523809523836
0.09657170449059249
3.859141341051616
-0.9753831862517522
0.8442776735459716
0.0930232558139482
0.6970260223048328
-0.32302722658052085
3.5648148148148096
-0.31291908806436686
-2.5560538116591878
0.32213529682466113
-1.5137614678899134
-1.210992081974846
1.7444601603017524
-1.2511584800741506
-3.097137494134207
0.5326876513317164
-0.24084778420038536
0.4345726702076319
-1.394230769230772
-0.09751340809360733
-0.9272816007808715
0.9852216748768473
1.5121951219512166
-0.5766458433445405
-2.6099565007249907
1.0918114143920539
7.658321060382928
-0.13679890560876032
-2.8767123287671286
-4.090267983074748
12.107843137254898
0.5684302579798913
-0.5217391304347777
-0.3496503496503546
-5.087719298245612
0
0.6469500924214444
0.9182736455463728
0.5459508644221968
1.493212669683263
-0.17833259028087636
0.8485931219294353
8.768821966341887
0.2850162866449581
-2.0706455542022018
-0.663349917081258
5.258764607679464
2.3394131641554456
-0.2712127082526329
0.15540015540016866
-0.5818463925523661
-0.8973858759266529
-0.23622047244094263
0.5524861878453061
5.180533751962319
0.03731343283582938
0.29839612085041195
0.7809594644849471
0.8856088560885524
-0.8046817849305007
-3.3554572271386305
0.7630675314765356
0.9087466868610288
1.0506566604127623
-2.1537318975120723
0.5313092979127049
5.360513401283521
-1.2898602651379514
2.2504537205081627
-0.7454739084131935
3.7553648068669525
0.0344708721130527
-4.238456237077881
0.5037783375314985
2.1482277121374866
-2.067998597967064
2.1474588403722263
-1.506657323055345
-2.596940590537179
0.6939371804236586
0.6166122597025712
0.03604902667628794
-4.432432432432437
-0.3770739064856712
5.63966691900077
0
1.6839842350411998
-0.10570824524313296
4.444444444444453
3.275920297196889
-3.4009156311314697
-1.0494245091401375
-1.1631885049606685
-2.042229145032876
3.9929328621908167
-1.3251783893985845
-1.1363636363636207
0.034831069313816056
0.45264623955432154
0.3466204506065858
2.867012089810021
-2.115513767629285
2.6415094339622605
0.2673796791443888
-0.2000000000000076
0.20040080160321402
1.0666666666666629
-2.638522427440633
4.336043360433608
0.6493506493506493
0.22580645161289956
-2.188606372706795
-15.103652517275414
1.550387596899225
-1.1450381679389312
2.5868725868725826
-3.3496424538953624
