-0.6965174129353262
4.709418837675339
-9.18660287081339
4.847207586933605
-9.346733668341706
-4.656319290465631
-0.34883720930231815
0
-4.900816802800466
4.171779141104293
0.11778563015311881
4.705882352941181
-8.988764044943828
-4.814814814814811
2.983138780804156
-1.259445843828722
6.250000000000003
-3.601440576230501
3.1133250311332508
-0.966183574879228
2.317073170731723
0.11918951132300103
4.761904761904766
2.2727272727272645
0.2222222222222175
-2.43902439024389
4.545454545454529
1.086956521739146
1.182795698924725
4.144527098831037
-1.2244897959183774
1.2396694214876136
-1.0204081632653206
4.948453608247427
-6.679764243614929
4.210526315789477
-4.141414141414143
-2.002107481559531
0.5376344086021391
-0.5347593582887586
-0.5376344086021582
-1.6216216216216255
1.098901098901095
-4.456521739130436
-0.45506257110351706
2.971428571428569
-3.551609322974476
0.11507479861909997
4.0229885057471435
0
-0.5524861878453117
0
-1.6666666666666705
-4.85875706214689
4.275534441805219
1.3667425968109455
-5.505617977528092
4.994054696789536
-3.624009060022653
0
2.8202115158636922
-2.742857142857145
0.11750881316098458
-2.582159624413132
1.5662650602409518
-1.542111506524306
4.216867469879514
0.5780346820809125
-1.1494252873563178
4.4186046511628
-0.5567928730512328
0.7838745800671925
-4.888888888888883
-0.11682242990653956
10.058479532163735
6.269925611052071
-5.500000000000007
3.703703703703719
6.020408163265304
0
-4.71607314725698
0.20202020202019771
-5.141129032258062
0
0.10626992561104981
-0.21231422505307404
-9.574468085106385
-1.058823529411763
-9.036860879904872
1.9607843137254832
2.9487179487179427
2.1170610211706093
-6.707317073170719
-3.7908496732026147
0.5434782608695656
0
1.7567567567567552
2.2576361221779537
-0.5194805194805199
1.827676240208873
-1.6666666666666654
0
3.520208604954374
3.9042821158690124
-3.0303030303030303
2.499999999999991
2.4390243902439157
4.642857142857128
-1.3651877133105714
1.2687427912341342
2.505694760820053
4.333333333333339
-6.283280085197016
0
-0.454545454545465
2.054794520547942
2.684563758389264
4.03050108932463
0.8376963350785347
3.946002076843188
-4.195804195804195
4.171011470281547
-5.705705705705708
-4.883227176220797
0
2.5669642857142705
-5.549510337323175
1.7281105990783452
-2.8312570781426953
-3.846153846153847
1.9393939393939412
4.994054696789536
-4.869762174405433
1.0714285714285696
2.473498233215537
-0.5747126436781487
-3.468208092485557
4.910179640718565
-4.452054794520555
-0.8363201911588831
0.48192771084336317
0.11990407673860656
-2.275449101796401
-0.49019607843138385
3.9408866995073932
-0.3554502369668171
-0.23781212841854427
0
3.6948748510130955
-2.2988505747126355
3.411764705882343
4.0955631399317545
-2.841530054644806
-2.9246344206974104
-3.823870220162225
6.024096385542168
-7.272727272727279
6.004901960784316
-6.358381502890182
0.24691358024690832
2.709359605911338
7.673860911270991
-7.572383073496655
0
-0.7228915662650661
2.427184466019409
-3.909952606635072
0.24660912453762457
1.2300123001229968
2.5516403402187007
-0.9478672985782
0
-2.6315789473684075
0
-6.511056511056514
-0.7884362680683377
9.27152317880795
2.909090909090912
-3.886925795053004
1.715686274509811
-4.698795180722898
3.4134007585334962
-2.6894865525672342
1.7587939698492423
-6.5432098765432025
-0.924702774108326
5.8666666666666725
-0.5037783375314866
-2.6582278481012653
-0.910273081924581
0.7874015748031444
4.1666666666666705
5.3749999999999964
9.72716488730724
-3.3513513513513566
-3.803131991051453
0.3488372093023388
1.969872537659327
-1.1363636363636525
1.1494252873563382
-8.750000000000016
-1.992528019925271
3.430749682337998
1.3513513513513442
1.3333333333333264
-3.11004784688995
0
-2.4691358024691272
0
2.531645569620244
-2.345679012345673
2.4020227560050507
-2.962962962962955
1.7811704834605557
-1.749999999999996
3.053435114503808
0
-4.814814814814811
1.2970168612191912
2.4327784891165223
-2.2499999999999964
1.918158567774929
-3.387703889585942
0
1.9480519480519412
-3.0573248407643225
2.6281208935610945
1.7925736235595464
1.5094339622641522
2.230483271375461
-0.12121212121211863
-1.699029126213599
1.1111111111111094
1.3431013431013579
2.409638554216859
2.35294117647058
1.724137931034487
0
0.5649717514124374
0
-7.865168539325855
4.878048780487809
14.418604651162795
14.83739837398375
4.424778761061947
16.94915254237288
2.6086956521739086
9.957627118644067
0
9.955041746949265
0
9.988317757009328
0
4.992033988316523
0
4.957005563985839
-9.445783132530124
-4.9494411921234684
0
-4.983202687569992
0
-4.478491455509712
9.870450339296715
4.997192588433468
0
4.97326203208556
-0.8150789607743257
2.670775552131482
-5.252626313156565
-4.69904963041183
0.2770083102493114
1.3812154696132595
-5.722070844686652
-0.578034682080933
-4.3604651162790695
1.5197568389057752
3.293413173652699
2.028985507246385
-6.818181818181833
2.1341463414634236
-4.477611940298507
4.6875
-0.895522388059693
-1.8072289156626546
3.37423312883436
0
2.3738872403560745
1.7391304347826129
-4.558404558404562
0
-3.880597014925365
3.105590062111801
1.8072289156626333
4.437869822485207
0.28328611898017403
3.9548022598870016
-1.358695652173913
1.9283746556473909
-3.513513513513506
2.2408963585434094
-3.5616438356164304
0.568181818181806
-2.824858757062147
3.4883720930232642
-7.584269662921356
-0.30395136778115933
-4.268292682926825
4.458598726114645
-0.3048780487804705
3.0581039755351678
-6.528189910979236
4.761904761904762
-6.0606060606060606
2.903225806451608
-3.448275862068959
-3.571428571428576
1.0101010101010126
0
0.3333333333333381
6.312292358803981
-7.499999999999996
7.77027027027026
-5.642633228840117
2.9900332225913573
-5.806451612903228
2.0547945205479503
-1.6778523489932886
2.047781569965863
-5.685618729096988
6.382978723404258
-9.333333333333336
9.55882352941177
-2.684563758389264
6.551724137931029
-14.239482200647247
5.283018867924523
-12.544802867383513
8.606557377049187
-10.188679245283017
0
-3.3613445378151288
2.6086956521739193
-6.7796610169491585
-1.8181818181818117
2.314814814814815
4.072398190045242
-5.652173913043481
4.1474654377880285
-3.5398230088495604
2.293577981651376
-6.726457399103139
3.7499999999999885
1.2048192771084412
4.853479853479848
0
4.978165938864632
0
4.991680532445921
-7.052297939778121
-4.94458653026428
9.596412556053814
0.5728314238952414
2.685109845402767
0
-3.724247226624397
-2.4691358024691414
-2.5316455696202445
0
0
3.809523809523805
-2.4186822351960044
0
-0.4273504273504183
2.918454935622316
-6.6722268557131
3.4852546916890135
-1.7271157167530162
0.6151142355008655
-3.4934497816593764
0
-2.5339366515837205
0.27855153203343674
-5.092592592592599
2.4390243902439024
-6.76190476190477
2.1450459652706932
1.6999999999999993
1.2782694198623479
-3.106796116504857
-1.8036072144288549
-3.163265306122454
2.4236037934668118
0.8230452674897126
0
-0.3061224489796034
4.298874104401228
0.5888125613346468
4.878048780487805
0.0930232558139515
4.925650557620812
0
2.302922940655461
7.445887445887441
8.058017727639001
1.7897091722595093
8.351648351648343
1.4874915483434796
0.9327115256495707
4.026402640264022
1.52284263959391
-6.374999999999997
0
-4.939919893190923
-4.845505617977524
-0.1476014760147701
-4.656319290465625
-0.3100775193798521
-2.0217729393468105
-1.825396825396829
-4.527081649151162
1.4394580863674846
1.0016694490817963
3.8842975206611623
-4.375497215592686
9.733777038269551
4.624715693707364
0.2898550724637619
2.2398843930635874
2.4028268551236738
2.829537612146309
-5.838926174496651
4.0627227369921615
-3.4246575342465753
-1.4184397163120517
2.230215827338133
2.040816326530606
2.0689655172413843
4.391891891891882
-6.7961165048543615
-2.7777777777777803
1.000000000000004
-0.9193776520509249
-1.0706638115631717
-0.07215007215007062
5.054151624548745
2.0618556701030855
-2.693602693602696
-2.491349480968854
-2.413058907026259
0
-0.43636363636364
4.8210372534696875
-7.386759581881537
-0.6019563581640203
0
0
-2.4224072672218036
4.6547711404189265
-3.6323202372127517
-1.9230769230769231
1.3333333333333328
-1.7027863777089833
3.0708661417322882
1.986249045072573
-0.8239700374531793
3.8519637462235634
-3.7818181818181786
-4.988662131519275
4.057279236276848
-0.6116207951070342
4.846153846153852
4.548789435069693
-4.912280701754381
-2.5092250922509214
0.22710068130203906
