0
-4.895104895104895
0
-5.000000000000008
0
-4.953560371517021
0
-4.88599348534202
0
-3.082191780821913
8.303886925795045
4.730831973898868
0.15576323987538054
4.976671850699849
-9.48148148148148
-4.909983633387888
0
-4.991394148020652
1.8115942028985506
-4.626334519572955
-0.37313432835821425
-4.494382022471908
-0.3921568627451036
4.921259842519685
-0.7504690431519674
0
-4.914933837429114
-4.970178926441352
1.6736401673640258
0.2057613168724309
-5.133470225872689
-1.0822510822510822
-3.938730853391694
-3.6446469248291606
8.747044917257691
1.0869565217391304
3.8709677419354778
4.968944099378894
0
4.142011834319515
-8.712121212121202
-0.41493775933610544
-1.0416666666666667
-1.0526315789473684
5.957446808510633
1.0040160642570282
1.5904572564612411
2.348336594911929
-6.883365200764808
2.0533880903490758
-4.426559356136827
0.42105263157895334
-3.563941299790362
-3.6956521739130497
0.45146726862303127
0.4494382022471974
4.47427293064877
3.8543897216274026
-2.0618556701030926
1.4736842105263217
-3.3195020746887995
1.2875536480686725
-0.635593220338992
1.0660980810234542
-2.9535864978902926
1.7391304347826024
-3.2051282051282053
0.6622516556291486
-1.5350877192982517
0.6681514476614795
4.203539823008846
4.8832271762208
0
1.214574898785428
0.4000000000000057
4.5816733067729025
0.38095238095238637
0.7590132827324451
-5.649717514124293
-4.99001996007984
0
-4.831932773109252
0
-4.856512141280344
10.208816705336424
-0.631578947368415
-4.23728813559322
-4.867256637168148
0.46511627906977404
-3.9351851851851913
3.6144578313253013
-2.09302325581395
3.800475059382426
2.2883295194508007
0.22371364653242576
3.5714285714285747
-2.1551724137931036
-4.845814977973559
1.8518518518518452
0.6818181818181753
-1.5801354401805774
0.9174311926605472
3.409090909090909
0.879120879120876
3.92156862745099
3.3542976939203233
1.4198782961460505
2
-6.078431372549022
0
-4.175365344467641
1.525054466230943
1.0729613733905579
3.609341825902326
-2.254098360655726
2.0964360587002093
0
0.8213552361396275
-2.6476578411405383
-0.4184100418409953
-1.4705882352941235
0.6396588486140816
-2.11864406779661
-1.5151515151515211
-0.4395604395604458
3.3112582781456954
-2.777777777777772
2.197802197802198
-0.8602150537634378
-0.21691973969631545
-1.7391304347826024
3.31858407079646
-0.21413276231263687
3.004291845493559
-3.9583333333333304
-0.21691973969631545
-4.3478260869565215
1.1363636363636365
-3.82022471910113
-2.102803738317754
0.7159904534606307
-0.47393364928910625
2.857142857142864
3.472222222222222
-0.6711409395973249
-1.1261261261261262
-0.455580865603635
0.9153318077803171
0.9070294784580466
-0.4494382022471974
0.22573363431151564
-0.9009009009008977
0.454545454545461
0.6787330316742016
-0.2247191011235987
0.22522522522522842
0.8988764044943788
-1.7817371937639135
0
1.3605442176870781
-1.7897091722595173
0
1.1389521640091116
0.45045045045045684
-0.896860986547082
-0.4524886877828118
1.3636363636363669
0.6726457399103075
-1.1135857461024499
0.22522522522522842
3.3707865168539324
2.6086956521739193
-0.423728813559328
4.25531914893617
0.6122448979591779
2.231237322515216
2.579365079365088
4.835589941972921
0
2.9520295202951923
1.9713261648745546
4.920913884007038
0
4.857621440536011
-9.265175718849846
-4.929577464788728
0
-5.000000000000005
4.093567251461991
-2.434456928838946
7.485604606525909
0
3.7500000000000027
0.8605851979345955
4.0955631399317385
1.4754098360655714
-3.7156704361873945
3.523489932885908
-7.4554294975688835
0.3502626970227596
-3.839441535776607
-4.355716878402901
-0.3795066413662293
0
4.952380952380954
3.2667876588021727
-4.920913884007025
0.5545286506469448
-2.7573529411764706
0.5671077504725979
-2.443609022556399
-1.3487475915221498
6.249999999999991
4.411764705882351
-2.464788732394364
2.346570397111921
-4.938271604938279
1.484230055658635
-1.462522851919569
0.5565862708719931
0.7380073800737981
0.3663003663003585
1.6423357664233682
2.1543985637342833
-2.8119507908611623
1.9891500904159158
-0.8865248226950355
0.17889087656529773
-0.1785714285714311
0.17889087656529773
0.8928571428571429
0.7079646017699089
0.175746924428825
0
-0.17543859649123056
0.527240773286475
-2.097902097902103
0.8928571428571429
-3.716814159292038
1.102941176470591
3.8181818181818206
4.903677758318734
0
4.841402337228713
0
-3.5031847133757896
2.6402640264026425
4.983922829581984
0
4.900459418070449
0
4.963503649635045
0
4.867872044506258
-9.283819628647214
-4.970760233918137
0
-4.923076923076928
0
-4.045307443365696
5.564924114671172
2.236421725239614
-6.562500000000004
-1.6722408026755853
6.6326530612245
2.0733652312599635
2.8124999999999956
4.8632218844984845
0
4.9275362318840665
0
1.1049723756906038
-0.8196721311475526
0.6887052341597797
-3.9671682626538876
-3.561253561253561
0.2954209748892213
-0.441826215022108
2.958579881656805
0.1436781609195525
-0.8608321377331543
-2.3154848046309615
-1.777777777777782
-0.45248868778280116
0.6060606060606146
-0.45180722891567976
-1.210287443267772
-1.6845329249617065
1.557632398753894
0.15337423312882564
-1.3782542113322993
-2.639751552795035
3.0303030303030165
1.2383900928792746
-1.3761467889908343
-1.0852713178294617
-1.567398119122257
0
4.93630573248409
4.400606980273128
-3.3430232558139497
1.9548872180451085
-4.12979351032448
1.9999999999999956
-3.921568627450972
0.4709576138147522
-3.749999999999998
-1.6233766233766234
0.8250825082508251
0
4.091653027823241
-1.7295597484276752
-2.4
-2.459016393442623
0.5042016806722641
2.675585284280939
-3.09446254071661
0.8403361344537815
3.999999999999998
4.96794871794872
-0.4580152671755682
-1.3803680981595179
-3.576982892690509
-4.677419354838708
2.7072758037225064
1.9769357495881312
-3.3925686591276274
-1.1705685618729027
2.19966159052453
-1.8211920529801349
0.16863406408094675
0
-1.6835016835016836
0.5136986301369936
-0.6814310051107422
0.514579759862786
-1.0238907849829375
2.4137931034482736
2.5252525252525255
2.955665024630549
-2.5518341307815016
-1.6366612111292962
-2.163061564059907
-0.6802721088435351
0
2.2260273972602813
-2.8475711892797366
0.34482758620690146
-3.7800687285223415
-0.7142857142857117
0.17985611510791621
-2.9084380610413008
7.433431952662729
-0.13769363166953236
-0.4825922095829044
0.4502944232767544
3.82758620689655
1.1291929591497836
-0.3284072249589421
1.1532125205930737
-3.4527687296416896
-0.8771929824561456
0.34036759700477
-1.4246947082768036
-0.6538196834136192
-0.1731901627987555
-0.5551700208188762
-0.48848569434752465
-0.666199158485278
-1.8708083303918024
1.9424460431654644
0.5998588567395967
-1.823921431076826
0.21436227224009388
-1.2477718360071353
-1.2274368231046926
-0.7309941520467811
0.33136966126656797
-0.9541284403669782
0.03705075954057638
2.444444444444445
1.8438177874186608
-3.4078807241746567
-2.1315692760014766
2.4033045437476552
0.4033736707004013
-4.492330168005846
0.3441682600382404
-4.496951219512194
-2.0351157222665526
0.4073319755600728
1.0141987829614605
3.935742971887552
2.3956723338485357
2.5283018867924594
3.0548398969451536
1.8571428571428557
2.033660589060315
2.8865979381443294
3.740814963259844
-4.732775273663873
-0.6421088205474866
-1.0204081632652966
-1.512027491408939
0.45359385903698185
0.729419937478294
0.9999999999999971
1.3997951519289866
-1.8855218855218812
0.205902539464649
-0.37671232876712135
-0.9625300790649747
-0.20826102047899592
0.5565217391304352
-0.6226219301279824
-0.1044204664114206
2.578397212543561
-1.4266304347826144
4.031702274293597
-0.4637297118251095
-2.4625623960066623
-0.37529853292391485
-0.10273972602738898
-1.5769626328419637
2.5426680599094404
0.37364130434782417
-0.3722504230118424
-1.1209239130434845
0.996221229817929
1.5986394557823211
-2.34348844994978
-0.23997257456290805
0.5498281786941586
-0.8885850991114203
2.0689655172413843
0.9797297297297268
-2.743392438942791
-0.2063983488132051
0.3102378490175796
1.993127147766317
-1.8530997304582235
-0.4119464469618862
2.06825232678386
-1.722391084093205
6.8384879725085845
0.8362817626246432
0.5422647527910627
0.6027918781725929
-0.09460737937559488
0.34722222222222043
-1.3211701793016615
0
-2.008288173414098
-1.2361743656473618
-0.2635046113306927
0.03302509907529065
3.4664905909541126
-4.977664326738988
0
-4.969778374748155
0
-4.204946996466435
-0.8115086683880445
-4.760133878765345
2.4990238188207754
-0.9523809523809523
3.961538461538466
0.8139104698483124
-1.834862385321101
-2.0560747663551426
2.290076335877868
-0.18656716417910713
-0.9719626168224358
-1.434503586258962
0.995787054768294
