0.3498250874562804
0.5976095617529823
-0.04950495049504669
1.0401188707280804
0.04901960784313447
0.7839294463498258
-2.916869227029655
0.40060090135203374
0.9476309226932697
2.9644268774703555
-3.1190019193857963
1.139177810797416
0
0.5386875612145068
0.8280565026790008
-0.28985507246376535
-1.4050387596899252
0.7371007371007371
-0.8292682926829212
2.1151008362026475
-1.5414258188824608
1.3698630136986218
-0.28957528957528683
0.6776379477250754
-0.8173076923076869
0.7270964614638875
4.427333974975933
1.3824884792626728
1.3181818181818208
0.9421265141318952
-3.2444444444444493
0.9646302250803963
0.7279344858962667
1.535682023486904
2.001779359430605
1.6136066288704702
-1.7167381974248928
1.1353711790392989
-3.3678756476683867
0
6.210902591599632
0.46276819520404827
-1.5494137353433906
0
0.5529561888558109
-0.08460236886633547
-0.7620660457239555
-0.17064846416382495
1.538461538461536
0
0.7575757575757623
0.7518796992481132
-2.4875621890547266
1.4455782312925194
-2.8080469404861645
-0.7761966364812468
2.694480660582363
1.9043588658484976
-2.2425249169435237
0.08496176720475303
0.12733446519525102
0.04239084357778479
0.7627118644067845
0.4625735912531515
8.455420678108002
-0.2701659590891723
2.9024767801857587
0.7897705904475453
-1.7910447761194073
0.2659574468085063
-2.2356953391436067
1.1627906976744187
-0.8812260536398511
-0.2705836876691104
-2.403100775193794
-0.95313741064337
0.8019246190858059
-0.5568814638027071
0.6
3.300198807157062
2.4634334103156186
-0.037565740045066076
4.998121007140155
-0.3221188260558258
-1.0771992818671454
-0.036297640653365784
-3.0137981118373114
-0.4118307749906487
-1.1278195488721805
-0.03802281368822157
8.67249904906809
-1.2600630031501456
-0.7798652959943443
0.1429081814934027
-1.783803068141277
1.5256084271703554
-0.7513416815742479
-5.515501081470784
3.43380389164441
-0.22132054592402164
3.2902033271718953
-0.035790980672858234
-1.9692087361260293
0.10956902848795155
7.4790222546515865
0.06788866259334304
0
0.4070556309362241
7.736486486486479
-1.5365318281592906
1.4012738853503113
0.5025125628140775
-2.375000000000007
-0.8002560819462229
-0.5485640529202932
-0.032446463335485363
3.2456994482310937
1.4775227915749727
-2.5402726146220536
-2.6064844246662573
3.785900783289825
-1.1635220125786128
19.02640789055043
-0.6148088746324543
-1.882732651963421
0.8771929824561372
-0.73369565217391
0.19162332329591805
-2.8961748633879845
0
-0.4501969611705025
-0.028264556246473355
-1.3853548204693178
-0.6020642201834927
-1.8459763484280294
-1.6749926535409898
-1.5540944411237434
0.03035822707954546
-1.4871016691957442
-0.8009858287122682
4.440993788819879
0.32708890871244894
-0.8595139300533424
1.0164424514200232
-1.5981059485054683
-0.7518796992481203
-3.212121212121219
0.532247964934266
7.661164746184977
0.028926815157657722
-0.40485829959515157
-0.667828106852484
4.67699503069278
-0.4468025691147787
0.5329593267882125
1.4229910714285778
-0.9628610729023384
-1.083333333333327
-2.752035944959284
-0.057753393011836164
-2.8026581912742112
0.9512485136742109
-2.179034157832754
0
2.3479831426851328
-0.4411764705882353
-1.6543574593796226
1.5019525382997898
-0.8286475288546773
0.2984183825723664
0.26777744718833
0.7715133531157338
-1.678445229681992
1.6471997604073076
1.6205067766647026
0.2899391127863149
-2.3706273489447787
1.095647023985783
-1.0837727006444022
0.6810778797749516
0.32352941176471256
0.11726766344179924
2.2254758418740916
-0.028645087367522984
-3.3524355300859567
-2.104951082122746
4.572986069049068
0.05792064871126227
-1.6787264833574562
-0.14718869590815425
-1.0318396226415094
0.3574620196604077
1.1872959335114277
0.52801408037548
0.46688065363292175
-0.08713331397037798
-0.668604651162794
0.08779631255487602
1.1988304093567317
-1.0979485697775242
-0.3213555360794691
0.26377491207503934
2.2215726395790605
0.6577066056619992
-4.403409090909091
0.4457652303120357
0.7100591715976264
1.6157461809635725
-2.7464585140213935
1.456599286563625
0.11719894520948645
-0.08779631255487602
-0.7615700058582209
0.08854781582054645
0.17693895606014917
0.9420076538121839
-0.6999125109361264
-0.9985315712187892
2.551171759121912
1.01243853051779
10.996563573883172
0.49019607843136664
0.564826700898585
0.5871840694409015
2.0812182741116723
-0.5221282943808966
-0.299925018745325
-0.3760340937578341
2.189229994967299
1.4528441270622943
-0.9223300970873815
0
1.5923566878980893
0.2893658066071832
-0.8896369319547941
-0.5579815623483774
0.707489631617476
0.5329457364341058
-5.084337349397596
0
4.518913429804522
0.46150109302891285
-2.44197292069633
1.2887236679058212
-1.8350868607780768
-0.3240279162512491
0.10002500625157143
-0.14988758431177185
-1.3009757317988464
1.3688212927756596
-1.5253813453363256
-0.3809040121889284
1.9372928880958362
1.4253563390847825
-3.4516765285996054
0.12768130745658834
-5.712828360112225
-1.5147416824452167
-7.003570447679208
-2.155936207914947
9.779655900996069
1.4297497937860844
-0.352399024125767
-0.43525571273123576
1.8579234972677627
-0.7510729613733936
-0.18918918918918612
0.704034660167876
-0.9411132024737834
1.0857763300760044
-0.10741138560686823
-0.5376344086021505
1.7567567567567568
1.69986719787516
-3.1862104988247557
-0.37766387914755256
7.121581370159764
0.1263902932254803
-3.1557687452663465
1.094890510948902
-2.707581227436823
-0.5830903790087433
-1.2529992002132886
0.5399568034557236
0.21482277121375173
0.9914255091103935
-3.9002387901300053
0.027609055770298936
1.9597019044990245
0.08121277747699279
-0.7032729239924171
-0.05448106782894183
-1.2264922322158627
-0.35871964679910445
0.7477153143173604
-0.49477735019241653
0.35911602209945065
0.19267822736030515
-2.60989010989011
0.11283497884343505
-5.128205128205125
0.8910008910008911
-5.504857226964966
-0.18691588785047436
2.8714107365792905
1.820388349514563
-3.307508939213356
-1.9722650231124736
2.420622445771766
0.7366482504603982
2.2242535039610027
0.178837555886743
-1.993454329068743
0.18214936247723826
0.21212121212120869
0.42334442092532026
0.9334537789822239
-0.029832935560849014
-4.297224709042087
1.0289990645463085
-4.074074074074071
-0.6113256113256222
1.5862738750404772
0.09560229445507054
-1.878382680674955
-0.09733939000649298
0.9093861643390749
1.0299324106855452
-1.4972921312519876
1.1642949547218702
-2.2058823529411873
0.6864988558352477
-0.8116883116883117
1.4402618657937734
0.9357857373346351
-1.2148337595907965
-0.22653721682847527
0
-0.8757703535517316
1.4397905759162228
-0.4193548387096811
-0.8422416585681781
-0.3593596863770084
0
-2.262295081967206
1.2747400201274586
-1.556806889698572
-1.0430686406460181
-1.0540632437946353
0
1.1683848797250782
0
1.8002717391304388
0.1334668001334782
-1.5328223925358289
0
1.6243654822335063
0.09990009990010368
2.2621423819028457
-1.6590761223161894
2.778696658948057
-0.8690054715159281
0.22727272727272357
-1.9436345966958213
2.907168814007272
-1.8940609951845835
-0.06544502617802535
-0.753110674525198
-0.46189376443419133
0.39774610540271416
-1.4856388246946188
-0.7372654155495941
-1.2829169480081066
0.8207934336525425
-0.5766621438263191
-0.3070624360286708
-1.4373716632443494
0.13888888888888098
0.06934812760057056
0.1386001386001307
4.083044982698966
0.8311170212765957
10.319815364325752
-0.17931858936043715
-7.09580838323353
0.03222687721558681
-1.8685567010309134
1.2803676953381409
0.25931928687196476
-0.4526349822179224
2.7281584930172245
-1.7704710717673167
-0.25748310267139085
-0.1936108422071526
-0.1939864209505408
0.03239390994493772
5.796632124352324
0
1.714110805019903
-0.9629852542882903
-1.4889091461561939
0.030845157310309297
1.6034535923527562
-1.2746585735963547
0.12296341838302405
0
-0.24562480810562218
-0.2770083102493005
0.7716049382716049
-0.7350689127105596
2.8694847269361166
0.17996400719856712
1.6766467065868331
-0.4416961130742049
-0.8873114463176575
0.029841838257226465
-1.9988066825775623
0.030441400304420923
0.1825928180158143
0.8201701093560112
0
-0.5724615848146964
0.39393939393939736
0.8753395713854444
2.214242968282476
-0.40983606557378044
5.055849500293942
0.19585898153330877
1.2287070650656178
3.117241379310348
3.9860888175494855
1.8523282737329532
-1.5407931295781678
0.30785017957926847
4.961636828644496
0.04873294346979666
-1.826595226497808
0
-2.1086579012651945
0.861632032437906
-1.733668341708537
2.0455126566095627
-0.6765221748935217
0.7820383451059594
0.8010012515644527
-0.17382666997764804
-2.4129353233830817
0.17843487127198282
1.1959287531806586
-0.8549157656524962
1.0651787978696394
1.3801756587202008
-10.371287128712867
0.5799502899751355
-4.503020318506309
0.632547441058076
2.028571428571435
0.7280873704844485
-0.5004170141784853
0.027940765576983165
1.5642458100558723
0.7425742574257393
-0.6006006006005975
0.027464982147752236
0.24711696869852667
0.0273897562311602
0.13691128148959475
0.5468963631391851
-1.4685885232526454
-0.22081148219707739
2.2130013831258646
0.5412719891745602
1.1036339165545148
1.1448349307774106
-1.789944722295329
