-0.8935361216730124
1.2852484174180023
-7.556818181818177
0.5941405449702882
4.215885947046841
1.5438733632988146
-1.539645881447267
0.0977326035965598
5.448154657293492
2.2222222222222223
7.5724637681159335
4.749073762209506
-3.9067524115755554
2.057888572862632
-3.885245901639352
1.6203308886235717
-6.612957368244374
0.5571531272465893
1.5370866845397717
0.35205069530012323
-5.069286090159617
0.7206208425720578
0.6971197945331048
0.8926944798688244
0
0.39725532683279985
-2.553956834532382
3.3591731266149956
0.3214285714285633
0.4093983624065625
-0.9218223719198804
1.5208445160135982
-0.9517095523440214
0.5338078291814946
-3.6991150442477836
1.0843594927403009
0.8909090909090868
1.2975310866822933
-2.3483365949119452
0.9291309892512339
-2.436823104693141
1.757631822386679
-1.290909090909095
1.307791490145519
-0.5090909090909008
0.877192982456132
-3.025362318840588
0.8780123295348489
-1.9814814814814898
3.419610806725869
-1.0230179028133035
-0.3322259136212541
-1.3333333333333417
2.8528528528528616
-7.445255474452557
0.9463722397476363
-2.773437499999998
1.4865407794294851
-2.276326207442597
2.369860239011543
6.747130985358137
1.9462465245597775
-3.58181818181819
1.8291533094474912
-5.777777777777776
1.4150943396226392
-3.624031007751936
-0.26141162276292207
-0.7258064516129078
0.7311129163281931
-2.9637096774193528
1.8076044047371678
-2.5510204081632653
1.361256544502618
3.863636363636361
0.6564551422319498
-0.17786561264821685
2.5539497129281283
-1.8725868725868704
2.0853826480424877
2.6402004239737997
2.159218926023282
-2.095203087667704
1.182654402102488
-2.4304267161410062
2.300817645940297
-3.773234200743486
1.216920996716236
-4.675572519083969
0.1001001001001001
2.5
0.21463414634146785
-0.8177570093458032
1.256380054966623
-1.7060876308646675
0.19723865877712032
0.8070866141732328
-13.45440343682875
12.36462093862816
6.004016064257024
-5.872324303845425
0.22137250955927204
-0.12048192771084794
1.326899879372743
-1.329365079365077
1.3472752865473534
-4.305555555555554
0.7671573709309535
-3.3539094650205783
0.915477964658295
0.9915611814345967
1.7129726342176705
-2.1154241117272448
1.5526647083508134
1.0537190082644674
1.6969944796565026
9.40892641737034
0.8820286659316343
-1.2204007285974583
-1.1617186059376645
-1.6417910447761108
1.2898330804248774
-1.3670411985018642
1.5758496297702589
-6.149532710280369
1.5733917546305471
-2.4901960784313704
1.7494470138749223
-1.818181818181816
1.4492753623188384
-2.8373015873015897
0.46967531141515445
-1.6260162601626016
0.8264462809917356
-0.573770491803281
-0.6595218466611683
-0.8091286307053894
0.4183225266680611
-1.8121224744844917
-0.2969876962240088
-1.0212765957446832
2.1066208082545166
-1.2210526315789498
1.4066496163682913
2.311895754518705
3.8619556285949077
-3.4216772151898756
3.0104443989350784
-1.9483101391650122
1.7639902676399004
-2.5303845387527373
0.5723630417007383
-0.8333333333333379
0.45091207214594087
-3.48908386043665
1.4799154334038056
-3.8541666666666665
0.9534127843986949
0.19317450096587985
1.5424164524421569
2.6582278481012707
1.870119194410186
-0.7060722211014727
0.386021942299885
-1.4571948998178599
0.7393715341959382
0.08154943934759985
0.24444897127725515
-2.3775655354602816
1.1656952539550423
0.411522633744856
0.8401639344262342
-5.202194675878891
0.3001071811361152
1.8166274845052361
0.755667506297234
-3.250000000000005
1.9379844961240311
-2.4926066751161713
0.953206239168106
-1.6523605150214569
1.680122190704776
-1.2446351931330497
1.2820512820512895
-2.3600085818493883
1.076686442540096
-2.5869565217391255
1.3166703860745317
-1.0572687224669628
1.2911843276936803
-0.43956043956043955
1.2803532008830047
-2.593722755013085
4.721414186618936
-4.679487179487174
12.082492714637969
-4.520000000000005
0.4817762882279035
-1.2924744632061682
1.3938753959873331
-3.3534680274942765
1.293103448275862
-2.638297872340421
1.3986013986013937
-2.2413793103448225
1.4109347442680724
-2.6739130434782634
1.407192316283228
-5.528634361233485
1.189088365586389
4.470046082949303
0.7498897220996987
6.042031523642724
0.7431874483897652
2.028688524590159
1.5264109258887373
-2.5321463897131578
1.4816318246397426
-0.42000000000000454
0.42177144004820705
-2.5
0.5128205128205128
1.6734693877550997
2.348454435969488
-2.333790939399878
0
0.08032128514055768
0.7223113964687045
-1.3545816733067753
-2.665589660743132
5.871369294605811
1.998824221046441
-0.8261287223823159
0.5424254165052217
14.258188824662813
-1.652613827993247
11.591220850480093
1.0909649661954552
10.503115975072202
0.4539202200825247
-3.4643297275092366
3.5460992907801416
-4.0684931506849376
0.5283449950021485
-7.443181818181816
-0.33763044812769266
-0.384970742223591
1.6231256763023652
-0.4867660480681369
4.769183735860582
-2.071782900496051
1.2961859356376537
1.809089571995892
1.0401618029471151
-10.923648841864454
0.16051364365971107
-5.464743589743593
-2.017291066282417
-1.6089965397923798
-2.092491647617389
8.49497126436783
4.105280582684978
-1.3038638893305663
1.482197518930229
-0.38101285918399386
1.976095617529877
-3.984997655883732
3.515625000000004
-3.4119496855345983
0.6185902653426776
-1.520789516259501
0.5585674388040047
0.47377879431465075
0.5365853658536511
-1.7305515122108899
1.7116524028966387
-2.0226537216828477
0.7597027250206478
-0.16390755613833796
0.47611229683138684
-1.862745098039212
0.5661005661005623
-3.427152317880802
1.1486370649751494
1.4237288135593182
0.4177807486631016
-2.4130470960226327
0.2728512960436601
1.9387755102040778
3.103103103103107
-3.042071197410996
0.15020026702269312
-2.249625062489585
0.8182748039549871
-0.35508961785593895
0.4581707110130741
-1.537162162162166
0.0171556013038296
-1.9725557461406518
0.5949256342957091
-4.870412245607932
1.8284878405558604
-1.4006105225354561
0.892369331633578
-2.003610108303253
0.20261558298029522
-7.224264705882355
2.0011888250445744
0.2913752913752914
1.065272128607399
8.700651590647777
2.2919605077574046
-5.498104102033797
-0.8024803939449165
7.4094502665931365
2.3964395754878463
-2.1063189568706155
0.17076502732240437
-1.687691783157173
0.5722212588867617
-2.137931034482755
0.08809020436927413
0.7569089948952569
-0.06988120195666969
2.499999999999992
0.409346750810181
-0.8323424494649381
0.20554984583762342
1.0256410256410255
1.7089678510998347
-8.334719680585597
0.3085299455535473
0.48851094626378355
-0.4141159524666825
-0.668956789007421
0.10921004732435799
-1.9454545454545538
1.9655108473947753
-5.364611747590471
0.01921598770177224
1.7483189241114356
1.9259818731117695
-5.779918488328999
0.2752654345261457
-0.8627450980392112
1.6020569620253209
1.0511971968074707
0.17337699865150785
-3.2499999999999956
0.43728880938183035
-0.13853156540668685
0.2774474831549697
0.5731225296442642
0.21615248575359064
1.627450980392148
0.3279953694771456
-1.8269230769230769
0.8227228207639659
-3.2057509228677006
0.36130068245684693
-2.5200000000000045
0.12310217480509289
-0.7991803278688479
0.59904978310266
-2.4845995893223867
-1.0107391029690367
-1.8293980004254462
1.646803900325032
-0.9166489021530614
1.5275387263338998
-5.424878152150872
3.0696840690118727
2.1086956521739104
3.938684266553119
-0.6759524784924235
-1.0105176325015421
-4.208333333333331
1.4789038712483713
-3.0432918988427016
3.8682581786030066
-4.532879336028933
0.3120820329915241
-1.933333333333331
1.0650351234987512
-6.255605381165914
-0.2391772303276728
-5.298489570846325
2.7848101265822787
-8.669950738916254
0.3236245954692526
8.897849462365597
0.5924463095531911
1.030674846625764
0.09715812484819872
3.1060422227614546
1.2002824193928037
-0.5581395348837156
0.5612722170252519
-2.348837209302331
0.02381519409383728
-3.8571428571428545
1.7582961862307989
-1.119493794110481
1.4029042579374817
-3.665048543689326
10.859158478206103
-9.636363636363631
-0.07545271629778957
-3.171406997231317
0.025994281258129123
-6.548856548856547
0.8064516129032194
-2.7862068965517306
1.9296254256526708
-8.379732739420925
0.4254026131874741
4.4175491679273895
0.579542161692263
-4.00460962258716
0.24009603841536956
-1.3772455089820428
0.6375227686703167
-1.2669683257918518
1.0082493125572902
0.8469449485783286
0.4799040191961676
-1.2537313432835786
0.9673518742442528
0.02994011976048585
0.23944926668660715
-2.896386981188411
1.5682656826568335
1.4229488343929726
0.29850746268656714
-2.6190476190476226
0.4889975550122319
-0.5170316301703128
2.017731580556394
6.592747977225053
0
-0.1967950520101177
0.7323943661971895
-2.684563758389268
-1.091954022988509
-2.004648460197553
0.20753038837829488
-1.8639053254437903
2.1706361169731654
-3.186780761286502
0.09143553794573438
5.359317904993917
1.1560693641618498
-0.7714285714285681
0.7774258566081165
-0.08571428571428896
0.5433228481555716
3.3845278725824732
1.45804676753783
6.4262472885032516
2.3184713375796235
8.192231075697205
0.7594936708860786
7.8803106441297395
1.630319712047425
-2.437499999999998
1.2598761477685196
-6.4951497258540725
1.5336039693279233
4.264771212794312
