9.45273631840798
4.999999999999994
-4.7619047619047565
-6.818181818181833
8.292682926829286
9.459459459459458
-10.699588477366262
-2.7649769585253483
3.7914691943128
0.4566210045662206
1.8181818181818197
2.232142857142849
-1.746724890829696
0
-1.3333333333333246
1.3513513513513424
-1.3333333333333246
0.9009009009009016
-2.6785714285714306
2.2935779816513677
-3.1390134529147913
1.8518518518518534
-0.454545454545465
1.8264840182648419
-1.793721973094172
0.9132420091324209
-2.262443438914019
-0.4629629629629736
0.4651162790697782
0.4629629629629531
0.46082949308756826
14.220183486238534
-11.244979919678723
0
-0.9049773755656116
2.739726027397263
-4.444444444444448
0
0
-0.9302325581395358
1.4084507042253638
0.4629629629629531
-0.9216589861751161
0
0
0.4651162790697782
-0.9259259259259267
0.46728971962615823
0
1.395348837209314
-2.7522935779816535
-4.7169811320754755
6.435643564356431
0.4651162790697782
-2.314814814814827
-2.3696682464454892
0.9708737864077678
-3.8461538461538494
4.499999999999993
0.4784688995215422
-0.47619047619048716
2.870813397129189
1.395348837209314
0.45871559633026543
-0.9132420091324209
-0.9216589861751161
-1.8604651162790715
-0.47393364928908943
0.476190476190466
-0.47393364928908943
-0.9523809523809532
-0.9615384615384623
0
1.456310679611641
-1.4354066985645841
-0.4854368932038947
0.4878048780487918
2.427184466019409
-1.4218009478672895
0
-1.4423076923077043
0
-0.975609756097562
-0.9852216748768483
0.49751243781095683
-0.990099009900991
0
0
-2.500000000000002
2.5641025641025665
-4.5000000000000036
0
-1.0471204188481684
0
-2.1164021164021065
1.621621621621611
-1.5957446808510536
0
-4.324324324324328
1.1299435028248597
1.117318435754191
0.5524861878453043
0.5494505494505499
-1.092896174863389
1.657458563535913
0
0
0
0.5434782608695656
1.081081081081082
11.764705882352928
2.870813397129189
16.279069767441865
5.9999999999999964
13.207547169811324
6.333333333333331
-13.166144200626958
1.0830324909747222
0.3571428571428654
1.423487544483987
1.0526315789473615
1.3888888888888902
-5.479452054794526
0
-4.34782608695651
7.954545454545453
-5.263157894736839
2.5925925925925863
-2.1660649819494604
0
-2.9520295202952056
3.041825095057037
-4.428044280442808
5.791505791505806
-5.474452554744538
4.633204633204637
-11.439114391143914
-2.083333333333326
5.531914893617016
4.838709677419359
-6.538461538461536
2.469135802469138
-4.016064257028115
-1.6736401673640182
1.7021276595744694
0.41841004184099523
-1.249999999999992
0.42194092827003316
0.8403361344537823
2.0833333333333446
-1.6326530612244912
2.9045643153526903
-2.4193548387096797
2.0661157024793497
-3.238866396761136
0
-2.510460251046027
-1.2875536480686802
0
0
-0.43478260869564295
2.18340611353711
-5.128205128205114
-0.9009009009009016
-0.9090909090909098
3.211009174311919
-2.2222222222222143
0
-0.454545454545465
2.2831050228310623
-2.6785714285714306
2.2935779816513677
-3.587443946188344
3.720930232558143
6.726457399103135
0.8403361344537823
-4.583333333333329
-3.056768558951958
6.306306306306292
3.3898305084745797
0.8196721311475418
5.6910569105691104
-8.076923076923075
1.2552301255230043
3.719008264462804
-0.3984063745019836
-0.8000000000000007
3.6290322580645102
-3.5019455252918235
0
-1.2096774193548308
0.40816326530611374
0.8130081300813016
0
-1.612903225806453
0
-1.2295081967213035
0.41493775933609073
-1.6528925619834727
1.6806722689075646
-2.892561983471068
-1.7021276595744694
0
1.7316017316017331
-0.8510638297872347
3.0042918454935554
-3.7499999999999942
3.89610389610389
-3.3333333333333366
0.43103448275863065
-3.0042918454935745
0
-0.8849557522123705
0.8928571428571237
-3.9823008849557464
1.8433179723502322
4.9773755656108545
1.293103448275873
-1.7021276595744694
1.7316017316017331
-1.7021276595744694
0.4329004329004237
-3.017241379310338
2.2222222222222143
-1.304347826086948
2.2026431718061596
-1.2931034482758537
0
-0.873362445414848
0.8810572687224677
-1.3100436681222816
-2.212389380530966
3.1674208144796308
-1.315789473684202
1.3333333333333246
0.43859649122808037
-1.746724890829696
1.3333333333333246
-2.631578947368404
0
0
-0.9009009009009016
0.4545454545454448
-0.4524886877827958
0.9090909090909098
-1.3513513513513624
0
4.109589041095884
-3.508771929824545
1.8181818181818197
-2.2321428571428688
-1.3698630136986212
0.4629629629629531
-0.4608294930875478
0
-5.55555555555556
3.921568627450984
-3.3018867924528434
-5.853658536585361
-0.5181347150259072
7.291666666666673
6.796116504854375
-1.8181818181818197
0
-1.8518518518518534
-0.9433962264150951
0
1.4285714285714193
-0.9389671361502356
1.4218009478673104
-1.8691588785046744
0.9523809523809532
-1.4150943396226532
0.9569377990430631
-0.9478672985782
0.4784688995215422
-1.4285714285714404
-0.966183574879228
0.4878048780487918
0
-0.4854368932038947
1.4634146341463536
-2.8846153846153872
-2.4752475247524774
1.01522842639594
1.0050251256281304
-0.49751243781093474
3.0000000000000027
-2.42718446601943
-0.49751243781093474
0
2.499999999999991
-2.439024390243894
0
-4.0000000000000036
3.6458333333333366
-2.512562814070354
-1.546391752577321
3.1413612565445055
4.060913705583749
-1.463414634146332
-1.980198019801982
1.5151515151515054
2.48756218905474
-3.883495145631071
-3.5353535353535386
2.094240837696337
-10.256410256410255
13.142857142857142
2.525252525252516
-1.4778325123152614
0
-2.500000000000002
2.5641025641025665
-2.500000000000002
3.589743589743593
-4.950495049504955
-1.0416666666666676
0
0
-0.5263157894736847
-2.6455026455026363
2.7173913043478164
1.5873015873015888
-4.166666666666659
3.260869565217382
-1.0526315789473695
0.5319148936170218
-2.6455026455026363
2.1739130434782505
-1.5957446808510536
1.621621621621611
-2.659574468085097
1.6393442622950833
-2.6881720430107547
0.5524861878453043
-1.0989010989010999
2.7777777777777803
-2.702702702702705
1.666666666666668
-3.8251366120218613
-3.4090909090909123
0.5882352941176476
1.1695906432748548
-1.7341040462427761
0
-1.1764705882352953
2.380952380952383
-4.069767441860469
0
-1.8181818181818064
0
0
-1.234567901234569
4.374999999999989
-1.197604790419163
0
0.6060606060606066
5.421686746987956
0
0.571428571428572
1.1363636363636374
0.5617977528089892
1.117318435754191
-3.314917127071826
1.142857142857144
0
0.5649717514124298
-2.8089887640449462
-2.890173410404627
4.761904761904766
0.5681818181818187
-3.3898305084745792
0
-2.3391812865497097
0
-0.5988023952095815
1.8072289156626522
-0.5917159763313615
0.5952380952380958
-3.550295857988169
0
-0.6134969325153243
-1.234567901234569
0
0.6250000000000006
-4.347826086956525
-1.9480519480519498
-5.298013245033117
-2.0979020979020997
2.142857142857145
9.090909090909099
-5.769230769230774
13.605442176870746
-1.197604790419163
1.2121212121212133
2.395209580838326
4.093567251461992
-2.8089887640449462
-1.7341040462427761
-1.1764705882352953
-4.166666666666657
3.1055900621117902
-1.8072289156626522
3.680981595092028
2.9585798816568074
-3.4482758620689684
-1.7857142857142874
-0.6060606060606066
0
4.878048780487809
-1.1627906976744196
-2.941176470588238
0
-1.8181818181818064
-0.6172839506172845
1.2422360248447077
-1.2269938650306624
1.2422360248447077
-1.8404907975460003
3.124999999999989
-3.0303030303030196
7.499999999999993
-4.651162790697678
1.2195121951219523
2.40963855421687
-3.529411764705886
0
-0.6097560975609762
0.613496932515338
-2.4390243902438913
2.499999999999988
-1.8292682926829151
0
-0.6211180124223608
-0.6250000000000006
0.6289308176100634
1.250000000000001
-1.234567901234569
1.250000000000001
-0.6172839506172845
-4.968944099378886
3.921568627450984
0.6289308176100634
-0.6250000000000006
0
2.51572327044024
0.613496932515338
-1.2195121951219388
-2.469135802469138
1.8987341772151916
0
-0.6211180124223608
0
-1.250000000000001
-1.2658227848101276
2.564102564102566
0
-0.6250000000000006
-1.8867924528301903
1.282051282051283
-1.2658227848101276
0.6410256410256415
2.5477707006369448
-2.484472049689443
-1.2738853503184724
0
0
0
