2.7139874739039755
-4.0650406504065035
0.10593220338982448
-4.338624338624332
6.526548672566361
-0.31152647975077585
-5.729166666666667
3.867403314917127
-3.1914893617021276
9.340659340659341
9.748743718592968
7.509157509157511
-8.09199318568995
-3.0583873957368035
1.9120458891013385
-0.7504690431519674
2.835538752362949
4.319852941176474
-5.19823788546256
0
3.345724907063205
3.0575539568345245
-7.940663176265266
0.47393364928909953
1.6981132075471672
-1.576994434137294
2.733270499528752
4.40366972477064
-1.5817223198594
-2.767857142857138
2.1120293847566547
-3.5071942446043214
2.143522833178003
0.18248175182482013
1.0928961748633905
0
9.369369369369373
-2.8006589785832006
0.847457627118644
4.789915966386556
-3.688853247794714
-1.6652789342214822
0.5927180355630846
2.6094276094276165
-2.214930270713702
0
-2.097315436241611
-0.5998286203941755
-0.51724137931034
-1.9930675909878781
-1.0610079575596716
-0.44682752457551383
0.5385996409335676
-3.035714285714291
5.709023941068143
-3.7456445993031333
2.8054298642533886
5.281690140845071
-4.013377926421403
-1.9163763066202115
2.0426287744227456
2.175805047867711
-3.0664395229983037
2.0210896309314563
0.17226528854436077
0
-0.4299226139294927
0.08635578583765849
5.090595340811036
-1.9704433497536877
4.187604690117253
10.932475884244369
8.115942028985499
-0.8042895442359174
-10.2027027027027
0.07524454477049985
0
-0.6766917293233126
1.362604087812272
-3.211351755041084
3.4722222222222223
2.6845637583892574
-7.044299201161938
0
4.453124999999991
5.310396409872867
-10.86647727272728
4.940239043824692
-3.8724373576309756
0.8688783570300226
2.81910728269382
-1.6755521706016885
2.5561580170410623
2.0392749244712904
-5.107327905255371
0
3.3541341653666237
-4.830188679245287
3.6478984932593135
0
0.3060443764345874
2.2120518688024453
-0.895522388059693
5.271084337349397
-6.580829756795434
-0.4594180704440998
-1.8461538461538505
-1.2539184952978013
2.698412698412703
-2.395672333848538
3.562945368171033
0.8409785932721668
-3.1084154662623265
2.503912363067295
-2.824427480916033
0
0.6284367635506655
1.17096018735363
-1.620370370370366
-1.098039215686279
0
-0.07930214115780676
-0.9523809523809547
-0.6410256410256387
0.9677419354838732
-2.5559105431309925
4.999999999999996
2.966432474629205
-3.4874905231235847
-1.413982717989
-2.470119521912346
3.676470588235294
-4.176516942474398
1.4802631578947463
-2.9983792544570522
-4.678362573099423
-1.4022787028921948
3.111111111111111
5.51724137931035
4.411764705882345
-7.433489827856025
-1.9442096365173265
2.758620689655175
-4.781879194630874
8.898678414096912
-5.258899676375405
2.5619128949615715
3.1640299750208256
-3.7933817594834567
5.536912751677847
-3.577106518282989
-5.853256389117885
5.429071803852891
-1.9933554817275794
2.457627118644073
-0.08271298593879944
-0.6622516556291367
-6.25
3.8222222222222197
1.0273972602739752
2.2881355932203413
-3.728251864125932
1.0327022375215171
0
0.9369676320272523
3.037974683544299
-5.405405405405401
0.8658008658008658
0.4291845493562232
-3.8461538461538463
0.8888888888888888
3.700440528634364
-3.993203058623622
4.336283185840713
-1.6115351993214635
0
-4.137931034482756
4.136690647482009
-0.34542314335059715
0.34662045060657837
2.7633851468048385
-3.9495798319327755
-4.111986001749784
2.919708029197083
-2.482269503546097
0
-1.2727272727272778
-2.2099447513812076
3.295668549905838
1.093892433910668
0.2705139765554528
-1.7985611510791366
4.395604395604393
0.3508771929824611
-1.311188811188811
-0.26572187776794626
-5.239786856127878
4.873477038425494
-2.9490616621984014
0.7366482504604157
-1.6453382084095167
3.345724907063205
-3.417266187050357
-0.7448789571694705
4.690431519699812
2.1505376344086073
-1.5789473684210502
1.5151515151515176
-3.42405618964004
-5
4.401913875598081
0.8249312557286945
-3.727272727272722
-1.4164305949008498
1.2452107279693458
-0.3784295175023705
0.0949667616334364
0.09487666034155058
-0.5687203791469141
1.3346043851286857
-0.2822201317027255
0
4.52830188679245
2.888086642599281
-3.508771929824561
0
-0.1818181818181844
-2.003642987249547
1.7657992565055816
2.0091324200913268
-0.8057296329453945
-0.18050541516245744
-2.7124773960217
3.717472118959108
-0.44802867383512546
0.6300630063006326
0.8944543828264758
0.17730496453900962
-1.1504424778761038
-2.9543419874664254
-1.1992619926199366
1.58730158730159
-3.3088235294117596
1.711026615969579
-1.495327102803733
0.18975332068310116
-0.37878787878787074
0.7604562737642558
-1.0377358490565984
0.571973307912292
-0.9478672985781991
0.4784688995215311
-2.476190476190471
1.5624999999999944
-2.3076923076923133
-0.5905511811023566
0
-0.9900990099009901
-7.299999999999998
7.659115426105711
3.106212424849708
0.2915451895043704
-3.1007751937984525
3.9000000000000057
1.9249278152069296
0
-0.18885741265344932
5.960264900662249
-9.732142857142861
-3.857566765578627
2.880658436213989
0.09999999999999432
0.599400599400608
8.738828202581924
-4.657534246575337
-0.3831417624521127
-1.9230769230769231
-3.8235294117647114
1.9367991845056125
-6
6.382978723404255
3.799999999999997
-3.6608863198458548
1.7999999999999972
-1.7681728880157144
3.5999999999999943
-5.598455598455597
4.907975460122697
3.2163742690058594
1.9830028328611844
0.1851851851851878
0
-2.310536044362292
2.175969725638597
0
-4.62962962962963
2.718446601941745
12.476370510396977
-7.899159663865551
-3.28467153284671
-1.0377358490565984
2.2878932316491816
1.3979496738117427
1.4705882352941255
-5.706521739130444
5.66762728146014
-6.090909090909093
12.294288480154892
-11.206896551724139
10.679611650485437
-7.894736842105263
0
0
-2.476190476190471
1.2695312499999971
-1.6393442622950847
-2.5490196078431318
4.426559356136812
-4.527938342967247
0.9081735620585325
1.7000000000000028
-4.424778761061947
1.131687242798348
5.696846388606317
-9.047160731472575
0.21164021164021465
2.5343189017951335
2.780638516992794
-3.2064128256513054
3.3126293995859246
-1.9038076152304524
-0.6128702757916328
0.10277492291881658
-0.410677618069821
-0.309278350515461
0
-1.4477766287487133
-1.1542497376705083
-2.9723991507430965
2.078774617067824
-2.679528403001072
-2.5330396475770893
2.824858757062147
-0.4395604395604458
-0.7726269315673164
2.0022246941045574
-0.5452562704471101
0.8771929824561372
-2.6086956521739193
-4.910714285714277
4.4600938967136114
2.9213483146067354
-5.393013100436679
-1.9155319639972268
7.976470588235295
2.026585312704292
-1.7513882956001714
-5.217391304347823
3.7385321100917324
4.554499226177321
1.4590822584055778
0.04168403501459593
-3.6458333333333335
3.5675675675675644
6.075156576200425
2.0468411729974396
5.0530376084860125
0.9730126675234095
6.600000000000004
2.3366877025413566
1.7833333333333339
2.014082200753229
-6.950240770465487
-2.9498016215283784
-5.1546391752577305
-1.4055472263868065
0.8743584869796633
3.3352176370831037
0.3829321663019579
6.993642143505906
-5.415959252971134
7.5210913660025085
-5.175292153589318
3.838028169014084
-8.206171583587652
2.493535278906541
-5.027932960893852
-3.889943074003803
0.9871668311944719
-0.5865102639296133
1.8289085545722708
-2.336809578988028
-0.21752026893414955
-1.7241379310344778
3.7305908449284013
1.8662519440124434
-1.3167938931297667
6.16901953200541
10.182149362477238
2.2483055050421545
-8.746968472109948
4.092841956059536
13.361702127659564
-0.15015015015014163
1.8646616541353307
-1.682905225863597
4.099099099099106
-1.9183614596855594
-0.6764705882352849
0.08883624518801904
1.671597633136109
1.993307143896392
-2.4251069900142492
0.7163742690058404
-5.327333430105968
-0.15332720024531482
5.159705159705158
4.994158878504675
0
4.993045897079261
0
0.6755861703536961
-5.631578947368422
-4.991634132738425
0
-4.9897270325799905
5.359901143033672
0.2785515320334437
-3.7134502923976695
-1.9890677194048014
-1.8900077459333833
2.0053687036159737
-0.15479876160989833
1.550387596899225
-3.725190839694653
3.8693307960672336
-1.8931297709923587
4.9953314659196915
0
4.994812509263383
0
2.1033314511575307
1.2304714502972496
0.6555585905490358
0.8548168249660725
4.06296246468451
0.8920491273432605
4.997437211686304
0
0
-4.991457163778379
-4.996788696210663
0
-2.1092482422931154
7.251381215469613
2.9620090148100413
-4.127579737335831
-4.892367906066536
3.2784636488340198
3.4665958294594224
-5.571245186136076
0
1.9032082653615978
2.494663820704382
-3.6964727320057316
0.013515339910805672
-0.9864864864864918
3.712296983758699
-2.4740097381234314
