-2.685950413223135
5.944798301486193
-3.4068136272545004
9.543568464730278
-7.575757575757576
7.58196721311476
-9.33333333333333
2.100840336134454
-3.703703703703712
-3.4188034188034067
11.50442477876105
-1.9841269841269842
12.145748987854251
1.9855595667870063
2.6548672566371683
-4.137931034482756
7.913669064748199
-0.16666666666666904
5.008347245409015
0.15898251192369064
-5.0793650793650835
2.006688963210707
-6.721311475409838
4.745166959578213
0.16778523489933123
-2.8475711892797366
7.931034482758623
2.236421725239614
2.6562500000000044
4.870624048706245
-9.288824383164012
1.7600000000000022
-4.245283018867929
4.926108374384237
-5.3208137715179955
-2.148760330578508
-0.3378378378378426
4.745762711864402
-4.8543689320388355
-3.0612244897959138
5.2631578947368425
-2.999999999999995
0.34364261168384147
0.6849315068493127
-2.040816326530605
-0.17361111111111358
4.695652173913048
-0.3322259136212672
-0.16666666666666904
0
-3.33889816360601
1.5544041450777177
-1.5306122448979569
4.835924006908471
-1.1532125205930854
0
-3.3333333333333335
4.999999999999998
-5.418719211822656
-1.9097222222222245
5.840707964601765
0
2.006688963210707
0
-4.098360655737705
-0.8547008547008547
-2.4137931034482736
4.240282685512365
-4.576271186440683
-1.9538188277086934
1.630434782608693
3.3868092691622076
5.172413793103448
1.639344262295082
-7.419354838709679
-9.233449477351913
4.030710172744724
0.5535055350553453
-2.201834862385326
-1.876172607879925
-2.4856596558317348
1.1764705882352968
-4.651162790697671
-0.20325203252032809
2.0366598778004072
-5.9880239520958085
2.7600849256900153
9.297520661157025
-9.073724007561431
7.692307692307683
-6.9498069498069395
-2.2821576763485507
1.486199575371541
7.112970711297083
-2.1484375000000027
3.592814371257479
-2.504816955684002
-5.138339920948619
1.2500000000000029
-3.2921810699588505
2.3404255319148968
7.900207900207894
-5.202312138728315
1.6260162601625958
-3
2.6804123711340146
-4.819277108433733
-0.2109704641350241
0.21141649048626093
5.063291139240503
-2.2088353413654507
-2.0533880903490758
-1.6771488469601765
0
-0.21321961620469387
2.5641025641025705
-1.8749999999999971
3.184713375796178
1.02880658436214
4.0733197556008145
-4.500978473581221
2.459016393442629
-1.5999999999999943
-2.0325203252032518
-0.20746887966805272
3.1185031185031185
-4.637096774193557
0
2.7484143763213624
1.440329218106987
-3.853955375253547
-0.6329113924050573
1.910828025477704
0
-1.2500000000000029
3.3755274261603407
-2.65306122448979
0.6289308176100569
-3.5416666666666727
0
0
1.5118790496760321
4.893617021276589
-0.6085192697768705
-3.061224489795918
-1.8947368421052602
0.8583690987124433
9.787234042553195
-6.007751937984498
9.072164948453606
-6.616257088846881
0
-4.4534412955465505
3.389830508474564
-4.918032786885243
3.448275862068969
5.208333333333333
-0.9900990099009901
-1
-2.0202020202020203
4.53608247422681
2.1696252465483123
-7.142857142857134
0
12.266112266112263
2.03703703703704
-6.715063520871149
0.19455252918288216
2.13592233009709
-1.9011406844106464
6.395348837209297
-0.3642987249544549
-4.387568555758694
-1.9120458891013385
5.458089668615994
5.360443622920515
-7.719298245614033
6.08365019011406
-5.9139784946236515
-2.476190476190471
4.1015624999999885
8.442776735459663
-4.152249134948095
3.6101083032490977
-1.3937282229965107
1.4134275618374508
-1.3937282229965107
0
-1.2367491166077789
2.683363148479428
-8.88501742160279
0
7.83938814531549
-0.35460992907800665
-1.0676156583629919
10.79136690647482
-5.844155844155845
0
-4.137931034482756
8.992805755395683
-6.600660066006601
-8.127208480565374
20.38461538461539
2.076677316293925
-1.251956181533642
9.03328050713153
-7.267441860465117
1.880877742946713
-4.153846153846159
0.16051364365971335
-3.0448717948717925
8.760330578512393
-4.863221884498474
-8.78594249201278
1.9264448336252213
-1.7182130584192439
-2.972027972027977
4.144144144144139
0.34602076124567965
2.9310344827586254
-9.715242881072035
5.751391465677182
-10.526315789473685
0.3921568627451036
-1.1718750000000027
3.952569169960474
5.513307984790872
2.342342342342337
-0.8802816901408451
5.328596802841918
-9.61214165261382
-0.37313432835821425
1.4981273408239781
1.660516605166049
-3.2667876588021856
8.442776735459663
-2.595155709342561
5.861456483126118
-9.395973154362418
9.444444444444446
-5.583756345177672
5.017921146953413
-6.8259385665529
-5.67765567765568
8.34951456310679
-5.9139784946236515
5.523809523809522
-7.039711191335738
6.9902912621359246
3.4482758620689626
-1.9298245614035112
-5.008944543828259
0.5649717514124241
8.61423220973783
-10.689655172413797
2.1235521235521264
-4.725897920604915
-0.39682539682538837
2.9880478087649402
5.99613152804641
-4.744525547445245
2.8735632183908044
-3.538175046554945
-4.826254826254827
6.490872210953353
0.5714285714285661
-2.083333333333323
7.930367504835578
-2.5089605734767
5.14705882352942
0.5244755244755195
-3.6521739130434807
-2.346570397111908
6.839186691312376
-6.055363321799308
3.86740331491713
-5.496453900709222
4.878048780487807
-3.7567084078712014
6.133828996282537
8.406304728546404
2.100161550888537
-3.4810126582278524
-3.4426229508196746
7.4702886247877744
-0.3159557661927263
-4.120443740095089
2.148760330578508
-0.8090614886731392
-4.730831973898856
7.876712328767125
6.825396825396821
-7.132243684992567
-1.2799999999999954
-0.162074554294978
0
-1.6233766233766234
8.25082508250824
-7.926829268292677
10.430463576158948
-12.743628185907045
-0.3436426116838537
0.34482758620690146
0
0
4.810996563573878
-10.983606557377053
0
0
1.2891344383057144
-0.7272727272727247
0.3663003663003585
-9.124087591240876
2.610441767068282
-1.9569471624266144
6.187624750499004
-6.766917293233084
4.032258064516129
-6.782945736434108
11.642411642411645
-6.89013035381751
4.799999999999997
-8.778625954198477
8.577405857740589
-9.441233140655104
6.382978723404255
-5.599999999999994
-2.330508474576274
2.1691973969631237
7.855626326963897
-8.661417322834644
10.991379310344831
-5.0485436893203905
2.4539877300613555
-2.395209580838329
4.294478527607365
-9.019607843137257
6.896551724137938
-5.846774193548384
1.9271948608137013
-3.3613445378151288
0
-2.1739130434782608
2.2222222222222223
-4.3478260869565215
2.272727272727273
-1.1111111111111112
1.1235955056179776
-8.666666666666664
3.4063260340632566
0.23529411764706218
2.112676056338025
-0.09195402298850379
0.092038656235617
3.4482758620689653
1.1111111111111112
-3.7362637362637425
1.5981735159817418
-0.7640449438202324
-2.626811594202891
5.255813953488367
5.7445868316394195
-8.5248641872127
-0.6395614435815467
-4.321839080459776
-1.4896684286400708
6.926829268292691
4.69890510948904
-3.093681917211333
-3.327338129496396
0.0930232558139515
10.083643122676587
-9.497678345293373
2.565298507462673
-2.455661664392902
0
-0.23310023310023642
12.14953271028038
-8.375000000000007
0.045475216007283145
-2.1363636363636314
-1.3005109150023275
9.035294117647068
2.7190332326283944
-5.3781512605042066
-1.642984014209596
-8.171557562076744
-0.9341199606686396
3.0272952853598167
-0.2890173410404734
2.6570048309178778
-2.3529411764705883
-0.867469879518071
0.8750607681088951
1.927710843373487
8.747044917257691
-3.4347826086956483
1.7559657811796514
2.6548672566371585
1.2931034482758652
0.5531914893616979
-3.5124841303427776
5.000000000000003
-0.16708437761070466
-3.7656903765690317
0
0
0
-0.9130434782608733
11.671785870996052
-9.626719056974459
2.1739130434782608
2.085106382978717
0
10.170904543559821
5.56186152099886
-3.978494623655912
5.823068309070558
-8.289241622574961
-0.5769230769230714
8.820116054158598
-3.3060789193032343
1.2499999999999996
1.3071895424836582
2.4731182795698974
0.909408884225259
-4.0554592720970595
-0.6502890173410394
1.5636363636363626
0.07160759040458135
-3.363148479427541
0
5.10921880784894
2.3952095808383222
-3.68077055383557
1.4285714285714235
-0.7394366197183004
5.3565094004966225
-5.050505050505051
0
1.8439716312056722
0.9749303621169957
-6.1379310344827624
3.967670830271866
-5.901060070671384
5.332331956440112
-7.379679144385028
3.117782909930711
0
2.276969018290405
-3.1751824817518157
1.7338861666038345
-2.7788069655427936
2.4771341463414718
-2.2313127556712584
17.915557246101184
-14.129032258064512
8.489857250187821
-5.644044321329636
5.321100917431191
-4.355400696864112
1.4571948998178585
-2.5134649910233495
-0.18416206261509083
-0.3690036900369056
-2.4814814814814876
4.063805545005699
1.6423357664233682
-5.74506283662478
