-2.0000000000000036
-0.48019207683072207
-5.910735826296749
4.871794871794868
-3.9731051344743276
3.755569700827502
-4.1717791411043015
0
-0.12804097311138837
2.307692307692304
2.4436090225563945
2.6299694189602514
-3.9332538736591314
0.12406947890819918
1.5489467162329615
0.6101281269066504
-2.9714978775015193
-0.9375
-3.6593059936908587
4.649639816633938
-1.1264080100125227
1.7721518987341844
-1.6169154228855862
2.4020227560050644
-1.481481481481485
1.8796992481203008
-0.6765067650676472
-2.6625386996904097
2.4809160305343547
0.9931719428926098
-1.2907191149354607
2.9887920298879274
3.0834340991535636
-1.9354838709677487
10.167464114832537
-1.954397394136805
0.0553709856035406
-1.7708909795240668
0.16901408450704866
3.430821147356577
-1.3594344752582925
0.9371554575523642
-0.7646095030038261
-1.9812878370941083
2.7512633352049445
2.5136612021857894
-4.744136460554374
2.2383883603805264
0.1642036124794808
1.4754098360655676
-5.008077544426485
-1.3605442176870781
-0.22988505747126764
-1.843317972350224
3.1103286384976423
-3.6994877632327836
1.8912529550827526
0
-1.8561484918793603
-2.895981087470436
1.7041996348143535
-0.7181328545780902
2.290536467751647
3.4767236299351834
-4.043280182232343
-1.0089020771513286
-1.4388489208633126
0
-3.1630170316301807
2.324120603015086
-1.7802332719459826
-3.4375
1.2297734627831751
2.877237851662404
-1.6780609073959085
0.18963337547409065
-2.2082018927444795
-0.5806451612903263
-0.6489292667099287
0.5878510777269795
3.1818181818181857
1.9509125235997447
-3.8271604938271535
1.8613607188703318
1.0081915563957295
3.5558328134747277
-5.180722891566262
0.3176620076238882
-0.6333122229259025
-0.5736137667304051
0
1.7307692307692235
-1.6383112791430336
1.47341447789879
-2.9040404040404004
2.4707412223666987
-1.6497461928933974
-9.612903225806454
7.994289793005009
0.06609385327164198
1.7833553500660426
-1.6223231667748217
-0.13192612137202417
-0.0660501981505907
2.643754130865829
2.833226014166115
-1.753287413901054
1.7845761631612382
-1.0644959298684964
1.139240506329121
-1.1264080100125227
-1.8987341772151898
1.2258064516129068
0
8.986615678776287
3.2748538011695874
-4.246885617214043
1.8923713778829196
0.9286128845037691
-0.9775733179988597
1.0452961672473935
-1.2068965517241346
-0.3490401396160525
1.634559252772903
-1.8954623779437008
1.5807962529273938
-3.8616714697406276
1.0191846522781707
-0.47477744807122335
-0.23852116875371335
-0.6575014943215916
1.6847172081829191
-1.2426035502958546
-1.7375674056321184
1.829268292682927
-6.586826347305389
-0.9615384615384616
0.06472491909384745
5.627425614489015
0
-3.4905082669932743
-0.25380710659898836
0
-0.763358778625947
-0.32051282051282054
-0.19292604501608449
3.2216494845360826
-0.12484394506865708
-1.437500000000007
0.19023462270133887
-0.3797468354430344
-1.3341804320203268
1.7385705086928451
0.7594936708860688
-2.3241206030150683
-0.3215434083601286
0.6451612903225806
1.9230769230769231
-3.7735849056603774
3.6601307189542447
-3.8461538461538427
0.9836065573770492
-1.168831168831176
4.993429697766112
-2.69086357947435
2.4437299035369846
-2.6993094789705028
2.1290322580645236
-2.1478205938092265
1.8076178179470515
-1.2048192771084194
2.0539152759948576
-4.528301886792446
5.006587615283263
-3.1994981179422797
2.8515878159429535
-2.8985507246376776
1.8818948734587968
-1.974522292993627
0.0649772579597104
0.3246753246753247
1.553398058252431
-2.4219247928617027
1.7635532331809387
-0.32092426187419765
-0.19317450096587982
-0.19354838709678152
-0.5817711700064495
1.4304291287386142
1.0897435897435825
-2.7901077996195167
3.0658838878016885
-2.1518987341772187
2.005174644243205
-1.3950538998097584
-1.9292604501607717
1.0491803278688487
-0.25957170668397517
0.7807417046193996
0.7746933505487338
-1.7296604740550856
1.5645371577575005
-1.2836970474967906
-0.13003901170352214
3.0598958333333446
-2.526847757422615
0.8425145819831386
0
-2.4421593830334083
2.569169960474293
-2.24791265253693
1.4454664914586184
-1.8782383419689155
1.5181518151815256
-2.4707412223667173
0
-0.7999999999999924
1.8817204301075152
-1.5831134564643838
0
-0.13404825737264656
1.342281879194631
-0.46357615894038984
3.3932135728542874
-3.281853281853278
2.328675981370592
-2.9258777633289985
0.06697923643670081
1.0709504685408262
0
0.19867549668874926
0.06609385327164198
0.5284015852047443
0.2628120893561141
0.26212319790301813
-2.418300653594764
-0.736771600803766
2.4291497975708656
-0.9881422924901185
0
-1.8629407850964812
0.8135593220338906
-0.3362474781439139
-0.5398110661268442
1.5603799185888623
2.0708082832331485
-3.075916230366503
0
-0.8102633355840572
-1.9741320626276417
3.1944444444444406
-1.7496635262449491
-0.8904109589041174
2.073255010366275
6.296547054840902
5.732484076433121
-2.1686746987951775
-6.0960591133004955
0.4590163934426155
4.37336814621411
-4.190118824265176
-0.718015665796341
0.0657462195923697
-0.13140604467804773
2.697368421052628
-1.3452914798206241
2.272727272727273
3.492063492063492
-3.374233128834356
-3.4285714285714324
1.0519395134779712
0.9759271307742355
-1.2242268041236968
1.1089367253750742
-2.1290322580645236
1.3183915622940015
-2.6675341574495737
0
-0.06684491978609246
1.7391304347826049
-2.6955950032873073
2.7027027027027026
-1.8421052631579022
2.9490616621983956
-1.6276041666666667
-1.7207147584381168
0.13468013468012702
0.26899798251513496
-1.9450033534540616
0.1367989056087668
0.7513661202185753
1.4915254237288058
-0.7348029392117531
0.9421265141319016
-1.7999999999999925
1.5614392396469672
-2.1390374331550728
2.322404371584703
-1.4686248331108256
-2.1680216802167944
0.8310249307479145
1.236263736263744
-0.9497964721845357
0
-2.328767123287675
2.0336605890603128
-2.0618556701030926
-3.2982456140350798
1.7416545718432344
-1.9258202567760263
2.5454545454545454
0.28368794326241537
0
2.4045261669024085
-4.0055248618784605
0
1.7985611510791366
-2.402826855123679
-0.07241129616219719
-2.3188405797101366
-0.8902077151335437
-1.1976047904191576
5.681818181818182
1.9354838709677338
-5.414908579465534
1.784386617100376
-1.8261504747991233
2.0089285714285627
-1.3129102844638827
1.8477457501847745
-1.3062409288824464
-0.8088235294117605
-0.6671608598962236
2.910447761194034
-5.366207396664254
-0.3065134099616902
-1.1529592621060722
-0.46656298600310603
2.187500000000009
1.9877675840978548
-2.5487256371814135
0
-1.5384615384615385
0
-0.9375000000000022
3.4700315457413184
-0.15243902439023524
0
-1.2977099236641134
2.8615622583139895
-3.9849624060150357
-0.39154267815191857
3.144654088050303
2.743902439024408
-3.1305637982195833
-0.061265124827701405
-0.3831417624521073
4.10769230769231
-3.1624057928180886
1.480238058904317
-3.05263157894737
3.8932836978439664
-4.926843833980299
0.03140703517588431
-0.6750392464678174
0.04741583688951166
-2.0379146919431266
0
-0.016126431220767637
0.3225806451612949
-3.344051446945346
1.3639387890884902
-1.3455858221201187
4.507651363938791
-5.093108387712869
0
-2.381351668623179
4.724274179694211
-4.954068241469821
-1.6223679668622675
2.859649122807022
0
-2.9507078287566157
0
2.108963093145875
-1.2392426850258156
-2.596723597072154
3.560565396314192
-3.9910158949550834
2.0334712974626643
-4.620811287477962
0.03698224852071584
0.9981515711645086
1.5739385065885787
1.2792792792792809
6.742572495997152
4.166666666666667
5.1039999999999965
0.7307048256964591
-3.506120598458516
-0.8927173061863748
0
6.020859671302152
-0.134148159189154
2.985074626865672
2.681159420289847
-2.851093860268167
-1.830597123347385
-1.5539440580139074
2.1346963319302494
-1.6779511333529593
-2.395209580838315
1.1809815950920184
5.305441867515538
-4.519936663307903
3.557967737072214
-5.2409375454942415
4.90090643724074
-1.830697129466901
2.1781291958824314
-4.482406190684762
-1.712014674411502
-0.17107309486780628
0.48294126811030114
1.6279069767441816
0.5034324942791736
-2.823315118397085
-0.031240237425798224
2.8437499999999893
4.588271042236419
-4.619407321324821
-0.6548888212001106
1.946956921661806
-1.6541353383458561
0.21406727828746264
-0.06103143118707087
0.8244274809160401
3.42216838279829
-4.787701317715953
-0.8150084576349395
2.3255813953488373
1.1060606060606122
-1.3936760077926071
1.6565349544073
-0.4634474510390227
8.125563232201857
-3.5421586331434884
-0.10080645161289341
-2.2488107250973073
14.142456864769212
5.129198966408267
19.995084183359953
0
1.3928717738631702
-6.76767676767677
-5.633802816901411
-2.7784156142364957
-3.164855928200291
-0.426829268292676
-1.6533986527862932
9.22789539227895
0.3306350473150225
-3.8068181818181754
-1.8310691080921575
-0.12033694344162975
5.987951807228915
-3.796748891667618
1.6069951553822515
-4.116757762530518
0.6791995148574921
1.1805806529333691
-1.154899392784854
4.67357263310047
3.555811277330252
-3.5781753528169786
