-4.013605442176875
1.9844082211197813
-2.918693537178608
0.21474588403723077
0.35714285714285715
1.9217081850533726
-2.863128491620108
2.012940330697348
-3.735024665257231
2.1961932650073206
2.1489971346704873
2.3842917251051934
-1.9863013698630176
3.4241788958770134
-1.5540540540540617
0.7549759780370782
-3.61035422343325
-0.6360424028268591
3.6273115220483603
1.5785861358956839
-2.4324324324324285
0.06925207756232293
-2.283737024221461
2.407932011331449
-1.5905947441217034
-0.21082220660577045
-1.267605633802825
4.422253922967203
-2.322404371584703
1.8881118881118801
-3.7748798901853124
0
0
0.5706134094151294
0.7092198581560284
0.7746478873239396
-1.3277428371768034
-3.1869688385269126
3.877103145574259
1.8309859154929538
-3.1811894882434264
2.2857142857142776
-2.723463687150822
1.5793251974156415
-1.696113074204951
0.6470165348670063
-0.857142857142849
0.8645533141210292
-1.2142857142857062
0.9399855386840078
-0.28653295128940237
3.017241379310357
-3.7656903765690415
1.4492753623188406
0.07142857142856737
-0.07137758743754055
1.857142857142853
-1.262272089761559
1.2073863636363555
-4.912280701754386
6.19926199261993
0.34746351633078526
4.570637119113569
4.569536423841063
-0.6966434452184891
4.4642857142857135
-4.395604395604406
1.8518518518518556
-1.4420062695924836
2.989821882951665
-3.39715873996294
3.5805626598465436
-0.30864197530864196
0
-0.37151702786377355
-0.5593536357986362
-0.6874999999999964
1.9509125235997447
4.382716049382712
-0.05913660555883756
-0.8284023668639087
1.3723150357995295
-3.237198351971748
2.1897810218978067
-0.8333333333333367
1.9207683073229396
-2.179034157832754
1.9265502709211422
-0.649734199645613
1.070154577883479
8.647058823529406
3.952355170546839
-5.156250000000003
0
2.2515101592531543
1.0741138560687433
7.651434643995752
9.921026653504441
0.04490345756624281
4.9820466786355455
-1.5818725951261294
0.6950477845351967
-5.651423641069897
-3.9780521262002693
6.428571428571429
3.2662192393736067
-1.0398613518197597
4.028021015761817
-1.3888888888888817
1.4084507042253447
-0.5471380471380399
1.5658061785865376
0.3750000000000024
2.0340390203403924
-1.9121236777868253
3.2766486934881818
-3.8554216867469857
-3.09106098579783
0.08620689655171923
-1.0766580534022394
1.9155420113191144
3.2464758650149483
-4.799338022341744
0.8257279443720147
-4.612068965517237
0
1.4008133755083572
0.6684491978609626
-2.6560424966799467
1.773533424283768
-1.5638963360142983
-2.0426690876078073
1.3901760889712695
-3.519195612431452
2.700142112742784
-1.2915129151291564
-3.7383177570093458
1.8932038834951483
-4.287756074321106
-0.2986560477849648
5.092361457813274
2.090261282660335
1.0702652396463392
2.6243093922652014
-1.0767160161507427
-1.9954648526077123
-0.6941230911614993
2.5163094128611396
-2.3636363636363584
0.8845437616387231
-0.7383479464697713
0.7438400743840048
-2.1688970927549556
0
-1.650943396226415
-0.28776978417265914
-2.1645021645021645
1.9174041297935132
-1.591895803183797
-0.5882352941176415
0.29585798816567765
0.3441494591937014
-1.1758941695247456
0.7436787307882995
-2.755905511811021
1.0121457489878543
-0.751503006012024
-1.76678445229682
0.20554984583761854
0.30769230769230477
3.3231083844580778
-1.7812963879267663
3.828715365239292
0.9218825812712304
0.8173076923076869
0
-2.050548402479725
0.14605647517039091
-0.48614487117160915
3.5173424523693293
-4.813591316658809
-0.7436787307882995
3.0969030969031057
1.647286821705429
-2.4308865586272748
1.3678553981436306
-2.2168674698795154
1.2814194184327226
-1.9951338199513355
0
1.0427010923535225
-0.147420147420153
-1.5255905511810997
1.7991004497751097
-1.816396661757481
0
0.20000000000000284
1.6966067864271486
-2.306182531894022
0.05022601707684295
0.7028112449799225
3.1405782652043928
-2.851619139681008
0.4975124378109453
-2.376237623762382
-1.5720081135902608
-0.30911901081916243
1.2919896640826873
-3.8775510204081605
0
-0.7961783439490445
1.4446227929373936
-5.854430379746833
1.3445378151260536
-4.090657822001108
-0.05763688760806589
4.209919261822366
-0.8854454897620334
5.918481295365715
1.2124406958355358
2.6041666666666665
-2.385786802030451
1.8200728029121165
-2.706843718079679
0.5774278215223068
1.1482254697286103
-1.702786377708984
0.10498687664041398
0.15731515469324142
1.3612565445026148
2.3760330578512368
3.884964682139262
-1.3598834385624143
0.935499753815857
-0.975609756097561
2.0197044334975343
-3.3317238049251596
3.546453546453558
-6.078147612156306
0.05136106831023254
0.7700205338809034
0.8660213958227145
-0.15151515151515726
0
-0.4552352048558307
-1.422764227642282
2.268041237113405
0.35282258064515554
1.2054244098443023
4.218362282878412
-2.761904761904767
1.9588638589618024
-4.130643611911621
0.5511022044088149
-2.192326856003975
1.8339276617422282
-4.0520260130065004
0.05213764337851633
-5.002605523710263
3.1267142073505148
0.9042553191489301
0.15814443858724903
0.47368421052631876
0.052383446830798486
-1.0471204188481675
1.0582010582010581
-0.15706806282723107
1.730466701625596
0.309278350515461
0
3.5971223021582737
3.1746031746031775
0.9615384615384616
1.8571428571428599
-2.945301542777004
-1.6859344894026975
-0.2939735423811829
3.194103194103194
-3.952380952380958
1.090728805156181
-2.15792054928887
0.8521303258145306
-0.9940357852882704
1.405622489959845
-2.128712871287134
1.5680323722812457
-1.0458167330677404
0.25163563160543534
-0.3012048192771056
0.6545820745216573
-1.8509254627313743
1.4271151885830844
-1.1055276381909491
0.3556910569105633
2.9367088607594996
0.049188391539593854
-1.4749262536873156
0.7984031936127716
1.6336633663366393
1.7535314174378929
-3.06366682623265
1.728395061728395
-3.349514563106799
1.4565544952285312
-1.5841584158415785
0
-2.313883299798804
2.8836251287332764
-3.653653653653659
1.2987012987012987
-1.5897435897435868
2.032308494007298
-0.6128702757916328
-0.3083247687564205
0.618556701030922
1.3831967213114842
-1.6169782718544805
0
-0.4108885464817581
1.959773078906644
-2.3773394031360593
1.4507772020725447
-0.6639427987742652
1.6966580976863812
-1.8705763397371167
0.05151983513652464
-0.9268795056642549
1.1434511434511374
2.4152106885919924
3.361766181635719
-2.4271844660194173
0.0995024875621834
-3.379721669980111
1.646090534979418
0.20242914979757373
2.0202020202020203
-1.3861386138613918
0.10040160642571137
-1.955867602808428
0.05115089514066205
-0.357873210633941
1.3853258081067155
-1.771255060728745
2.009273570324578
-2.1212121212121153
1.496388028895757
-1.1184544992374117
1.7480719794344501
-3.6887316826680197
3.3578174186778624
-3.705583756345183
0.10542962572483768
0.9162717219589156
-0.07305364224587058
-0.42819843342036196
-0.020977554017212324
-0.01049097775911761
0.5036197670758619
0.9708737864077592
-0.7444168734491303
1.0416666666666667
0
-1.1752577319587634
0.14604631754642247
-1.6145833333333304
-2.435150873478028
1.399891481280512
0.06421232876712572
-1.40106951871658
2.928734136023433
-2.329012540836752
0.021579628830379824
-0.05393743257820621
0.3777657852131617
0.07526881720429374
0.5157408402277899
-1.1117049706039466
1.5782077613230934
-4.650420346919234
2.678571428571435
-1.173913043478259
-0.4619445666520036
-2.718232044198888
1.0904134484325234
-0.5056179775280931
0.338791643139466
-6.325267304445685
2.1266370299170925
-1.8117647058823603
6.278456745746476
-1.3641488162345072
8.355240598925594
-3.1329113924050622
2.352172492649457
-0.5000531971486316
1.1548331907613327
-0.7610993657505274
0.5006391137622485
5.3206147323794495
3.0391466237294917
-1.4161539212813778
1.03031503863682
-2.8633065306922942
1.4031899858671517
-0.5176704828272732
1.0707495246672603
-1.3762376237623768
0.39152695512498803
0.20000000000000284
-1.6467065868263528
2.120750887874179
-0.7849761526232176
-0.2904356534802124
0.44194455604660277
4.859999999999999
2.994468815563609
2.5185185185185173
1.1560693641618507
1.7321428571428552
3.5632789187291576
-2.0762711864406804
-1.7221981826049286
1.109545614653039
-1.8028218080473726
-1.0643015521064327
0.34961900493052495
-0.6700017866714312
-1.0702401295080473
1.0909090909090935
-0.17985611510791621
1.936936936936942
-0.8395934600088403
1.5151515151515176
-0.08779631255488017
-0.9666080843585187
-0.6211180124223628
1.1160714285714286
-0.8388520971302453
-0.9349955476402468
0.2247191011235955
-2.914798206278027
0.6928406466512702
0.6880733944954128
0.22779043280182232
-0.7272727272727247
1.6483516483516456
-1.0810810810810836
1.0928961748633905
-0.9459459459459434
0.3638017280582005
-0.18124150430447544
0.3177485247389871
-1.2217194570135694
-1.7407237746220847
1.8181818181818208
1.0989010989011014
-0.8152173913043529
1.2328767123287618
-1.4433919711321554
0.549199084668187
1.7751479289940855
1.5205724508050116
-1.0572687224669628
0.6233303650935021
0.7079646017699089
1.8014059753954281
1.2084592145015156
1.9189765458422174
-4.1422594142259435
3.448275862068968
-2.362869198312234
0.7346585998271342
-1.8447018447018375
1.7919580419580394
-0.6869901245169576
