-0.53667262969589
2.517985611510802
-4.7368421052631655
-3.683241252302013
2.294455066921591
-3.738317757009333
4.660194174757268
-3.1539888682745816
0
-3.63984674329501
0.9940357852882667
3.5433070866141674
-4.752851711026616
-1.5968063872255505
6.085192697768777
0
3.4416826003824035
0
0.739371534195934
2.0183486238532007
-4.676258992805752
-3.773584905660381
5.098039215686288
3.358208955223875
-1.0830324909747222
3.832116788321167
-1.2302284710017624
3.9145907473309562
-2.3972602739725972
-3.33333333333334
-1.6333938294010864
3.8745387453874534
-3.197158081705146
3.4862385321100824
-3.368794326241126
3.11926605504587
-2.313167259786475
4.189435336976312
-2.447552447552442
3.5842293906810068
-7.266435986159168
-2.052238805970155
3.04761904761905
2.0332717190388063
-5.615942028985501
-0.19193857965450647
0.5769230769230816
2.294455066921591
-0.7476635514018699
-0.18832391713747246
-1.6981132075471672
2.6871401151631416
-6.915887850467276
-4.618473895582338
1.0526315789473646
-2.083333333333326
-2.978723404255331
1.9736842105263324
-6.666666666666677
-2.073732718894006
4.470588235294127
4.954954954954949
-8.154506437768237
0.46728971962615823
-2.5581395348837077
0
1.4319809069212317
4.941176470588235
0
1.1210762331838526
0.44345898004435613
4.856512141280348
-8.631578947368425
0
2.3041474654378002
-2.252252252252264
5.760368663594471
4.357298474945538
-3.340292275574116
3.4557235421166337
-5.845511482254702
3.9911308203991265
-5.117270788912584
-3.1460674157303496
0.9280742459396761
2.298850574712656
2.4719101123595375
-1.315789473684202
5.99999999999999
-1.4675052410901341
6.382978723404252
5
-0.952380952380949
1.9230769230769162
-1.3207547169811207
0
0.19120458891012976
2.099236641221363
-0.9345794392523332
4.528301886792457
0.36101083032490205
4.676258992805768
-0.6872852233676982
0.8650519031141838
-2.0583190394511166
4.903677758318744
-0.16694490818029695
0.16722408026755495
0.16694490818029695
0
-0.3333333333333262
-0.5016722408026797
4.033613445378155
4.8465266558966045
-5.084745762711865
-2.5974025974025996
7.500000000000003
-3.1007751937984525
4.159999999999997
4.608294930875574
-1.7621145374449225
-0.14947683109119095
1.9461077844311363
0
0.7342143906020663
2.0408163265306074
2.85714285714286
4.999999999999992
0
4.894179894179897
0
4.918032786885253
0
4.927884615384617
0
4.9255441008018295
0
0.9825327510917015
3.891891891891886
4.994797086368371
-7.135777998017845
0.3201707577374721
4.042553191489351
4.294478527607361
-2.352941176470573
3.915662650602397
-6.666666666666662
-0.5175983436853075
5.202913631633715
3.8575667655786408
-4.761904761904762
0
-5
-4.947368421052638
0
-4.983388704318929
10.489510489510494
4.957805907172983
-4.020100502512549
-4.188481675392674
-0.4371584699453653
0
3.9517014270033064
4.540654699049627
0.40404040404039543
4.929577464788735
0
4.985618408437197
-7.488584474885832
3.553800592300093
1.3346043851286993
4.985888993414857
-4.749103942652324
4.609595484477878
-0.3597122302158197
1.5342960288808658
3.377777777777785
0.0859845227858967
4.810996563573872
5.00000000000001
0
4.996096799375478
0
4.981412639405205
0
4.957507082152983
0
4.993252361673416
0
4.948586118251913
0
4.960195958358863
0
4.95915985997665
0
4.947192884936079
0
4.978813559322041
-2.522704339051463
-4.968944099378886
10.45751633986929
4.980276134122278
0
4.978863316110861
0
4.429530201342275
0.5141388174807241
4.987212276214826
0
4.993909866017054
0
4.988399071925751
0
4.97237569060774
0
-4.912280701754381
4.464944649446484
-4.980572235959025
0
-4.981412639405205
0
-4.9687010954616575
10.456978180321117
-0.11181513231456425
4.477611940298504
-1.9642857142857169
4.553734061930784
1.0452961672473893
3.793103448275867
4.983388704318936
0
4.746835443037974
0.15105740181268024
4.977375565610855
0
4.310344827586207
-5.922865013774101
4.538799414348476
-4.341736694677882
-3.5139092240117007
2.7314112291350487
4.579025110782857
0.2824858757062187
3.8028169014084545
1.085481682496604
3.8926174496644372
0.9043927648578663
-4.9935979513444195
10.512129380053905
4.2682926829268295
0.7017543859649056
2.090592334494787
-6.939704209328792
-4.88997555012225
0
-4.884318766066834
0
-5.0000000000000036
0
-4.978662873399716
0
-4.940119760479038
10.393700787401565
2.7104136947218342
-6.805555555555563
-4.9180327868852425
2.1943573667711687
-0.30674846625767305
-3.8461538461538463
-4.960000000000002
10.43771043771043
-0.3048780487804705
0.3058103975534994
-0.3048780487804705
-3.5168195718654496
2.8526148969889134
-5.855161787365184
2.7823240589197966
1.9108280254777117
3.5937499999999956
-8.295625942684767
-2.1381578947368376
-2.857142857142862
0
-4.8442906574394415
-4.727272727272729
-0.19083969465649125
-4.2065009560229365
9.580838323353287
4.918032786885251
0
4.687499999999992
0.16583747927031744
3.4768211920529826
1.4399999999999977
4.574132492113563
0.30165912518854127
4.210526315789469
0.7215007215007215
2.5787965616045807
2.234636871508392
4.918032786885238
0
0
-4.947916666666663
-4.794520547945205
-0.14388489208632277
0
-4.899135446685887
-1.9696969696969653
-3.0911901081916535
-4.944178628389157
8.389261744966431
-4.953560371517021
0
-4.723127035830617
-0.17094017094017336
0
-4.623287671232869
-0.1795332136445268
3.7769784172661893
-4.159445407279039
0.36166365280289847
-0.3603603603603655
5.244122965641964
2.0618556701030855
2.693602693602696
4.590163934426225
-0.9404388714733454
-2.21518987341773
-2.7508090614886664
-4.9916805324459235
0
-1.9264448336252213
-1.7857142857142858
-1.2727272727272778
-3.683241252302026
-4.0152963671128
6.374501992031863
-1.8726591760299627
0.19083969465649125
1.7142857142857115
-6.554307116104869
-0.20040080160320928
-3.212851405622479
0
4.9792531120331915
3.952569169960474
0.9505703422053232
4.89642184557439
0
4.129263913824052
0.8275862068965464
4.958960328317383
0.032583903551639
3.289902280130298
1.6398612425102366
0.3102699348433181
4.670584596350155
4.669030732860515
0.3105590062111785
4.840979453982547
0.13422818791945546
4.9865951742627335
0
0.10214504596528666
-5.076530612244903
-4.998656275194838
0
-4.978783592644973
0
-4.971717773146774
0
-4.981203007518808
0
4.978569073524569
0
3.297738693467339
1.6418364244451176
3.0511516601854716
-7.808417997097245
-4.974811083123431
0
-4.970178926441352
0
-4.986052998605299
0
-4.990825688073392
0
-4.789494013132491
10.263691683569984
2.097130242825608
2.810810810810815
4.977216964598662
0
0.5008347245409086
4.451827242524916
4.325699745547061
0.6402439024390271
4.998485307482577
0
4.991344489324882
-9.508106622698547
-4.980261160036442
0.95877277085331
4.400126622348836
0.5457853244390531
2.533172496984329
2.3823529411764772
2.4992818155702308
-7.315022421524662
-3.235560931357727
-1.8124999999999947
-93.41183959261616
0
1.932367149758456
2.8436018957346
0.9216589861751161
3.6529680365296837
2.2026431718061596
-6.896551724137918
-4.629629629629633
0
-4.854368932038839
0
-4.59183673469387
0
-4.812834224598934
0
-4.494382022471914
9.411764705882362
-1.075268817204302
-3.2608695652173942
-4.494382022471914
0
-4.705882352941168
0
-4.938271604938276
0
3.8961038961038996
-8.125000000000005
3.40136054421769
-7.89473684210527
-4.285714285714274
7.462686567164168
3.4722222222222254
1.342281879194632
4.635761589403978
-8.22784810126583
2.758620689655175
-6.040268456375844
2.142857142857145
-6.993006993006984
-3.7593984962406046
8.59374999999999
0
-4.316546762589916
-2.2556390977443628
-2.3076923076923097
-3.1496062992126013
0
4.065040650406508
-8.593750000000009
0
4.273504273504278
4.098360655737709
-7.8740157480315025
-4.273504273504258
0
