1.5084745762711826
-0.48422107196526587
5.302013422818796
0.063734862970041
0.3184713375796178
-4.428571428571425
5.613685434313229
-5.629816008806409
0.7998666888851782
1.8350140519094102
0
-1.9967532467532394
6.957097896306112
9.013473749419223
-7.6715442534450915
2.0772426527158023
-3.5272836900813958
4.812499999999993
-3.905784138342268
3.009618367980139
-0.6325301204819346
3.06153379812065
-6.749999999999997
7.459391263207689
-8.056941590842381
-1.4684756584197998
1.409363356552737
-0.1597444089456869
6.127999999999993
2.5177144580129727
-5.779411764705876
4.666770719525515
-5.3534148523710074
5.2465731841814955
-4.191616766467066
7.1875
-6.705539358600583
-2.8125
4.823151125401929
0.3067484662576687
-0.6116207951070336
1.5384615384615385
3.0303030303030303
0.29411764705882354
-1.7448680351906125
0
-0.17907774958962028
4.589624757063843
-1.3722126929674132
2.898550724637681
-3.3380281690140907
-2.37505464082762
0.29850746268656714
0
4.226190476190473
3.9263278126784695
-5.302926226129967
5.527346583490501
13.706351388507017
3.49413613831459
1.1098130841121496
3.755054881571346
-3.11804008908686
0
5.390804597701147
3.380957574435598
-7.922776664205087
5.167277726856097
-4.9133892580891185
6.095325389550876
-5.561555075593953
1.5894797026872474
-2.296262944619538
3.675115207373269
-3.2003555950661133
3.053610377683391
1.5038431547287512
-2.7655838454784947
-0.056433408577878104
-4.234895539243365
-12.912735849056604
1.5572105619498984
-1.3333333333333333
2.1621621621621623
-0.34391534391534695
6.1189275285373
10.50656660412758
0
-1.075268817204301
-0.4576659038901602
-0.3563218390804624
3.8182027915561223
-0.2888888888888914
0.2785825718743036
-3.4337148572063536
4.718066743383199
-5.637362637362632
-1.0364504483521708
-1.9651682748882011
7.790181250750208
-3.2405345211581316
3.5792381171596297
-2.7222222222222223
2.786978869217587
-5.32281364596066
3.274647887323941
-5.398340720536424
5.213839500240267
-4.978305549212139
3.8211968276856467
-2.951388888888889
3.041144901610018
-0.9490740740740793
-2.4772143024070967
0.3115264797507815
6.067845198279975
-6.925675675675675
-0.592861464004837
1.8378773125608596
5.151189195649565
-6.296885655830869
5.737506065016991
-5.380291384650692
4.231328806983522
-3.7571245783412897
-0.8822818467488464
-0.19509815876112946
0
-0.048869883934022876
-0.012223444566681669
-0.9779951100244498
-0.9876543209876543
1.5710723192019977
-0.5646943285047904
-0.9259259259259259
-2.803738317757009
-1.0256410256410255
1.0362694300518134
-4.756410256410259
4.993942657154398
-3.8589743589743617
0
0
0.3067075610081435
0.5051847912789091
0.02645502645503247
-0.7934408886537953
-8.824313516395634
9.459064327485386
-3.819954587952454
8.33217608665463
4.076400461479292
-3.9290553023771375
-6.397435897435895
3.766607314066566
5.464625131995773
-6.470588235294123
6.771042419376425
-4.762501566612357
-2.4740097381234314
0.7826204290918842
1.7539161869058808
-1.0000000000000029
4.186602870813397
-2.0793468554662526
1.8759770713913466
-4.002557544757027
0.30638071133608025
-2.098273572377152
-2.3060227889310903
2.7631213551791136
-2.7158492095662776
3.2083333333333366
0.1211142511102109
1.7204301075268755
6.236786469344615
-4.601990049751244
-2.2164276401564535
1.3333333333333333
0
1.7763157894736843
3.1157078215901777
-6.168505516549654
-1.122394441475144
0.1486486486486517
0.9310484415058665
3.9973262032085533
-1.8511376783648255
-0.03929273084478776
0
0.6027253668762983
0.15629070070331408
-2.1586475942782863
3.654970760233918
-1.8463905628926758
0.5878510777269759
-2.1688311688311748
-1.7522899243329262
0.6350493176597665
-4.296455424274973
-6.299102132435464
0.014972301242704407
0.6137724550898238
-6.859098348460053
1.709265175718857
0
2.5286634207632965
-0.12254901960783618
0.47546012269939
0.13738360555640014
0.5945121951219478
0.0151538111835161
-1.3030303030303065
0.644765121277256
-1.4338010982306248
2.120086660476622
-0.1818457342021415
-1.7610444815545805
1.236284963684129
-1.3891009006258621
0.17027863777090135
1.3290063359604423
-0.86929998474913
2.430769230769224
-1.7422649444277425
0
0.7642922653622745
-2.760922330097094
3.1201248049921997
1.3010590015128627
-0.537634408602154
0
-1.5465465465465398
0.6557877077931912
-0.9090909090909091
0
1.8195718654434216
0
-1.787055113380384
0
1.5137614678899047
0.8886880554300313
-1.1645267243953352
-2.416918429003021
1.3931888544891642
0
0.5343511450381679
1.6856492027334886
-1.3142174432497113
1.3922518159806365
0.5970149253731343
0.5786350148367919
-3.230564980085555
0.6097560975609756
-0.9090909090909091
0
0.5657492354740131
0.9578835335259167
-3.0120481927710845
9.006211180124224
-6.410256410256411
5.418569254185696
-2.411204158244303
1.6422547714158933
1.5574963609898174
3.1962161387415726
-8.055555555555555
2.719033232628399
3.235294117647059
5.398860398860395
-5.1763751858359175
-0.2280501710376315
2.8142857142857207
-2.4593580658607817
2.2792022792022792
-3.885793871866292
3.579191421533101
2.490207050923345
0
-4.449904449904452
-1.6000000000000065
4.224738675958192
-5.153921158935785
-0.13217799970626778
-1.0588235294117714
5.21700356718193
-3.1360361632998917
1.96879101647951
-3.847254004576672
1.9634091923248618
-6.331145149525891
2.787727768260392
-1.6212121212121282
1.6479285384260043
-4.030303030303034
2.6207767603410206
1.5384615384615385
0
2.7575757575757645
-4.983780595694495
7.650527622594673
-0.44687905434626246
-3.5766000579206554
-0.855984382039335
1.8479248712511256
-2.914931588340277
2.9871323529411766
1.1453220288561723
-5.882352941176471
2.03125
-2.95558958652373
5.949187312608479
-8.99612749478701
0.5728314238952537
4.768104149715208
0.3417210313762109
-1.5479876160990713
4.7012578616352165
2.0423487010061607
-4.194260485651214
-1.5668202764977028
2.9650436953807744
-3.7284025462261154
3.90428211586901
-0.6363636363636432
1.555352241537061
-3.8888888888888853
6.2334010310888885
7.397058823529405
-0.301246063261664
7.911001236093945
-3.2709685630647884
1.8026315789473744
-4.355693421222702
1.4864864864864864
2.503328894806918
-1.4679137438295602
4.152933421226104
-4.607594936708858
2.1762208067940523
-4.363636363636367
-1.9961977186311695
-0.24941111265069532
-2.1947492707320397
-0.5965061780997082
1.443063294756397
-5.309859154929584
-0.04462293618919449
0.6547619047619013
7.909520993494974
-9.275243183997798
4.500151011778912
0.6502890173410405
3.3596554199569244
-6.36199472148909
6.77940958314789
-5.779383161989429
0
2.6983190799174217
-0.07178750897343862
1.9396551724137931
1.3389711064129668
-1.2517385257301807
-5.619718309859151
5.640949112072818
-1.8929227291990363
1.5982721382289449
-1.0629251700680271
-2.7503223033949356
-2.504050670201797
1.2690738782293365
-4.356258391764872
0.43674933707689195
-0.12424289485944316
6.950707510496024
2.0063972084908506
-7.055302166476625
-0.30670142616163165
-0.07691124442393478
-0.8620689655172449
6.071428571428575
-0.45381349729176146
0
2.7941176470588234
-4.463519313304728
1.811919736448042
-3.382850419179291
-0.1522301720200944
-1.2044518981552033
0
-0.6790123456790088
5.32939714108141
-4.735211683139109
0.6503561474140672
2.876923076923084
0.04486316733960737
-0.14947683109118087
0.25449101796407864
0.014932059130940577
0.029859659599887352
3.8656716417910415
-2.5003592470182467
2.8445099484156158
-2.8374892519346453
2.6548672566371683
1.997126436781606
-1.3945626144527368
1.1285714285714252
-0.7063144511936714
0.4410300184948105
-0.8498583569405099
0
2.6857142857142793
-4.827490261547013
1.16941967548604
-0.5779511631267158
2.557767766313039
1.742950262151049
0.4178272980501393
0.4160887656033287
-3.314917127071823
5.699999999999997
-1.1217732125962907
-1.5582285401858909
-3.0685920577617356
5.643890560091674
-2.9966101694915284
-2.152641878669273
4.642857142857143
0.4778156996587031
-8.220108695652174
5.9807549962990345
-4.036876658751219
-0.13100436681222377
2.011368605159591
0.01428775539363091
-2.2285714285714318
3.740502630040915
0
-3.352112676056332
0.5537744097930566
0.3188405797101515
2.2103438312626342
0.5653710247349824
-2.037947997189037
6.140602582496407
-2.270884022708834
0.13831258644536654
0.19337016574585322
-3.5015164047422083
5.271428571428568
-0.6649477541050315
0.8879781420765027
0.2031144211238998
-0.8648648648648618
-1.990185387131955
-4.895688456189158
2.895583503948533
2.330869812393402
0
-2.2222222222222223
-0.42613636363636365
1.2838801711840229
-3.380281690140845
1.253644314868808
5.038871292830406
-2.686403508771933
0
-1.408450704225352
-0.5714285714285714
-1.7816091954022957
0.058513750731418554
6.520467836257312
-5.778204776283285
0.6991988346686022
