0.6214689265536691
-4.1549691184727715
-5.506736965436425
-3.285802851828897
8.269230769230772
-0.5328596802841952
-0.5357142857142891
0.059844404548171345
-1.7344497607655367
1.7650639074862915
1.5550239234449899
1.1778563015312131
-1.3387660069848726
-0.7669616519174108
5.291319857312726
-0.6211180124223571
2.1590909090909154
0.5561735261401557
-2.157079646017702
-0.4522328999434773
-0.5110732538330527
-0.7990867579908546
1.09321058688146
0
-1.3090495162208213
-0.6920415224913593
-1.1614401858304297
0.8813160987074031
0.17472335468841665
1.104651162790701
-0.05750431282345849
0.11507479861909586
0.5747126436781609
-0.17142857142857792
0.4579278763594799
-0.45584045584046234
-1.6027475672581473
1.221640488656192
-0.28735632183908044
1.498559077809795
-0.2839295854628052
0
1.9931662870159454
-0.3908431044109373
2.1860986547085233
1.865057597366965
-4.254173397953677
-1.2935883014623235
-0.2849002849002849
5.028571428571435
-1.2513601741022913
-0.6611570247933821
-0.49916805324459546
0.3344481605351139
-3.555555555555559
1.9585253456221232
-3.1073446327683616
0.8746355685131195
-0.4624277456647465
-1.1614401858304297
1.6451233842538258
-0.5780346820809249
3.720930232558143
-1.2892376681614413
3.63429869392391
1.8082191780821981
-3.821313240043069
1.2311135982092989
-1.4925373134328452
-1.6273849607182813
1.2549914432401532
-1.0704225352112708
-1.0250569476081908
1.0356731875719118
-11.389521640091116
0.06426735218508632
-3.725112395632616
-0.2668445630420318
1.6722408026755853
1.9736842105263157
-2.645161290322577
0.06626905235254758
-0.9933774834437086
0
1.6722408026755853
0
-0.723684210526312
0.5301524188203995
-3.4937376400790927
1.092896174863384
1.5540540540540617
0
1.2641383898868777
2.0367936925098706
-1.4810045074050298
1.3725490196078394
2.9013539651837523
-1.1278195488721698
0.19011406844105383
1.201771030993046
3.0625000000000036
-2.9714978775015193
0.4374999999999929
2.0535158680771697
-2.4390243902439024
1.1875000000000036
1.1117974058060425
-1.649358582773359
1.304347826086953
1.0423053341508381
-1.699029126213599
-1.172839506172843
8.307307932542168
0.17301038062282753
-2.7633851468048265
1.1841326228537596
-2.9842012873025126
1.8697225572979457
0.11841326228536923
-0.5913660555884093
0.832837596668653
-2.2418879056047265
1.0259505129752668
-1.2544802867383478
-3.024803387779794
1.185277604491564
-0.5548705302096038
2.2318660880347143
-1.4554275318374807
-0.36923076923076575
-1.2353304508956144
-1.0006253908692897
0.4421983575489505
1.7610062893081833
-2.2249690976514356
-3.792667509481669
-2.5624178712220615
-2.6972353337828725
1.0395010395010393
1.371742112482853
-0.20297699594046775
2.1016949152542335
-2.4568393094289434
0.06807351940094916
-0.5442176870748376
1.5731874145006919
-2.8282828282828207
0.9702009702009544
0.27453671928620843
1.4373716632443494
2.7665317139001506
0.984898227183191
-3.1209362808842727
-0.40268456375838546
-2.1563342318059413
1.2396694214876112
-1.3605442176870748
0.1379310344827508
-0.9641873278236759
0
-0.48678720445063767
-0.06988120195666969
10.000000000000007
-0.8264462809917427
-2.948717948717945
-0.26420079260238155
-0.46357615894038984
-0.2661343978709286
-1.33422281521014
-1.0141987829614605
0.8196721311475332
-0.40650406504064657
-2.0408163265306123
3.4027777777777817
-0.5372733378106188
-0.675219446320054
-1.0876954452753191
2.3367697594501755
-2.0147750167897915
0.9595613433858846
-1.5614392396469865
-1.0344827586206897
1.8118466898954664
0
0
0.8213552361396421
2.9871011541072483
-0.06591957811469633
-0.5936675461741463
-2.123424021234233
2.5762711864406858
0.33046926635822865
1.185770750988131
-3.90625
-1.4227642276422727
-0.27491408934708295
-0.34458993797381116
1.1065006915629283
-1.6415868673050462
0.20862308762168494
-0.4163775156141529
-1.602787456446001
1.0623229461756374
-0.42046250875963165
-0.2814919071076747
0.9174311926605585
-1.4685314685314645
1.2775017743080077
-1.1913104414856264
-0.7092198581560284
-0.2142857142857224
0.35790980672870437
-3.138373751783151
0.8836524300441742
-0.21897810218978933
-0.43891733723481663
-2.49816311535636
0.9796533534287953
7.611940298507454
0.970873786407771
-0.06868131868131477
-0.2061855670103171
0.6887052341597797
0.2051983584131405
1.4334470989761052
0.8748317631224841
-0.1334222815210254
0.9352037408149672
-0.9927200529450695
0.6684491978609626
7.10491367861887
0
-0.7439553626782498
0.062460961898809696
0.9363295880149813
3.772418058132358
-6.734207389749709
0.06389776357827112
-1.1494252873563109
-5.620155038759701
3.4907597535934256
8.465608465608474
-6.890243902439031
-0.45841519318925256
1.71052631578947
0.8408796895213528
0.19243104554200316
2.1766965428937297
-5.827067669172922
-1.3972055888223702
2.4291497975708656
1.9104084321475474
-1.9392372333548806
0.06591957811471506
-3.2279314888010577
2.11027910142954
-5.066666666666663
0.42134831460673755
-4.895104895104895
-1.397058823529416
3.2811334824757687
-0.4332129963898876
2.5380710659898478
-0.0707213578500667
0.9200283085633283
0.3506311360448808
0.06988120195666969
0.13966480446928567
1.6039051603905041
0.4804392587508697
0
0.5464480874316823
-1.358695652173913
0
-0.2754820936638962
0.20718232044197715
-0.20675396278427496
-0.41436464088399355
-1.7337031900138697
1.340860973888501
-1.392757660167131
-1.1299435028248548
1.000000000000004
0.1414427157001334
0.2824858757062187
1.1971830985915413
-1.9485038274182207
0.7806955287437859
0.352112676056338
0.21052631578948167
0.14005602240895562
0.4195804195804156
-1.8105849582172664
-0.425531914893613
-0.6410256410256451
0.8602150537634327
-1.492537313432832
0.7936507936507896
-0.501073729420178
0.07194244604316138
1.006470165348674
3.7722419928825706
-2.6748971193415674
0.6342494714587777
-2.7310924369747935
-4.9676025917926605
2.727272727272723
0.14749262536874413
-0.441826215022108
-0.8875739644970331
4.40298507462687
1.5010721944245848
-2.9577464788732315
-1.2336719883889817
2.351212343864818
-0.430725053840648
-0.4325883201153528
-0.21723388848659156
2.0319303338171135
0.21337126600285305
1.348474095102914
-1.4705882352941335
4.264392324093817
-4.021813224267197
-0.7102272727272727
0.14306151645206625
-2.571428571428567
0.8064516129032216
-2.4000000000000083
-0.5216095380029722
-1.273408239700366
0
-1.820940819423373
-0.3863987635239567
1.0085337470907547
-0.7680491551459294
1.0061919504644052
0.4597701149425244
-6.178489702517158
0.7317073170731754
0
-0.7263922518159852
-0.48780487804877587
1.2254901960784312
-2.0177562550443904
0.41186161449752884
-4.1017227235438884
-0.5132591958939337
-3.7833190025795282
0.8042895442359173
-2.393617021276598
1.3623978201634879
0.37634408602150693
-0.017853954650951635
-2.214285714285718
0.4382761139517933
19.472727272727262
6.2243189773246135
12.86532951289399
1.5486164001015472
0.42500000000000426
-0.6721433905900003
0.902255639097743
-2.1361152508693477
6.434010152284274
1.3473232383450524
-0.7176470588235287
-1.6471145870363795
-0.3253012048192723
-4.448205004230638
4.010120177103102
-2.0919484310386753
-0.5465838509316742
3.6597551836122815
-1.4339076997228555
-0.36674816625916523
10.404907975460128
4.412091575905755
5.343267695582752
5.233909265433977
1.565050408065286
-4.896955946303655
4.592445328031814
0.5512260026610895
-4.395085066162563
0
-4.953040039545234
-0.8841273143332581
5.729877216916773
2.2332506203473947
1.5631067961165044
0
4.999522034222354
0.1456664238892904
-3.1818181818181817
-1.408450704225352
-0.9999999999999973
-1.924001924001924
0.9318293281020136
0
-2.2351797862002054
-3.578528827037768
-1.0309278350515463
1.9791666666666725
0.5617977528089858
0.558659217877092
-1.9191919191919249
-3.8105046343975166
1.7130620985010645
2.6315789473684212
-5.179487179487176
0.8112493239588967
-1.2875536480686725
-1.5760869565217421
5.356156819436785
-2.5157232704402572
4.139784946236553
-1.9101703665461998
2.842105263157898
0.8188331627430881
-0.8121827411167484
0
-0.9211873080859833
0.10330578512397576
1.2899896800825592
-1.171676006113098
0.8762886597938085
-3.8834951456310653
2.179691653375861
-2.1852237252861544
3.4574468085106385
-1.9023136246786574
4.821802935010476
0
-0.030000000000001137
0.7802340702210675
-0.7642679900744377
-0.08001600320063842
-0.6606606606606714
-0.24183796856105894
3.656565656565661
-0.12668095887742123
-0.29271148404722136
1.086211958117232
1.6456921587608935
0
-1.1714285714285753
-2.5151777970511704
0.42506919731119697
-2.1065065459198746
1.5686274509803944
1.7721017721017642
-1.7509727626459117
0
1.1089108910891134
-1.243634939287123
-1.5865146256817
-2.0151133501259446
3.7120822622107963
-0.7039460638508762
0.9685471792311521
-1.107594936708865
-2.2900000000000063
-3.9504656636987
0.6606286627597279
0.031756113051763665
2.8359788359788434
0.5865404404198324
1.7186700767263496
-0.452579704314596
3.65730450596079
0.09746588693957947
1.9474196689386563
0.9551098376313276
0.8514664143803136
