-3.238095238095237
0.1968503937007832
-6.679764243614929
-1.8947368421052602
4.291845493562236
2.469135802469138
-1.4056224899598448
4.8879837067209815
-6.796116504854379
1.041666666666663
-1.8556701030927807
-1.0504201680672232
2.760084925690019
-0.8264462809917363
10.624999999999996
-1.1299435028248515
-2.6666666666666607
-0.19569471624267465
0.588235294117652
-0.7797270955165699
10.805500982318268
1.0638297872340514
0.8771929824561372
0
-5.39130434782608
3.860294117647058
5.840707964601771
2.8428093645484935
-5.691056910569115
0.1724137931034446
1.376936316695354
3.3955857385399013
-2.9556650246305374
-2.7072758037225064
1.9130434782608752
0.8532423208191096
0
0.6768189509306266
-3.865546218487402
4.020979020979029
-5.546218487394959
3.202846975088963
-3.448275862068969
3.5714285714285747
-3.275862068965509
2.4955436720142545
1.217391304347831
1.3745704467353963
-1.3559322033898316
1.2027491408934603
-1.697792869269943
3.1088082901554355
-4.1876046901172534
0.6993006993006999
-2.43055555555555
0.533807829181499
-2.1238938053097365
6.329113924050626
-4.42176870748299
3.0249110320284682
-2.5906735751295398
-3.1914893617021227
3.1135531135531123
-0.7104795737122565
1.07334525939178
1.5929203539822983
-2.7874564459930338
1.4336917562724028
1.5901060070671353
0.8695652173913012
1.3793103448275874
3.40136054421769
-2.960526315789469
-1.0169491525423813
0.34246575342466545
-5.972696245733798
5.081669691470059
5.1813471502590644
-4.105090311986864
0.8561643835616408
-1.0186757215619628
-1.3722126929674112
1.0434782608695585
-1.2048192771084234
0.3484320557491215
3.1250000000000107
-5.387205387205392
2.313167259786475
-2.6086956521739193
-0.8928571428571398
-0.540540540540545
-0.9057971014492722
2.5594149908592425
0.7130124777183606
11.327433628318579
0.7949125596184391
3.3123028391167186
2.290076335877868
-5.820895522388068
-3.1695721077654406
0.8183306055646452
-1.785714285714291
13.223140495867767
2.1897810218978155
-3.1428571428571392
6.194690265486725
-4.583333333333334
1.8922852983988339
-3.285714285714292
-1.7725258493352913
1.2030075187969935
0
-2.97176820208024
-0.45941807044410793
3.6923076923076956
10.534124629080118
8.456375838926173
0.8663366336633699
0.24539877300612972
-5.7527539779681724
4.935064935064933
-0.990099009900991
2.124999999999999
-0.12239902080783092
-3.4313725490196108
2.7918781725888295
-8.765432098765432
4.059539918809212
-2.470741222366715
-1.7333333333333318
-0.5427408412483045
-2.0463847203274264
-0.27855153203342026
0
-2.5139664804469235
-1.1461318051575942
-3.1884057971014585
-1.0479041916167575
4.689863842662626
-0.2890173410404563
-2.318840579710147
-0.8902077151335385
-0.7485029940119734
-0.904977375565605
0
-1.0654490106544945
-3.8461538461538463
1.5999999999999943
2.9921259842519747
0.9174311926605445
-2.727272727272723
-1.7133956386292886
6.814580031695731
6.0830860534124644
-8.111888111888112
4.109589041095884
-5.994152046783628
-2.0217729393468105
-1.269841269841271
3.536977491961425
-1.397515527950322
0
0.4724409448818937
-1.0971786833855843
-0.15847860538826922
0.6349206349206356
-0.473186119873821
-0.15847860538826922
-0.7936507936507908
-0.7999999999999972
1.451612903225804
-2.0667726550079473
3.8961038961038996
0.7812499999999972
0.15503875968991918
2.012383900928791
-4.400606980273142
-0.6349206349206356
0.6389776357827482
0
-1.269841269841271
0.48231511254019693
0
1.7600000000000051
13.050314465408805
0
-2.50347705146037
-1.5691868758915755
2.6086956521739086
-1.836158192090394
1.0071942446043078
-1.7094017094016984
0.5797101449275367
3.0259365994236305
-2.7972027972027997
1.0071942446043078
-2.991452991452991
0
-0.44052863436122414
-0.7374631268436551
0
-1.931649331352166
9.848484848484853
1.2413793103448256
-3.814713896457769
-1.5580736543909268
0.4316546762589964
0
-0.1432664756447088
-0.7173601147776159
-1.589595375722548
-0.44052863436122414
-0.14749262536874153
-2.363367799113726
0.4538577912254063
3.91566265060242
-5.797101449275367
0.15384615384615058
4.3010752688172085
-0.14727540500736064
3.8348082595870174
0.1420454545454515
15.319148936170228
0.8610086100860824
1.951219512195124
-0.11961722488038024
-3.9520958083832345
-1.246882793017452
1.5151515151515054
0.12437810945275578
-1.1180124223602577
-0.1256281407035149
0.1257861635220099
0.5025125628140708
-2.2499999999999964
-1.5345268542199502
-0.7792207792207857
-1.5706806282722527
1.8617021276595822
1.827676240208873
-3.7179487179487185
4.260985352862853
-4.980842911877391
0.26881720430106953
-5.227882037533508
1.1315417256011324
-1.818181818181829
2.5641025641025728
-3.611111111111108
0.14409221902016983
-0.14388489208632788
2.161383285302586
-0.14104372355429884
0
-2.683615819209045
-1.3062409288824364
-3.6764705882352944
-3.3587786259541947
0
-2.5276461295418664
9.238249594813619
1.1869436201780426
-1.026392961876837
-1.4814814814814763
0.45112781954886255
-1.197604790419163
1.81818181818182
1.934523809523808
0.14598540145986388
2.0408163265306074
-2.4285714285714275
4.685212298682288
-4.055944055944056
1.3119533527696772
-0.7194244604316521
1.3043478260869543
-2.0028612303290494
1.0218978102189824
-2.890173410404627
-1.0416666666666576
0.7518796992481176
1.044776119402976
-5.169867060561295
1.5576323987538885
-0.6134969325153243
3.8580246913580245
5.943536404160467
0.8415147265077209
0.8344923504867817
1.3793103448275814
-4.489795918367348
0.7122507122507225
-1.8387553041018372
-0.14409221902018263
-1.2987012987012967
1.6081871345029286
-2.1582733812949693
-1.0294117647058736
-1.783060921248144
1.059001512859295
0.8982035928143788
-1.928783382789316
0.4538577912254063
0.7530120481927818
-2.8400597907324423
-1.230769230769232
-1.0903426791277302
-0.7874015748031469
1.7460317460317512
0.9360374414976538
1.2364760432766626
0
-1.6793893129770907
2.018633540372669
-4.261796042617964
2.8616852146263865
-6.955177743431223
-1.9933554817275618
4.23728813559322
2.4390243902438935
-3.0158730158730083
-0.9819967266775859
0
0.8264462809917327
1.639344262295091
0
-1.1290322580645207
-0.16313213703099164
1.1437908496732072
-10.823909531502437
7.971014492753632
2.0134228187919483
0.49342105263158303
0
0.3273322422258523
-0.48939641109298937
-0.8196721311475381
0.49586776859504544
-0.49342105263158303
-0.661157024793389
-0.831946755407651
-1.845637583892623
0.5128205128205171
-2.210884353741495
0.34782608695651435
4.852686308492205
-12.727272727272721
0
-2.651515151515162
4.863813229571985
-7.050092764378476
4.790419161676652
0.1904761904761864
-4.752851711026616
4.990019960079841
2.4714828897338386
0.5565862708719898
-1.2915129151291564
1.8691588785046829
-1.8348623853211106
1.6822429906542196
0.7352941176470594
0.7299270072992544
-5.43478260869565
3.8314176245210763
-1.2915129151291564
-3.177570093457943
-1.9305019305019238
0.9842519685039335
4.8732943469785575
-4.832713754646837
-2.343750000000002
1.6000000000000014
5.905511811023619
-4.832713754646837
-2.148437500000006
-2.9940119760478936
0.8230452674897126
3.265306122448964
2.1739130434782674
0
4.448742746615095
-6.666666666666671
1.5873015873015888
-4.8828125
-2.4640657084188935
1.684210526315791
-0.6211180124223654
0
-11.87499999999999
8.274231678486988
5.240174672489087
-2.4896265560165998
1.0638297872340388
6.315789473684207
0.9900990099009866
2.1568627450980458
0.7677543186180429
-1.3333333333333388
0.965250965250979
-0.3824091778202765
-0.9596928982725493
0.38759689922479795
-1.1583011583011509
-0.390625000000009
1.176470588235304
-2.13178294573644
0
0
0.3960396039604052
0.1972386587771161
2.7559055118110174
-1.5325670498084305
-2.723735408560305
2.2000000000000064
0.9784735812133037
2.325581395348839
0
-1.1363636363636458
0.3831417624521161
-1.7175572519083941
0.7766990291262142
-1.5414258188824674
0.39138943248531455
0.7797270955165699
-1.9342359767891615
-0.19723865877713362
2.371541501976287
1.158301158301168
-2.6717557251908506
2.3529411764705905
-1.9157088122605297
1.7578124999999971
-0.19193857965450647
-0.5769230769230816
-0.3868471953578254
0.9708737864077635
2.692307692307686
-4.1198501872659135
2.539062499999998
-1.1428571428571355
3.082851637764918
-3.3644859813084063
0.9671179883945807
-0.9578544061302648
-0.773694390715668
-0.19493177387913815
0
-0.5859375000000049
0
-1.3752455795677856
9.362549800796826
-8.743169398907112
-1.197604790419154
0.6060606060606111
2.4096385542168517
-1.9607843137254835
0.3999999999999915
-1.7928286852589614
1.4198782961460505
6.400000000000006
-2.2556390977443628
1.5384615384615399
-0.3787878787878875
-3.041825095057037
-1.7647058823529385
1.7964071856287398
3.9215686274509842
-1.886792452830182
1.730769230769228
-3.5916824196597426
0
0
3.7254901960784395
-2.646502835538746
