-2.035623409669211
-6.441558441558444
3.275957801221547
0
-1.6666666666666636
0.8747949699289198
6.34146341463414
1.9367991845056125
-1.25
0.25316455696202533
3.9898989898989927
1.9912578921806674
2.761904761904767
-1.297497683039857
2.441314553990605
0.7791017415215478
-3.0013642564802154
2.156586966713546
-1.1014226709499797
1.6241299303944317
-0.7762557077625519
-0.782328578002769
0.09276437847867211
0
0.0926784059314127
0.9259259259259259
-0.8715596330275256
2.1286441462285954
-2.2655188038060716
1.9471488178025116
-2.410186448385635
0.6523765144454826
19.212962962962962
0.970873786407767
-4.115384615384611
2.6073004412354592
0.31274433150899583
0
-3.9360872954014114
0
0.3651115618661281
2.021018593371059
-1.9017432646592756
0
1.2116316639741518
0.31923383878691597
-1.869530628480516
0
-1.6619375760032407
1.5251442704039642
-1.7052375152253418
2.0239570425444056
-2.7125506072874446
2.0391177694548386
-2.3654159869494222
-3.174603174603172
3.537532355478856
0.0416666666666643
-0.2498958767180318
1.8789144050104385
-1.8442622950819672
2.7139874739039667
2.073170731707315
0
-0.039824771007564444
2.151394422310748
-2.496099843993751
-1.3200000000000045
1.9456830158086793
3.0218687872763508
-3.3191817830953383
-0.1996007984031936
-3.0799999999999956
3.5905901774659466
-1.27490039840637
-3.95480225988701
4.201680672268908
3.024193548387097
-4.422700587084154
0.7371007371007418
-0.6504065040650383
2.12765957446808
-3.4855769230769185
1.2868410128684078
-1.8032786885245924
1.7946577629382352
-1.8860188601885994
0.29251984956121546
-1.9166666666666643
2.4638912489379705
-2.1558872305140917
4.533898305084741
-5.310093230644506
2.0119863013698702
-2.6437263953000465
2.586206896551724
-2.100840336134454
-0.4291845493562232
0.21551724137931033
1.4193548387096824
0.46649703138252513
-0.3799071338117373
0.042372881355929794
1.9483269800931784
1.9526381387619516
0.24449877750611015
-2.520325203252028
2.4186822351959893
-4.112377850162864
-3.142250530785565
0
0.8329679964927689
-0.7826086956521788
0.7887817703768675
-1.695652173913046
-0.8845643520566121
1.3386880856760375
-0.39630118890356925
-0.17683465959327024
0.7085916740478274
-1.6710642040457393
0.17889087656529773
-0.9374999999999974
0.9463722397476315
-2.053571428571426
2.142206016408381
9.326193663543064
0.40816326530612246
5.894308943089431
2.0345489443378164
-0.7148231753198021
0
-2.1220159151193507
0.6581494386372391
-1.8461538461538505
1.880877742946713
-7.653846153846156
4.956268221574346
5.793650793650802
0
-2.400600150037522
0.1537279016141561
-1.3814274750575681
-1.1673151750972763
7.204724409448823
0.2570694087403557
-1.7582417582417624
-1.5659955257270652
-14.280303030303028
-0.1325673884224531
7.831858407079641
-1.5182601559294169
3.5416666666666665
-2.6156941649899395
5.1652892561983474
-3.3398821218074657
4.634146341463405
0.23310023310024194
3.8372093023255727
1.5304217991788067
3.3823529411764666
4.907539118065438
0.06779661016948767
4.607046070460712
0.3562176165802998
4.549854791868352
0.40123456790123807
4.518905625576387
0.4411764705882353
4.831625183016105
0.13966480446927373
4.741980474198048
0.23968042609852924
0.42507970244421434
-2.0634920634920664
-4.997298757428418
0
-4.975831674722775
0
-4.997007779772588
0
-4.976377952755909
0
-4.971826317533974
0
-4.987792117195679
0
-4.992657856093968
0
-4.984544049459044
0
-4.961366409109401
0
-4.9636285836542555
0
-4.997748761818999
0
-4.976303317535545
0
-4.987531172069826
10.183727034120738
-0.9051929490233471
4.8076923076923075
0.9174311926605505
-2.6363636363636416
0.7936507936508016
-1.5284854099120015
4.985888993414862
-4.390681003584222
0
-0.5154639175257705
0.8007536504945777
-1.1214953271028063
1.6068052930056738
-2.0465116279069795
1.899335232668566
-1.7707362534948663
-1.328273244781789
6.3942307692307745
4.970628106642566
0
4.778303917348254
0.20542317173377156
4.7560475604756025
0.19569471624266144
3.90625
1.0526315789473728
4.910714285714281
0.0709219858155988
4.92558469170802
0
-4.998311381290108
0
-4.976892996800569
0
-4.975682753460536
0
-4.999999999999996
0
-4.973062577704103
0
-4.971652856519845
0
-4.956402019274901
0
-1.9797199420569747
4.0394088669950685
-1.704545454545452
2.6011560693641647
-1.408450704225352
-0.5714285714285661
-1.9636015325670606
0
-1.9540791402051785
0
-1.9930244145490783
0
-1.982714794102683
0
-1.970954356846479
0
-1.9576719576719517
1.8348623853210886
-1.9607843137254843
0
-1.9999999999999938
0
-1.985659128516284
0
-1.9696117051209905
0
-1.9517795637198494
2.1077283372365305
-0.22935779816514087
-1.7241379310344827
-1.9883040935672547
3.9379474940334096
0
1.9517795637198656
1.1261261261261262
0.8351893095768375
-1.7117614577581415
-0.2808988764044944
-1.971830985915493
0.9195402298850542
-1.9931662870159454
0
-1.9755955839628156
0
-1.956135151155888
0
-1.9951632406287856
0
-1.9740900678593392
0
-1.9509125235997447
0
-1.9897304236200402
0
-1.9646365422396859
0
-1.9372077488309802
0
-1.975476839237061
0
-1.9457956914524053
0
-1.9844082211197611
0
-1.9522776572668235
0
1.9911504424778887
-0.8676789587852617
-0.07293946024799002
-1.897810218978098
-1.9345238095238053
0
1.972685887708645
0
-0.07440476190475767
0.8935219657483161
-1.9926199261992537
4.066265060240946
-0.8683068017366055
2.8467153284671576
1.9872249822569077
0
1.9485038274182405
0
-4.436860068259386
6.142857142857139
-3.0955585464333746
3.888888888888885
-1.737967914438499
-2.7891156462584994
-4.828551434569633
0
-2.6470588235294077
-2.416918429003034
-2.4767801857585052
-2.5396825396825418
1.9543973941368125
-4.233226837060701
-3.2527105921601382
-1.7241379310344827
0
5.000000000000002
0
-2.255639097744363
0
-4.957264957264956
4.316546762589925
-6.655172413793102
-0.2585888437384569
-3.4629629629629584
1.5729906004220224
-1.7563739376770533
-1.960784313725496
1.9803921568627412
-1.9419342434147242
-1.2745098039215659
-0.6951340615690197
-4
2.0833333333333335
-6.775510204081633
2.889667250437829
-7.659574468085109
1.8433179723502402
-6.719457013574673
-4.996361872422981
9.318355884605563
-1.9149929939280717
4.095238095238092
2.9277218664226927
1.999999999999997
4.989106753812634
0
4.980286366466084
0
4.981221585293528
0
4.989644134814534
0
4.98565279770445
0
3.26272634096345
-7.990074441687354
-4.998202085580717
0
-4.996214988644967
0
-5.00000000000001
10.526315789473692
4.932650350977046
-4.755017175917559
-1.2908124525436593
1.7884615384615379
2.4938598148498023
-4.958525345622116
0.0775795190069805
-4.631782945736435
0.08128429181060587
-3.7766497461928923
4.874446085672087
-3.5010060362173077
3.7322768974145104
-0.6030150753768787
-2.932254802831148
-0.916666666666662
4.920100925147175
-6.3727454909819645
-2.1404109589041096
-0.6342957130358686
3.345806735637251
-2.5559105431309965
-1.639344262295082
6.733333333333336
4.996876951905056
0
4.997025580011904
0
3.85269121813031
1.0911074740862001
4.982910595430825
0
4.934886908841676
0
-3.2495101241018975
8.47257383966244
1.135833203672015
3.784615384615375
4.506374147643057
0.19858156028368876
-4.940543601358996
-0.05956813104989762
-4.991804500074506
3.8111668757841906
1.223749811149724
-1.8805970149253808
1.4298752662002008
3.509298140371909
1.3474355259345216
-6.261615439599727
-4.987036754613385
0
2.728731942215093
-3.718750000000004
-3.7650113599480695
7.942664418212493
-3.140134354007194
4.112903225806447
0.07745933384972449
-5.0464396284829585
-3.814802738832741
-1.1864406779661065
0
-1.4408233276157743
-1.4270797076226944
1.3064971751412464
-0.6622516556291435
-0.3684210526315804
-2.4652227504842377
2.148402238671236
-2.4390243902438944
-0.09057971014493525
1.994560290117863
-1.3155555555555591
3.3867771572689653
-5.558459661962011
2.6752767527675196
-6.325247079964054
1.9950124688279285
-1.5986458529245842
-2.0068807339449486
0.60464209089135
