1.6897081413210495
-1.8126888217522674
-4.923076923076928
-1.294498381877024
2.1311475409836196
-0.4815409309791372
-1.451612903225804
2.2913256955810093
-2.5600000000000023
2.6272577996715953
-2.4000000000000057
-0.49180327868851414
7.907742998352546
-3.0534351145038197
6.614173228346456
0
-2.215657311669121
5.740181268882173
-7.142857142857143
-3.8461538461538463
3.680000000000007
-3.549382716049389
2.8799999999999955
-2.6438569206842915
1.757188498402561
-0.31397174254317833
1.2598425196850405
0.3110419906687475
-2.480620155038762
0
-3.1796502384737706
1.6420361247947544
-9.531502423263339
4.82142857142858
-2.555366269165253
0.8741258741258711
0.8665511265164768
3.092783505154634
-2.1666666666666647
2.044293015332199
-2.67111853088481
1.886792452830194
-2.356902356902366
2.2413793103448256
-2.5295109612141564
2.595155709342551
-2.023608768971334
1.8932874354561158
-3.040540540540536
2.9616724738675946
-1.522842639593906
2.2336769759450155
-3.3613445378151288
2.9565217391304337
-3.7162162162162122
0.8771929824561372
-0.8695652173913012
-1.75438596491229
1.7857142857142954
-1.57894736842105
-1.4260249554367213
-0.5424954792043445
0.54545454545455
3.978300180831822
-3.4782608695652204
-0.9009009009008977
1.454545454545456
2.1505376344086042
-3.859649122807013
3.2846715328467098
-2.650176678445236
-1.088929219600719
0.3669724770642124
1.6453382084095038
0.35971223021583565
0
-5.197132616487456
4.347826086956513
-3.804347826086956
2.6365348399246815
0
3.669724770642205
8.318584070796454
-1.960784313725492
4.3333333333333295
2.2364217252396257
0.7812499999999972
-4.186046511627914
-4.692556634304208
1.5280135823429668
-0.33444816053512477
-0.1677852348993253
0.1680672268907527
3.5234899328859055
-3.7277147487844333
-1.5151515151515276
1.0256410256410342
-2.7072758037225064
0.5217391304347869
2.9411764705882337
-0.5042016806722731
1.013513513513522
-2.006688963210704
2.2184300341296908
-3.3388981636060127
0
0.17271157167529858
2.0689655172413812
-2.3648648648648596
1.211072664359851
-2.3931623931623878
3.6777583187390537
-1.3513513513513526
1.3698630136986314
-0.8445945945945916
1.87393526405452
-3.3444816053511732
-1.3840830449827002
1.4035087719298258
2.07612456747405
-1.525423728813572
-0.17211703958691546
-0.6896551724137937
2.4305555555555656
-2.372881355932213
-1.0416666666666599
-0.5263157894736885
-1.234567901234573
1.42857142857143
0
-2.2887323943661952
-1.621621621621619
2.930402930402933
-1.7793594306049916
-0.36231884057970243
2.0000000000000058
-0.7130124777183606
-0.35906642728905674
0
0
-0.7207207207207214
-1.8148820326678703
1.6635859519408476
-1.6363636363636338
-0.18484288354897943
-0.925925925925939
2.8037383177570163
0
-2.7272727272727337
2.9906542056074796
-4.537205081669692
-1.1406844106463805
1.1538461538461462
2.4714828897338386
-0.9276437847866387
-2.6217228464419415
-1.5384615384615399
-2.343750000000002
-3.000000000000007
14.020618556701043
-5.96745027124774
5.5769230769230775
-7.1038251366120315
0
-1.9607843137254835
0.19999999999999574
-9.580838323353285
0.22075055187637496
1.3215859030836918
-9.78260869565216
8.192771084337345
15.812917594654788
-16.15384615384615
17.88990825688072
0
-2.9182879377431803
3.2064128256513054
0
-1.1650485436893299
0
-5.500982318271125
0
-8.316008316008304
17.46031746031745
-1.7374517374517349
-11.394891944990178
10.421286031042143
0
0
0
-0.6024096385542218
1.0101010101010064
-5.800000000000001
19.957537154989392
0
6.017699115044245
-2.67111853088481
-12.521440823327623
3.1372549019607874
-0.9505703422053199
7.293666026871398
7.334525939177104
-0.1666666666666631
-4.0066777963272155
-0.8695652173913012
-8.596491228070178
8.445297504798473
0
0.3539823008849482
-3.880070546737209
3.669724770642205
0
-4.070796460176998
-6.82656826568266
5.148514851485144
0
1.6949152542373023
-7.407407407407414
11.999999999999993
0.714285714285715
-2.4822695035460938
-5.4545454545454515
5.961538461538454
0
4.355716878402908
-5.217391304347823
1.1009174311926533
0.1814882032667838
8.33333333333335
-0.5016722408026797
-2.0168067226890773
4.631217838765001
2.459016393442629
0
0
-3.8400000000000034
-8.319467554076539
2.3593466424682377
-2.1276595744680873
0
1.8115942028985605
-10.142348754448403
9.306930693069301
1.449275362318842
-3.3928571428571344
0.9242144177449135
-0.18315018315017925
0
7.706422018348622
-0.6814310051107332
-3.0874785591766676
-5.840707964601771
3.383458646616536
0.9090909090909058
-5.405405405405403
-0.1904761904761864
-8.206106870229018
4.365904365904366
6.573705179282871
-8.411214953271015
13.673469387755102
-6.463195691202877
5.3742802303263
-0.18214936247722743
-5.1094890510948945
0
-1.9230769230769333
8.82352941176471
-7.2072072072071975
1.941747572815527
0
-4.190476190476185
2.385685884691851
0.19417475728154923
3.2945736434108515
0
-3.5647279549718647
-2.723735408560305
0.9999999999999964
0.9900990099009866
-1.9607843137254835
0.9999999999999964
0
-1.1881188118811805
0.20040080160320214
7.599999999999997
-7.063197026022302
-15.600000000000005
18.72037914691943
-2.1956087824351185
2.2448979591836618
-2.1956087824351185
0
2.2448979591836618
0
-0.19960079840318937
-1.999999999999993
-7.551020408163268
6.401766004415012
2.4896265560165998
-1.0121457489878685
-7.566462167689165
9.070796460176995
-7.707910750507097
5.27472527472528
-6.05427974947808
1.999999999999997
8.061002178649241
-7.258064516129038
-0.21739130434782147
0.8714596949891076
0
7.343412526997837
-9.45674044265593
7.333333333333335
-7.8674948240165605
8.314606741573037
9.54356846473029
-21.969696969696972
17.718446601941736
-1.8556701030927807
11.974789915966394
-10.881801125703566
0
-5.2631578947368425
2.2222222222222143
-1.956521739130432
9.312638580931262
-7.505070993914811
-0.8771929824561412
-4.203539823008839
0
0.23094688221708515
0.2304147465437739
0
-1.1494252873563178
0
-2.325581395348829
1.9047619047619064
0.46728971962615823
-2.09302325581395
0.4750593824228138
0.23640661938533772
10.849056603773585
-4.04255319148937
8.203991130820402
-3.073770491803268
-0.4228329809725256
0.849256900212315
-7.999999999999997
0
-0.9153318077803212
10.161662817551951
-8.176100628930813
11.643835616438352
-10.838445807770949
3.211009174311919
-3.333333333333341
-2.0689655172413763
-2.582159624413132
8.433734939759027
-6.222222222222228
1.8957345971564
-4.1860465116279
5.582524271844649
12.413793103448278
-11.042944785276074
-10.114942528735622
7.161125319693101
0
0
0
5.0119331742243425
-4.318181818181826
4.513064133016637
0
5.454545454545439
-6.250000000000001
1.8390804597701167
-4.063205417607217
-0.2352941176470538
-1.8867924528301903
6.490384615384605
-4.063205417607217
0
1.17647058823529
-4.651162790697679
0
-2.439024390243894
-4.749999999999998
8.136482939632547
1.9417475728155356
-4.2857142857143
0.7462686567164242
1.2345679012345636
13.658536585365868
-6.65236051502147
0
-4.597701149425271
-7.228915662650609
19.220779220779214
4.139433551198266
-10.041841004184109
0.23255813953487878
-5.80046403712297
9.35960591133007
-5.180180180180189
0
0.23752969121139636
12.322274881516599
-13.08016877637131
0.7281553398058312
1.9277108433734955
6.3829787234042445
-11.11111111111111
0.24999999999999467
2.244389027431418
-2.195121951219509
3.491271820448892
4.578313253012036
-1.15207373271889
-6.526806526806532
1.4962593516209601
0
-4.176904176904185
2.5641025641025665
0
-2.500000000000002
-2.0512820512820533
0
-1.5706806282722527
-1.5957446808510536
2.702702702702693
14.473684210526313
-7.586206896551726
-2.4875621890547177
2.040816326530614
0.24999999999999467
-0.24937655860348598
0
0.24999999999999467
-4.9875311720698186
2.624671916010501
-6.39386189258312
1.6393442622950833
-1.612903225806453
-0.8196721311475478
-3.3057851239669453
6.5527065527065655
-1.069518716577541
-1.3513513513513584
0.5479452054794526
-1.0899182561307912
-3.581267217630851
3.4285714285714315
10.220994475138125
-2.756892230576449
-8.247422680412368
7.022471910112359
0.26246719160104426
0.7853403141361321
-0.5194805194805199
12.793733681462147
-0.4629629629629736
-6.976744186046508
-3.0000000000000027
-3.350515463917523
1.6000000000000014
4.986876640419945
