12.248062015503885
-1.9337016574585713
-5.3521126760563345
-1.9345238095238053
3.0349013657056143
4.565537555228268
-2.816901408450704
2.4637681159420333
-1.5558698727015678
2.873563218390805
-3.491620111731844
4.196816208393641
-0.41666666666666274
5.857740585774062
-4.479578392621878
2.0689655172413794
-5.810810810810807
10.473457675753224
-3.896103896103896
2.7027027027027026
-7.894736842105263
16.857142857142854
-12.713936430317839
0.8403361344537735
3.888888888888885
-0.13368983957218492
-6.559571619812591
5.730659025787966
-6.097560975609756
6.060606060606065
0.13605442176869975
3.532608695652186
-2.887139107611552
2.567567567567575
-3.8208168642951326
3.1506849315068455
-1.7264276228419617
1.3513513513513513
-0.26666666666667044
-7.352941176470589
6.204906204906201
0
0.2717391304347865
0
-1.3550135501355014
2.0604395604395607
-0.9421265141319016
-1.9021739130434667
2.4930747922437635
-2.7027027027027026
-2.7777777777777777
-1.7142857142857184
2.32558139534885
4.829545454545442
-5.149051490514902
0.5714285714285795
-1.1363636363636525
4.5977011494252915
-2.6098901098900984
2.397743300423115
-4.545454545454542
-0.43290043290042884
1.0144927536231925
4.017216642754659
-4.000000000000008
0.5747126436781691
-2.142857142857143
0
-1.7518248175182523
3.4175334323922693
-2.58620689655172
0.14749262536874413
-0.14727540500737632
0
-1.4749262536873158
1.4970059880239521
1.6224188790560599
-3.7735849056603894
2.7149321266968283
-2.7900146842878
1.2084592145015063
2.6865671641791002
-5.377906976744191
0
0.6144393241167523
3.816793893129771
-2.794117647058832
-0.45385779122541176
-2.583586626139822
3.744149765990649
-2.706766917293229
2.31839258114374
1.2084592145015063
1.492537313432836
-1.17647058823529
1.9345238095238053
0.4379562043795579
0.2906976744186088
-5.942028985507238
9.399075500770406
-5.2112676056338065
-1.0401188707280875
-0.6006006006005878
4.078549848942602
0.2902757619738587
4.196816208393641
0
-0.41666666666666274
5.857740585774062
4.61133069828722
-2.267002518891702
-3.737113402061845
5.622489959839361
-3.041825095057041
5.228758169934641
4.3478260869565215
14.999999999999995
5.383022774327125
-10.0196463654224
-2.8384279475982472
-0.7865168539325874
4.077010192525491
4.134929270946678
1.9853709508881834
-3.688524590163929
-1.9148936170212736
11.171366594360084
5.170731707317071
-7.235621521335805
5.599999999999994
-3.598484848484846
2.0628683693516785
-4.716073147256983
0
-0.4040404040404098
-1.3184584178498957
-3.6998972250770756
0
2.241195304162214
-3.757828810020871
6.616052060737521
-1.9328585961342741
2.3858921161825695
3.24214792299899
-3.8272816486751773
2.0408163265306123
-2.299999999999997
0
-1.2282497441146396
3.212435233160616
-3.9156626506024015
4.28422152560083
-5.410821643286564
4.766949152542373
-1.5166835187057632
1.5400410677618068
-2.932254802831148
4.166666666666667
-5
1.0526315789473684
-5.729166666666667
4.972375690607735
-1.7894736842105292
4.823151125401929
0.10224948875256495
4.902962206332989
0
4.868549172346641
0.09285051067780345
4.9165120593692
-5.305039787798409
-2.9878618113912125
4.908565928777665
0
-2.1100917431192636
2.9990627928772287
-2.7297543221110097
-2.15154349859683
3.0592734225621445
3.710575139146568
-1.7889087656529516
2.003642987249547
-2.3214285714285663
2.3765996343692817
-4.285714285714283
0
-4.944029850746267
3.532875368007845
-2.3696682464454977
3.883495145631068
-7.4766355140186915
4.848484848484846
-4.238921001926774
4.426559356136812
-4.046242774566477
4.016064257028113
-2.992277992277987
3.3830845771144333
-1.0587102983638195
0
-1.6536964980544775
2.0771513353115814
-6.879844961240319
-0.10405827263266838
3.6458333333333335
3.7185929648241234
-7.461240310077521
0
-3.9790575916230337
2.071973827699009
1.9230769230769353
4.0880503144653995
-2.6183282980866007
3.309203722854191
-6.006006006006006
2.555910543130981
-0.31152647975077585
-3.6458333333333335
2.7027027027027026
-0.21052631578947667
-0.10548523206750456
-1.2671594508975743
1.6042780748663101
2.0000000000000058
-6.50154798761611
0.11037527593819926
-0.3307607497243629
-1.9911504424778885
3.9503386004514676
4.994571118349629
-2.0682523267838677
-2.006335797254494
5.387931034482759
1.6359918200409085
-1.9114688128772692
-3.384615384615382
0.5307855626326964
-1.795142555438229
-1.2903225806451644
4.357298474945534
-4.488517745302711
4.371584699453552
-3.5602094240837756
0
-0.32573289902279823
1.851851851851855
1.6042780748663101
-2.1052631578947367
-1.6129032258064515
2.5136612021857894
-1.2793176972281481
1.0799136069114472
-1.0683760683760684
-0.6479481641468622
0.4347826086956584
-2.272727272727282
-1.328903654485053
0
-2.3569023569023506
-1.609195402298857
3.7383177570093493
0
2.815315315315315
0.7667031763417337
-1.0869565217391304
1.978021978021975
-1.93965517241379
4.945054945054945
-0.1047120418848108
0
-1.991614255765205
0.5347593582887701
1.9148936170212736
2.0876826722338206
-5.316973415132927
-0.3239740820734311
1.516793066088847
-0.10672358591249576
-0.641025641025635
0
0.9677419354838771
0.10649627263045187
-0.6382978723404195
-4.282655246252676
-0.11185682326622877
3.8073908174692113
-2.0496224379719585
1.8722466960352455
-3.1351351351351413
2.5669642857142985
-3.1556039173014208
-1.4606741573033677
3.3067274800456
1.4348785871964806
-2.0674646354733466
4.444444444444445
-5.212765957446814
1.0101010101010166
-0.44444444444445075
-1.897321428571416
0.3412969283276418
-4.3083900226757335
6.635071090047386
4.333333333333339
-6.815761448349313
-4.571428571428571
2.9940119760479043
-1.976744186046515
2.609727164887311
-1.9653179190751477
3.891509433962261
2.497162315550514
-3.433001107419706
-3.669724770642205
3.9285714285714253
0
-2.6345933562428376
0
4.941176470588239
9.977578475336312
-5.096839959225281
-7.41138560687432
15.429234338747097
-3.5175879396984926
-3.5416666666666727
9.611231101511885
-3.4482758620689653
4.489795918367353
-6.250000000000005
-6.041666666666664
1.5521064301552012
-1.5283842794759732
-7.427937915742796
6.586826347305389
-4.269662921348312
6.690140845070425
-5.390539053905396
2.3255813953488373
7.386363636363637
2.1164021164021163
-1.9689119170984515
-7.822410147991534
2.9816513761467824
-2.2271714922048997
1.9362186788154931
5.027932960893855
-0.1063829787233982
-9.052183173588924
0.11709601873535633
0.818713450292401
-1.5081206496519688
-2.2379269729093116
5.49397590361446
4.522613065326626
-7.298951048951042
-7.826496935407826
11.764705882352944
-7.0709382151029825
1.9699581383895524
8.186428398937457
-5.133928571428566
-0.23529411764706218
1.415094339622645
6.279069767441867
-9.146608315098467
-0.5057803468208113
-0.4599370612442625
-4.790856031128402
2.5031928480204444
-3.9372040867181792
12.581063553826203
-7.58064516129032
2.2188980304163564
-2.4390243902439024
0.050000000000007816
-1.924037981009503
0.07643312101911118
-4.149694501018336
6.507304116865877
7.9800498753117095
-10.508083140877591
9.987096774193542
0
9.995307367433142
0
-3.4769624573378892
-2.32044198895027
-3.8461538461538525
-4.447058823529413
5.885249938438809
-0.9302325581395315
7.863849765258219
-6.420021762785642
6.279069767441867
-1.9256017505470515
2.0749665327978573
1.7486338797814145
-1.1815252416756117
2.1739130434782608
0
-2.5744680851063846
0
1.3758462546407568
-2.4127531236536073
0.4415011037527657
0
0
4.527472527472533
-1.7031118587047986
-2.780748663101598
0.02200220022001762
-0.043994720633530854
7.328345070422548
2.522042239081396
-5.239999999999996
3.4191642043056087
-5.755102040816326
3.3997401472498923
-2.3036649214659715
0
3.9657020364415896
-4.9072164948453665
2.016478751084128
0.06376195536663366
3.6321155480034
0.12297601967616781
17.31832139201638
1.2039783632873804
-8.534482758620694
3.675777568331768
5.0727272727272705
3.478110399723132
-6.30434782608695
-1.8383009102266663
3.890909090909092
0
-1.9075953797689944
1.8733273862622735
-3.415061295971984
-0.1813236627379899
-4.868301544050863
6.931449303036094
-4.8214285714285765
2.4953095684803106
-3.8806516565989466
6.646353075604651
-6.357142857142861
2.4027459954233508
-8.137802607076358
7.034259071558887
-1.9886363636363584
0.09661835748791721
-7.12355212355212
3.907711494491795
-0.4400880176035184
6.088004822182025
-5.303030303030298
-2.5
4.512820512820519
-5.789990186457317
2.333333333333328
0.7736156351791583
-1.5151515151515151
14.871794871794872
-7.142857142857143
0
-5.65384615384615
1.9160211985324045
-2
