-9.276334171556298
7.175854635047739
-3.2758620689655107
0
0.26737967914437827
3.2888888888888954
-1.5777395295467584
-0.932672690177804
-1.323918799646955
0.17889087656530195
0.35714285714285376
1.8979833926453245
-1.6298020954598436
2.92899408284023
-4.139120436907151
-0.14992503748125938
-0.5705705705705637
-0.7550588945937783
2.251978088861831
-1.6666666666666734
2.633171912832944
-5.45561781185491
0.6238303181534622
2.3558586484810804
-0.6965475469412512
2.8972247636474537
2.311796087729701
-0.3186558516801755
-1.2496367335077045
0.058858151854028436
0.9999999999999933
-1.5725101921956837
4.023668639053261
0.11376564277587521
-0.7102272727272727
-1.5736766809728182
5.465116279069771
-1.874310915104744
-1.1516853932584334
-2.8132992327365667
5.584795321637434
0.24923843810578156
4.198895027624307
-0.3181336161187669
0.26595744680851063
-1.5915119363395225
2.8571428571428634
-0.41928721174004785
-3.210526315789471
0.16313213703098584
2.035830618892508
2.686884809789844
-4.274611398963731
0.13531799729364005
-4.72972972972973
-0.14184397163120568
0.11363636363635718
-0.11350737797956223
2.585227272727279
0.27693159789531985
1.7674675504004356
-2.306648575305292
1.0000000000000062
0.1375137513751375
8.431749519362809
-0.20263424518743955
-3.1472081218274055
0.10482180293500452
0.3403141361256574
-2.4262979389512163
-0.5080213903743255
1.0481053480247184
-1.5691489361702067
-0.027019724398817273
4.5135135135135105
0.3361779156969256
-0.5412371134020677
-2.5654314589271774
-0.34574468085106685
-1.7880971443821694
8.233695652173916
0.25106703489831783
-1.97846230904083
1.6862544711292855
-4.999999999999995
4.205236709865109
-1.7766497461928934
-1.2919896640826873
-3.5078534031413553
0
-0.35268583830711103
0.7350939286686601
1.054054054054048
-1.5779620219309916
5.652173913043481
-0.7201646090535009
-1.5544041450777202
-3.1578947368421053
1.5217391304347887
-1.2312633832976505
1.0298102981029842
1.3948497854077222
-1.5343915343915373
-1.07469102632993
0.10863661053776048
0.3798155181768793
0.08108108108108415
-4.941938968404
4.261363636363637
0.02724795640327595
0.2451648052301763
0
1.1684782608695683
-2.766586086489393
1.4088397790055311
-1.1441024244075306
1.3777900248002206
0.0271812992661111
1.0869565217391304
-5.349462365591392
4.1749502982107325
-4.198473282442757
4.154809334092209
-1.0382513661202217
1.1871893981225874
-1.2005457025920812
1.9884009942004939
-0.8935824532900112
0.054644808743166295
-0.7099945385035407
-0.9350935093509444
-1.1660188784008854
0.47752808988763723
-2.1246854906346004
-0.34275921165382617
3.1814273430782527
-5.91666666666667
-1.9191024505462062
4.455147501505121
3.68876080691643
-5.9199555308504745
1.0635155096011883
-2.0754165448699275
2.0597014925373065
0.5557180462123528
-1.9778941244909864
6.083086053412463
0.6993006993006993
0.38888888888888257
0.719424460431661
0.2197802197802229
-5.7017543859649145
7.063953488372095
-4.968775454792292
3.028571428571435
1.4975041597337706
-1.366120218579235
0.2770083102493075
0.6629834254143584
-0.027442371020846845
1.1254460609387773
-0.6514657980455965
0
0
-0.027322404371590912
2.0224104946706847
-3.2413608357889157
0.7751937984496156
-1.1263736263736326
-0.5001389274798429
0.5305780508237858
-0.5555555555555556
-0.5027932960893886
1.0668163952835519
1.1388888888888953
-0.5767646251029999
-0.8287292817679558
3.064066852367688
1.4864864864864864
0.13315579227696406
-3.377659574468082
-0.08257638315442097
0.4132231404958678
2.606310013717421
-2.807486631016043
2.008253094910595
-1.7799352750809123
1.5650741350906066
-2.270884022708834
1.7704011065006853
-1.0328893721119747
-1.977478714638848
1.6531241244046049
-1.3230429988974672
0.8659217877095036
0.8031016338964212
-1.9230769230769231
0.8403361344537815
-3.888888888888889
-1.9942196531791843
4.777351813624296
-4.278074866310157
3.8812114084092877
-3.198414944806117
2.4561403508771864
0
-0.9417808219177953
0.259291270527219
1.091954022988509
0.056850483229104215
-2.8124999999999933
1.1400175387313585
-0.028901734104052813
-1.1274934952298288
0.2046783625730961
0
1.5173621243069708
0.17246335153780476
-1.549497847919649
-0.20402215097640497
3.1250000000000133
-1.44435004248089
2.614942528735639
-1.988238588630642
0
2.7142857142857144
-2.642559109874826
0.5714285714285714
-0.8522727272727273
0.028653295128946342
-0.9739329704955697
-0.49175585768006613
0
0.29069767441860467
0
-0.2898550724637681
0.8139534883720964
0.05767012687427584
-0.23054755043227992
0.2310803004043938
0.2881844380403458
-0.8620689655172413
1.9710144927536264
-1.364411597498582
0.8069164265129716
-0.5145797598627819
-1.1494252873563218
15.69767441860465
-11.633165829145732
5.203298265567248
-7.702702702702703
-0.351390922401168
0.264472524243308
0.527549824150062
-1.1078717201166215
0.26533018867925534
-0.6174654513378485
0
-5.236686390532541
4.9016546987199465
0.11904761904761228
1.070154577883479
-0.02941176470588904
4.736687260959113
-7.078651685393256
2.1765417170495733
-0.591715976331361
1.1904761904761905
0.49999999999999667
4.77026631548142
-6.731843575419001
-1.3776579814315562
3.552991193440628
4.39882697947214
-6.516853932584267
-0.8413461538461572
-1.4242424242424208
-0.3996311097448544
0.30864197530864196
-0.3076923076923077
4.197530864197538
0
0.7109004739336425
-0.02941176470588904
-0.617828773168569
0.05920663114268462
-0.6213017751479357
-1.6076213158678112
-0.030257186081701283
-0.12106537530265657
-2.909090909090916
-0.8426966292134797
3.87157695939566
-2.4242424242424243
3.1366459627329264
0
1.5959048479373545
-2.1932424422050913
0.30303030303030304
0
-1.4501510574018162
-0.06131207847945697
2.9447852760736266
-1.6090584028605583
-0.030284675953956966
-0.6361708573159717
-3.5365853658536657
3.0341340075853425
-0.6134969325153374
0
-1.7592592592592557
0.03141690229342315
3.5804020100502623
0.060642813826558103
-2.66666666666667
-0.37359900373598653
2.062500000000007
-1.8677281077771042
-0.9048361934477308
-0.4722921914357682
-0.3479911420436642
-1.2380952380952308
3.439408550305364
-2.423865755127412
2.420382165605103
-0.49751243781095233
-0.625
-1.8867924528301887
3.5897435897435863
-2.8465346534653433
2.9299363057324803
0.8663366336633699
-0.06134969325153025
2.4554941682013505
-4.074295985620139
-1.9675202998126207
4.523733673144329
0.5790917403230653
-3.3636363636363704
-0.9093759799310058
3.0696202531645533
-2.978200798280623
1.0126582278480976
-1.6290726817042571
-1.1783439490445824
0.547856912665159
3.557692307692315
-2.7236149798823925
-2.9271396754692933
0
0.32776138970829233
-0.03266906239791661
2.320261437908504
-2.267646119450662
1.862745098039212
-1.8286814244465797
2.6143790849673203
2.5477707006369426
-0.09316770186335757
1.30556419023935
-2.1172138692850497
3.0407523510971752
0.8822634621235272
-3.8902291917973564
-1.4747411358644458
2.006369426751596
1.2176084920387065
6.169031462060457
-4.677513073794296
-3.687900030478519
0.9177215189873346
-4.515522107243643
3.546798029556654
9.102442118617187
-4.069767441860465
0
1.6666666666666667
-1.997019374068551
2.1897810218978067
0.5952380952380952
-0.08875739644970751
1.2140953509031753
-1.462843768285547
-2.0190023752969153
0.9090909090909091
-3.903903903903904
7.406249999999997
0.6691882455629943
-1.5317919075144542
0.3815673613149432
-0.6140350877193049
0
0.029420417769939023
1.147058823529405
-1.1340505961035119
0
0.02941176470588904
4.645692443398986
-4.467547063781955
5.058823529411761
-4.815229563269874
0
-2.7647058823529345
0.030248033877787624
2.3283943150892012
2.8368794326241202
-2.3850574712643713
1.26582278481013
-1.1627906976744187
0.5882352941176471
4.181286549707606
-1.2629806342969407
-3.3257532689027824
4.087033225521898
-2.8813559322033866
2.3851076207097117
-2.3295454545454515
2.6759744037230915
-3.5410764872521248
3.0249632892804734
-3.050171037628275
0.44104675095560125
10.216627634660414
-0.6640106241699867
1.2032085561497325
0.3963011889035667
-2.6315789473684212
0
-0.5675675675675738
4.919815167164997
-3.7305699481865227
4.413347685683524
-4.639175257731959
0
0.7567567567567598
2.46781115879828
-5.392670157068069
3.486441615938025
-3.155080213903746
2.1535063500828304
-0.8108108108108109
0.49046321525885866
-1.2472885032538021
2.6908292147171915
-1.6042780748663101
0
-1.9836956521739162
-1.8574993069032406
1.7514124293785278
0
0.13881177123820101
-0.1940670917660074
-0.11111111111110479
1.2235817575083363
-2.0879120879120943
1.0101010101010166
0.30555555555556185
1.9108280254777006
-5.054347826086962
1.8889524899828343
0.1404494382022472
0
-1.262272089761571
2.840909090909091
-0.8563535911602272
1.4210086375034894
-1.1813186813186844
-2.6410897970531
0
