-5.7307459066100765
-2.541009971051778
-4.092409240924085
8.052305574673081
-4.777070063694268
0.33444816053511706
-4.566666666666663
3.0038421236465127
-3.6283485927432992
5.5242786769880325
-3.567855951983991
3.596127247579542
-2.0026702269692924
2.0095367847411367
-0.333889816360601
0.5025125628140703
-1.966666666666659
-0.7140428425705619
2.2602739726027474
-0.20093770931012148
-0.6040268456375877
0.6076975016880525
-2.147651006711402
-0.5486968449931491
1.1379310344827624
2.6252983293556045
0.6976744186046587
3.5631804684922317
0.06371455877669496
2.515122572429155
3.6956521739130364
1.7969451931716083
-2.0594292438952633
1.5019525382997898
0.11837821840782306
0.502512562814067
-3.1470588235294086
2.55086547221378
-3.4646135623334287
1.779141104294482
-0.8137432188065065
-2.7347310847766635
3.530146829115887
0.7845503922752031
-0.9281437125748571
2.0852221214868645
-3.493191237418594
-0.6134969325153374
0.8950617283950547
2.9672682777607973
-3.6244800950683436
-0.7398273736128167
3.229813664596266
2.286401925391102
-5.735294117647059
-3.2137285491419694
3.642811089619604
0.09331259720062562
0.12430080795524463
0.5586592178770985
-0.7716049382716049
0
-0.4976671850699915
0
-0.5314160675210968
1.1942174732872444
-2.0807453416149033
-1.0149064383127144
0.6087792374238953
1.0509554140127424
-2.080050425464867
-2.156420984872864
0.4605263157894662
4.682383759004588
-4.785736628088837
2.299605781865966
-2.7938342967244667
-0.2312520647505744
-3.7417218543046395
0.722394220846241
-0.13661202185793514
1.4363885088919446
-0.5731625084288757
-0.3051881993896159
-1.1224489795918406
-0.1719986240110079
-1.1026878015161918
-0.975609756097565
-0.5629838142153293
-3.6801132342533736
1.5797207935341704
2.0253164556962107
1.878766394895411
1.5309672929714804
-3.529814941740922
2.2735346358792103
-0.5210142410559222
0
-1.745810055865922
-0.49751243781093724
1.642857142857151
1.791988756148969
-0.6558508802209103
0.0694927032661531
1.250000000000008
0.13717421124827753
9.417808219178083
-2.879499217527383
2.3203351595230384
0.7874015748031497
-1.40625
3.835182250396204
-1.587301587301601
1.7369727047146473
3.4451219512195155
1.3852048334806921
1.4244186046511562
4.327887646890233
-3.0494505494505555
-3.5987531878719152
0.4997060552616075
0.6434630008774629
-1.7727404824179083
1.6568047337278173
-2.5029103608847563
2.08955223880597
-0.4093567251461922
2.9947152084556627
-4.532497149372872
3.2547028963869917
-5.234239444765767
3.1431187061336625
-2.7514792899408316
-1.8253726802555523
1.0536101642392421
-1.7172646427476304
-2.1216848673946993
3.8890659866114086
-4.57195458729671
1.607717041800643
-3.8924050632911427
4.7085940072439945
-5.031446540880503
6.423841059602641
-3.951462352209082
-0.16196954972465177
-3.958468526930561
4.662162162162166
-1.0652033570045227
3.7520391517128875
-3.9622641509434033
1.8336607727570475
-1.7684887459807075
0.13093289689033627
-1.1768551814318293
1.223949718822358
-2.8104575163398766
4.236718224613323
-4.6129032258064555
6.865065945214749
-5.316455696202535
6.283422459893052
-5.628930817610056
-0.03332222592469934
-1.2333333333333296
5.298683766452915
-4.134615384615377
4.279505182213291
-2.7572940044886076
1.5166501813385973
-1.136732705423839
2.4310118265440326
-4.201411161000649
2.3434884499497826
-0.62152437029767
-2.666227781435162
1.4879945891105966
1.8993668777074268
-1.0791366906474857
2.3801652892561944
-3.5195350339037708
-0.93708165997323
-1.418918918918915
0.13708019191226087
-0.3764544832306523
-0.3778770182068096
-0.0689655172413754
1.8978605935127673
-1.2868269556383376
2.024013722126922
-3.3624747814391394
3.479471120389701
-4.068594485541348
0.24535576586049374
0.03496503496504291
-0.06990562740302184
-1.399090591115775
2.092940759134457
-1.389854065323141
2.818886539816772
-2.912954078135709
2.2237910342393263
-4.799723756906089
4.31628581791804
-5.3894297635605
-0.0367511944138268
0.110294117647063
0.6243114212265841
-1.3868613138686172
-0.03700962250183786
-2.4435394298408077
-0.4554079696394644
1.2581014105985555
-1.3177710843373494
0.7249141549027002
1.4393939393939437
-3.95817774458552
1.049766718506994
-0.2308580223162624
-1.2726571538758238
2.890624999999991
1.4426727410782125
-2.0958083832335204
2.5229357798165006
-2.8709917971662895
2.0345489443378164
-0.790067720090302
2.3511566173682175
-2.927010003705068
2.2519083969465563
-0.8585293019783332
0.8283132530120438
-0.9708737864077754
0.30165912518854127
-0.18796992481203006
0.11299435028249016
-0.48908954100828117
0
-3.213610586011342
-0.7421875000000022
2.6761117670208514
-0.9965504024530342
4.413472706155624
3.2999629217649367
-2.0818377602297238
0.14662756598239635
-2.41581259150804
1.2753188297074183
-1.518518518518527
2.2564874012786764
-1.1401250459727716
0.7068452380952296
-2.512005910602147
2.8798787419477163
-4.23572744014733
-1.9230769230769231
0.19607843137254902
-1.3307240704501
-1.3090043633478712
2.0900321543408316
-1.4566929133858222
-1.6380343587694857
2.558895207148664
0.2772277227722727
1.4612954186413858
0.7395873880887638
1.7001545595054006
0
-3.0015197568388974
1.762632197414806
-3.0408006158583545
2.1834061135371066
-2.9914529914529875
0.1201441730076137
0.7600000000000022
0.039698292973399885
0.7142857142857187
0
-0.7092198581560328
0
0.039682539682537425
-0.83300277667592
0.6799999999999955
-0.556217719507341
1.9976028765481422
-1.5667841754798275
-0.5173099880620817
0
0.07999999999999545
3.3173461231015233
-3.4042553191489406
0.8810572687224738
-0.8336641524414428
-0.5204163330664577
-0.16096579476861395
0.7255139056831968
-0.9603841536614668
-0.565656565656568
2.11296221048355
0.27855153203342164
-0.35714285714285937
-1.1947431302270013
1.0882708585247953
-1.9138755980861288
0.7723577235772381
0
0.040338846308993266
2.8629032258064493
-1.9992159937279477
1.2
-1.1857707509881423
0
-3.0799999999999956
3.177878662814688
-2.6799999999999953
2.6304973284011415
-3.8045654785742893
-1.6652789342214822
3.7256562235393784
-2.0408163265306123
-0.4166666666666667
2.050209205020923
-1.5580155801558062
-1.2911286963765074
-0.3797468354430404
0
0.29648454044896955
0.1689189189189093
0.4215851602023609
0.41981528127623846
3.1354515050167224
-3.3644102148358264
-2.8523489932885955
2.7633851468048385
-3.6974789915966433
8.11518324607331
-7.546408393866028
3.884766477520736
-6.806722689075626
2.028854824165915
-4.021210782147602
-2.3020257826887662
3.251649387370408
3.149246919214973
-4.867256637168142
0.46511627906976744
-1.4814814814814763
0.09398496240600969
-1.3615023474178432
2.8081865778200883
-3.379629629629635
5.366554863440354
-3.683492496589356
-1.274787535410773
1.3390722142515596
0.991033506370927
-1.0280373831775649
2.0302171860245433
-1.064322073114291
2.806361085126286
-2.638762511373981
-1.6355140186915889
0.7125890736342043
-0.5660377358490513
-0.9013282732447845
3.350885591191958
-7.549791570171381
0
1.1523046092184426
2.872709262010888
-1.8777082330283954
2.5515210991167754
-2.918660287081337
-1.9714144898965007
1.407742584213164
-0.34705007436786744
1.6915422885572167
-2.1526418786692787
2.4000000000000057
9.374999999999995
-6.696428571428571
1.7703349282296597
-3.996238834038552
1.5670910871694501
-0.578592092574743
0.43646944713870306
-6.035731530661517
4.470709146968149
-7.132316773241515
-3.4957627118644186
-5.92755214050493
5.017502917152855
0.8333333333333334
1.32231404958678
3.65415986949429
6.966740111216032
1.706718979892099
0.2989680779245851
4.355769230769232
-0.48834423661660475
3.65740740740741
4.421616793211258
-3.3960650128314787
4.046754626759934
-2.587234042553197
0.46304385811637355
-0.1826245760500859
0
-2.2739153162571872
4.261388963180887
1.9410004275331303
3.925515853044797
-4.7054075867635285
3.2014906411450847
-4.4973327862125485
2.0022342528142976
-4.144903117101939
-0.6855334856741089
-1.123893805309731
0.24165398729078671
1.9017857142857102
-2.6110575659335757
4.579397210976149
3.226083964211975
2.5585465455454686
-2.3240695595644394
1.2146422628951694
4.923557455203032
-6.26713670191931
1.9640618470539024
-3.770491803278684
-1.5332197614991578
1.2975778546712804
1.366353543979512
-4.254422914911539
2.9476462824461014
-1.6239316239316288
-1.8245004344048605
-0.08849557522123391
2.480070859167402
0.5617977528089814
-2.7503223033949196
2.1652673442333086
-1.3840830449826942
0.8771929824561403
3.391304347826092
-3.7846930193439863
-0.7867132867132917
-0.39647577092511266
1.6806722689075682
-1.087429317094389
3.1222515391380803
-4.2217484008528805
2.2707034728406033
0.6094906399651745
1.081782778018174
-2.44006849315068
0.6143045195261104
1.1774967291757472
-1.7241379310344827
1.0526315789473708
2.2135416666666643
-2.5477707006369426
-3.9215686274509802
4.172335600907024
-1.52372659991293
-0.4862953138815183
-0.3109729009329137
-0.2673796791443825
-1.2064343163538949
-0.13568521031206826
-0.36231884057971525
-0.9545454545454519
-2.4782010096374507
2.3529411764705883
