-10.940170940170939
-2.8790786948176583
-12.598814229249012
2.317693612210285
4.419889502762431
-2.6455026455026456
-2.4456521739130435
4.735376044568246
-1.8085106382978753
-2.221018418201514
6.648199445983379
1.8181818181818181
3.1632653061224434
-2.9179030662710077
3.565970453387672
-2.606984751598628
1.5656565656565629
0.3480855295872785
-0.14866204162537727
1.1910669975186132
6.032368808239324
-1.8963922294172038
-1.1786892975011787
2.0992366412213768
-3.8317757009345743
-0.874635568513125
2.2058823529411766
-2.062350119904082
0.4407443682664083
2.389078498293518
0.23809523809523808
-3.8004750593824226
0.3456790123456734
-2.0669291338582623
0.10050251256280836
4.367469879518081
0
-0.9139009139009167
-1.3592233009708794
-0.5905511811023566
-0.6930693069306959
-1.2961116650049822
2.1212121212121153
0.544015825914947
0.29513034923757714
0.24521824423737126
1.4187866927592983
5.161601543656531
-6.1009174311926655
2.002931118710319
-0.8141762452107361
1.9797199420569747
-3.7405303030302925
2.01672405312346
-1.880424300867891
-1.71990171990172
-1.5
0.5076142131979695
2.0202020202020203
0.9900990099009901
-0.539215686274507
3.449975357318876
4.811815150071459
4.363636363636361
-6.1411149825783955
0.4176334106728565
-1.2014787430683893
1.8709073900841908
-3.8567493112947684
-1.4804202483285551
0.24236548715462916
1.789168278529975
5.84323040380048
0
-0.26929982046679657
-5.355535553555345
-1.0936757013789877
0
1.6346153846153872
0.2838221381267712
-1.4150943396226414
-0.09569377990430078
-1.29310344827587
-0.485201358563804
5.16821062896148
1.0662957811775668
-2.1559633027522884
2.0159399906235267
-5.238970588235296
-1.0669253152279286
3.235294117647056
-1.471984805318136
0.5301204819277081
-1.1984659635666348
0.09704027171276908
0.8240426563257337
1.1057692307692362
-8.131241084165488
7.246376811594203
2.316602316602322
-0.7075471698113207
-0.2375296912114014
-2.0476190476190532
3.8405444822557153
2.668539325842705
0.36479708162333924
1.999091322126309
3.34075723830735
-2.0258620689655125
0.3079630444346628
1.5789473684210502
0.9067357512953343
-0.3851091142490275
0.5154639175257683
9.572649572649564
5.226209048361948
7.746478873239428
1.135190918472656
-5.17006802721088
-0.3228120516499405
0.8636200071968457
0.3924366749910688
-1.670220326936741
3.3610408384532025
-11.398601398601397
-4.104183109707973
-1.2757201646090512
0.9587328053355494
1.981833195706033
0.7287449392712597
1.2861736334405098
-0.7936507936507936
-1.9200000000000046
0.16313213703099744
-1.384364820846908
0.33030553261767603
-4.320987654320987
6.623655913978497
-8.188785800726103
0
-0.7908611599296937
4.251550044286977
-2.2939677145284647
0
2.2173913043478235
-3.4028073160357297
0.5284015852047631
4.248795444590446
-2.1428571428571406
1.2022327179046728
-1.994060246075515
2.1645021645021645
-1.7796610169491478
2.027610008628123
-6.215644820295978
3.246167718665459
-2.925764192139733
3.328834907782266
-3.352198519808441
2.20720720720721
-1.4543851917144166
4.47227191413238
-1.5839041095890363
-2.5663331883427603
2.633928571428574
3.958242714223573
-3.4728033472803395
-1.6038144776766314
-0.30837004405285845
0.1767565178965874
-1.05866784296426
2.541239411502447
-1.5217391304347827
1.5452538631346577
0.9130434782608671
-0.9047824213700967
-1.9565217391304348
2.838137472283816
-2.4148339801638614
-0.8395934600088403
0.2673796791443825
0
1.6444444444444395
-7.214691735898557
5.466540999057504
0.08936550491509769
-0.08928571428570921
2.3235031277926668
-4.104803493449785
2.73224043715847
-1.8173758865248202
2.663656884875849
-2.286719437115223
3.870387038703881
-3.682842287694974
-1.034637876743145
-2.5
7.039627039627037
-3.3101045296167224
3.3333333333333357
-5.0130775937227545
-1.5144561725562236
-1.351351351351354
2.9759093056211676
-3.4403669724770642
0.047505938242277584
-0.42735042735043005
2.00286123032905
-3.8803179055633525
-0.7782101167315147
-0.04901960784313447
2.9916625796959266
1.2857142857142803
0
-2.0216267042783183
4.126679462571974
0.7373271889400895
0
1.4181152790484879
0.9472259810554907
-2.5915996425379855
-0.9174311926605505
-0.3240740740740688
1.2076172782164394
-2.1569527306103793
-0.5628517823639722
-0.047169811320752035
0
2.07645115620576
1.5256588072121973
-1.5482695810564688
1.110083256244221
-0.9606587374199426
2.0785219399538106
-4.117647058823527
0.991033506370927
-1.1682242990654206
-1.1820330969267139
-0.14354066985646477
-1.6291327264015225
-0.9254749147588921
-0.6882989183874167
-0.4455445544554484
2.0387866732968645
-2.9727095516569175
3.7167252636865924
-3.6803874092009656
0.5530417295123149
-1.9500000000000028
4.3345232024477305
-2.4437927663734116
-1.7034068136272573
-1.529051987767584
3.1055900621118013
-5.471887550200792
0
-7.275624004248549
-2.6345933562428376
2.9411764705882355
1.7142857142857142
5.505617977528097
4.898828541001059
-5.126903553299489
0
2.9962546816479367
-1.2987012987012987
-1.0000000000000029
2.8176501860712446
2.326783867631851
2.0717534108135394
5.495049504950493
4.129516658845618
-4.0558810274898605
-1.2682010333489981
-3.139866793529969
0.4420432220039321
2.2982885085574516
-0.7648183556405327
1.1560693641618525
0
0.38095238095238637
1.5180265654648901
-3.130841121495322
4.679208876025078
-2.6728110599078394
0.37878787878788417
0.42452830188679513
-0.42273367778299936
1.9339622641509406
-4.581212401665899
3.685741998060147
0.09354536950420422
-0.9345794392523364
2.783018867924531
-1.835704451583295
-0.5610098176718172
4.9365303244005645
1.2544802867383564
3.8938053097345184
0.5110732538330446
-2.584745762711862
0.9134406263592841
-1.7672413793103423
3.992979376919699
-2.109704641350211
0.7758620689655221
8.083832335329332
4.471705579738826
-4.810606060606056
-0.5173099880620817
-4
5.666666666666665
-3.903785488958993
0
1.805498563807963
2.3780733575171324
-10.511811023622043
4.135503739551243
-5.069708491761724
0.5785491766800229
0.7079646017699089
4.569420035149387
-0.6722689075630228
-2.284263959390865
1.6017316017315968
-1.9173412867490414
2.736750651607303
-2.494714587737846
1.1708586296617594
2.443206172310325
-4.393305439330544
0.393873085339171
-1.8744551002615568
1.1106175033318526
-0.08787346221440626
0.08795074758134944
-0.5272407732864625
0.9275618374558279
0.87527352297593
2.0824295010846035
-1.3174670633234264
-0.7751937984496051
-2.343750000000002
-1.2444444444444496
-0.0900090009000849
2.52252252252252
-2.4604569420035123
-0.810810810810816
-1.4078110808356015
3.91524643021649
-2.5265957446808462
-0.8640291041382472
-0.1834862385321127
0.18382352941176733
5.779816513761466
1.4744145706851717
-3.589743589743592
-0.6205673758865273
-1.9625334522747446
-0.7279344858962796
0.41246562786434726
1.2779552715655005
-2.073005858494815
-1.518637827887718
0.9345794392523364
0
-1.527777777777783
-1.2223789374706133
-0.6187529747739091
1.2931034482758565
-1.1347517730496481
-0.04782400765183851
-1.100478468899527
3.53168843734882
-3.4112149532710334
1.4997581035316996
-3.1935176358436688
-1.4771048744460857
0.3498250874562804
0.49800796812749
-0.04955401387513515
-1.7352503718393655
4.288597376387488
-2.7576197387518087
0.0995024875621834
0.39761431411531384
-4.455445544554456
0.932642487046638
-2.0533880903490758
-0.41928721174004785
1.0000000000000029
-0.4689942678478404
0.0523560209424054
0.05232862375719221
7.259414225941435
1.3750731421884108
4.829244829244825
3.0008259153895533
-1.906628652886672
3.2606721162579504
-2.8762424135807865
2.3365332367324743
-2.743362831858402
0
-2.584167424931759
1.8120679992527533
-1.394495412844033
-0.07443245254930991
0.36312849162011224
-0.7329065776046073
0.6728971962616812
-3.3605644262903867
1.9980787704130765
0
2.5522697306460667
-2.497933694554136
0.7252519544127305
-1.7205909855994048
1.3510941960038076
2.0371761171610983
-0.13800717637316356
-2.1098212640501255
-0.2823529411764679
1.4629542236904174
-2.223255813953489
2.226239178003999
-2.1312238250349056
-0.1521491061239983
0.38095238095238637
0
-2.609108159392789
0
0.43838285435946284
-0.09699321047526123
0.4368932038834979
0.04833252779120073
1.1594202898550752
2.1967526265520507
-1.5420560747663605
0
-2.6103464641670624
2.0467836257310026
2.7698185291308417
3.8104089219330937
-4.565801253357215
3.001876172607883
-8.834244080145721
-0.19980019980018845
-2.602602602602611
4.676258992805753
-2.012763868433969
2.605210420841692
-4.589843750000003
-1.2282497441146396
-2.0725388601036268
0.0529100529100499
2.062400846113171
-0.5181347150259067
-1.718750000000006
1.4308426073132046
-0.31347962382444844
2.201257861635214
0.35897435897435315
-3.9345937659683132
1.0638297872340425
0.368421052631573
-1.048767697954903
0.6889242183359892
-1.0000000000000029
