1.4052287581699383
0
-1.9980663873670603
5.162775402828013
-5.534709193245775
0
4.8990400529625795
0.03155569580309964
-4.100946372239748
5.131578947368428
-0.31289111389236546
1.5379786566227172
-1.0819165378670788
1.25
-4.320987654320987
4.516129032258065
-4.320987654320987
4.032258064516129
-0.15503875968992248
-3.7267080745341614
-2.4516129032258136
0.5621693121693272
6.182176915488311
0.960049550944572
2.914110429447853
0
-4.441132637853943
-2.9631940112289454
3.085824493731908
-1.9956345494231298
-0.3499840916322058
3.3844189016602884
0.24706609017912642
2.895871842267399
-4.191616766467066
5.625
1.5088757396449772
-0.029146021568062584
-0.2915451895043732
0.5847953216374269
-1.1918604651162856
-4.089438070020588
0.6748466257668677
-1.2492382693479482
3.6408515890157216
2.411431973801734
-2.9069767441860463
1.7964071856287425
-0.26470588235293446
0.2654084340902321
-4.2941176470588305
3.6263060848186885
-2.194543297746138
-0.5457853244390574
3.5365853658536657
0.08833922261482759
5.736981465136806
4.590984974958264
-4.3096568236233015
-0.472616068946341
3.631284916201117
-0.2695417789757412
-2.8108108108108047
0.6674082313681805
2.0165745856353623
0.5144868670457561
-2.8825431034482727
3.7170596393897304
-5.322278684140139
-1.8361581920903955
0.40287769784172006
8.340498710232165
3.439153439153439
2.276214833759585
2.150537634408608
4.773561811505508
-6.542056074766355
4.474999999999994
-6.891600861450097
2.7756360832690707
-5.226306576644156
4.485488126649076
-2.0202020202020203
-0.5154639175257731
0.544041450777208
2.4993558361247072
-4.474610356963301
-0.05263157894736543
-1.5271195365982124
4.117647058823524
-2.824858757062147
-2.061310782241003
0.6206152185644777
0.026816840976139112
2.171581769437003
1.2857517711886584
-0.5181347150259067
-2.8645833333333335
5.201072386058975
-2.395514780835876
1.5404699738903336
-1.5170995114425245
2.349869451697128
1.4795918367346967
-2.212166918049274
1.7480719794344501
-1.465386558868118
-1.5384615384615385
2.031250000000003
-0.6125574272588142
-0.6933744221879786
3.956555469356093
-4.328358208955218
3.3801352054082163
-1.458752515090546
2.0163348647268955
-2.551913935451586
2.387676508344034
-0.6018054162487547
-1.6145307769929307
-1.2051282051282022
-3.16636387230729
-1.4473331546502368
0.08158825129181707
-0.8695652173913012
1.9736842105263126
-1.37096774193549
3.243390569637513
-0.6071805702217559
-2.257636122177955
1.8478260869565248
2.0010672358591246
-1.4125032696835036
-1.2470151233748976
-2.3911875335840884
-0.055050922102942094
2.175709171027259
-3.3962264150943455
0.2232142857142889
-3.646993318485514
1.9358566888182571
3.1746031746031713
0
0
0
-3.2967032967032965
3.4659090909090877
2.471169686985173
3.938906752411573
2.577984016499098
-3.8451872329730974
2.9796131730266535
-1.345177664974622
-4.785181373810127
0.4863550391785881
-0.4840010755579335
-0.783572007565532
-0.29956427015249615
2.0759355367385868
-2.0337168852020246
-0.16388964763726377
0
-0.08207934336525619
-1.0405257393209233
0.719424460431661
0.16483516483517108
-0.658255622600119
4.307012700165661
-3.123345685547912
-1.5846994535519157
0.6662965019433743
-0.16547159404302889
0.4143646408839779
-0.8803301237964205
0.832639467110741
-2.28461326727223
2.084507042253515
-0.11037527593818358
2.099447513812161
0.6764069264069263
-2.4187046492878257
-3.552740291930607
8.566533409480297
-2.419779063650707
1.940700808625334
-2.009518773135898
1.6189962223421477
0
0.3717472118959047
0
1.0846560846560906
0.026171159382351712
0.7326007326007355
2.2857142857142887
0.8633824276282319
-0.855991943605231
1.5997968511935021
2.3244188952761693
-3.2730825598436684
3.0303030303030303
-4.975490196078434
1.0059324219757633
-2.987742594484179
0.10529086601738198
-0.9466210886142579
-0.7167507300238887
0.7754010695187105
0.2918546033430679
-1.9841269841269842
1.457489878542504
0.21282255919127732
-0.7167507300238887
1.0695187165775402
-1.560846560846555
-0.6181134103735585
-0.1622498647917855
0.10834236186349787
6.46645021645021
-2.4142312579415504
-3.5677083333333304
0.4590872265730458
4.784946236559143
-4.489481785531042
5.130271286596821
-2.887072049054664
-1.6048408313601743
1.5508021390374362
2.0537124802527678
-0.6965944272445938
0.6495193556767992
-0.0774393391842939
0.07749935417203681
0.12906556530717606
0.02577984016499684
0
1.4175257731958764
10.470139771283351
0.29905682079595386
4.7477064220183465
5.101817385592295
5.083333333333329
2.2997620935765313
-7.0155038759689905
4.189245518966229
2.660532106421298
1.0911925175370047
4.047802621434079
2.8343831048536625
-5.062150963790312
1.6508538899430827
3.266753780100802
0.14461315979753334
-2.779783393501801
-2.3208317861121426
-2.718114426915037
0.4298554122704159
-9.74708171206226
-2.9747790472084406
-6.398578093756945
3.014478993591262
0.06912442396313626
-0.9900990099009926
3.186046511627904
0.9691232814965093
2.4999999999999973
-1.1324041811846666
0.24229074889868343
0.9009009009008934
-0.39198606271777253
3.148229121119378
-2.0347604917337905
1.2115967113803598
0.4702864471996555
2.8936170212766004
-5.624483043837892
4.031551270815082
-3.496208930075826
0.3928415539065935
0
0.43478260869565216
0.4761904761904737
0.3877638948729021
0.7725321888412066
-0.7666098807495789
-1.1587982832617978
2.7789839339991214
-3.591043514997888
0
-0.262927256792285
-5.514059753954298
3.185305742850497
-2.208201892744482
1.428571428571426
-1.4084507042253496
1.0829493087557578
2.5302028721221843
-2.8901734104046244
-0.8241758241758294
3.1625115420129246
0
-1.9914969791899704
0.45662100456621
-0.1590909090909065
2.8454359207830637
-5.26781761841523
4.135514018691586
-2.5802109041956474
2.579456471672038
-6.331387516838795
-1.5819750719079497
11.105698977106664
0.8329679964927689
-8.413043478260867
1.9226204604794601
0.4191895668374503
1.948051948051956
-2.616014558689718
4.064470918009805
-2.109988776655438
-2.2242604907131494
0.21106941838649956
-2.6445120524221886
3.2451923076923075
3.3760186263096625
-0.49549549549549293
-3.1235853327297445
0.4439252336448545
8.862526168876489
-3.8461538461538463
3.5555555555555554
-5.965665236051504
2.2364217252396195
0.20089285714285207
3.2301180663844957
-0.8200258955545867
-0.39164490861619045
-3.0799475753604244
-1.7354068064007186
-3.0504587155963327
-1.5850484977525405
4.278846153846157
-1.337021668971879
-2.266355140186913
0
3.2034425053789093
0.3011350474866832
-2.540415704387991
4.170616113744082
-5.072793448589628
-2.2046489336208936
-1.494731683410934
2.3383084577114372
0.2673796791443906
2.787878787878788
-4.292452830188677
0.5421389847215349
2.99019607843137
-2.4036173250832857
2.43842965130456
-4.308497976672226
5.199004975124373
0.6384488058642813
-0.1409774436090279
0.23529411764705882
-0.7511737089201851
-3.5004730368968806
-0.31862745098039497
0
-0.8851733464470042
-0.7442322004465393
1.099725068732811
-0.2719406674907349
-0.09915716410510096
3.7220843672456576
-0.21531100478468357
-0.35962598897146963
-5.245428296438885
8.075165058405284
-6.015037593984967
4
-4.278846153846157
1.4565544952285312
-1.8564356435643565
2.370744010088267
-2.143385070214336
-0.5538771399798562
1.3164556962025287
-3.398300849575204
-1.1639937920331092
2.5647736194713304
-2.1944373564684785
-0.31307070180015356
3.533106516618686
0.8594539939332602
4.611528822055132
2.2041207474844384
-2.1565869667135593
2.2041207474844384
0.6094702297233863
1.7241379310344906
-4.695373339441136
2.499399182888723
-2.3681125439624906
2.3054755043227724
-4.061032863849768
3.645705896745788
-1.7941454202077485
-0.4807692307692308
1.4492753623188406
-3.166666666666669
1.721170395869191
-0.6284747401498588
2.1162734127949374
-2.810862315388283
4.313725490196084
0.21146616541352847
-0.16412661195779335
-2.6773132926256538
1.9787644787644898
-2.3899668717463376
-0.04848484848484573
-1.0429299054086858
1.5196078431372522
2.6798647996137186
-3.033153068422298
-1.4064015518913566
9.936055090998519
-0.22371364653243847
0.6278026905829622
-1.5151515151515176
2.262443438914027
-3.0973451327433628
2.146118721461182
-2.078676799284746
1.3695503309746633
-1.5987390227426306
1.6247139588100739
-0.02251745102454914
1.5990990990991043
-2.660164043449346
-0.4327032566613605
-2.104300091491306
0.9813084112149506
3.3317908375752046
-1.948051948051958
0
0.9362868234756846
0.9049773755656109
0
0.11210762331838565
1.7469204927211672
-1.1226062073519751
2.604630454140692
-1.063137339986977
-1.7763157894736892
1.920071444518871
-0.32858707557502737
-1.0549450549450574
0.22212350066637052
0
-0.06648936170213018
2.9053005100909344
-3.3620689655172464
-0.4014272970561897
0.8060904612628674
-0.7330075521990252
0.6712911165808906
1.355856857079356
-1.0307017543859625
