-3.626832464722197
1.578065209828914
-6.475716064757161
0
-3.3754993342210415
-1.1920347274856993
-2.709205020920496
0
-0.6845142099415963
-2.388856812933019
5.6081330868761485
3.61606048937586
-2.0777027027027026
1.7733310332930858
-5.956134106240899
0.13337178285632878
-3.7870333705317063
0.04863995210836165
-0.7853403141361257
-1.997738409347908
-0.07307692307692658
0.07313036449713602
0.3192307692307762
0.1418548479852708
-0.39816232771822707
-0.8302583025830224
0.08914728682171248
4.325601208225218
-1.5330363771343793
1.4815094055113727
-3.4509658246656794
0.4193759378246351
1.0498084291187775
2.1460529309168086
-2.0749814402375684
1.8915128312042793
-1.6071428571428503
2.087114337568051
-2.8703703703703702
-1.006673021925647
2.8812449443395933
3.785240930023584
-0.299422799422806
4.859427578970228
0.13112491373361565
4.996898476807498
0
4.998687147170793
0
4.998280766465571
0
4.668055969038409
-4.525285852437578
-0.6166770935740405
-3.237410071942446
-4.584882280049566
-0.43506493506493804
-2.4978803887040995
-2.063545150501666
4.087695932793765
0.7217847769028871
4.234527687296417
-3.8187499999999943
-0.3184092533627975
-4.325293350717073
0.16011991959935332
0.9081632653061162
-3.0505275221626724
-2.00959599471524
1.9727504967357332
0.017397355601948505
0.1217603061401983
-1.751216122307161
-0.9760927995473161
0.2178571428571396
0.7519332881935751
-0.06366723259761345
0.5167409924258479
-1.8063380281690204
-4.998744934915898
2.4799003510361155
0.11049723756906077
-1.0596026490066293
3.978878476870445
-4.041198769758958
-1.0137149672033325
0.4066265060241032
3.1948402579870936
-6.213662790697675
0.03874467260751647
-0.3446940356312971
0.9677043255217478
-1.470361816782133
3.441675130869595
-0.7779749990558521
0.48338598561259916
-1.5757575757575724
1.6009852216748732
-1.5151515151515151
-1.5384615384615385
2.109375
-0.5355776587605203
1.3653846153846154
0
0.09865300701953743
0.8301429058792348
-0.428571428571432
1.8651362984218112
-0.9191994069681313
-0.4937902139757526
-0.19548872180450444
2.4559288835317092
-3.2830882352941244
0.34971680541301836
-0.12121671275428132
0
1.7977016725452306
2.0081219030587567
-2.432432432432429
-2.5230216365950473
2.7150537634408534
0
-1.2936030208995368
1.1325328586038443
-2.191011235955056
2.91403408003063
-2.71617800267897
2.115046278589466
-1.9026929847559901
1.3287006987133054
-2.641395681826742
-0.9172536574038344
1.722588961368693
1.1366254511942389
-1.6895739995443844
1.4946124435175459
-2.595129375951287
-0.7734979295257512
1.413385826771657
-0.6172599868007334
-0.9687500000000071
2.5520668980751133
-2.3077810685026345
1.4213157998346355
-0.8462732919254728
0.14485944718503926
-1.2705735173384416
0.3405401124574289
-1.41673243883189
-0.0760578039309912
-4.490826055604516
-0.4571955874334169
-1.8498230237653648
0.19748422272785424
-3.9461844980504694
1.6147738424480247
-3.5645302897278235
-0.49162418062637386
-1.2946020128087914
2.002131899708035
-4.907083465854877
2.9146160829471066
-4.4663169135057466
0
-3.800359624823824
0.02525890376357666
-0.010101010101012397
2.626527932114355
-2.136037011516875
-1.025950512975261
-0.6554878048780534
1.9998977034422862
-3.806037508775453
2.1737997185007583
2.367346938775515
0.9768740031897881
1.1549851924975365
1.9713086757099683
-6.0532108335726
-0.7742066928131232
-2.931061033827828
0
-4.526705446853512
-3.622465935526758
0.8735632183908072
1.8687329079307176
-3.8199105145413843
2.343431993952431
-6.624999999999995
-0.45028599245467266
-2.047677261613692
2.9641185647425896
-3.6363636363636362
3.1194968553459064
-1.6101488167845734
-0.1983635011157975
5.2049689440993765
4.994686503719456
-0.24741340530814726
4.735062006764374
-8.751345532830996
4.742243718296558
-6.571686000675754
2.447109878849987
-1.9827028299111633
1.9207683073229291
-2.1260306242638345
1.931524159095006
-0.5371900826446228
0.7774942133064222
0.8362779740871641
2.6749211540707836
-0.25028441410694485
0
-2.2582116788321116
2.0011668611435214
-3.6092203855173546
0.5103251839544214
0.12398157987956882
0
3.9389114924228994
0.40279117263288755
-0.3051192225110105
0.31172069825436405
1.5876603197920733
1.2235817575083425
3.6593406593406543
1.240326513304362
3.7120418848167587
4.296027058407789
0.6727976766698979
3.8799942304918416
-4.248819772285464
1.991492652745544
-2.156398104265403
0
-1.041414386049891
1.2236906510034264
-3.2930367504835547
0.805040252012596
-2.5496031746031793
1.2928840476432908
-1.984924623115578
1.2048192771084338
-0.2735562310030441
-1.8591892715635432
2.8674948240165676
-1.7912850961054712
2.4643918434265877
3.960198009900486
-2.400076956375348
-0.7490636704119873
-2.49255213505462
2.658111824014668
-5.610119047619043
1.5555205213095753
-3.570504527813713
0.026831231553528307
-4.377682403433472
0
4.998877917414716
1.4159764894469677
-0.2107481559536354
-0.8447729672650475
2.582534611288605
-0.025953802232026993
-1.7705088265835882
1.0624240181827744
1.6527196652719618
2.078616999382594
-2.575604838709673
2.0901236484039454
-2.275376273247852
-0.8504459655673143
-0.10460251046025104
1.361256544502618
-0.8109504132231429
-0.6405249179815631
0.1781970649895226
-0.49178612535314903
-0.2523659305993667
2.783048703352306
-3.1794871794871793
0
-1.2658898305084794
3.5352180677002356
-2.756476683937826
-2.3870417732310294
3.165938864628821
0.5185185185185162
-1.1685440572691888
1.0864933958244616
-2.918861959957855
-0.683816346466944
0.32786885245901637
1.198257080610022
-0.9687836383207751
0.9728260869565267
-1.7169923031379564
0.6571741511500547
-0.5984766050054406
2.4630541871921183
-3.5042735042734994
0.7528786536758142
-2.093406593406588
-0.21886750098210286
-3.0483689538807677
-1.26464787098271
2.455934195064627
-2.27663722904003
3.0279913150636784
1.270148658654665
-4.066366704161977
1.4246350471946974
1.9884393063583867
0.8841532532305547
-1.6853932584269662
-3.7714285714285714
0.44536817102137766
2.004138338752592
-1.2287005911672682
1.9833352892852925
2.0253164556962053
4.3311527182494896
-3.762162162162157
2.6735565041563643
-2.6805251641137855
0.955593029792018
0.7126948775055654
-0.7021229544449384
-2.4775903346138857
-4.886960493263297
-0.018007202881149733
-0.09605571231314981
-1.418184003365177
-0.6400487656202377
-1.5153374233128862
-2.672397682676127
-0.2560163850486431
-0.5390143737166383
-1.5161290322580645
-1.342941369145103
2.031872509960153
-2.3818820773135436
1.2333333333333334
0.09878169245966414
-2.217105263157898
2.805624705644893
-7.591623036649215
0
-4.81586402266289
0.8928571428571429
-2.035398230088489
1.9271303824149282
-2.58493353028065
-0.22744503411675512
1.9680851063829856
1.1997913406364042
3.505154639175251
2.0062606715993203
-5.356395592132791
2.5792188651436994
-2.9525862068965454
0.5255755422310984
4.447717231222392
3.7789058093626555
0.8831521739130435
3.0976430976430978
1.6786414108425896
0.8543714267360413
4.101910828025484
1.9884973078805677
-6.755054292399072
0.6112076175770443
-4.648932088502369
3.8159747837167255
-6.905684754521969
-0.6314620775796204
5.663407821229044
-0.8657722556341226
5.913333333333336
4.997796940895062
-5.689107367663801
-4.398677854055431
2.553191489361708
-3.26763485477179
6.2064343163538815
2.1077874542471347
-1.489493201483307
-1.8759018759018815
1.016624040920722
-2.392556490917158
2.710589455936722
3.4156196729591457
1.5262515262515262
0.5411906193625977
3.4449760765550184
0.02312673450509314
-1.5028901734104045
4.923708920187798
-5.03383858157615
3.7752517816125746
-7.2871736662883135
-0.09794319294808454
2.3468137254901933
-0.6166556905945013
-1.2891566265060295
1.3304040034175628
-0.1686340640809553
-2.1416505791505793
2.336477405831952
1.2048192771084338
-2.8511904761904816
1.9545370994424418
0.8413461538461539
-1.9070321811680573
-2.2843256379100794
-0.52225814474012
0.4749999999999943
-0.4727544165215171
1.2687499999999972
2.5735974819477905
-4.488567990373039
1.549703918357056
-0.7444168734491315
0.6187500000000057
-0.26088576930244395
0
-0.06850594756181955
-1.283809048984165
-0.726010101010101
2.257551669316375
0.19278606965173564
-0.6889702687604686
0.7374999999999972
1.6131033627000868
3.321528880205159
0
-1.2764448646732145
-4.9982042379983245
2.3754016760128565
-0.04923682914820006
-0.7450738916256102
0.5025125628140646
2.3333333333333304
-1.6648570394498678
0.6011532327321772
0
-3.1890243902438997
0.14486363922655127
-2.6540880503144684
0.7882155317224477
3.967948717948724
0.6227264319625074
-0.5208333333333334
0.2771789344009855
0.45454545454546014
0.15898251192368282
-1.6239316239316184
0.5336974059823699
-1.0925925925925954
0.7177182799725395
0.9170900979055617
0.08596340415080996
-2.981595092024534
0.5438219299354944
4.427672955974849
0
-0.012045290291498763
1.180580652933376
0.8631979997618764
1.221743492887921
-2.623906705539359
0.5988023952095808
-1.2202380952380953
