3.6501901140684443
2.6412325752017565
-7.433881343817018
2.316602316602322
-1.0566037735849099
0
-4.958047292143392
0
-0.8828250401284206
4.777327935222671
-7.187017001545593
2.414654454621157
-5.85365853658537
3.6269430051813467
-8.250000000000002
4.359673024523165
-8.964316797214964
-2.0076481835564133
-3.024390243902444
-1.9114688128772588
-3.076923076923084
-4.9735449735449615
9.799554565701547
4.868154158215015
0.09671179883945635
4.927536231884056
0
4.972375690607744
0
5.000000000000003
0
4.928989139515454
0
4.93630573248407
0
4.931714719271626
-8.170643528561104
-4.960629921259835
0.994200497100242
4.922067268252664
-5.238467552775607
-3.8778877887788687
6.351931330472105
3.066989507667466
1.8010963194988288
2.461538461538464
-2.927927927927932
4.253673627223517
-7.0474777448071295
3.3519553072625694
-0.9266409266409207
-4.9103663289166075
5.163934426229515
1.1691348402182413
-0.4622496147919915
-2.0897832817337427
-0.47430830039526084
0
-3.2565528196981743
-1.4778325123152687
-0.5000000000000041
-4.857621440536014
1.7605633802816996
-4.84429065743945
3.4545454545454617
-2.021089630931462
5.829596412556056
0
4.491525423728808
0.24330900243308484
1.4563106796116483
2.073365231259981
-6.015625000000011
0
-4.073150457190359
2.2530329289428215
-3.3898305084745792
-3.070175438596488
1.5384615384615377
0
-2.49554367201427
0.27422303473492815
0.4557885141294342
0.9981851179673431
-1.3477088948787093
0.8196721311475397
-0.8130081300812995
4.6448087431693965
0.26109660574411975
4.94791666666667
0
4.9627791563275405
0
4.964539007092205
0
4.954954954954956
-3.505007153075824
-2.0756115641215667
-2.952308856926575
-4.992199687987524
2.298850574712653
0
-1.685393258426973
-3.6734693877550963
8.898305084745752
4.513618677042802
0.44676098287416605
4.521868050407705
0.2836879432624179
-0.9900990099009941
-2.85714285714286
2.205882352941182
-3.5251798561151095
1.41685309470544
3.529411764705886
4.33238636363636
0.6126616746085763
4.330175913396486
-1.81582360570687
0.39630118890355825
-5.065789473684208
-4.643104643104643
-0.3633720930232481
2.1152443471918243
-4.357142857142853
4.480955937266614
-1.0007147962830634
0.6498194945848366
-0.6456241032998555
0.722021660649817
-0.6451612903225796
2.4531024531024523
-6.267605633802809
0
-4.132231404958683
1.88087774294671
-6.692307692307685
-4.781533388293488
6.926406926406917
2.834008097165989
-2.8346456692913344
0
4.943273905996754
4.47876447876448
0.4434589800443496
2.649006622516552
-4.014336917562715
2.9126213592232917
-7.619738751814215
2.1209740769835
1.307692307692307
2.1260440394836704
-3.7918215613382884
-0.3091190108191588
-3.1007751937984525
2
2.901960784313719
4.344512195121954
0.14609203798393974
0.07293946024799261
-3.206997084548114
3.91566265060242
-8.405797101449275
4.0348101265822764
0.83650190114068
2.865761689291107
2.0527859237536608
0
-4.9568965517241335
-4.308390022675739
-0.7109004739336482
-4.8528241845664235
2.6755852842809236
1.6286644951140152
2.88461538461538
1.1682242990654232
-3.5411855273287207
1.9154030327214702
-0.8613938919342164
1.8167456556082182
-3.5686578743211856
2.1721641190667706
-5.118110236220462
-3.3195020746887995
5.493562231759646
3.336045565500408
-3.1496062992125875
-2.3577235772357796
0.9991673605328976
4.204451772464961
0.712025316455695
2.1209740769835
-4.230769230769236
0
-1.124497991967862
0.32493907392363236
-2.4291497975708416
-0.41493775933610544
4.583333333333339
3.5856573705179224
-4.538461538461537
-2.0950846091861384
7.242798353909457
4.758250191864935
-9.304029304029301
0.16155088852988347
-5.080645161290329
0
-4.927782497875957
0
2.8596961572832913
2.9539530842745427
-7.679324894514769
-4.936014625228512
1.4423076923076956
0
4.928909952606631
4.968383017163495
0
4.991394148020655
0
5.00000000000001
-9.523809523809527
-4.831751509922351
-0.09066183136899172
-4.990925589836651
0
-4.966571155682916
0
3.417085427135677
-5.150631681243921
3.8934426229508277
-1.4792899408284057
2.102102102102093
-0.49019607843136215
0.4926108374384131
-0.09803921568627243
0.09813542688910488
0.19607843137256226
2.446183953033268
-4.775549188156638
2.306920762286847
-0.7843137254901968
1.0869565217391424
-1.7595307917888534
-0.3980099502487654
-0.8991008991008977
2.923387096774203
-4.897159647404505
3.9134912461379914
-3.6669970267591596
4.218106995884775
-4.540967423494578
3.1023784901758087
-6.018054162487476
1.3874066168623351
-5.578947368421046
3.5674470457078984
-8.180839612486542
-4.806565064478314
9.35960591133007
3.6036036036035863
0.543478260869573
0.21621621621621162
4.422869471413162
0.20661157024792948
3.814432989690732
2.1847070506454704
-1.9436345966958144
2.97324083250744
-3.657362848893174
3.3966033966033953
-4.1545893719806735
2.3185483870967785
-2.857142857142866
1.4198782961460505
-2.6999999999999957
-0.3083247687564351
0.7216494845360855
4.298874104401228
-0.6869479882237516
-0.19762845849801952
-1.9801980198019733
0.40404040404039543
-2.816901408450698
2.6915113871635588
-2.217741935483877
2.2680412371134087
-2.822580645161284
0
-3.3195020746887995
1.9313304721030011
-0.5263157894736917
2.328042328042335
-2.6887280248190257
2.9755579171094513
-2.992776057791529
2.0212765957446757
-3.753910323253383
0.21668472372697262
0.9729729729729715
2.141327623126331
-0.10482180293500826
1.5739769150052505
0.7231404958677715
3.5897435897435863
-1.5841584158415856
2.112676056338037
-0.09852216748768262
0.5917159763313483
0.980392156862759
1.3592233009708619
-0.38314176245209913
3.365384615384612
-0.372093023255806
1.6806722689075602
-1.1937557392102918
2.137546468401491
-0.72793448589627
-0.27497708524289055
-1.8382352941176567
0.18726591760299227
-1.962616822429898
5.815061963775018
-5.585585585585579
2.5763358778625913
-5.9534883720930285
0
4.253214638971313
-4.079696394686905
3.956478733926809
0
-4.662226450999051
5.18962075848303
-5.123339658444015
0
2.599999999999998
-5.750487329434697
-0.3102378490175735
0
-4.5643153526971085
2.1739130434782727
-0.5319148936170288
-0.5347593582887586
1.5053763440860084
-4.131355932203377
1.9889502762430906
-7.150595882990251
-1.6336056009334954
6.049822064056937
-7.941834451901557
9.356014580801938
0.5555555555555635
2.2099447513812076
-1.5135135135135196
4.500548847420419
-4.516806722689073
4.400440044004404
-0.9483667017913578
4.255319148936174
-5.918367346938775
-2.169197396963135
1.552106430155217
4.257641921397386
-4.816753926701579
1.2101210121012038
-3.26086956521738
0
-0.2247191011235907
0.7882882882882715
-0.8938547486033528
-3.607666290868078
7.953216374269002
7.258938244853738
-0.8080808080808087
1.8329938900203637
-9.800000000000004
-1.9955654101995535
-1.8099547511312233
-2.534562211981554
1.773049645390054
-5.923344947735189
1.4814814814814938
0.3649635036496272
0.24242424242423727
-2.055622732769044
0.24691358024690832
-1.4778325123152614
-4.374999999999996
-6.405228758169937
2.3743016759776525
4.638472032742153
1.8252933507170754
4.6094750320102476
3.3047735618115004
0.5924170616113829
-4.711425206124857
0
2.843016069221266
-4.927884615384617
2.0227560050568916
0
3.097893432465923
-3.2451923076923026
6.335403726708071
2.219626168224293
-3.428571428571437
0
6.863905325443788
3.7652270210409733
-1.2806830309498316
-3.243243243243251
8.044692737430175
0.41365046535678307
-2.265705458290429
0
0.42149631190726183
3.6726128016789237
-3.03643724696357
-0.1043841336116888
7.9414838035527655
0
-3.09777347531462
2.3976023976024
-0.5853658536585414
3.9254170755642823
1.5108593012275746
3.255813953488369
0.45045045045045684
-1.345291479820631
-5.181818181818184
-1.2464046021092905
0
0
-2.9126213592233077
0
-0.3999999999999915
1.9076305220883483
-2.266009852216753
-0.10080645161290108
0.3027245206861691
1.6096579476861181
-0.1980198019801938
0
-1.0912698412698356
3.811434302908716
-2.3188405797101472
-3.7586547972304554
1.747173689619732
-2.020202020202031
3.298969072164952
1.7964071856287398
0.980392156862759
-0.4854368932038904
7.1219512195122
0.18214936247722743
2.5454545454545396
0.17730496453901906
-2.300884955752226
-0.36231884057970243
1.6363636363636338
0.17889087656529137
-0.6249999999999867
0
1.9766397124887587
-0.4405286343612241
-0.1769911504424898
0.17730496453901906
6.106194690265482
2.585487906588828
-2.439024390243908
0.41666666666667257
-0.41493775933610544
2.0833333333333335
2.938775510204077
