-7.155322862129151
0.3759398496240566
-9.051186017478154
5.696636925188752
-3.3766233766233693
-1.7473118279570043
1.9151846785225797
1.2080536912751754
14.6551724137931
2.949681897050315
-0.39325842696628577
0
9.644670050761418
0.823045267489709
-3.21428571428572
-1.0015814443858606
-0.10649627263046701
0
-2.5053304904051115
1.694915254237285
1.9892473118279508
2.266736953083823
-2.8865979381443267
-0.7430997876857779
-6.20320855614973
0.34207525655643917
5.284090909090915
1.4570966001079269
-2.6595744680851063
1.639344262295082
-2.7956989247311768
-3.31858407079646
2.4027459954233343
-1.899441340782126
4.38496583143509
1.9094380796508454
-5.246252676659535
1.5819209039548088
-0.8342602892102335
-0.6169377453729796
-1.4108352144469527
-1.3165426445334762
2.088167053364266
-0.9659090909090845
0.6884681583476698
2.5641025641025643
-1.0555555555555587
2.1897810218978133
-1.758241758241752
0.8948545861297507
-3.7694013303769465
1.3824884792626762
-0.454545454545461
-1.6552511415524986
-0.2321532211259464
1.8033740546829518
-5.428571428571429
-1.3293051359516548
0.7960808328230146
1.7618469015795903
0.4776119402985142
1.0101010101010033
6.470588235294118
0.44198895027624935
3.135313531353129
0.26666666666666666
-2.9787234042553163
2.686403508771933
-4.591564335290989
1.5668718522663747
-4.352617079889811
0.28801843317972353
-0.3446295232624896
2.1902017291066347
-3.7789058093626715
2.9894490035169956
0
-2.5611838360842345
2.044392523364486
0.400686891814549
-4.8460661345496
1.7375674056321184
1.7078916372202457
1.563404748118134
-3.8198403648802834
1.6004742145821087
2.742123687281207
-1.1925042589437786
0.6321839080459738
-0.7424328954882827
0.920598388952816
1.3683010262257729
7.592800899887513
1.3591217982226838
2.114492006188754
2.72727272727273
-4.424778761061947
-2.2633744855967106
4.894736842105269
1.35474159558454
-4.455445544554456
2.5906735751295336
-3.1313131313131257
-0.8342022940563205
-2.2082018927444738
3.225806451612903
-5.625000000000006
2.6490066225165627
-2.0430107526881782
-0.10976948408341858
2.4175824175824205
0.16094420600857454
-0.21424745581145008
1.8786902844873858
-4.7945205479452175
-0.27670171555063644
0.2774694783573807
-0.11068068622024828
-0.3324099722991658
0.9449694274596935
-1.7070484581497767
0
-0.3361344537815094
2.136031478358619
-6.494221243808466
0.17657445556208531
-5.581668625146887
1.3067828251400266
-1.1670761670761705
1.3051584835301393
-9.14110429447853
-0.7427413909520556
-1.7006802721088434
-1.6608996539792427
5.9817030260380015
-0.26560424966799845
-2.2636484687083738
-0.5449591280654028
-0.7534246575342427
-2.8295376121463036
4.474431818181806
2.0394289598912305
-2.8647568287808016
-1.2345679012345756
3.4722222222222223
1.610738255033561
-4.755614266842811
2.496532593619988
-1.2855209742895843
1.9876627827278996
-2.3521505376344085
2.408809359944941
-3.8306451612903336
3.284416491963674
-3.3829499323410013
0.28011204481791124
1.745810055865922
1.166781056966381
-2.1031207598371737
1.17810117810117
-2.0547945205479454
3.2867132867132787
-2.437373053486794
2.359472588480226
-2.983050847457631
-0.20964360587000905
-3.8515406162464982
-1.5294974508375985
-0.5917159763313484
0
-2.529761904761909
1.2977099236641134
-1.8085908063300509
3.3768227168073497
1.4847809948032666
-1.2435991221653173
1.9999999999999916
1.9607843137255028
-1.8518518518518476
1.233671988388961
-3.154121863799287
0
-0.07401924500369676
2.0740740740740824
-2.5399129172714074
0
0
0.6701414743112265
0.5917159763313694
-2.500000000000004
2.262443438914027
0.22123893805310574
-0.2943340691685104
1.0332103321033252
-1.5339663988312595
1.4836795252225519
-3.216374269005852
0.22658610271902035
3.1650339110776318
-2.702702702702715
-0.15015015015014163
-3.5338345864661567
-3.8191738113795832
2.5931928687196018
-0.47393364928909504
0
-0.3968253968253968
-0.7171314741035902
-1.6051364365971108
1.4681892332789652
-2.1704180064308702
0.24650780608052356
3.1967213114754145
-1.5091342335186702
0.080645161290318
-0.32232070910555316
0.4042037186742118
0.3220611916264021
0
-0.16051364365970197
0.24115755627009416
-2.0048115477145148
8.510638297872333
0.9049773755656237
5.680119581464869
1.8387553041018347
2.2916666666666745
1.5614392396469672
-4.946524064171127
-0.8438818565400764
4.113475177304973
0.613079019073554
-0.3385240352064997
1.1548913043478377
-2.7535258562793783
2.762430939226519
-3.5618279569892546
1.7421602787456445
-1.7123287671232876
-0.5574912891986142
1.8220042046251037
-0.6194081211287031
2.077562326869806
-0.06784260515603413
-0.13577732518670538
-0.7477906186267806
-0.7534246575342427
-2.691511387163565
0.7092198581560284
1.3380281690140885
-2.918693537178608
2.1474588403722263
-2.662929222144347
-1.2958963282937446
-3.5010940919037075
2.645502645502645
-3.9764359351988254
-0.30674846625767305
-7.615384615384619
4.9125728559533774
5.555555555555555
-0.1503759398496155
3.0873493975903568
0.07304601899196078
1.4598540145985401
0.5755395683453319
-3.2188841201716736
3.2520325203251863
-2.505368647100931
2.7900146842878204
-3.428571428571437
2.8106508875739733
-4.0287769784172625
-1.0494752623688197
-0.07575757575757146
-2.805155420773326
2.4180967238689726
1.7517136329017386
-3.5179640718562792
0.8533747090767992
-3.384615384615389
2.6273885350318564
-2.09464701318852
2.773375594294759
-1.0794140323824035
0
-1.9485580670304083
0
1.271860095389514
-0.31397174254317556
-0.7874015748031497
3.1746031746031744
-3.076923076923077
3.1746031746031744
-1.615384615384611
1.4073494917904479
-2.081727062451803
0
1.102362204724414
1.2461059190031107
-1.6923076923076945
0.15649452269170802
-2.187499999999998
3.8338658146964835
-4.538461538461543
-1.450443190975018
-0.0817661488143862
0.6546644844517161
-3.658536585365854
3.966244725738399
0.8116883116883117
0
-2.2544283413848607
2.800658978583189
-0.7211538461538394
-2.2598870056497264
-0.1651527663088263
2.398676592224972
-2.584814216478193
1.9900497512437858
-2.4390243902439024
0
1.1666666666666714
-1.1532125205930854
2.4166666666666714
-2.034174125305126
1.1627906976744116
1.559934318555013
-4.203718674211805
0
-0.4219409282700422
4.830508474576273
-6.143896523848027
-0.8613264427217916
3.56211989574284
2.3489932885906017
-1.393442622950822
-0.24937655860348892
-0.8333333333333334
2.5210084033613445
-2.213114754098363
3.0176026823135027
-5.614320585842153
1.7241379310344827
-0.5084745762711816
1.788756388415668
-2.6778242677824293
0
-1.5477214101461714
-5.502183406113535
3.327171903881695
1.7889087656529516
2.2847100175747
-2.4914089347079087
2.590308370044051
-1.2366884232222584
0.9565217391304298
2.4978466838932007
-5.058823529411761
0.05310674455656069
1.0261854210898766
-0.175131348511386
0.38596491228069973
1.363159734358618
0.43103448275862066
0.25751072961373145
-3.1506849315068433
0
-0.15912305516266514
3.5948291128032603
-6.034188034188036
3.4928142623249077
-7.189312708736163
0
0.37878787878788417
-3.3962264150943344
-2.031250000000012
-2.711323763955342
7.11065573770493
-0.13392003061029326
2.8735632183908044
-5.772811918063317
1.5810276679841841
0.5836575875486465
6.731141199226299
0.03624501631026301
-7.047101449275363
0.8575326447086293
-3.7294685990338157
10.377358490566042
-9.019821785779234
7.935238856685986
-3.962962962962964
0
6.6332433474739645
0
2.13381555153707
1.2570821529745058
0.08742787200560284
-2.1663172606568866
1.892857142857147
-0.10515247108307443
-1.5964912280701695
3.5835264753075378
4.475043029259899
3.2948929159802307
0.07974481658691732
2.6294820717131566
-2.857142857142862
-0.8951406649616405
-0.6451612903225784
0
-0.8279220779220747
0.7529873956457582
-0.7636068237205506
0.19646365422397602
-1.2091503267973889
-0.595434998346013
1.7470881863560686
-3.35241210139002
0.3722504230118424
2.815239379635876
4.033448106246927
0.8353033884948684
0.04688965301658056
-0.015622558975168122
2.703125000000006
0.4107713372889031
-0.9848484848484934
-3.366488140780407
0.9184481393507495
-0.5962654950572658
-0.42620363062352506
1.2206721623335497
-3.946750195771344
-0.37502038154247
-0.8510638297872392
-0.13205678441729662
1.0082644628099164
-0.18000327278677702
-2.0163934426229457
4.400200769616857
-3.942307692307694
-0.7340674007340636
-2.2184873949579837
2.079752492265385
-2.3741370601111362
2.4491203863401205
-2.3063973063973022
0.12062726176115851
1.8072289156626458
-1.9442096365173265
10.155172413793103
0.9547660040694935
4.1705426356589115
-1.6966810537282342
-0.075700227100677
0.015151515151522903
1.060445387062549
0.4197271773347342
0.7911628601283791
-3.436018957345962
2.2392638036809718
0
-3.555355535553541
-3.250894384818795
1.0289389067524124
-2.7689369828134978
-3.2569558101473026
