-1.1013215859030836
1.2991833704528581
-1.7222425796995262
0.8078548347004723
-1.2452225372950343
0.12484394506866417
0.3366583541147189
-0.16155088852989538
0.012447099825743433
0.4355942750466708
-0.08674101610905148
0
3.1749968994170934
-0.8654886404615858
-0.30314053595246754
-1.4838238871320901
1.3209876543209933
0.048738881442668115
1.887711606381683
1.5539086779823092
-0.08239171374765131
0.41229826834727296
2.064758329422809
1.0574712643678212
-0.7620564149226621
0.011461318051578536
6.211322484528985
0.0647388864911548
1.5095967220185464
-0.13809220310175851
-1.191362620997771
-0.09688879319625118
1.7025862068965467
-0.40262767535494326
0.1170212765957471
-0.47816385081287854
0.17083066410420913
-0.8420379450010755
1.2146619370095741
0.1380628717077267
0.031816735602934375
0.6891433418150975
-2.4323470569653596
0.1942585797539342
0.40930633347695694
1.2658227848101216
0.2542372881355908
0.538884192730349
-0.9879138202837601
0.9446980150727075
-1.3144058885383807
-0.8524240809802877
1.9022031166039812
-0.11600928074246179
-0.06335128286348038
-0.8029582673005835
-0.7775055916497982
-0.053671103477887505
-2.3735366770486546
0.308030803080303
-1.283176135117343
-0.011109876680371373
-1.2333333333333358
-0.7424907188660167
4.238921001926792
0.03261933239099212
-1.0000000000000049
0.13175230566535415
0.7894736842105313
-0.13054830287206762
-0.06535947712418548
0.20710704163941326
-1.0116392907647074
0.35164835164835667
0.30661410424879043
0.08733624454147976
-1.8433682373472926
0.2889209912212493
1.3518005540166256
0.49196457855034437
1.5230635335073976
0.39648521217316024
-0.9606147934678194
0.22631749110895816
0.13978494623655424
1.2455707076130165
3.3089405027044276
-0.1437224104301383
0.7813303176724488
-0.8466795878812562
-0.3909465020576085
-0.6403635612476808
4.719334719334717
-2.124280325590627
-0.6592292089249493
0.6636038795303726
-1.2068965517241357
-1.9813160866440886
1.2463343108504494
0.9620357918692412
-0.7684426229508197
-1.2906556530717606
2.9497907949790845
-1.9711440764072434
2.0418739635157594
0
0.5789740985271757
0.585740254494037
-0.6124497991967894
-0.6465299525204543
1.7285205897305542
-0.02998500749624733
0.5698860227954341
0.40759518838851005
-0.2871287128712849
-0.13901300764571317
0.07954658446852486
-0.1788375558867317
2.4285856474569387
-0.40812360314836443
0.4683383744755541
-1.9617364280858545
2.417038137691936
-1.6152432536995884
-4.50255603617775
-1.9971175622812414
2.9726890756302473
0.17341630113231107
2.566191446028518
0.2779984114376444
0.0297029702970252
0.7621498564782783
-0.41257367387033844
0.6115604655750686
-2.813725490196083
-2.6732573388479777
8.136401326699835
-1.2172912872615782
-2.9691441878517284
-0.010000000000002274
-0.08000800080007546
0.6605945350815757
0.47727950681117176
-2.1474517565561646
2.305825242718454
-0.3558718861209987
-0.9821428571428549
1.1521891594028655
0.19809825673534073
0
-1.146698299723213
-0.08999999999999772
-2.3421078971073945
-2.6237573024495258
0.15787811809283234
0
0.1786464901218928
-1.3951536767019779
1.9148936170212767
-2.098121085594992
1.1195223371361553
0.1687051876845237
-1.6000000000000048
-1.3585793752674296
0.4121028088059814
0.021600604816939786
-0.15117157974300585
-0.1189574997296445
0.92031182330013
-1.019203948074241
4.216345111641012
-0.5928237129485227
0.28248587570621947
0.1564945226917058
0.3437499999999953
-0.062285892245396976
-0.9244832242650972
-1.2371566366114441
1.5605095541401321
-0.07316818229330463
-2.499999999999998
0.911919321961163
0.7654688496704158
0
2.2895125553914375
0.8354822073233649
-1.9537643207855997
-0.8659363588941006
0.5367291096611144
0
1.0467915837956663
-1.4814047446389678
1.6614090431125084
0.3827058336781181
-4.255538382277172
-1.2053379250968623
1.3398692810457467
-0.02149844136299385
-0.16127298139984947
-0.9153564505707517
-1.2172589935876583
2.9816261414897154
-4.754273504273504
-0.6057206954570923
-1.1059699808148142
-0.6846970215679562
0.045961162817429735
0
-1.6768117606523512
0.2219366896390582
0.34965034965034963
-1.2775842044134726
1.6823529411764653
0.5206525511975009
-2.0142725598526705
0
1.2216609890755423
2.332598352094686
-1.4629167611703309
-0.1726320635285994
2.9398201521789256
-0.8847575316384788
6.903954802259889
0
1.226086037416766
0.2401587135846251
-3.458333333333338
-0.8092360811394045
-0.021755683672351984
0.17408334240017656
-0.22808732486152086
-0.925321140866536
-1.7910119767058639
0.03356455582905216
2.326361704507321
0.5355776587605178
-1.2285279408567031
-0.48431480462300247
-2.3116911846034705
-1.0416666666666718
1.7048054919908442
-0.4162447969400306
-0.892453682783562
0.7295109996580521
-0.12447663234129486
0
-0.1359619306594205
-0.3857499432720646
-0.9681093394077449
-1.0810810810810785
-0.011626555051740813
-0.8953488372093076
0.2111932418162699
0.3395386957030766
0.046674445740954175
-1.0846745976207086
0.695672680108475
0.468384074941452
-3.310023310023307
-1.591128254580526
3.3439490445859956
1.920113784520556
-2.6049540644260936
0.29850746268656714
-0.7619047619047592
-0.6477927063339703
1.1349915479352786
0.29847182425978985
1.2260445185096958
0
1.175917215428034
1.5806601580660185
-1.647597254004574
-0.023266635644491097
-1.6057714684663666
0.44938505203405327
-0.4709206498704968
-0.37851904423940524
-0.23747328425552125
-0.4879790526065249
0.3109675876091404
0
1.263860736854645
-0.9301777934769784
2.0085571666270474
-0.2796225096120211
0.385559060637933
0.989292364990689
-1.2331450962314217
-0.8051341890315026
1.6939183625455803
0.6477732793522294
-0.2413515687851997
-0.034562211981561584
-0.40336521839345396
-0.485998611432544
0.7558139534883721
-0.5077899596076142
-1.6587402853497353
0
-1.533380514272234
0.3953042644944979
0.5846557690013098
-1.0676156583629892
0.707434052757791
-0.2262174068341442
4.761336515513124
0.10251737099897223
0.3527537551206216
-1.9616736591450228
2.3710386305806153
0.10168342560162437
-3.4650112866817206
-1.3211738571261493
0.11848341232227488
0.28402366863905054
-1.0384706160018828
0.15502027188170217
0.9286819859507166
1.4391883921198456
-3.9888359111524543
1.7320736434108472
-2.381235861412073
1.3050371996585006
-0.9992776306284695
-0.7539827313632411
0.4166156108320031
0.012202562538135783
-2.574426549536362
1.6030056355666817
-1.4667817083692811
0.20015011258444118
-2.6217228464419478
1.2820512820512822
-1.6202531645569562
-0.7977354606279008
1.6212710765239948
-0.012763241863436215
-1.3530763339290302
1.0869565217391424
-0.14080901177675662
1.1793359825663288
-0.8615228683643678
1.6485623003194858
-2.5270304249434274
0.3482522894363531
-1.8123393316195402
-0.49744730985730523
2.854887514800675
-0.2941928882066967
2.32200128287364
0
-0.8776328986960883
-0.0758917278016725
-1.949367088607592
-0.5809450038729667
0.8310609011816618
-0.8113329040566587
1.129576733316013
-0.19257927846963668
-0.47594545922304243
0.7237947524880327
-0.7827537533683959
-0.6725297465080244
1.4453125000000029
-1.4247208317289208
0.5859375
0.1941747572815534
-4.379844961240307
1.3241453857586751
-1.213495132684361
-1.1744060475161895
-2.472339844283571
-0.3361344537815094
-1.4474423833614485
0.11407386282618968
-2.1791767554479518
0
0.6406523005241833
4.557291666666666
1.2730040127300306
-0.4918704741084879
0.027461211039413083
1.578586135895676
-2.1621621621621623
0.013812154696135738
-3.3973208120425387
1.4581844174410359
2.5362829364520216
-1.0306444963583894
0.04165509580671404
1.304649548924355
-1.7947664063570383
2.7483258928571495
-2.1181262729124266
-0.9571369121930888
0.21008403361344538
0.11180992313067149
-0.8515984922518371
0.0422416220782814
0.9148486980999296
-0.6834030683403036
1.1796096053924978
1.304649548924355
-1.739964378682002
0.5298382598996032
-0.11095700416088135
0.2499305748403158
0.6371191135734103
-0.13762730525736305
-0.11025358324146474
-0.9243929359823306
1.169753516223364
1.1837577426015173
-1.2651339953747882
0.5924497106641042
-0.4519928776879973
0.7567418822234453
-1.3928717738631615
0.22157595900845073
-0.24872184606882244
0.8449923812162381
-0.12362637362637051
0.75642965204236
0.382200382200376
0.3807451726951412
1.5984827959902403
0
1.4133333333333364
0.4470155140678382
-0.8115183246073358
0.14515703351808165
0.48754776650415677
-0.23603461841070916
-0.6440588853838035
1.8256383119460338
-1.169286735091594
-0.157749441304068
-0.14483212639894966
0.7252109704641351
0.7592616834664313
0.05196829933740123
0.7531489416958778
0.01288825879623956
1.0953608247422681
0.5991077119184252
-1.3431322858591006
-1.1045466221423097
0.4415584415584386
0.2715283165244405
0.16763378465505538
0
0.41194644696190086
-0.19230769230769232
0.899165061014772
-0.9420751113940137
0.951034571391849
1.4385741565881547
-1.4307228915662622
-1.858925388337156
1.0249091852620773
0.038525748041601963
-1.1553273427471116
1.0389610389610389
3.2005141388174776
0.07472910698717433
-0.9085252022401935
0.025119316754575707
0.5148166750376724
-0.5496564647095536
-1.5199095591006184
-1.007653061224487
-0.1675041876046989
-0.37429013939080763
2.137582588418189
