-11.124694376528112
6.87757909215956
-2.574002574002574
2.642007926023778
-8.751608751608748
1.6925246826516058
4.9930651872399565
1.7173051519154519
-2.5974025974025974
6.133333333333326
0
5.527638190954781
-5.0000000000000036
0.6265664160401003
-4.732254047322537
11.11111111111111
-2.470588235294111
8.564535585042211
-12.666666666666671
14.503816793893137
-8.999999999999993
12.332112332112324
-10.978260869565212
9.645909645909635
-12.026726057906457
10.126582278481013
-5.747126436781609
3.2926829268292717
-2.243211334120432
1.3285024154589475
-5.721096543504185
5.941845764854619
-7.159904534606206
6.940874035989725
-6.250000000000003
3.8461538461538463
-1.8518518518518519
0
-4.1509433962264115
3.8057742782152117
1.3906447534766229
10.723192019950117
-5.180180180180174
4.39429928741093
-10.125142207053475
3.670886075949374
-0.8547008547008581
-2.093596059113304
7.295597484276727
11.371629542790155
-10.526315789473685
-1.1764705882352942
-4.761904761904762
4.7499999999999964
-5.131264916467777
4.025157232704406
-4.474002418379689
13.291139240506329
-12.51396648044693
4.7254150702426605
-5.853658536585362
1.4248704663212362
-1.9157088122605366
3.2552083333333335
-3.7831021437578816
7.339449541284416
-2.5641025641025745
5.764411027568933
-5.213270142180101
4.7499999999999964
-5.131264916467777
11.949685534591195
-10.898876404494384
6.431273644388409
-6.39810426540285
3.670886075949374
-4.151404151404158
4.45859872611465
-2.0731707317073207
1.9925280199252908
-2.3199023199023268
2.5
-5.243902439024387
6.048906048906052
-1.4563106796116538
0.7389162561576285
-1.5892420537897276
-0.12422360248446498
-2.8606965174129493
7.298335467349555
-5.131264916467777
3.7735849056603774
-2.060606060606064
0
1.4851485148514887
3.41463414634146
-5.778301886792443
-2.0025031289111492
0.3831417624521037
4.325699745547081
-2.4390243902439024
1.25
-3.2098765432098695
2.5510204081632653
-0.6218905472636815
1.126408010012505
-0.9900990099009866
0.625
0.6211180124223602
4.320987654320987
-7.573964497041427
7.810499359795147
-5.819477434679341
5.674653215636822
-5.131264916467777
3.1446540880503147
-4.756097560975617
2.304737516005136
-1.5018773466833577
0.25412960609911417
-1.140684410646395
2.051282051282044
-1.0050251256281373
2.030456852791889
-1.6169154228855862
6.068268015170685
-5.840286054827182
3.037974683544311
-4.176904176904183
7.307692307692311
-8.363201911589009
5.4758800521512425
-2.5957972805933354
2.5380710659898478
-3.094059405940594
2.937420178799486
-2.233250620347391
0.8883248730964504
-1.8867924528301887
-2.5641025641025643
2.6315789473684212
2.051282051282044
-4.020100502512549
7.068062827225118
-4.034229828850853
3.0573248407643385
-5.191594561186653
6.388526727509767
-4.534313725490183
-2.053915275994876
2.2280471821756263
5.89743589743589
-5.569007263922511
2.307692307692304
-2.3809523809523703
8.472400513478812
-5.443786982248514
0
-2.3779724655819843
-0.25641025641026005
4.3701799485861255
2.955665024630531
-6.937799043062198
5.526992287917734
-5.481120584652863
6.82989690721651
-5.06634499396864
1.5247776365946668
-0.8760951188986268
4.419191919191919
-4.474002418379689
0
0.12658227848100545
2.022756005056901
-2.850061957868646
5.484693877551017
-3.7484885126965035
3.6432160804020173
8.969696969696976
0
-2.5583982202447286
3.0821917808219212
-6.201550387596893
4.604486422668231
-8.803611738148982
6.559405940594057
-4.761904761904756
2.682926829268296
-6.769596199524943
3.0573248407643385
-3.831891223733014
4.113110539845763
-3.8271604938271535
2.567394094993581
-3.3792240300375505
-2.7202072538860214
3.994673768308922
4.737516005121643
-7.579462102689489
3.1746031746031824
0.769230769230762
1.781170483460567
-3.4999999999999964
0.7772020725388528
-7.455012853470435
0.6944444444444444
-1.2413793103448354
3.212290502793312
11.36671177266575
6.9258809234507925
-13.522727272727279
5.650459921156388
-5.970149253731357
7.40740740740742
-4.926108374384237
-0.25906735751295706
-4.025974025974018
0.13531799729363236
1.6216216216216255
0
2.5265957446808396
1.0376134889753714
-0.2567394094993618
0
-2.05920205920207
6.04467805519055
-3.841387856257755
0
-2.1907216494845216
3.42555994729907
-0.7643312101910755
1.925545571245186
-4.911838790931997
5.033112582781453
-1.5132408575031562
1.152368758002568
-3.9240506329113853
3.0303030303030263
-0.5115089514066569
-0.25706940874036355
-1.1597938144329787
0
1.5645371577575005
2.0539152759948576
-4.654088050314469
-0.13192612137202417
-2.1136063408190338
3.1039136302294352
-0.5235602094240912
2.105263157894729
-3.4793814432989545
-3.204272363150875
4.9655172413793025
1.971090670170828
-4.381443298969062
4.716981132075471
-5.920205920205931
0
3.283173734610131
1.0596026490066188
-3.014416775884662
2.7027027027027026
0
1.3157894736842106
-1.2987012987012987
0.6578947368421053
-1.6993464052287544
3.0585106382978684
-3.0967741935483946
11.18508655126499
-7.90419161676646
4.031209362808835
-4.250000000000007
6.919060052219336
-7.570207570207573
8.322324966974898
-2.4390243902439024
4.7499999999999964
-8.472553699284003
-5.997392438070415
4.9930651872399565
-2.245706737120215
2.83783783783783
4.8620236530880465
-2.7568922305764447
-1.9329896907216497
-1.5768725361366476
-0.6675567423230974
3.6290322580645005
3.7613488975356755
-3.75
3.6363636363636327
-4.135338345864659
-5.359477124182999
3.0386740331491553
6.836461126005374
-4.642409033877042
4.605263157894737
0.5031446540880574
-1.8773466833541925
-0.5102040816326603
2.051282051282044
-4.020100502512549
10.863874345549734
-8.972845336481711
8.430609597924773
-4.425837320574149
6.382978723404248
-10.117647058823522
-5.759162303664929
9.583333333333341
6.337135614702154
-9.296781883194292
2.2339027595269423
0.3856041131105362
-0.38412291933418335
-2.3136246786632353
9.999999999999993
-4.9043062200956875
5.53459119496856
-7.0321811680572175
7.435897435897433
-6.921241050119329
4.487179487179487
-4.294478527607362
-0.5128205128205201
-0.5154639175257623
5.440414507772024
-7.493857493857504
4.913678618857905
-5.822784810126575
14.11290322580645
-10.71849234393405
9.234828496042217
-5.797101449275359
6.025641025641029
-9.310761789600969
7.733333333333331
-5.940594059405937
6.184210526315793
-1.6109045848822765
2.015113350125937
-1.8518518518518519
1.8867924528301887
-0.7407407407407337
-0.49751243781095233
-0.25000000000000355
-3.884711779448615
1.6949152542372843
3.717948717948725
-1.6069221260815962
1.7587939698492534
-2.4691358024691357
2.4050632911392475
-1.8541409147095178
1.989924433249368
-5.309953074833288
5.346896191966606
0.1237930180737736
0
-2.0276953511374884
-3.811206461383135
4.408291786932563
0
0
4.297562201558183
-6.192771084337349
5.574107372206529
-2.6763990267639937
0
-3.5249999999999915
3.6537963202902213
-0.1249999999999929
2.227784730913643
-2.179236043095006
0.10012515644555481
-2.4756189047261863
-0.02564102564102054
7.873813798409849
9.248692344270092
-7.595212187159961
7.159679698539799
-6.989010989010989
0
-5.812854442344047
11.389864525840439
-11.981981981981983
2.1494370522006228
-5.961923847695397
6.553010122535964
-6.225000000000005
13.16982138096509
-3.4157832744405248
-4.634146341463411
-0.1534526854220007
0
4.200819672131149
3.1956735496558437
-4.716531681753208
3.100000000000005
-4.704170708050448
6.564885496183221
-4.584527220630377
2.4524524524524445
-2.2960429897410792
4.725000000000001
-9.04750537121031
8.661417322834637
-7.270531400966179
4.037509768168786
-4.331497245868795
8.296257524208327
-5.75157080715322
-5.87179487179487
8.36284391174067
2.1870286576168865
-3.1980319803197963
9.072426937738246
-6.803355079217152
4.824999999999999
-4.841402337228717
3.9097744360902316
-3.3767486734201606
3.070394408387411
-3.124243158149671
0
-4.275000000000002
7.129798903107871
-7.3378839590443805
7.6821888976585155
-6.865379916931352
4.774396642182582
-3.430145217826734
-4.900181488203268
7.2246455834242065
4.246122552758713
-3.7317073170731736
6.384595895616933
-7.144558228149559
6.309310079507568
-7.020506634499404
3.658536585365863
-0.6758448060075172
-2.9737903225806446
-1.506493506493502
-0.3164556962025436
1.0317460317460334
4.058654097931407
-4.37845998993458
3.894736842105255
-3.2674772036474145
2.356637863315019
-1.7651573292402272
1.5625000000000038
-1.2820512820512822
1.2987012987012987
-5.692307692307689
5.8455682436106535
-2.64577446699204
-0.5277044854881154
-0.5039787798408616
2.479338842975206
-2.5494276795005124
-2.829684997330492
5.4945054945054945
-0.2604166666666704
1.5404699738903485
-6.145538698894319
0.08219178082192093
-1.368738023542294
4.995836802664439
2.6698387523129927
-7.054582904222456
9.94459833795013
-7.1050642479213915
