-5.18518518518518
-6.054687500000002
1.6632016632016573
-5.112474437627812
9.698275862068966
3.1434184675835
-0.38095238095238637
0
2.103250478011475
1.1235955056179803
-5.3703703703703685
4.1095890410958935
-3.0075187969924837
-1.937984496124031
5.138339920948619
2.819548872180451
-4.021937842778798
2.095238095238098
-3.3582089552238883
-1.544401544401539
3.529411764705877
3.5984848484848593
-6.764168190127975
-3.725490196078429
3.4623217922606835
3.937007874015748
-3.409090909090904
3.333333333333339
-2.0872865275142343
0
-2.7131782945736407
-0.19920318725099884
1.5968063872255431
-2.7504911591355574
-4.646464646464641
-0.635593220338992
-4.477611940298511
5.133928571428581
-4.8832271762208155
3.125000000000013
0.4329004329004236
-6.249999999999997
5.977011494252876
-3.687635574837316
1.3513513513513546
8.444444444444438
-3.0737704918032787
0
2.536997885835101
4.329896907216498
-3.162055335968382
-1.2244897959183703
2.8925619834710714
-2.811244979919676
1.2396694214876063
-3.2653061224489823
0.4219409282700482
0
-1.680672268907572
4.273504273504273
-3.2786885245901525
3.389830508474564
-2.4590163934426146
2.100840336134454
-2.4691358024691414
-1.898734177215187
3.01075268817204
-1.8789144050104356
-2.553191489361708
3.711790393013107
-0.8421052631578917
2.1231422505307855
-0.4158004158004217
-2.0876826722338206
-1.9189765458422146
2.1739130434782608
-2.127659574468085
0
-1.0869565217391304
-1.098901098901099
-0.6666666666666603
-1.342281879194634
3.1746031746031713
-0.2197802197802229
-0.660792951541844
1.9955654101995532
-2.1739130434782608
0
5.1111111111111045
4.862579281183941
-3.8306451612903194
0.6289308176100569
-2.7083333333333273
-2.9978586723768856
1.1037527593818985
3.0567685589519775
-3.6016949152542432
1.978021978021975
-1.5086206896551633
1.9693654266958391
-1.2875536480686725
1.3043478260869596
-2.1459227467811157
0.21929824561403818
-1.0940919037199124
5.973451327433618
10.438413361169102
3.2136105860113475
-17.948717948717956
7.1428571428571495
0
0
0.20833333333333628
0.8316008316008286
-0.2061855670103122
3.3057851239669453
-8
2.1739130434782608
-0.851063829787231
0.8583690987124433
-1.702127659574462
1.5151515151515058
-2.3454157782516023
0.4366812227074298
0
2.1739130434782608
-0.6382978723404195
1.9271948608137013
-3.5714285714285774
1.3071895424836633
-1.075268817204301
2.1739130434782608
-2.127659574468085
0
-0.652173913043472
2.1881838074398248
-4.71092077087795
3.3707865168539324
-4.999999999999994
-2.517162471395884
3.0516431924882563
3.416856492027335
-3.0837004405286312
0
1.8181818181818117
2.4553571428571463
-4.575163398692814
0.45662100456621657
-2.272727272727273
2.09302325581395
-7.289293849658304
-0.49140049140049835
1.481481481481485
0.7299270072992632
-1.9323671497584474
-1.2315270935960592
5.985037406483786
0.23529411764706218
0.23474178403756202
-1.17096018735363
-1.658767772511855
2.1686746987951775
-0.47169811320753713
3.554502369668246
-3.6613272311212843
2.612826603325419
-4.166666666666676
2.4154589371980677
-1.415094339622645
-0.47846889952152094
1.6826923076922975
-0.7092198581560217
-1.428571428571432
8.212560386473427
-4.017857142857137
-4.1860465116279
2.4271844660194173
-0.47393364928910625
11.904761904761905
5.319148936170213
-6.666666666666661
-0.432900432900439
13.043478260869565
5.384615384615379
1.6423357664233682
0.8976660682226212
-0.35587188612100146
3.39285714285714
-1.8998272884283272
0
0.7042253521126861
0.3496503496503422
2.7874564459930338
1.694915254237288
-3.8333333333333286
0.5199306759098737
-6.896551724137931
10.555555555555559
-5.862646566164154
6.761565836298927
-6.499999999999998
5.169340463458108
-1.5254237288135568
3.098106712564539
-6.01001669449082
-1.9538188277086934
0.7246376811594176
3.7769784172661893
-1.2131715771230551
0
-0.17543859649123056
-4.042179261862913
3.1135531135531056
4.618117229129664
-5.6027164685908275
-0.5395683453237486
1.6274864376130302
-0.35587188612100146
2.85714285714286
1.5624999999999976
-3.931623931623927
5.516014234875435
2.3608768971332306
3.6243822075782464
-1.4308426073131932
2.0967741935483826
-5.845181674565554
2.013422818791939
-2.7960526315789407
6.260575296108283
-5.573248407643312
0
1.0118043844856686
-1.5025041736227023
0.847457627118644
0.8403361344537815
-2.999999999999995
3.092783505154634
-1.1666666666666714
2.023608768971337
-3.636363636363641
1.3722126929674174
-0.16920473773265893
1.694915254237288
-3.999999999999998
0.694444444444442
-2.2413793103448225
2.292768959435621
-6.0344827586206895
5.504587155963303
-5.739130434782604
2.9520295202951923
-4.301075268817202
2.621722846441945
-2.1897810218978027
-4.850746268656718
0
-3.529411764705877
-0.8130081300813123
10.245901639344263
-3.717472118959108
0.5791505791505874
0.7677543186180394
5.142857142857149
-7.065217391304357
1.3645224171540018
-0.7692307692307665
2.7131782945736407
-1.5094339622641455
-1.9157088122605364
4.8828125
0.5586592178770896
-0.3703703703703756
0.3717472118959161
0
0.9259259259259259
-2.7522935779816513
-1.8867924528301887
0
0
0
2.8846153846153846
3.177570093457949
3.079710144927528
-1.93321616871705
0.35842293906810546
-2.6785714285714284
2.0183486238532136
-2.5179856115107886
2.9520295202951923
-4.838709677419347
0.37664783427494486
1.313320825515953
2.407407407407402
4.159132007233281
0
-1.7361111111111112
-0.17667844522968448
-1.4159292035398179
0.5385996409335676
1.6071428571428545
1.2302284710017626
-1.5624999999999976
8.641975308641973
3.084415584415582
4.724409448818897
1.3533834586466251
4.599406528189903
-9.078014184397171
2.028081123244948
-2.4464831804281473
0.3134796238244559
-4.062500000000002
0.4885993485342089
-1.6207455429497568
-4.448105436573316
-0.17241379310345073
8.808290155440417
-4.28571428571429
0.3316749585406349
0.991735537190085
2.7823240589197966
-5.25477707006369
2.5210084033613445
-2.131147540983602
2.010050251256274
-0.492610837438419
3.135313531353133
3.2
3.255813953488363
-4.2042042042042
2.9780564263322975
-8.066971080669717
-2.980132450331121
1.3651877133105754
-1.8518518518518543
1.3722126929674174
-1.861252115059224
1.0344827586206922
1.706484641638225
0
0
17.785234899328863
-3.133903133903138
-4.852941176470584
5.100463678516224
-6.029411764705884
4.538341158059466
-1.6467065868263389
4.566210045662101
-5.240174672489095
4.147465437788023
-5.693215339233038
-1.4388489208633009
3.014915899714374
0.12322858903265295
-3.8461538461538463
2.8799999999999955
-3.888024883359254
0
-0.3883495145630985
1.5269655620532776
-0.8639999999999987
3.2924467398321484
-3.749999999999998
-0.9740259740259763
-1.6721311475409888
-0.46682227409135385
-7.4371859296482485
3.112558812884544
-4.914004914004909
3.3591731266149876
-6.964285714285713
5.37428023032629
-0.5100182149362498
6.188209447088983
-3.8620689655172447
1.8651362984218063
-6.654929577464779
2.0369671821953945
2.365988909426989
0.8667388949079033
-3.759398496240604
0.03720238095238677
-1.0412792859799225
1.4656144306651657
-5.925925925925931
-1.5748031496062938
7.680000000000007
3.826151560178297
3.43470483005367
2.040816326530612
-2.271186440677972
3.191120360735351
12.605042016806722
4.507462686567158
-0.5427020851185311
1.9241815048822564
-1.77514792899409
1.6924842226047143
-3.6389280677010047
3.0444964871194564
-0.6818181818181874
1.5446224256292882
-0.028169014084501436
-89.71541279233588
9.315068493150694
-12.28070175438597
-6.571428571428571
5.1987767584097835
-1.453488372093018
4.1297935103244745
-3.9660056657223706
2.949852507374634
-5.73065902578797
0
-1.8237082066869317
2.167182662538695
-6.363636363636363
-0.9708737864077607
5.555555555555553
4.953560371517033
-6.194690265486725
3.144654088050303
0
3.353658536585376
-2.949852507374634
3.039513677811553
11.799410029498523
2.1108179419525084
-8.268733850129205
1.4084507042253598
0.8333333333333279
5.785123966942148
-5.468749999999999
4.683195592286499
-5.526315789473683
-2.506963788300832
3.1428571428571392
1.3850415512465448
-1.3661202185792423
2.2160664819944618
-2.439024390243899
0
-1.666666666666668
2.542372881355928
0.27548209366391824
2.7472527472527495
-3.4759358288770144
-3.047091412742379
1.4285714285714235
-1.4084507042253471
0.571428571428572
1.1363636363636374
-7.8651685393258495
6.7073170731707386
-0.28571428571427965
2.2922636103151754
-4.76190476190476
-0.5882352941176476
0.8875739644970488
2.6392961876832803
5.428571428571426
1.3550135501355085
3.743315508021382
15.979381443298973
3.333333333333341
10.75268817204301
8.34951456310679
3.5842293906810068
-12.975778546712803
-0.795228628230617
6.21242484969939
2.83018867924529
-0.9174311926605472
