4.565217391304351
6.237006237006237
-14.579256360078283
7.903780068728529
-2.016985138004252
2.925243770314196
-2.4210526315789442
1.8338727076591184
-4.661016949152548
4.111111111111114
0.4268943436499375
8.39532412327312
-6.7647058823529465
2.8391167192429054
-7.361963190184052
2.8697571743929458
1.9313304721030011
2.5263157894736903
-7.597535934291587
1.4444444444444413
-5.47645125958379
4.2873696407879525
2.4444444444444478
2.8199566160520546
-4.746835443037975
-1.9933554817275716
1.5819209039548088
11.123470522803114
-6.006006006006006
2.0234291799786916
1.8789144050104356
2.151639344262304
1.2036108324974952
8.523290386521301
-9.315068493150687
3.4239677744209525
-5.063291139240508
-1.3333333333333304
3.3264033264033293
0.6036217303822881
-3.5
2.9015544041450747
-5.840886203423966
3.8502673796791385
2.2657054582904252
4.3303121852970765
-1.0617760617760563
-3.317073170731713
5.549949545913219
1.3384321223709423
-1.6981132075471672
1.7274472168905923
-3.30188679245283
4.878048780487805
-2.3255813953488373
-0.9523809523809523
1.4423076923076923
2.180094786729855
-4.174397031539889
3.5818005808325295
-4.205607476635514
0
-1.170731707317076
3.060217176702871
-1.9157088122605364
2.44140625
-6.005719733079133
4.766734279918867
-4.453049370764758
3.24214792299899
-0.9813542688910696
0.8919722497522214
-3.7328094302554002
3.4693877551020464
-5.12820512820513
4.989604989604986
-1.2871287128712843
0
-0.40120361083250317
0.7049345417925507
-0.5999999999999943
-3.8229376257545384
15.271966527196662
3.2667876588021727
10.105448154657294
-1.0375099760574598
-6.209677419354841
3.1814273430782483
2.333333333333331
-2.280130293159607
13.75
4.029304029304029
-3.239436619718306
7.423580786026192
-4.810298102981026
5.765124555160138
-9.286675639300123
2.07715133531156
-6.831395348837214
8.814352574102974
-3.6559139784946195
2.6785714285714244
-3.188405797101453
1.796407185628747
-4.044117647058823
5.900383141762443
12.518089725036189
0
-16.527331189710605
0.5392912172573101
4.21455938697318
2.573529411764706
-2.5089605734767026
5.735294117647067
-5.563282336578581
3.0927835051546304
-3.9285714285714284
5.353159851301107
-8.609738884968236
3.1660231660231615
-3.5928143712574725
7.1428571428571335
-10.144927536231885
0
-7.096774193548385
9.201388888888884
-5.5643879173290935
7.070707070707075
-7.232704402515725
-0.423728813559322
-0.08510638297871857
3.918228279386707
-6.885245901639349
0
4.665492957746489
-2.4390243902439073
-5.689655172413788
7.404021937842773
-5.70212765957447
2.4368231046931434
-9.339207048458146
6.802721088435374
-4.276615104640585
9.03041825095057
-3.4873583260680032
-0.6323396567299032
0.7272727272727247
4.241877256317692
-5.108225108225113
-1.3686131386861315
4.347826086956524
4.5212765957446885
-6.446140797285842
6.890299184043526
1.3570822731128025
2.928870292887029
-3.0081300813008154
-2.7661357921207017
1.7241379310344827
5.000000000000004
-5.165456012913644
-1.2765957446808511
-1.7241379310344827
4.649122807017542
-4.442581726739311
3.333333333333331
-2.8013582342954138
7.423580786026201
-7.642276422764232
3.2570422535211296
-3.921568627450976
2.7506654835847333
-2.245250431778924
3.886925795052996
0.08503401360544943
-2.803738317757007
-0.2622377622377722
4.995617879053464
-8.180300500834722
6.727272727272733
-6.729131175468488
0
-0.36529680365297323
-0.8249312557286815
5.268022181146028
1.5803336259877059
0.5185825410544462
1.8916595012897703
-4.810126582278483
2.8368794326241162
-0.17241379310345073
1.8998272884283272
-4.576271186440683
6.483126110124345
-8.340283569641368
3.6396724294813465
-4.565408252853382
-2.2999080036798527
2.1657250470809766
6.3594470046083
-3.8128249566724484
0.9009009009009009
-0.6250000000000026
4.941599281221923
-4.45205479452055
6.272401433691757
-10.118043844856661
0.09380863039400425
-5.998125585754457
8.374875373878371
-3.6798528058877644
1.241642788920723
-0.9433962264150944
-2.5714285714285743
2.150537634408605
6.602870813397135
-4.8473967684021595
4.622641509433968
-7.1235347159603295
6.6019417475728135
-6.466302367941707
4.673807205452772
5.9534883720930285
3.3362598770851597
-1.359388275276133
4.048234280792423
-3.1456953642384082
2.5641025641025643
0.916666666666662
7.184145334434366
-5.315870570107863
2.196908055329527
-1.3535031847133667
0.48426150121064915
-4.337349397590366
3.7783375314861463
-3.964401294498375
2.7801179443976385
-3.1147540983606534
4.568527918781718
-2.2653721682847876
1.3245033112582851
-3.022875816993466
3.0328559393428765
-4.3336058871627126
3.931623931623927
-4.111842105263158
1.8867924528301911
-2.3569023569023546
3.9655172413793056
-3.316749585406302
-1.9725557461406495
0.7874015748031546
3.819444444444437
-8.361204013377927
5.200729927007302
-9.193408499566345
4.489016236867243
-8.683729433272394
8.108108108108102
-3.8888888888888915
0.19267822736031104
-5.000000000000002
1.1133603238866483
-4.304304304304315
-1.5690376569037658
-1.0626992561105209
-0.7518796992481082
3.3549783549783485
2.4083769633507823
-2.2494887525562404
2.092050209205021
-0.307377049180325
-1.3360739979444987
-6.041666666666664
1.9955654101995532
1.9565217391304317
3.1982942430703627
-5.785123966942143
3.070175438596488
-2.0212765957446868
1.7372421281216164
-4.268943436499466
0.11148272017836601
3.2293986636971113
-2.696871628910464
8.314855875831485
-1.7400204708290714
-2.1874999999999942
3.8338658146964795
-1.4358974358974417
-5.723204994797086
2.0971302428256133
0
1.189189189189183
-1.7094017094017033
0.2173913043478292
1.5184381778741773
-1.1752136752136693
-0.32432432432432123
-2.386117136659439
1.7777777777777715
-2.8384279475982472
3.0337078651685427
-1.8538713195201775
0
-3.2222222222222285
5.396096440872564
-2.7233115468409586
0.6718924972004575
-1.223581757508352
2.590090090090087
-5.378704720087806
0
1.740139211136891
4.789053591790197
-6.528835690968443
2.095459837019787
0.34207525655643917
1.3636363636363669
-1.5695067264574054
2.277904328018223
-3.78619153674832
3.472222222222222
0
-2.684563758389268
-0.9195402298850542
-0.2320185614849221
-1.6279069767441927
5.200945626477549
-0.8988764044943788
-3.8548752834467184
3.183962264150947
-0.11428571428570779
-0.22883295194508332
1.8348623853210944
-3.1531531531531503
0
2.09302325581395
-2.0501138952163975
-1.744186046511628
-0.591715976331361
-5.0000000000000036
-1.0025062656641568
3.5443037974683507
-3.4229828850855712
7.088607594936701
1.6548463356974064
-1.860465116279063
5.4502369668246375
-3.4831460674157237
3.4924330616996504
-4.386951631046125
3.058823529411758
-3.5388127853881217
4.1420118343195265
-3.409090909090909
5.647058823529409
-10.846325167037858
-0.07494379215588592
3.4999999999999964
-2.004830917874392
-2.4895242790239043
-1.1627906976744207
3.5294117647058707
3.705533596837945
-7.336827060504999
-1.542416452442163
1.8015665796344775
-2.1543985637342993
4.482306684141549
0
-1.4049172102358312
-0.763358778625947
0.7948717948718007
2.00966675146273
-0.6234413965087282
10.363864491844405
-10.936789449749877
4.978299719172825
-6.566147859922168
6.428943258719413
-6.358522866226464
-0.757377905458342
1.1578947368420993
0
-1.9250780437044612
-4.031830238726799
-13.51575456053068
2.2690955576861644
8.718749999999996
4.771486059212428
-1.8655692729766795
9.029913335197083
-4.564102564102567
4.621171413218697
5.95788392398562
0.33931168201648226
3.9130434782608807
3.207810320781021
-1.0360360360360379
1.957214383249885
5.312500000000006
3.6456125476896966
-3.353783231083846
-2.6661024121878927
4.239130434782615
3.128258602711157
-2.7906976744186096
4.014978156854586
-0.7999999999999972
0.8064516129032229
5.799999999999998
0
-8.204158790170126
2.7594728171334353
8.136272545090184
2.483320978502588
2.097649186256788
2.3733616719801565
-1.9723183391003472
2.364984115778333
-2.0862068965517255
0.3697834125726375
-0.12280701754386014
2.5821183910064973
-2.4315068493150713
2.667602667602673
-2.512820512820511
3.4367876556198507
-2.7292761484997445
0.5576856047403281
-4.506065857885617
3.176043557168784
-1.4423922603342132
2.927003391040515
-5.9649731229408784
6.2142725428729575
-5.416666666666674
2.698237885462566
-1.840929401251119
1.511289147851417
-2.493273542600898
2.8329654157468713
-2.826475849731661
2.061855670103088
-3.8239538239538193
3.1132783195798885
-0.9094216078574028
2.77165932452277
-2.161100196463656
3.87002555677254
-6.115992970123017
2.9576937476600493
-3.690909090909093
1.944496885029264
0.2777777777777751
3.231763619575254
-1.9141323792486589
1.6779135509757463
-2.206278026905824
-1.0454878943506976
1.9462465245597722
1.6000000000000048
-6.87186828919113
-1.998462720983857
4.901960784313726
2.336448598130841
-3.525114155251141
2.252934494509651
-0.9257544899092761
2.691085778359194
-0.5277525022748066
0.6037321624588463
-1.8003273322422295
