-6.404565630944829
8.19783197831978
-9.83093299937382
6.8750000000000036
-2.729044834308003
6.680026720106881
-4.946775203506561
-9.090909090909097
10.072463768115945
4.937458854509545
-4.767879548306144
5.006587615283263
-7.7791718946047705
6.122448979591836
-0.1923076923076996
4.560051380860644
-4.791154791154797
-1.935483870967742
-1.9736842105263157
-2.4832214765100593
-1.6517549896765351
0.34989503149055284
-2.3709902370990275
8.571428571428571
-7.2368421052631575
0.851063829787226
-0.07032348804500305
6.403940886699504
-0.46296296296295547
-5.647840531561462
7.394366197183099
-1.9672131147540983
2.474916387959859
-0.19582245430808287
-4.970568999345974
3.991741225051605
0
-5.559232296492393
-1.401541695865452
8.031272210376697
-1.3157894736842106
-6.666666666666667
8.07142857142858
-6.543291473892931
6.0820367751060775
-7.799999999999993
2.7476500361532774
-2.322308233638271
2.9538904899135403
6.228131560531844
-6.982872200263519
3.0453257790368355
0.2061855670103171
-7.61316872427985
8.017817371937648
-1.9931271477663268
-2.1739130434782568
6.093189964157706
-1.4864864864864789
6.858710562414266
-7.573812580231072
0
-5.763888888888896
-2.210759027266028
6.179351921627745
0
-0.21291696238467803
-0.42674253200568585
3.999999999999996
-6.524725274725275
4.99632623071272
0
1.5395381385584244
5.5134390075809785
-1.241018941868064
-3.1746031746031638
2.527322404371577
7.594936708860763
-8.04953560371517
-0.3367003367003367
5.405405405405405
2.051282051282044
-3.14070351758794
-5.317769130998696
0.13698630136985523
5.813953488372094
0.1939237233354954
0.3225806451612903
-0.3215434083601286
1.9999999999999962
-4.996837444655285
6.05858854860188
-5.461393596986827
6.042496679946876
-1.377582968065115
2.0317460317460245
-2.8624766645924047
3.7796284433055773
-4.814814814814822
8.949416342412459
-8.452380952380945
6.111833550065004
-3.1862745098039147
0
-0.1898734177215262
1.3950538998097763
-4.252657911194503
3.919007184846506
0.1885606536769399
0.3764115432873239
9.625000000000004
1.4823261117445805
-3.146067415730334
4.176334106728532
-7.349665924276163
-8.593750000000007
9.40170940170941
2.1033653846153846
-1.9423190111830555
1.9207683073229396
1.590106007067131
0.7536231884058037
-0.3452243958573203
2.655889145496549
-6.805399325084377
-3.258901629450801
0.7485963817841476
2.1671826625387
-1.696969696969704
2.466091245376079
-0.4813477737665361
-4.413542926239426
4.364326375711578
1.6363636363636296
-1.7889087656529519
6.860959319975721
-7.727272727272725
3.3866995073891624
-8.219178082191787
4.996755353666462
-0.3708281829419176
-5.397022332506197
8.13114754098361
1.8192844147968465
-7.266229898749266
2.055234425176633
0.5663939584644466
2.0025031289111315
-1.9631901840490729
0.8135168961201394
2.793296089385475
2.053140096618361
-1.005917159763307
0
-5.499103407053208
5.629348513598992
-5.9880239520958085
0
2.165605095541405
-3.3042394014962664
0.6447453255963894
2.5624599615631007
2.43597751405372
4.08536585365853
-3.163444639718792
-4.295220810647321
1.8331226295828102
0
-1.2414649286157666
1.0056568196103044
-1.8668326073428751
4.5656309448319705
-4.790782292298366
9.426751592356695
-4.947613504074505
-2.633190447030013
-4.5911949685534665
7.910349373764008
-6.353084911423322
8.28440965427266
1.0843373493975972
0
2.741358760429079
-3.7703016241299303
4.581072935503312
-1.9596541786743549
-4.056437389770727
-2.3897058823529274
1.3810420590081536
-0.18575851393189557
0.18610421836228994
6.501547987616099
-6.744186046511626
-0.062344139650869275
2.8696194635059227
-0.6064281382656155
1.7693715680292896
3.6570743405275743
-0.578368999421631
4.421175101803371
-2.5069637883008355
-0.5714285714285714
-2.816091954022992
1.7149615612063902
-3.7790697674418605
-0.0604229607250721
3.8694074969770287
0.4656577415599435
0.5793742757821553
-0.5184331797235056
-2.6635784597568004
4.045211183819162
-1.6580903373356235
-0.8139534883720964
0.8206330597889834
-3.895348837209296
14.640048396854198
-1.7414248021108238
-2.8464017185821606
-0.4975124378109484
-3.1666666666666603
3.786574870912217
4.367053620784967
-0.4766949152542403
15.220862160723787
-2.9561200923787556
1.3802950975725872
4.131455399061038
-5.725879170423813
5.212816834050696
-5.6363636363636385
-0.7225433526011561
0
2.668607472100922
3.922495274102085
4.365620736698497
-9.716775599128544
0
-3.6196911196911197
7.661492238357543
-3.53488372093023
0
-4.1947926711668355
4.630095621540019
-0.5291005291005264
15.087040618955507
4.243697478991594
-0.4836759371221236
3.523693803159169
-2.8951486697965594
-3.6261079774375506
1.797658862876259
-4.640657084188916
1.5073212747631353
-1.7394993635977916
-0.6044905008635604
-2.8670721112076434
-1.4758497316636776
-5.174761688606448
5.217807563427479
-2.593266606005467
2.5221858944418525
-2.050113895216401
1.023255813953483
11.141804788213637
-0.6628003314001634
-0.37531276063386393
4.9393051485977315
-1.2365376944555224
-1.45395799676898
-1.5983606557377072
0.7913369429404439
1.528925619834706
-0.6919006919006873
0.8606557377049157
2.2348638764729785
-1.4308426073131932
4.032258064516129
-7.751937984496124
4.075630252100836
-1.4129995962858297
0.6552006552006645
-1.5459723352319004
-1.198347107438019
0.4600585529067312
3.122398001665279
-3.9160274525635805
0.42016806722689076
0.46025104602510225
1.6243231986672244
-1.4344262295081966
3.0769230769230793
-6.131504638967333
2.7073485174043883
-5.313807531380748
3.800265134776842
-4.767986377181787
1.475189986589187
4.361233480176214
1.5618404390037943
-2.9509559434746446
1.9271948608137044
-1.2184873949579855
3.913228413441096
-0.7777322963569405
-5.940594059405942
-0.8771929824561403
-2.3893805309734537
1.5412511332728946
0.1339285714285765
-3.1208203299152917
0.46019328117809477
2.0613834173156205
-0.3590664272890536
2.9279279279279278
2.0568927789934306
-5.017152658662088
0
2.4830699774266365
-4.757709251101327
3.839037927844594
4.008908685968819
-2.8693790149892884
3.1746031746031695
-3.162393162393165
0.794351279788178
-1.6199649737303052
4.227859368046284
-3.9282664389410713
3.9111111111111163
-4.191616766467071
4.107142857142852
-4.288164665523157
2.1505376344086073
-3.8596491228070224
4.79014598540146
-4.919460165433166
-1.007326007326015
-4.209065679925992
4.0077257363592524
-5.246053853296198
6.516413522782956
-5.565777368905241
5.845104724792986
-1.564657156005525
1.4960261804581527
-4.09949332105021
3.458213256484158
-4.4568245125348165
5.7337220602526635
-7.536764705882355
8.15109343936382
-3.8143382352941098
-0.6211180124223656
-0.5769230769230714
3.3849129593810443
-0.8419083255378912
3.30188679245283
-6.7123287671232825
5.971610376896715
-6.466512702078522
4.987654320987652
-4.5155221072436476
6.0591133004926165
-2.7868091035764047
2.006688963210697
-6.182669789227161
8.137793310034938
-11.126500461680516
12.207792207792208
-7.7314814814814765
6.021073758153537
-5.111216280170379
2.9925187032418954
-3.1476997578692494
2
-1.4215686274509831
2.7846842366981575
-0.387034349298492
1.6027197668771165
-0.7648183556405327
1.734104046242772
-5.208333333333334
4.595404595404604
-1.1461318051575957
-0.4830917874396135
-11.553398058252432
4.281009879253574
0.47368421052631876
1.9381875327396483
-3.1346351490236355
-2.8116710875331625
4.803493449781666
0.05208333333333037
1.717855283706409
3.3776867963152477
2.871287128712877
-3.7439846005774786
3.8396160383961493
0
-6.374578719306684
6.91144708423326
-9.53342953342953
3.126329221607824
-5.021653949267895
-2.7792856367386847
2.5013958682300492
0.2287830918400629
16.663043478260867
4.211310910276713
-3.5583370585605634
-2.6606099935107115
0.5428571428571364
-1.4871649142748824
-1.759615384615383
5.5985122834491525
-1.1400500509778515
1.7251078192387057
-6.294930875576035
0.32457952198288414
1.1764705882352968
1.744186046511625
-2.857142857142857
-0.9607843137254941
1.4650564244704058
-3.121951219512198
1.812688821752263
0.4451038575667684
1.4771048744460857
1.8922852983988383
-2.8095238095238124
-2.0088192062714327
4.25
-1.1510791366906503
2.7171276079572997
0.14170996693434643
5.990566037735844
2.3587004895416164
-0.6521739130434783
1.4879649890590834
-3.277274687365241
6.553722692822108
-2.552301255230123
7.3422069557750085
3.640000000000009
1.813971439598606
1.4404852160727866
3.84902840059789
-6.081324217344361
3.3716475095785485
-5.040770941438111
0
3.8251366120218626
1.5037593984962405
-7.222222222222222
2.0359281437125727
-1.8388106416275387
3.5870864886408813
-6.925740669488254
2.3976849937990834
-2.4222850222042793
3.0202730657840346
-3.6947791164658588
4.170141784820684
-3.082465972778229
12.680710450227187
-4.692082111436954
3.076923076923077
-4.962686567164184
