-7.645875251509063
1.742919389978223
-0.8565310492505475
-2.8077753779697563
3.777777777777784
0.21413276231262166
-4.487179487179476
4.697986577181195
-1.7094017094017033
-2.39130434782609
1.336302895322943
1.098901098901099
-1.5217391304347887
1.9867549668874298
-2.5974025974026036
0
-1.1111111111111112
3.146067415730334
-4.1394335511982545
1.1363636363636365
-3.82022471910113
2.8037383177570163
-0.9090909090909058
1.6055045871559535
-5.643340857787811
1.4354066985645968
-3.301886792452827
3.658536585365854
-0.941176470588232
4.5130641330166235
-2.272727272727273
2.3255813953488373
-0.9090909090909058
-1.8348623853211106
0.23364485981308744
3.0303030303030405
-0.9049773755656236
1.3698630136986334
2.2522522522522523
4.845814977973575
-2.310924369747902
4.946236559139779
-0.8196721311475381
2.066115702479339
-0.20242914979757373
-3.2454361054766623
1.8867924528301856
-1.6460905349794326
4.184100418410042
0
-3.4136546184738874
-4.989604989604986
2.844638949671766
2.127659574468085
-2.7083333333333273
-2.9978586723768856
1.9867549668874298
2.8138528138528076
-1.0526315789473684
4.25531914893617
-3.6734693877550963
1.694915254237282
-1.8749999999999971
4.8832271762208
-1.214574898785428
4.7131147540983696
-6.0665362035225066
0
-3.125
3.225806451612903
-1.6666666666666607
1.694915254237282
0
0
-0.8333333333333304
0
-3.7815126050420256
-1.7467248908296882
6.222222222222216
4.393305439330547
-12.224448897795593
5.0228310502283176
-2.39130434782609
-3.78619153674832
0.4629629629629531
1.3824884792626762
-2.272727272727273
2.3255813953488373
2.7272727272727337
1.3274336283185715
-2.183406113537118
-1.7857142857142796
3.86363636363637
0.4376367614879556
0
-1.9607843137254872
-0.44444444444445075
-1.7857142857142796
-2.500000000000003
2.097902097902095
0.45662100456621657
3.86363636363637
-1.9693654266958547
2.678571428571435
6.956521739130441
4.471544715447146
5.2529182879377485
9.9815157116451
0
4.873949579831931
0
4.96794871794872
0
4.8854961832061115
-9.315866084425044
-4.975922953451034
0
-4.898648648648658
0
-4.973357015985785
10.467289719626171
4.906937394247037
0
4.51612903225806
0.4629629629629586
0
4.9155145929339525
4.685212298682289
0.2797202797202837
4.881450488145049
0
3.723404255319145
-8.333333333333334
-4.895104895104895
10.294117647058824
-4
0.41666666666666274
-0.41493775933609567
3.4722222222222223
1.4765100671140863
-5.555555555555541
-3.3613445378151336
2.3188405797101366
4.815864022662898
-0.40540540540540154
4.4776119402985035
-0.25974025974026343
4.947916666666663
-3.349875930521078
0.12836970474967177
-3.974358974358967
-1.4686248331108256
-3.523035230352296
0
0
-0.5617977528089967
0.423728813559318
1.2658227848101347
-4.72222222222223
0
-2.4781341107871557
4.334828101644232
-5.873925501432657
-1.9786910197869059
-2.95031055900622
-4.960000000000002
3.7037037037037086
0
3.084415584415582
-0.7874015748031497
-4.126984126984129
-4.635761589403969
6.423611111111103
4.893964110929853
0
4.976671850699849
0
4.888888888888885
0
4.943502824858757
0
4.710632570659489
-0.25706940874036355
-1.9329896907216497
0
-4.993429697766094
3.7344398340249003
0
-4.933333333333337
0
-4.908835904628331
4.424778761061947
-8.192090395480223
-1.9999999999999956
4.866562009419143
4.34131736526947
-7.604017216642751
4.968944099378864
-5.621301775147925
0.3134796238244559
-4.6875
-4.426229508196726
1.3722126929674174
4.568527918781718
-6.3106796116504835
4.663212435233166
0.16501650165016735
2.1416803953871453
0.6451612903225784
1.2820512820512888
1.265822784810122
4.374999999999996
-4.79041916167664
2.0440251572327113
-3.3898305084745806
-1.9138755980861288
-3.089430894308941
4.865771812080535
-0.8
2.0967741935483826
-3.317535545023688
2.124183006535943
-4.960000000000002
4.040404040404038
-0.4854368932038789
3.089430894308941
-5.520504731861199
0.5008347245409086
0.9966777408637779
4.605263157894744
-1.8867924528301931
0
-3.2051282051282053
3.3112582781456954
-1.7628205128205152
1.957585644371946
-4
4.166666666666667
-3.2
3.1404958677685926
-3.6858974358974312
-1.996672212978374
2.716468590831921
2.479338842975207
-0.8064516129032258
-4.878048780487805
4.1025641025641
3.940886699507387
-6.635071090047386
4.737732656514377
-8.239095315024235
3.697183098591552
-0.5093378607809799
4.948805460750851
-9.268292682926832
4.83870967741936
-9.230769230769228
-4.89642184557439
0
-4.75247524752475
10.187110187110184
4.52830188679245
0.18050541516245744
4.684684684684687
-1.721170395869191
0.8756567425569176
3.9930555555555505
4.674457429048422
-3.189792663476874
4.777594728171333
0.15723270440251796
0
-0.9419152276295155
4.595879556259903
-6.363636363636368
0.32362459546926026
2.4193548387096775
3.779527559055127
-7.738998482549329
4.440789473684215
-8.661417322834646
-0.34482758620690146
-1.2110726643598542
2.626970227670753
-2.901023890784988
4.569420035149387
-3.529411764705885
3.658536585365856
-4.201680672268908
3.8596491228070224
-3.885135135135142
-4.745166959578199
2.2140221402213944
2.527075812274366
-1.9366197183098492
-3.052064631956917
5.000000000000005
-1.234567901234573
1.071428571428574
2.120141342756176
-5.190311418685122
4.0145985401459905
-5.2631578947368425
3.7037037037037037
-0.8928571428571429
0.9009009009009009
-4.285714285714283
-1.1194029850746294
0
3.7735849056603774
-2.181818181818187
0.3717472118959161
-0.9259259259259259
0
0.5607476635513966
0.3717472118959161
-1.1111111111111138
-4.307116104868909
2.7397260273972575
9.142857142857137
-9.249563699825476
9.423076923076922
-10.896309314586986
6.311637080867841
1.298701298701304
4.5787545787545785
-7.180385288966727
-1.6981132075471672
1.9193857965451055
4.5197740112994325
-9.90990990990991
4.599999999999994
-0.19120458891012299
3.44827586206896
-1.2962962962963016
-3.37711069418386
1.1650485436893232
2.8790786948176583
-0.7462686567164153
-4.135338345864667
1.9607843137254901
2.6923076923076894
-0.7490636704119824
4.52830188679245
-7.761732851985554
-2.7397260273972575
0
-1.4084507042253578
-5.714285714285708
3.030303030303027
-0.6302521008403451
0.6342494714587829
0.37815126050420106
4.56257848472164
-3.242594075260203
-4.84071162598263
3.9130434782608634
4.560669456066945
-1.9607843137254841
3.2653061224489823
-2.0948616600790557
-1.090028259991924
0.9387755102040833
0.08087343307723241
-4.727272727272734
0.08481764206956373
-1.8220338983050834
3.495899870522221
-0.5004170141784862
-1.0896898575020872
-5.084745762711876
-0.22321428571427304
-1.4317673378076075
0.09078529278256728
2.4489795918367308
2.921646746347942
-5.376344086021505
5.000000000000006
-3.4632034632034663
3.2286995515695014
-7.819287576020854
-1.0367577756833124
6.142857142857139
2.5572005383580096
-2.012248468941386
-1.7857142857142796
1.8181818181818117
2.187500000000009
-0.6553079947575453
0.21987686895338923
0
0.9214567792891657
-2.1739130434782608
-3.999999999999994
6.1574074074073994
8.722197993894461
-3.7304452466907327
-2.5000000000000058
6.623931623931627
0.20040080160320928
2.680000000000007
4.596805609661081
-5.027932960893859
-0.9019607843137272
0.1187178472497077
6.086956521739127
-9.128166915052159
-5.61705617056171
3.7793223284100828
4.56257848472164
-4.323458767013618
4.560669456066945
-2.400960384153653
-8.610086100861015
1.5702108568865025
4.549469964664316
-4.985213350232375
10.71587372165407
-9.678714859437752
1.1560693641618567
-0.30769230769230893
1.4109347442680789
-3.9130434782608634
4.027149321266955
-4.3062200956937735
3.136363636363642
-3.0409872190392297
2.272727272727273
0.6222222222222248
4.549469964664316
-6.21039290240812
0
-0.9009009009008977
-4.045454545454548
9.000473709142597
7.475010864841368
-6.429437929640113
-4.494382022471906
2.217194570135739
6.153165117308546
-4.545454545454545
6.378331148973355
-3.6960985626283454
-0.042643923240929686
-3.4129692832764533
-1.9434628975265074
3.6036036036036068
3.9130434782608634
-5.774058577405853
-3.419182948490229
4.597701149425287
1.098901098901099
-5.478260869565224
2.3459061637534573
2.3820224719101173
5.311676909569786
-4.251771571488119
1.0013060513713559
-0.8620689655172383
0
0.7826086956521727
3.5375323554788625
-6.291666666666674
8.403734993330373
-4.470877768662838
6.483469300128818
-6.895161290322584
-8.834993503681243
7.6009501187648345
5.916114790286976
-7.211338057523956
-1.1680143755615524
2.681818181818181
2.70030987162461
-0.3017241379310357
