-6.543624161073823
6.104129263913822
-2.7072758037225064
-6.086956521739131
5.925925925925931
2.622377622377622
-1.3628620102214724
-3.7996545768566423
19.928186714542182
9.880239520958098
-18.528610354223446
7.859531772575256
-10.697674418604649
4.687499999999992
-4.643449419568818
-0.17391304347826333
2.6132404181184667
-4.414261460101869
1.5985790408525857
2.0979020979020904
0.8561643835616438
-0.1697792869269973
-5.9523809523809526
1.2658227848101318
0.1785714285714311
2.1390374331550728
-0.5235602094240789
-0.17543859649123056
0
3.339191564147625
-0.5102040816326483
1.8803418803418828
-2.5167785234899327
0.8605851979345955
-5.972696245733788
5.62613430127042
-3.7800687285223415
0
0.1785714285714311
-3.030303030303035
0.18382352941176733
0
2.7522935779816513
6.78571428571428
-8.695652173913036
0.73260073260073
1.6363636363636338
-1.610017889087654
1.2727272727272778
0
0
2.6929982046678633
-5.06993006993008
2.025782688766117
-3.790613718411555
-2.251407129455902
3.646833013435698
14.629629629629628
-11.470113085621973
2.372262773722636
-1.2477718360071353
11.55234657039711
-9.22330097087378
-3.743315508021393
0.3703703703703756
-0.5535055350553584
3.8961038961038987
0
-0.1785714285714311
10.912343470483007
-9.516129032258062
-0.17825311942959254
0
0
0.3571428571428622
-7.47330960854093
4.8076923076923075
1.6513761467889883
-2.346570397111908
10.536044362292044
-3.5117056856187197
7.452339688041589
-9.516129032258062
6.23885918003565
-6.375838926174504
-3.0465949820788456
4.990757855822542
0
-3.1690140845070376
-1.8181818181818181
3.7037037037037037
-3.214285714285709
4.243542435424349
2.6548672566371683
-3.4482758620689653
0
0
0
-0.3571428571428622
4.480286738351254
-1.5437392795883338
1.0452961672473893
-6.896551724137931
0.1851851851851878
3.327171903881695
0.17889087656529773
-0.7142857142857117
0.5395683453237359
-0.5366726296958805
-0.8992805755395683
0.9074410163339383
5.215827338129494
-2.7350427350427373
-6.502636203866425
6.954887218045104
0
1.5817223198594
-5.017301038062282
2.73224043715847
2.1276595744680904
-4.861111111111119
5.656934306569346
-1.381692573402413
0
-0.7005253940455316
0.7054673721340362
-1.2259194395796897
9.9290780141844
-10.000000000000004
-0.8960573476702509
4.701627486437616
0
-0.1727115716753047
-0.5190311418685072
-0.17391304347826333
0
-0.17421602787456694
2.617801047120419
-2.040816326530605
-4.513888888888891
-0.9090909090909091
6.422018348623853
-3.4482758620689653
3.5714285714285716
-0.34482758620690146
-4.8442906574394415
1.4545454545454495
0.5376344086021582
0.534759358288765
6.205673758865248
-1.836393989983308
13.265306122448976
-11.111111111111098
-6.756756756756756
0.9057971014492753
-1.974865350089769
2.0146520146520173
11.310592459605022
-3.225806451612903
3.3333333333333335
-3.225806451612903
6.666666666666667
-9.062499999999996
-0.17182130584192684
0.5163511187607525
-2.3972602739726003
-0.17543859649123056
4.042179261862925
-0.8445945945945945
-10.051107325383315
8.901515151515158
0.8695652173913043
-0.17241379310345073
0
3.108808290155448
17.25293132328308
-18.999999999999996
4.056437389770718
-1.3559322033898258
-0.3436426116838537
-1.7241379310344827
-5.087719298245612
1.2939001848428757
7.116788321167894
-5.281090289608179
2.1582733812949564
-0.35211267605633056
0
-4.063604240282693
2.578268876611429
-0.1795332136445268
3.0575539568345245
-0.174520069808018
1.048951048951039
-1.557093425605534
-4.569420035149387
4.7882136279926355
-3.1634446397188
1.2704174228675058
0
3.942652329749109
3.2758620689655147
-3.672787979966604
3.812824956672436
-1.836393989983308
-7.142857142857135
8.424908424908427
0
2.195945945945941
2.9752066115702434
1.6051364365971108
7.4249605055292305
-9.264705882352938
15.39708265802269
-10.1123595505618
-3.125
5.645161290322581
-2.2900763358778624
-5.46875
4.462809917355377
-5.2215189873417795
15.025041736227056
-14.223512336719889
-1.3536379018612592
0.514579759862786
0.8532423208191126
-3.3840947546531304
4.203152364273202
-1.0084033613445402
0
19.864176570458397
4.815864022662898
-0.8108108108108031
1.2261580381471273
-6.7294751009421265
6.349206349206358
-5.020352781546815
2.857142857142857
0.13888888888888098
4.715672676837734
-0.26490066225165937
10.09296148738381
-12.78648974668276
2.351313969571235
-3.1081081081081043
8.786610878661085
-4.358974358974367
17.69436997319035
-11.731207289293847
5.806451612903226
-7.1951219512195195
6.307490144546665
-5.809641532756492
0
-2.7559055118110347
-3.373819163292848
-3.3519553072625583
4.04624277456647
-11.250000000000002
-2.973395931142408
9.193548387096778
6.203840472673564
-2.7816411682892905
-6.866952789699586
5.990783410138258
-1.4492753623188406
-2.6470588235294077
5.7401812688821705
-4.285714285714286
-2.985074626865672
6.153846153846154
5.50724637681159
-3.8461538461538423
1.4285714285714286
-1.5492957746478793
-4.864091559370537
0.9022556390977358
-1.6393442622950736
0.9090909090909005
5.105105105105114
-4.857142857142866
2.1021021021021107
-7.205882352941175
-0.15847860538827482
4.761904761904762
0
3.4848484848484804
0
0
9.224011713030745
-3.8873994638069593
2.7894002789400276
-2.9850746268656754
-5.594405594405594
4.444444444444445
1.2765957446808591
0.8403361344537735
0
-1.8055555555555516
1.272984441301261
0.5586592178771029
-5.416666666666675
5.286343612334814
4.602510460251042
-8.799999999999992
4.970760233918115
-10.306406685236757
0
10.55900621118012
-1.544943820224731
7.41797432239658
6.9057104913678655
-13.291925465838512
0
2.0057306590257964
5.19662921348315
-1.8691588785046804
2.312925170068031
-3.590425531914897
4.689655172413801
-5.138339920948623
-5.555555555555555
6.176470588235298
0.96952908587258
0.41152263374485204
-1.6393442622950858
-2.0833333333333335
-3.404255319148944
7.635829662261385
2.728512960436562
-7.3041168658698545
5.730659025787966
-2.439024390243899
-4.999999999999992
5.263157894736834
0
-2.638888888888897
5.278174037089876
-7.181571815718154
-0.1459854014598457
1.315789473684198
0
6.349206349206358
-4.884667571234747
0
8.416547788873046
-4.473684210526323
0
-0.9641873278236759
-10.848400556328249
11.856474258970374
-6.555090655509069
0.20895522388059787
5.5108728030980085
-4.0090344438170575
0
-4.794117647058831
11.214087117701583
-4.2500000000000036
0
-2.1177835799245632
-1.8968583283935996
-0.7250755287009123
0.12172854534388054
3.7689969604863283
0
-1.200937316930298
-2.4903646605395684
0.2432350258437163
-2.6387625113739688
-1.90031152647976
0
4.414099714194996
-1.2469586374695976
0
1.016322759470275
-0.15243902439023524
-1.9847328244274767
-5.950155763239875
10.765154024511416
0.44856459330145243
1.2206013694551847
-4.176470588235299
-1.1663597298956276
-5.124223602484479
8.019639934533549
-0.6060606060606146
0.6097560975609844
-0.7575757575757576
-5.1908396946564865
-1.771336553945252
8.19672131147541
-0.848484848484852
-6.479217603911973
9.444444444444446
-6.957300686772175
6.899871630295258
2.491744220954663
-1.200937316930298
0
-0.20753038837829912
-0.20796197266783478
-1.071747543911898
-0.45139933794763343
1.3905683192261211
-5.754323196183661
10.028472002530851
-0.2587694077055877
-8.330931104064565
7.232704402515725
-6.392961876832843
0
-1.8483709273183064
7.660389403127988
-3.0833086273347146
0.4894463138574601
3.3485540334855446
-1.9145802650957455
-3.0030030030030033
8.266253869969047
-11.83871890191593
-2.497567304573466
6.320691949434472
-7.384230287859823
11.351351351351349
-0.9405339805825311
-1.9908116385911137
18.124999999999993
-12.88359788359788
2.9152748253871876
-2.6261434051342594
0.15151515151514292
-3.1467473524962157
6.248047485160888
-0.2058218171126148
3.123158515026524
0.5428571428571364
1.3924410343847742
-5.213004484304931
0.5322294500295675
-5.647058823529417
7.886533665835415
-1.7624963883270715
2.6470588235294077
-1.3467048710601688
-5.605576532094103
4.615384615384615
0
1.9117647058823488
-0.057720057720046236
1.241697949754547
5.105533371363374
-1.4925373134328472
4.132231404958678
-10.052910052910047
8.941176470588232
-13.228941684665225
5.476042314872426
-1.091445427728606
0
0
-0.6561288398449115
-4.533173221254883
6.50943396226414
-2.568644818423376
0
-2.4242424242424154
7.732919254658369
-7.177861055059081
4.968944099378864
-0.5917159763313484
-4.732142857142867
0.24992189940645237
19.040199439077593
-10.31413612565446
