-0.44843049327353646
4.559104559104556
-5.169712793733685
-0.8397577092511045
3.082049146189094
-1.3602693602693634
1.3380666302566997
-1.5898679601185755
2.6697699890470976
2.280304040538742
-1.681877444589306
3.421296910224102
-0.07693294012053119
-0.8982420120621071
1.2559886054642038
-0.4731457800511567
-0.2569703199280483
-0.553909571042117
-0.07772020725388895
-1.6982110448535161
0.527495714097323
1.6397743670470943
-1.9101703665461998
1.355263157894731
0.3764766973906389
-1.75892395240559
2.224855186940492
0
1.3522215067611076
0.25412960609911056
8.83396704689481
-1.013159427040881
-2.505882352941171
3.282249306142142
-4.977216964598671
0.7008483954260477
-2.0879120879120907
1.4839755580496294
-0.7864340132710712
0.2353232598464178
-1.6928209563820502
-1.659125188536959
4.524539877300611
-0.5869405722670524
6.4698646986469885
2.8188539741219936
-3.269662921348317
0.9060285747473653
-2.83181765857028
-0.4857244402322027
0.09523809523808982
1.0466222645099987
-0.9887005649717487
0.4873989538754052
-3.182302141251624
-0.23216031280547134
-0.8695652173913071
1.927353595255748
-0.39999999999999447
-1.131799926980658
1.7355982274741535
2.601330913490623
-0.7665094339622641
-0.0356506238859126
0.4398478364241478
0.4024144869215265
0.31828362607568617
-0.3290246768507585
-1.9217165762791875
0.012020675561969316
-0.1081730769230742
-1.3355793526651454
1.6219512195121897
5.328213128525152
-3.9193346245869987
1.2688248547373469
-0.796252927400463
-0.8498583569405153
-1.976190476190479
2.246781637114404
-2.0786316664687017
0.6792819019893284
-0.975903614457834
-0.4745102810560868
0.5745721271393699
1.4221465904947042
-2.4808245445829256
-0.20892220720167695
-2.0197044334975343
-0.2890899949723565
2.5715366191856917
-0.2580803736020674
-0.08624938393297751
0.17264767542236742
-0.036932167918251206
1.0960591133004898
0.25581678645389483
-4.981773997569866
4.002557544757027
-1.1311939013893928
0.7586121129212813
-0.506047889410025
0.23570276640615026
-0.01237623762376519
-0.1485332343111687
-0.38428164125449643
0.5226480836236849
0.3094825451844516
-0.1234110823151919
-0.16063264549610215
-0.17326732673267045
0.371931564592115
0.9016798418972276
0.6855184233076292
0.571428571428577
-0.8704061895551312
2.585365853658542
0.03566333808843967
-3.541295306001183
-0.20943698410743444
-0.13580246913580526
0.14834961058227786
0.5678311319590202
-0.6996440407512023
-0.4326328800988875
-0.5959031657355623
0.7368552516547991
0.43392015869080086
-0.7776817676830104
0
0.16173177407316103
1.6022854303813163
-2.4572127139364333
0.7143752349918593
-0.3484320557491374
-1.3861138861138749
-0.037989109788535924
1.1274385609323507
-0.8142302392584242
0.03788835564537361
-0.16412069183184802
0.012645422357109604
2.8069288152737446
-2.8409789693764633
0.15189873417722094
-0.6572295247725032
-0.3307888040712497
1.7870819504723003
-0.4013042387760135
0.6295643414756987
1.1261261261261262
1.5713932195001152
-0.09745401388719144
-2.4509206194366566
-0.0625
-0.30018761726078513
0.6272738677706686
0.02493454681460314
0.049856662096483984
-0.21178522486608264
-0.14981273408240267
2.2755688922230615
-2.224938875305629
-0.9502375593898361
0.21459227467810296
0.39047739009951166
-0.8155583437892095
0.7463630613535708
-1.0421898543445447
0.2157086664128831
-0.48113446442136676
-0.7633587786259542
-0.24358974358974067
1.1438118493766838
-0.3684879288437074
0.5866598648131645
0.13947001394698985
0.43048873132439747
0.9329299041855745
-3.372470647014739
1.8872802481902822
-0.08880994671403773
-1.4984126984126926
0.2707232177388048
0.46284391874518166
-1.4589198873816198
1.1558441558441528
0.15406342277571516
-0.44866042815023716
0.8112284316250263
0.4215097713628903
1.7552785550750387
-1.9749999999999943
-1.7470033154807505
1.0642439974042888
-0.5650443046102595
-0.19372336303758234
1.4492753623188466
-0.6887755102040787
0
1.0660159260210575
-0.3812428516965307
-1.0588085214950829
0.5673027333677124
-1.7435897435897465
-0.0391440501043782
0.41770003915936976
0.2599766021058105
-1.7113963438350748
-0.7782614430813847
-0.5716564743419393
0.10696617194813053
-0.48083344463737443
0.08052610387867705
-0.670510929328148
0.891049007695411
0.8831794460056234
-0.5173099880620742
0.37333333333332724
0.9697130712008593
1.7497697671358972
-0.012929919834499967
-0.905211431527221
0.4828396189481986
0.10389610389609799
0.9340944473274579
1.1311053984575776
0.915099135739711
-0.5415617128463419
1.3042927694060977
3.049999999999997
-0.3396409509946573
0.547711781888997
0.4720978089819607
-2.096385542168672
0.39379768643858376
0.465800441284637
0.5490483162518301
-2.390486591433084
-1.0566882148184984
0.36436738283703696
0.03755633450176117
0.05005631335251874
1.1882426516572857
-1.1866501854140943
0.46284713535151933
-1.8428589216785043
-0.5201065584168348
0.4590665646518629
6.613353643056616
-6.8460531015597095
-0.8307770961145194
0.6701894574043106
-0.0768147484317018
-1.4990390775144196
0.7154006243496358
-3.189978044685514
-1.280683030949843
-0.2432432432432371
-0.09482525060959705
0.7593220338983082
1.4668281523348106
0.03978779840848203
1.6439082593132828
-0.8086604930220485
-0.26298487836949375
-0.8305866842452149
0.904014889657
1.225296442687741
0.7679291943251453
0.9170756910358963
0.08959426596698394
-0.48593350383631134
-0.6425083526085839
-0.5302638385928637
-0.28604862826681127
1.0301212674403413
0.1806917914300582
-0.5410976552434997
2.33160621761658
-2.8101265822784867
0.2865329512894042
-0.5194805194805194
0.0522193211488221
0.4044885177453057
0.5588044184535353
-0.8270871026104908
0.508209538702108
-0.44081420977570046
0.8073967964578781
-0.10334582095337401
0.025863183757926483
15.281189398836462
-1.7606818436694005
-4.178082191780825
1.2032404098165383
-2.6721600941730483
0.1451378809869431
0.07246376811594478
-0.8085928071445867
0.6205134444579661
1.5719467956469166
-0.9404761904761878
-2.0790770340103433
3.85370643102603
-1.7844481210115837
-2.647094212489472
-0.46965764429613993
-1.266608717248222
0.012577034335306594
1.8108651911468783
0.04940711462450312
-2.4320987654321042
2.2396558269011826
-2.4257425742574283
-0.038051750380511735
0.2664636467453398
-1.6198430777018562
2.0066889632107054
-1.626733921815886
2.9867965645430012
-0.21160069703758175
1.4593987775975965
-0.8359970494221729
-1.3141581948921426
-0.7412060301507509
1.0378433109732859
1.1148690968307768
-0.8424182358771144
1.0369815092453858
18.21441820205267
1.6631799163179892
-2.191583496244465
-1.0730065221965122
15.801786473840922
-2.6629935720844813
5.056603773584897
-0.31429597701149425
3.8735249076659763
-0.0867227473766369
5.589792552729806
-1.0275380189066996
-2.7325581395348912
4.850140893177371
2.3780438146428713
-1.0341261633919339
0.31347962382445876
-0.6169871794871832
-7.619124405385794
0.2269156920928728
-1.1407175200278767
-0.9689068968554567
0.9250200124522006
2.7584383537498858
-3.644939965694683
2.091677792612372
3.068875326939847
-1.641008289629512
-0.06879944960439925
0.1721170395869191
1.443298969072161
-0.9061653116531204
8.281343474916682
0.023677979479080864
-10.013414345458838
-0.5085934759733586
-0.04406839414771726
3.870910854422017
-7.410865874363324
2.466306041991369
2.1743020758768954
-2.171818898327365
6.203562796526738
1.6436277815239377
-3.6653122149431994
0.6283894292846651
-1.4114627887082978
1.422993492407817
7.554110702369746
0.5249761374482905
-0.5855356860262592
1.7112384590894618
-1.6120197198528943
1.7975025849041706
-1.2735369950777546
2.0813548591326514
-0.6202031165206605
0.007800920508612922
-3.681747269890799
0.43731778425656714
0.008063215610378089
2.0640167701362686
0.8768465123627386
1.5661707126076743
4.602929838087898
-2.2481020122355715
1.1536721459809949
-1.4759597465523633
4.668230309449954
0.043371403787762684
-4.1835260115607005
0.5052409320564095
-0.5702280912364878
0.36220947781466606
-5.04511278195488
0.39591416580885264
-1.885006703998745
0.17684887459807438
-2.8165623495426204
0.8009247791264178
-2.531127129750972
-0.1596772838053694
-0.9932659932659894
0.8331916340758335
2.3271500843170245
-0.725115359261697
-0.26560424966799845
-0.13315579227695648
-2.5
0.7264957264957265
-1.6631310988544683
1.208042108896367
2.4980816778923995
1.0979870237897227
-2.1474411716307498
0.39519044816278864
1.0971524288107126
0.40593157153509163
3.2755775577557795
-0.45538068227211354
-0.49759229534510796
0.13711889014357523
0.24164317358034634
0.20891924467656964
-1.1947718707401063
-0.14608018178866697
-0.5282834850455136
0.04902361304027363
-0.008166598611670808
0.04900359359685634
0.4000000000000074
0.3252296934710139
-0.9725261366399222
0.35191095834355957
0.19572663513291988
-0.0732541103695152
2.1177812169096684
-1.9462391321687875
1.8709834865370536
0.03992653517527749
1.7879948914431747
0.6822459222082846
-2.8117454630423033
-0.14425388684083623
0.4895666131621115
-2.0206053829566293
3.7821975872187883
-1.7279296261388626
1.7423273657288965
-0.03927729772191673
4.133595284872292
1.124443438231084
0.649253731343287
0.2965818936753911
19.64219708730687
12.46292634700938
6.697434206911714
1.956745623069001
5.080808080808076
-1.9561664904354426
-0.06863081523604543
-0.9026244787834237
10.999455472501376
2.573250680105241
-1.091304347826083
