0.1192131929266771
-2.7783290335384008
-4.6335986936109395
1.1344178082191805
4.126984126984127
-2.479674796747965
1.3547311379741558
2.3853588319967027
-0.4820245029122268
-2.7245206861755804
4.253112033195021
3.820895522388069
-2.1659957830170726
-0.7641065830720959
-1.3820335636722607
0.040040040040037764
-2.321392835701414
0.9834050399508204
-1.3187259078920675
-0.7195723684210527
1.0561192793539083
-1.2090163934426184
1.6386641775565187
0.20408163265306123
0.468431771894096
-1.8852625177376872
0.5578512396694192
0.8835011300595873
0.8553971486761688
-1.373182552504041
1.1466011466011512
-0.8299595141700451
2.2861808532353636
1.3370584713629992
-1.4178810555336725
-0.5393527766680075
2.108857200241012
-1.4162077104641992
-1.8555466879489249
1.2400894490750198
-1.1646586345381549
-0.6704591629418959
3.8044589895684235
1.5369458128078728
-2.522802251115844
-0.1393589488353551
2.55183413078149
1.1469673405909755
1.037862771478011
0.28533384059349437
-2.883156297420342
-0.11718750000000444
-1.1536957371920176
0.8902077151335311
-1.2549019607843093
1.0127084988085715
1.4350304698250465
-0.6976744186046556
-0.6245120999219338
-1.5318146111547548
-0.37893897088152717
1.0410410410410387
-0.356647513374284
-0.61642473652813
1.5006002400960383
-1.044746698206192
0.9163346613545862
-1.1646269245953482
-1.4979029358897544
2.270884022708838
0.8524980174464734
0.09828975820719481
-0.058915946582877333
1.8471212418942773
17.808219178082208
1.6377333770062232
-6.4776023203351665
0.27567195037905284
-0.6872852233676976
1.972318339100342
-0.10179843909060447
-1.290760869565202
-0.3441156228492773
0.36256906077346496
-3.8362291415792114
-3.3452593917710276
3.0908754395706177
-3.016157989227999
0.49981488337651453
4.531221219377422
-4.052863436123348
1.9651056014692463
0.36023054755043227
1.6152189519023687
1.253973860826547
-3.3490319204604804
2.310052337123255
-0.2645969306756042
-3.448885744605589
1.4654698662758747
0.8304748149485508
-0.17905102954341987
-1.094170403587448
-0.6347479143997099
-0.10950903449535002
-0.43851635300566005
11.72692237107726
-1.0348226018396773
-0.016597510373447758
-3.386454183266929
-0.5498281786941659
-1.5031098825155378
0.789335204350114
-0.1044204664114206
3.1184668989546998
2.3652644027707384
1.9640204654233335
0.064745872450646
-2.1837593011970236
2.5301802546717305
0.6935483870967668
1.5056863687329956
-1.5938141076219066
-0.24053880692751764
-2.7648288056582615
-2.8599768556786174
2.8080326752893123
0.4469458698890799
0.016479894528678766
-0.7249958807052196
-2.240663900414938
-1.629881154499155
-0.22437003797030627
-1.055180764573607
-0.10489510489510886
-2.9401470073503595
-0.2704652001442481
-1.0486349665521728
1.0780193678056078
4.844540853217635
-3.6206896551724137
-0.2862254025044763
0.5740940078938008
-1.088119871566183
3.1018935978358964
-0.08745845723281441
-1.7682072829131692
0.2495098912849719
0.8177777777777818
-0.05290072297655937
0.529287226534933
-8.388908388908382
8.237547892720306
-0.14159292035397425
-3.225806451612911
-2.875457875457884
3.318876107863478
0.9855813104581087
0.8675221398879575
0.08958967926894822
-1.2889366272825
0.5803409503083145
0.34258925351604347
0.14375561545372048
-1.1125067288713317
0.5806568680820053
-1.118527872992952
1.2953840540047477
1.2608069164265128
-0.14229811454999433
0.7659422871393068
-3.8182782393494823
1.6541077007902958
-1.8983908877237388
4.146701068927387
-4.707131481153782
4.085422469823584
0.6244424620874219
1.4893617021276555
-3.8609364081062236
0.8540795929493087
6.108108108108104
-7.980981490915266
0.2952574275696665
0.5151793928242787
0
-0.9701629141497263
0
-0.48059149722736094
3.9933135215453195
-2.1253795320592923
2.627737226277368
5.2453769559032715
1.0305794897786826
1.638795986622066
13.524185587364272
1.5652173913043412
0.9988584474885845
-3.6874823396439544
-2.8604958192753407
2.899426155240098
-1.966539477546225
13.233532934131734
-0.5552617662612285
0.15953203935122728
-1.7387841783912958
-1.1211670944211745
-1.9125683060109289
-0.3203342618384338
0.9780634343998882
-1.7849730178497427
-0.8030431107354089
1.1219997159494357
-0.8286516853932553
7.3927205778218275
0.9363048925227513
-0.7708387771100049
0
-0.27649769585253753
-1.676789015051483
1.7188129448099845
-0.17161716171616562
0.7934408886537953
0.6297559695617888
-2.2946544980443315
3.8163864424873264
-1.4781491002570695
-0.2478799739073682
0.4577556892492807
2.421559692748343
6.431930850387683
-1.1465424579003833
-1.5343723571342327
2.8220858895705523
-3.460620525059666
1.2608158220024779
0.34179687499999445
1.70316301703163
2.6913875598086126
-2.09668025626092
3.9024390243902385
0.022901637467084103
-2.2438465941614223
-1.862044735917552
4.116945107398568
-2.269340974212029
-0.4690981587897267
-0.9897490279250726
-2.749018207782924
-0.02447381302007409
5.128518971848223
-1.16427989288625
-0.8363764872187563
2.0076027559990606
-5.717945731920347
-0.6052371541501949
-2.758792096433459
-6.7092651757188495
-2.232876712328761
-0.5184251085890493
6.985915492957749
0.44760400210636875
-2.830930537352559
-0.5664958187213288
7.433532284319038
-2.196969696969694
2.0010327911179964
2.683204657638265
1.1586342906446556
0.7188985012793928
0.5806919912896146
-1.3711811402453666
8.756097560975604
-0.16819914779098452
2.246433786364147
1.5049983521915902
-4.7510822510822495
1.079422792864447
-1.888489208633101
0.09165902841430663
6.375915750915742
1.92618099644895
-5.479307432432441
0.3015748910979611
-0.7461024498886465
0.8190283855043272
-0.6231916314266662
0.11198208286674133
-1.029082774049222
0.41817359855335057
-4.423185143500277
-1.0715967969854006
1.2974645875490987
1.7391304347826033
-2.6103026103026
0.6285578747628029
-1.6381850324101328
-0.25161754133717024
-1.3693693693693667
5.711849957374252
3.1221198156682055
-1.664618478382301
-0.443081117927754
-2.5447905968275655
3.4777517564402864
0.6789634491343216
-1.832078228616395
-0.32058621479275873
0.9993108201240445
-0.1478448766063863
2.44874715261959
1.3229571984435773
-1.4044327408382657
0.22256843979523702
4.385964912280702
1.0530794596319517
0.6000000000000048
0.010463534581972276
2.5737602008788474
1.9991840065279503
-2.4700000000000046
2.0814108479442295
-1.225391723583773
0.34573927191376624
0.587758411025544
-0.7858150312311171
1.0966693744922897
1.4865407794294851
-2.6722090261282663
1.0372178157413103
3.613123993558774
0.9227780475959203
-1.6939364773821004
0.058742901899356055
5.733855185909971
-0.09254118082546733
0.8614301593182829
0
-2.7826246670952504
2.295484602304948
-6.002400960384163
-0.1866588073484603
-0.2952755905511811
0.3849950641658418
1.366899400137671
1.5521924718665114
-1.3660680168131405
-0.5520581113801497
2.6684846123880104
3.0734206033010683
-4.0401251610528135
1.3234871007960058
1.221012778040709
-0.35533944267815426
-3.4722222222222223
0.6805366517596734
0.5504055619930519
-0.46096225871506336
-0.5499276410998597
0.23282887077998554
-0.9775454897406138
0.12706480304956194
2.8406872315501666
1.7560512577123872
-2.509328358208964
0.6697923643670463
-4.343693565250445
-0.029809220985687057
1.7692078322234324
0.10743236644203757
1.4146341463414633
-0.1924001924001924
-1.9951807228915706
2.861919748229754
-0.8126971985849507
0.21206863312124716
1.3755290496344925
0.40800834993831997
-3.78000378000378
0.8446277745040177
-0.4479937670432323
0.4108784973586427
-0.8671083398285356
0.6781326781326871
-0.40023428348302775
-0.8036851906302002
-3.3988736290880324
1.2682827043060219
-6.1104938895061105
1.2048192771084263
8.492772108843548
2.28274713431958
2.0881226053639805
-6.15500093826233
4.299140171965607
0.8435582822085845
10.798479087452463
-0.26595744680850286
1.9096774193548427
0
-2.7939562758504377
1.1635984716915675
1.69957081545064
0.01688048615800519
0.6075949367088646
0.17614494212379708
-0.45214770158250556
-0.740179998317788
3.813236166426574
0.008162598971523665
3.7789748612471397
-0.2202123476209166
-2.750847324032481
0.7699789268925272
0.43432799806966066
-0.6887162649155231
1.6127731634545603
-2.356955797158941
-0.5526657997399367
1.258581235697948
0.3389830508474613
1.1341698841698769
-1.614570905909485
-0.7275666936135813
2.353420195439747
0.2227703079003862
-4.572517266015729
1.4225106064387436
0.008202099737525349
-0.5494956122365329
1.2617516081148097
0.6678068246599738
-1.3429334196262366
0.9512095120951135
0.519860287547729
0.7838383838383876
0.20044900577293137
0.232055693366397
1.0458246846559267
1.5643517421189819
-3.3916763905095224
1.2480876076978822
4.207094003499273
0.8013432038464474
1.1205330102967863
1.662174303683741
-1.5466195315952276
-0.00748055056851504
3.3066507069649167
-1.2890144108914607
2.288900300784979
1.1905615721150495
-0.9355730384860759
0.9515632825355909
2.6506024096385605
0.10356255178127588
-1.1793916821849877
-0.0558347292015602
4.155027932960894
2.078444518940664
-2.6141215106732316
-0.040466716125995575
0.9311112610485246
-4.004278360853004
9.603064066852374
0.057182794332541045
-0.1397002794005617
-0.038153376573821
0.07633587786259831
-0.2987541317060797
-0.197641058335984
0.12137472850388804
0.5933771454092998
2.752759101864778
-2.067901234567901
