1.3112380339474043
-0.8257900587581459
-1.4551641313050403
-2.4637946093067695
5.857975843398588
-1.638699270159152
0.07600000000000363
0.5655701666733319
0.5564277339480534
0.3142230390703669
0.4708431836091339
6.27267201317674
-5.361821469426923
1.380332215550187
-1.5576923076923077
-0.6544246923227193
0.22023399862353393
-0.9672925618537521
0.1763284067044527
0.0672428455589984
-0.1739233551396364
0
0.873111722663295
1.2757605495583906
-0.6511627906976815
0.22237827715356873
0.2958464712522834
0.29303318455269484
-0.7488245196494017
0.3392209615159774
0.6644905572394462
0.7527504342790967
-0.4674329501915639
1.932404342135646
-2.01095166163142
0.06937084497543818
0.0442895380408479
0.35800900796859464
-0.3663214422708163
0.8296598587075856
-2.357770141275296
0.6393586860885682
-0.24285048181535593
-0.2843398835374891
-0.3007753754809583
0.6464630634513292
1.0607859548046792
0.12903971341627476
0.35199753794072175
0.06325231925170939
0.54592471985442
1.3088207277576647
1.3332831863399692
0.7849905355750895
-2.156180375260076
-0.16560653393052394
0.1413760603204524
0.0545882352941108
-0.8033261842946875
0.7112105752271133
-0.1431207864110477
1.8368347603062578
-1.7722222222222188
-0.1772147125916812
0.1775293206670673
-0.5674641328733361
-0.17633005953509884
-0.16904404642062787
-3.144977168949775
-0.2828687606812351
-3.7290940251758204
0.2885205647636661
1.5404705066209625
-1.3020937989792263
-1.085141903171957
0.15025213543275048
-0.46241111430802745
0.14246484834719378
-0.10721207372891464
-0.30959752321981426
-1.5113871635610765
1.2213579987387084
-0.45066561442131475
-0.2774648474986288
-0.1506244639233641
1.3115715812189732
-2.3927205046013817
0.1525488368151154
0.13539242648613573
0.09084379093252593
1.8869915781919613
0.4868347454993681
0.8122706469302691
1.0470347648261722
0.12345179308670695
0.23649263234491172
-0.6069772131478194
-1.4506279291525495
2.7092683328529743
2.2228903587893294
-1.182376125022045
0
0.5714739265020888
1.7027069686686171
-2.1941141094534977
0.23801967629324022
1.1397815418711306
0.26021286586320597
-1.27622207044589
0.5238085825542093
1.7579046720150941
0.6898550724637647
-1.702266490106892
-3.080827801639988
1.5470770718343376
0.9740130926403564
-0.41256556845641534
2.5112939180524996
-3.2849665152798058
-1.3848817080207625
0.47618086802121534
1.2470630760889283
-1.6204530128128807
0.7983710005846546
-1.6741004460267581
0.43124491456468306
1.0390504739528514
2.954796030870996
-2.959559181448237
0.7423904974016333
-0.7628114481467322
0.23080319511901415
-1.0932900822971179
1.9252960825994607
-3.07670917252613
-0.7787363977293686
-2.321498647169375
0.342545408411389
-1.6858076072068275
-0.03643768084877973
-2.697371242334581
3.5698545614808284
-2.6531914893616984
-0.6054247808886809
-1.068695575688283
0.02222716159146477
-2.9266666666666628
0.6959228990682791
-0.19551231045534942
-1.1412040728001722
1.2903225806451613
-0.08871701546859954
-0.6739372965096505
-0.05730659025787966
-2.3417431192660634
3.0930740505883354
-3.4399489702934205
-0.6794696362006365
4.472896574659133
0.25010800118232873
-1.1589666825429308
0.6356126663607118
-1.434206626080207
-0.8929397612658546
-0.5952103076420335
0.0915772418813381
-0.6310702388213894
0.21956229194702606
0.666666666666671
0.2106100671612103
0.4880554842024061
-0.018590816136832635
-1.4782447006321928
0.6888742096819811
0.3256794751640027
-0.5137906069735398
0.40141787365901466
-0.1683422960018662
0.20609864630662283
1.075118029261908
-1.3319150904129944
0.9163346613545902
4.1499268479598665
-0.14716375312166347
1.6680809253717972
-1.142129192382877
2.32397964851475
0.3148409510368038
1.6688311688311768
0.0021289731962158415
-2.546197734820733
0.9917860887801387
0.92796885139519
-0.4157825928545326
3.1270849026148753
-2.9633958011603156
3.00658092821197
-0.02922999832972577
0.3675702769307958
-0.5493362187357057
-1.7261580951583881
-0.1767122996018496
0.6675766753401713
-0.39407614568104105
2.054750813604736
-0.01458971633422577
-0.8442424747769532
-2.7897491958710834
0.3914359861591774
0.21541974537386094
4.01969003245846
-1.2295674815564877
1.5879989957318528
0
-0.3995469055709945
0.35772626703333826
-0.008241645032340962
-0.2822996084895903
-0.11365280102494162
-0.5233977409077781
0.6363730893210017
0.2624454960633138
-2.2280390782802333
0.0189725319898085
0.7166041394427348
0.5775750219729513
-0.16853231242976685
-0.21466830620454308
-2.7361209741426125
-1.0049819618622269
2.9522776572668192
-0.42139862202650596
-0.6982501428238927
0.5497432400758405
-1.311746381571969
0.8589220528237063
-0.4130295933574545
0.4681888147768008
-1.1596978401957656
-0.7857911733046287
2.6060540305956463
-0.5054350124772775
1.3900992624396997
-1.4276430263516564
0.9570395576350489
0.10532968190436065
1.0921717171717096
-0.6036761797706031
-0.8963538503424003
0
1.6229580947148046
-0.32439851109400186
0.03546617153109169
0.49635036496350743
-0.5291773885614676
-0.33379926146913397
-4.896071002449093
-0.2707223665096464
-3.387698351393701
0.14391447368419388
3.5698806998334818
0.19381552286142592
-1.857469445177174
0.5442694917911659
-0.1715304076631726
-1.3879900921607529
-0.9911520445339589
0.2605535620414517
0.5767433378165862
1.9945602901178603
3.3577777777777857
0.4859065597385447
-1.9192502728031287
-0.3054101221640489
-0.087527352297593
-0.12921594393341296
0.7390188811648827
-0.31128912882581267
-0.8319685555191694
1.9663539877570835
-0.9998488349493637
0.0763458685978536
-0.006538939384016051
0.0021797889964132507
0.35093837870829314
-0.06516356053694773
-1.288906277169192
0.06605746999889904
0.057212014523057846
0.19792834993732267
-0.6606527512565651
0.8815731330092716
-1.4214065135022589
-0.14663408131527136
1.6820932716269217
0.29978118161925205
1.0166459410519966
-1.006414271213536
0.5519558435325214
-0.8396615317856329
0.6060871277596617
-0.293605915615485
1.3654706074817398
0.5035398420520246
-0.8607215501552258
0
-0.9956158348271249
-2.491165306923778
1.109619686800903
0.039826533321516776
2.857522006458193
0.46445619920009146
-2.103933906938919
-0.8373598023568349
0.12567245788869869
-0.5240790082135112
1.8262313226342004
-0.9239130434782609
5.213384530992877
-0.6756897666367864
-1.2009994330946694
0.1593879502709595
-0.9060046679397373
0.3832730231462569
-0.36047950172773424
0.27401365786826326
-3.7616617920198268
-0.5057787439827697
0.33444070366324047
0.27777160507544274
-0.8731108451890383
-0.33309487615129296
-0.6415001233654165
0.3679707429397066
0.31938821412505214
0.18609030985158026
-1.9648651672820898
0.08902686785218221
0.011403548784381698
0.002280449704669319
3.3111374623734338
-0.3796574253928973
0.6270495435611136
-1.2528900143124437
1.556437586406798
0.7619005796592466
-1.1897757730273988
0.09482853677362844
-0.1542257865515114
-0.3618871088750727
-0.462860433184206
0.6852820113472062
-1.303780964797914
-1.350110829993511
2.2083522469360006
0.6795016987542347
-0.6506539623723505
-2.0069265606962
1.556411418214767
-0.28554219555179206
-0.2975458063938628
-0.37472512677827774
-0.027027635757558014
0.033793678329240545
0.3017882077384025
-0.648913238728232
-2.2125793839130257
0.14560414162892163
0.14770026078326454
0.059914736720828754
-1.0317588263743391
-0.47238964000651995
-0.3600654664484367
0.462267692885297
-0.33868217597458716
-0.6257616949470286
-0.8372444046130987
0.6611806117109659
2.570645496644934
1.2508062286925317
6.133545671709712
1.487642279908247
-1.9389587073608656
-0.099080276563195
-0.5756667600957445
-0.6180335689812205
0.3905823823343417
-1.110676404103642
-0.7626876497351434
-0.39202657807308566
1.7699508594045195
-0.6751294544342161
-0.013198416190065195
5.596867162405961
-0.34584774365599324
-1.745693259742432
0.8979296550843633
0.9679664269596691
1.3513513513513475
-1.9144770736733567
2.8216656861921017
0.053127362635124624
-1.0558562238333467
0.619220607661823
-0.14974973332239644
-0.47252182845403184
1.7215398905975774
0.7000953753119991
-0.8141221989359915
-0.044697277529455876
-0.40855319321924394
0.030614119231789704
-0.5488451807720485
-0.49648154606814965
-0.12577060266799373
0.05573905862922828
-0.9408463490622373
-0.7102539001478902
1.7453324942311688
0.15257102799885666
1.7333662714097458
0.7709741389776894
-1.78919255406734
-0.014312586897845304
2.040858060162354
0.9158500170344241
-1.3305266502502184
-0.17308698627380678
-1.9012096774193585
-0.48708305074295205
-1.2990499793473695
1.06505408968215
-0.23395445134575946
0.6952082511880798
0.628580849923746
-0.8315071579249075
-1.383697156192561
0.9423886410755795
1.300802887906886
1.7449004669451915
-1.042673107890503
-0.34986371587811355
1.4186568687487242
0.241521585991748
1.04206404979419
4.52865432000637
5.678383362165652
0.7375427235114229
-1.3839285714285714
0.4689904934359373
-0.670463557061492
0.4155174916533703
-0.22948627599791704
-2.1244611873799992
0.11102681297533354
-0.18483946692297737
-0.13333086424326823
0.018542898996829166
0.5710154062922965
-0.2783564068058963
-2.4900177462289395
0.18388974198564387
1.5403247171025174
0.9895639209839799
-1.7161521285822368
0.6026924015696186
0.3284685155462723
0.38691915621861267
2.394099988881885
