-1.4084507042253533
5.71428571428572
-4.054054054054058
-1.4084507042253533
4.28571428571429
1.3698630136986314
-5.405405405405411
1.42857142857143
-5.633802816901398
1.492537313432837
4.41176470588234
1.4084507042253533
-4.1666666666666705
1.449275362318842
-2.857142857142844
1.4705882352941024
0
0
-4.34782608695651
-4.545454545454549
0
1.5873015873015888
0
1.5625000000000013
1.5384615384615399
1.5151515151515165
-4.4776119402985115
0
-1.5625000000000013
0
1.5873015873015888
1.5625000000000013
-1.5384615384615399
0
0
0
-3.1250000000000027
-1.612903225806453
1.6393442622950836
-1.612903225806453
1.6393442622950836
0
-4.838709677419359
1.6949152542372898
0
-1.6666666666666683
0
1.6949152542372898
-3.3333333333333366
1.7241379310344844
0
1.6949152542372898
-1.6666666666666683
-1.6949152542372898
0
1.7241379310344844
-3.3898305084745797
0
0
1.7543859649122824
6.896551724137938
9.677419354838719
0
4.41176470588234
4.2253521126760605
9.459459459459469
-2.469135802469138
2.531645569620255
-6.172839506172845
-3.947368421052635
0
-4.109589041095894
0
-4.285714285714274
2.9850746268656576
0
4.347826086956526
2.7777777777777803
-5.405405405405411
0
-1.42857142857143
1.449275362318842
0
0
1.42857142857143
2.8169014084507067
-4.109589041095894
1.42857142857143
-5.633802816901398
-4.4776119402985115
6.250000000000005
1.4705882352941024
0
2.898550724637684
-4.2253521126760445
1.4705882352941024
-4.34782608695651
-1.5151515151515165
4.615384615384619
2.9411764705882213
-4.285714285714274
2.9850746268656576
-2.898550724637668
1.492537313432837
0
2.9411764705882213
1.42857142857143
2.8169014084507067
1.3698630136986314
4.054054054054058
0
3.8961038961038996
-7.500000000000006
0
-2.7027027027027053
0
0
1.3888888888888902
-2.739726027397263
0
0
1.4084507042253533
-2.7777777777777803
1.42857142857143
-2.8169014084507067
1.449275362318842
-2.857142857142844
-1.4705882352941189
2.9850746268656576
0
-1.449275362318826
1.4705882352941024
-1.449275362318826
1.4705882352941024
-2.898550724637668
1.492537313432837
-5.8823529411764754
-1.5625000000000013
3.1746031746031775
-1.5384615384615399
-1.5625000000000013
3.1746031746031775
0
1.5384615384615399
3.030303030303033
1.4705882352941024
2.898550724637684
0
0
1.4084507042253533
-1.3888888888888902
1.4084507042253533
-1.3888888888888902
-2.8169014084507067
-1.449275362318826
0
-1.4705882352941189
0
-1.492537313432837
1.5151515151515165
-2.985074626865674
0
4.615384615384619
1.4705882352941024
-2.898550724637668
0
-1.492537313432837
1.5151515151515165
-1.492537313432837
-1.5151515151515165
-1.5384615384615399
1.5625000000000013
1.5384615384615399
1.5151515151515165
2.9850746268656576
0
-2.898550724637668
0
-1.492537313432837
0
0
1.5151515151515165
0
0
-1.492537313432837
1.5151515151515165
2.9850746268656576
2.898550724637684
1.4084507042253533
4.1666666666666705
-8.000000000000007
0
-2.898550724637668
0
4.477611940298495
2.85714285714286
-1.3888888888888902
-1.4084507042253533
-1.42857142857143
2.898550724637684
-2.8169014084507067
1.449275362318842
1.42857142857143
0
-2.8169014084507067
1.449275362318842
-5.714285714285704
1.5151515151515165
-2.985074626865674
1.5384615384615399
0
0
-1.5151515151515165
0
1.5384615384615399
-1.5151515151515165
0
0
1.5384615384615399
0
0
0
-1.5151515151515165
0
4.615384615384619
1.4705882352941024
-1.449275362318826
0
-1.4705882352941189
1.492537313432837
-1.4705882352941189
-1.492537313432837
0
1.5151515151515165
-1.492537313432837
0
9.090909090909083
1.3888888888888902
6.849315068493157
1.282051282051283
-10.12658227848102
1.4084507042253533
-1.3888888888888902
1.4084507042253533
-1.3888888888888902
0
0
0
1.4084507042253533
1.3888888888888902
-1.3698630136986314
1.3888888888888902
-2.739726027397263
-2.8169014084507067
1.449275362318842
0
0
0
-5.714285714285704
0
3.030303030303033
5.8823529411764595
-4.1666666666666705
1.449275362318842
0
1.42857142857143
-2.8169014084507067
1.449275362318842
-1.42857142857143
0
0
1.449275362318842
-1.42857142857143
1.449275362318842
-2.857142857142844
1.4705882352941024
-2.898550724637668
1.492537313432837
1.4705882352941024
0
0
0
1.449275362318842
-1.42857142857143
-2.898550724637668
0
0
0
1.492537313432837
1.4705882352941024
-1.449275362318826
1.4705882352941024
0
0
-1.449275362318826
1.4705882352941024
-2.898550724637668
0
0
1.492537313432837
-1.4705882352941189
0
0
0
-1.492537313432837
1.5151515151515165
-4.4776119402985115
-4.687500000000004
1.6393442622950836
1.612903225806453
3.1746031746031775
0
-3.0769230769230798
1.5873015873015888
-3.1250000000000027
0
-1.612903225806453
0
4.9180327868852505
0
-3.1250000000000027
0
-1.612903225806453
1.6393442622950836
1.612903225806453
0
-1.5873015873015888
1.612903225806453
3.1746031746031775
0
-3.0769230769230798
0
1.5873015873015888
1.5625000000000013
-3.0769230769230798
1.5873015873015888
-3.1250000000000027
1.612903225806453
-6.349206349206355
1.6949152542372898
-3.3333333333333366
0
-5.172413793103434
1.8181818181818197
8.928571428571415
1.6393442622950836
-8.064516129032265
1.7543859649122824
-3.4482758620689498
1.7857142857142674
0
0
3.5087719298245648
1.6949152542372898
-1.6666666666666683
-1.6949152542372898
0
0
0
-1.7241379310344844
0
1.7543859649122824
1.7241379310344844
1.6949152542372898
-5.000000000000004
3.5087719298245648
-6.77966101694914
0
-1.8181818181818197
0
1.8518518518518534
1.8181818181818197
-3.5714285714285743
0
-3.703703703703707
0
1.9230769230769247
1.8867924528301903
-1.8518518518518534
1.8867924528301903
0
0
-1.8518518518518534
1.8867924528301903
-1.8518518518518534
0
-3.7735849056603805
0
-1.960784313725492
0
2.0000000000000018
1.960784313725492
1.9230769230769247
-1.8867924528301903
7.692307692307699
0
5.357142857142842
1.6949152542372898
-5.000000000000004
0
-1.7543859649122628
0
8.928571428571415
1.6393442622950836
-6.451612903225812
1.7241379310344844
0
1.6949152542372898
-3.3333333333333366
1.7241379310344844
0
1.6949152542372898
-1.6666666666666683
0
-1.6949152542372898
0
0
1.7241379310344844
-5.08474576271185
0
1.7857142857142674
-1.7543859649122628
-1.7857142857142871
0
0
-1.8181818181818197
3.703703703703707
0
0
-3.5714285714285743
1.8518518518518534
0
5.454545454545439
1.7241379310344844
-5.08474576271185
1.7857142857142674
-3.508771929824545
3.636363636363619
-1.7543859649122628
-1.7857142857142871
1.8181818181818197
-1.7857142857142871
1.8181818181818197
0
0
0
1.7857142857142674
1.7543859649122824
-5.172413793103434
3.636363636363619
1.7543859649122824
0
-3.4482758620689498
1.7857142857142674
-3.508771929824545
0
0
-1.8181818181818197
1.8518518518518534
0
1.8181818181818197
-3.5714285714285743
1.8518518518518534
0
-1.8181818181818197
0
-1.8518518518518534
0
1.8867924528301903
