-5.24714828897338
7.865168539325831
-6.39880952380952
2.14626391096979
7.00389105058366
1.8181818181818181
-4.714285714285715
3.0734632683658183
-6.763636363636362
7.176287051482059
-5.385735080058226
1.1538461538461566
-1.1406844106463905
4.153846153846147
-0.8862629246676457
1.9374068554396406
-4.3128654970760225
-0.6875477463712747
-0.7692307692307665
3.48837209302325
-4.344569288389514
0.07830853563038205
3.286384976525821
0.7575757575757683
-1.2781954887218039
-1.7517136329017549
0.7751937984496097
2.6923076923076894
-2.846441947565536
2.5443330763299925
-1.1278195488721832
0.2281368821292727
-3.186646433990895
1.4106583072100292
5.409582689335403
2.6392961876832803
-1.2857142857142836
0
-1.4471780028943637
2.64317180616741
-3.433476394849788
3.7037037037037037
-1.7142857142857157
-1.5261627906976678
-0.7380073800738112
3.4944237918215664
-3.23275862068965
-0.14847809948033666
-1.0408921933085413
3.0052592036063137
-0.8023340627279446
2.058823529411773
-3.746397694524505
-0.5988023952095815
-1.9578313253012034
0.23041474654378755
2.6053639846743284
0.07468259895444201
-1.567164179104484
-0.5307050796057641
1.448170731707327
0.6761833208114189
-1.6417910447761241
1.5174506828528154
-0.8968609865470926
1.8099547511312233
-3.7037037037037037
-1.3846153846153824
3.5881435257410224
0.8283132530120574
-4.256908140403288
3.744149765990643
-3.1578947368421044
0
0
-2.1739130434782696
3.492063492063488
2.3773006134969363
-2.546816479400748
1.3835511145272845
-0.9855951478392647
2.6033690658499222
-2.61194029850746
-1.8390804597701165
1.6393442622950747
1.3056835637480795
-1.1372251705837784
1.6104294478527674
-5.207547169811316
-3.503184713375806
6.518151815181525
4.337722695584822
-2.3756495916852285
-0.9125475285171178
-2.225633154259395
4.3956043956043995
-3.0075187969924837
-2.3255813953488427
0.23809523809524713
-1.0292953285827455
2.8799999999999955
2.2550544323483743
-2.053231939163495
2.4844720496894293
-2.1212121212121167
2.8637770897832757
-0.4514672686230152
0
1.2093726379440675
4.032860343539949
-4.73797559224695
-1.2810851544837976
0.9923664122137464
0
0.6046863189720337
2.178812922614569
-4.117647058823533
3.1441717791411055
-0.8178438661709996
-2.1739130434782545
-0.22988505747127308
1.4592933947772757
-4.239212717638156
0
1.264822134387353
2.966432474629188
-2.9567854435178074
1.3281249999999993
-1.3107170393215106
-0.39062500000000555
-1.1764705882352968
0
0.15873015873015536
-0.7923930269413602
2.875399361022374
0
-3.0279503105590106
0
-0.08006405124099109
1.7628205128205037
-2.755905511811021
-0.8097165991902805
1.1428571428571475
-1.1299435028248632
4.571428571428576
1.483216237314594
-2.0769230769230735
-2.3566378633150094
0.8849557522123849
1.9138755980861262
0.9389671361502425
2.325581395348829
-3.787878787878788
-1.4960629921259805
1.7585931254996054
2.985074626865664
-3.5087719298245545
-0.7114624505928843
-0.3980891719745279
1.119104716227023
-2.2924901185770823
-0.8899676375404485
-0.8979591836734647
0
3.8714991762767617
-2.3790642347343294
3.1681559707554734
0
-1.653543307086607
3.682946357085661
-3.088803088803078
2.6294820717131477
-8.07453416149069
2.6182432432432474
-2.962962962962973
1.2722646310432602
3.7688442211055366
-1.9370460048426166
2.05761316872428
1.532258064516125
-0.5559968228753002
-0.1597444089456835
-1.519999999999996
18.03411860276197
1.651754989676533
7.650643195666898
-11.823899371069187
0
12.268188302425111
-0.5717916137229978
4.728434504792334
5.24710189139719
-4.695652173913036
1.277372262773706
-6.36636636636636
-0.5772931366260414
-4.4516129032258025
1.2829169480080993
1.9333333333333276
6.147809025506876
-2.957486136783736
1.2698412698412653
-2.6332288401253914
0.1287830006439237
-0.9646302250803881
-1.9480519480519527
-1.390728476821186
-0.6044325050369366
1.148648648648648
1.5364061456245734
-4.73684210526315
0.20718232044198454
1.4472777394900127
1.9021739130434738
-2.06666666666667
-1.9741320626276322
7.152777777777773
5.638366817887239
-1.472392638036822
7.098381070983815
-0.8720930232558057
0.8797653958944198
-0.4069767441860482
10.916520723876248
-5.789473684210534
1.9553072625698404
-4.383561643835621
1.7191977077363938
-5.3521126760563345
0
0.8928571428571344
1.1799410029498483
-0.583090379008734
2.6392961876832803
-4.857142857142866
-0.30030030030028326
-0.6024096385542254
0.6060606060606146
-0.3012048192771127
0.3021148036253819
-0.3012048192771127
1.81268882175227
8.308605341246281
3.8356164383561606
-0.7915567282321825
1.5957446808510676
-5.497382198952883
2.216066481994452
-6.775067750677507
2.034883720930241
-5.9829059829059865
2.12121212121213
-4.451038575667655
1.863354037267063
-5.792682926829264
0.32362459546926026
-5.1612903225806495
-3.0612244897959138
2.4561403508771904
2.739726027397263
4.333333333333335
1.5974440894568689
2.8301886792452895
0
-0.30581039755352113
0
-1.5337423312883436
2.180685358255438
-2.134146341463402
2.180685358255438
-1.8292682926829096
-0.621118012422369
-0.31250000000000444
2.1943573667711687
-3.067484662576687
2.215189873417708
-1.2383900928792526
2.507836990595625
-2.7522935779816575
3.144654088050303
-2.743902439024386
-1.8808777429467018
-0.6389776357827454
0.9646302250803767
1.2738853503184782
1.2578616352201324
-2.7950310559006275
-0.31948881789137834
-0.3205128205128137
3.5369774919614194
-4.968944099378886
0
-1.307189542483667
2.980132450331133
-3.215434083601286
0.33222591362125536
0.6622516556291367
-0.9868421052631486
-1.9933554817275794
2.7118644067796636
-0.9900990099009924
1.0000000000000024
-0.3300330033003347
1.6556291390728477
-2.280130293159607
2.666666666666669
-4.220779220779223
6.44067796610169
-4.458598726114645
3.999999999999998
-3.2051282051282053
2.6490066225165587
-2.5806451612903247
2.3178807947019844
-4.8543689320388355
2.040816326530617
-7.000000000000004
0
0.35842293906810546
2.142857142857148
-2.097902097902103
-1.4285714285714235
0
2.8985507246376705
-5.985915492957745
0
-1.8726591760299627
0.3816793893129825
-0.3802281368821347
0.7633587786259515
-1.893939393939394
2.316602316602322
-4.52830188679245
2.3715415019762762
2.7027027027027137
-1.8796992481203008
2.2988505747126355
2.2471910112359605
-4.761904761904764
1.9230769230769231
-1.5094339622641455
0
0.3831417624520991
1.9083969465648856
-1.1235955056179803
0.7575757575757683
1.5037593984962352
-1.8518518518518519
1.5094339622641455
-0.3717472118959029
0
2.61194029850746
-1.6727272727272757
-0.14792899408283708
0.8888888888888831
-3.303964757709246
3.720577069096433
0.2928257686676365
0.802919708029206
-1.8826937002172324
1.8450184501845017
0.14492753623188095
3.256150506512296
3.01331464611072
-3.4013605442176873
0
-1.9718309859154886
-0.14367816091953717
0.35971223021581966
2.8673835125448055
-3.1358885017421554
2.0863309352517923
-2.607470049330509
3.4008683068017285
-3.0790762771168616
2.093862815884483
-1.4851485148514911
1.5793251974156544
-2.4734982332155453
1.3043478260869543
0.21459227467810701
1.356174161313344
-7.323943661971826
2.2036474164133675
0.3717472118959161
0
-3.999999999999994
4.089506172839501
3.780578206078575
0.3571428571428622
9.96441281138789
2.2006472491909377
-6.3331222292590255
4.124408384043281
-0.38961038961039285
2.0208604954367697
2.236421725239614
-2.8124999999999956
0.9003215434083524
-1.2109623964308445
1.4838709677419382
0.7628734901462124
-0.4416403785488977
-3.0418250950570256
1.4379084967320186
2.4484536082474277
-5.849056603773583
5.477621910487632
-4.243191893603547
-1.785714285714283
1.8181818181818155
-1.785714285714283
1.0101010101010126
-1.6666666666666667
-0.33898305084746244
1.7006802721088436
0.20066889632107784
-1.2016021361815734
0.40540540540539677
-1.0767160161507412
-0.6802721088435351
0.3424657534246624
-0.3412969283276499
0.6164383561643826
0.8849557522123948
-1.8218623481781346
0.893470790378
0.8174386920980994
0.47297297297296287
-2.2864828513786137
1.7894012388162408
2.636916835699801
6.3899868247694265
1.2383900928792746
-1.1620795107033717
0.24752475247524225
7.037037037037041
6.689734717416379
-4.270270270270266
1.637492941840763
-8.111111111111116
1.813784764207985
-4.156769596199521
2.8500619578686543
2.8313253012048123
4.7451669595782
-3.8590604026845514
2.3851076207097157
-4.65909090909091
1.9070321811680588
-1.8713450292397675
1.1918951132300315
-1.8256772673733728
1.3797240551889434
-1.597633136094672
1.563439567047514
2.427471876850208
-3.468208092485557
6.946107784431139
1.847704367301242
0.16492578339745784
0.9330406147091203
-2.2294725394236004
0.05561735261400451
15.397443023902188
11.078998073217711
1.4744145706851686
2.5641025641025705
-4.416666666666662
-6.277244986922411
2.697674418604643
2.128623188405808
-2.749445676274949
-1.0487916096671246
-5.714285714285707
