0.3350083752093731
0
9.51585976627712
6.402439024390249
0
0.28653295128940237
-3.999999999999996
-0.4464285714285672
-9.715994020926766
8.609271523178801
-8.841463414634143
3.5117056856187316
-1.2924071082390907
0
0.16366612111293194
1.6339869281045751
-1.9292604501607762
1.639344262295082
-3.8709677419354818
4.02684563758389
0
-3.8709677419354818
4.02684563758389
-3.225806451612903
1.4999999999999976
0.9852216748768496
-3.4146341463414656
4.2087542087542085
-3.0694668820678492
1.4999999999999976
-0.6568144499178958
-0.8264462809917356
8.333333333333334
6.153846153846154
-1.5942028985507164
0
1.3254786450662612
-1.1627906976744145
-0.2941176470588277
0.29498525073746734
0
0
-1.3235294117647143
4.918032786885263
-0.9943181818181858
3.012912482065989
-2.506963788300832
-0.4285714285714245
0
0
-0.1434720229555359
9.195402298850583
-5.789473684210534
0.27932960893855147
-3.4818941504178276
-3.318903318903315
-0.1492537313432751
2.5411061285500574
-4.081632653061221
3.3434650455927097
0
0
4.411764705882353
3.0985915492957785
-2.322404371584703
-4.335664335664328
2.1929824561403506
0.14306151645206625
-0.28571428571428975
0.28653295128940237
-0.5714285714285795
-7.183908045977012
4.179566563467497
3.863298662704322
-3.290414878397727
-11.09467455621301
15.640599001663892
12.086330935251807
-18.356867779204112
-0.9433962264150966
3.6507936507936463
2.603369065849928
-0.1492537313432751
3.5874439461883276
-3.8961038961039005
-6.6066066066065945
5.305466237942118
3.2061068702289988
-2.5147928994082673
-0.15174506828529366
-0.6079027355622971
0
0.7645259938837919
0.1517450682852721
10.3030303030303
2.3351648351648393
-2.147651006711402
1.5089163237311307
-2.297297297297301
-5.947441217150757
8.529411764705879
-7.859078590785905
7.205882352941185
-6.447187928669414
1.7595307917888603
-1.873198847262264
5.580029368575641
1.1126564673157122
-2.888583218707027
-0.8498583569405019
6.428571428571429
0
3.758389261744963
4.527813712807244
-5.940594059405937
-5.2631578947368425
2.2222222222222143
3.1250000000000155
-3.030303030303045
1.902173913043486
-2.933333333333337
0
15.659340659340666
-7.1258907363420425
1.5345268542199524
0
2.1410579345088014
-1.7262638717632448
3.387703889585951
4.126213592232999
-2.331002331002331
-2.147971360381858
-4.878048780487805
-0.12820512820512092
-0.3851091142490518
-7.087628865979382
3.4674063800277395
0
4.55764075067025
0
-0.384615384615381
-7.078507078507078
7.202216066481998
0.25839793281652274
-0.12886597938143599
-0.3870967741935447
0
-6.476683937823834
0.41551246537395725
5.655172413793095
-2.2193211488250504
-1.201602136181583
1.3513513513513513
-3.7333333333333294
3.8781163434903005
-0.13333333333332575
-1.201602136181583
10.405405405405409
-2.325581395348844
-6.64160401002506
0.26845637583893
0
-2.677376171352075
2.8885832187070073
-1.0695187165775364
0
-1.3513513513513513
1.36986301369863
-2.7027027027027026
2.7777777777777777
-2.7027027027027026
-6.388888888888881
9.792284866468833
0
3.1081081081081043
10.091743119266058
-9.761904761904765
8.179419525065967
-8.41463414634147
6.125166444740358
-8.406524466750316
5.068493150684936
-6.258148631029983
0
1.6689847009735586
0.6839945280437757
0.2717391304347865
0.8130081300813125
-0.8064516129032372
0
-0.13550135501354243
0
7.598371777476247
-1.6393442622950785
-1.410256410256403
-0.2600780234070258
-0.26075619295958646
-8.49673202614379
8.571428571428571
-5.2631578947368425
2.0833333333333335
8.02721088435375
-4.282115869017639
1.184210526315797
2.4707412223666987
2.030456852791889
-1.7412935323383154
-0.12658227848100545
-1.3941698352344847
0.1285347043701909
-0.2567394094993618
2.8314028314028348
-7.0087609511889974
1.8842530282638033
-3.038309114927341
-0.5449591280654028
-5.2054794520547905
4.335260115606936
-2.077562326869806
1.8387553041018347
-1.250000000000008
-1.969057665260185
12.338593974175026
-0.2554278416347418
-2.6888604353393015
0
2.5000000000000075
-0.3851091142490518
-0.5154639175257623
0.5181347150258957
-0.38659793814432625
-2.0698576972833047
2.3778071334213964
2.4516129032258136
-2.5188916876574305
-2.0671834625323107
1.3192612137203166
-6.1197916666666705
-1.1095700416088727
8.695652173913047
-1.935483870967742
4.605263157894737
-4.40251572327044
3.289473684210526
-1.5286624203821693
0.9055627425614526
-2.692307692307685
10.40843214756257
-5.608591885441531
1.137800252844508
-6.624999999999997
3.614457831325305
-0.5167958656330822
-6.2337662337662305
1.3850415512465373
5.601092896174856
-5.821474773609315
3.2967032967033045
-4.7872340425532025
6.005586592178787
-0.9222661396574476
0
-2.393617021276592
0
-3.8147138964577807
0
-1.274787535410753
0
2.582496413199422
-3.2167832167832127
0.5780346820809125
-6.321839080459759
8.74233128834356
-0.846262341325823
-0.9957325746799471
1.4367816091954024
-4.674220963172801
7.429420505200595
-2.351313969571235
-7.648725212464577
4.907975460122704
-6.286549707602355
7.644305772230899
3.9130434782608736
-3.905160390516035
1.4513788098693758
0
0
-1.5736766809728304
4.651162790697679
-5.694444444444437
6.038291605301906
-3.1944444444444406
8.751793400286935
-8.179419525065967
1.2931034482758703
-1.1347517730496413
8.464849354375882
-7.936507936507937
4.45402298850576
-4.126547455295736
3.012912482065989
-0.6963788300835655
0.7012622720897616
-1.253481894150406
-8.180535966149522
5.990783410138258
-1.4492753623188406
0.8823529411764622
0
1.3119533527696876
0.14388489208632277
-4.741379310344824
14.630467571644047
-9.736842105263165
-6.559766763848397
8.736349453978175
0.28694404591105144
-7.153075822603719
7.395993836671797
-1.4347202295552366
-6.404657933042221
7.15396578538104
0.2902757619738587
-1.4471780028943562
0
0
2.496328928046994
-3.438395415472767
5.9347181008902075
-9.103641456582633
7.858243451463781
-7.142857142857143
-0.1538461538461451
-2.7734976887519323
2.694136291600627
-4.783950617283942
6.482982171799027
-3.3485540334855446
-5.354330708661416
2.4958402662229617
1.1363636363636294
-3.852327447833064
4.674457429048422
-2.0733652312599746
2.768729641693816
-2.218700475435814
2.1069692058346794
-1.1111111111111156
-2.4077046548956664
-2.631578947368412
4.5608108108108025
-0.5169628432956386
1.9811627151672604
-2.8980891719745228
-6.526730075434563
6.596491228070171
3.6866359447004644
-8.82539682539683
0
4.247910863509758
1.870407481629922
-0.36065573770491616
-0.46067785455742205
-0.03305785123967459
-0.16534391534390597
0
0.13249420337859935
-2.514058881905397
1.7645062775704092
-9.269756585528503
10.216832047041521
-0.6668889629876602
0.7049345417925507
-0.1333333333333305
-1.8691588785046804
1.1564625850340131
0.7061197041022221
0
0
-0.1669449081803029
0.06688963210703387
0.06684491978609483
0
-0.06680026720106738
-11.430481283422465
7.018867924528299
5.430183356840618
-10.13377926421404
15.37030145143282
-10.193548387096774
-1.2212643678160915
7.418181818181815
15.064319566689244
-4.589585172109451
-10.545790934320069
7.893829713891758
8.59424920127796
-5.85466313621654
-9.031250000000002
4.774991411885952
2.6557377049180286
-3.800702650910245
-0.39840637450199534
4.966666666666661
0
1.5242934264845998
0.0938379730997846
4.562500000000003
-1.374775851763302
5.99999999999999
-0.22870211549456346
-2.9226361031518513
-5.548996458087374
-0.28124999999999956
6.392980256972745
-5.773195876288673
6.2832135042200745
-0.6470588235294085
2.989934872705737
-2.9606208680655395
6.309241706161146
-13.597102256896068
9.60980328926153
-5.94292438952634
-6.130747575852353
6.59780073308896
1.0003125976867893
-0.9904054472299716
9.09659268521413
-6.418338108882527
1.0410287813839665
-0.6363636363636389
-5.458981396767305
6.451612903225806
-8.18181818181818
7.062706270627054
0
1.2022194821208403
0
-2.5890953396283822
-0.2501563477173291
-7.3354231974921635
8.18673883626523
-0.4377736085053176
-8.825376884422107
13.675508095074058
-0.030303030303024274
-8.88147923613217
9.048569527611452
-3.2031726662599165
0
2.9624960605105617
-0.5203550658096164
-4.769230769230771
3.360258481421645
-2.4695217255392286
1.8910256410256405
-2.4850581944007524
3.870967741935493
-7.298136645962737
3.785594639865993
-0.29051000645577746
-0.2913564260278403
-0.09740259740260108
3.9974000649983763
-2.187499999999998
5.431309904153353
0
