-2.909090909090912
2.247191011235957
-9.89010989010989
-0.40650406504064174
10.204081632653061
9.25925925925926
-2.711864406779663
2.0905923344947754
0
2.3890784982935096
-7.33333333333334
0
1.7985611510791464
2.473498233215542
-2.4137931034482705
0.7067137809187285
-2.456140350877203
1.079136690647491
-5.338078291814943
3.383458646616536
-2.5454545454545396
2.6119402985074567
0.727272727272728
6.137184115523463
-6.802721088435365
3.649635036496337
-7.746478873239428
2.2900763358778646
-1.492537313432837
3.4090909090909034
-2.930402930402933
0
-1.886792452830182
3.8461538461538494
-4.814814814814827
-2.334630350194555
-0.3984063745019836
1.999999999999993
-3.13725490196077
-2.024291497975719
2.0661157024793497
0.40485829959513303
9.274193548387096
2.583025830258297
7.1942446043165535
7.046979865771811
2.5078369905956137
4.892966360856273
-9.32944606413995
-4.823151125401926
0
0
-4.729729729729734
-4.9645390070921875
0
-1.492537313432837
6.439393939393937
4.270462633451961
-4.436860068259397
1.7857142857142954
-3.859649122807013
-2.9197080291970825
5.26315789473683
3.5714285714285747
-4.482758620689651
0
-1.4440433212996402
0.7326007326007332
2.5454545454545396
1.4184397163120581
-3.4965034965035
2.173913043478263
-3.5460992907801296
-0.7352941176470594
-1.1111111111111203
4.1198501872659135
-1.7985611510791304
1.831501831501825
2.8776978417266212
-2.0979020979020997
-1.42857142857143
-0.36231884057970243
3.2727272727272676
0
-2.1126760563380302
0
-2.517985611510786
0
0.3690036900369089
-2.2058823529411784
0
0
-0.3759398496240688
-0.7547169811320762
3.041825095057037
2.583025830258297
-2.8776978417266057
0
-3.333333333333344
1.1494252873563313
-1.5151515151515165
0.3846153846153764
-0.38314176245209913
1.9230769230769162
-1.1320754716981059
0
0.7633587786259548
4.166666666666662
-3.9999999999999956
-0.3787878787878875
1.5209125475285186
2.996254681647943
-4.727272727272723
3.053435114503819
-1.4814814814814827
2.631578947368415
-4.761904761904758
1.9230769230769162
-1.886792452830182
-0.38461538461539346
-0.7722007722007729
0
-1.1673151750972688
0.7874015748031503
-1.5625000000000013
0
-3.968253968253972
0
-2.892561983471068
0
4.680851063829782
0
-2.4390243902439046
-0.8333333333333341
-2.1008403361344463
-4.721030042918449
0
-4.954954954954969
0.4739336492891105
-4.7169811320754755
0
4.455445544554449
-2.3696682464454892
4.368932038834944
-5.116279069767436
2.9411764705882377
-2.3809523809523934
2.4390243902439157
1.9047619047619064
2.803738317757012
0
2.2727272727272645
-0.444444444444435
2.678571428571411
-3.0434782608695583
3.1390134529147913
-5.652173913043474
0
-1.8433179723502322
-1.8779342723004713
-0.9569377990430631
3.864734299516912
-2.325581395348829
2.3809523809523725
-6.976744186046508
2.499999999999991
-0.975609756097562
3.44827586206898
-4.2857142857143
-0.49751243781093474
-2.500000000000002
1.5384615384615399
-0.5050505050505055
0
1.01522842639594
3.015075376884414
-1.463414634146332
0
0
-0.990099009900991
0
0
-1.5000000000000013
1.52284263959391
-1.0000000000000009
2.020202020202022
-1.980198019801982
1.010101010101011
-2.0000000000000018
2.040816326530614
-0.5000000000000004
4.522613065326636
0
3.3653846153846074
1.395348837209314
4.5871559633027355
0
4.8245614035087865
0
4.6025104602510405
0
4.800000000000004
0
4.961832061068698
0
4.727272727272723
-9.027777777777771
-4.961832061068698
0
-4.819277108433739
0
-4.641350210970478
0
-4.867256637168136
8.83720930232558
0
2.5641025641025665
0
-5.000000000000004
-1.315789473684202
0.8888888888888897
-0.8810572687224677
-1.3333333333333246
1.3513513513513424
0.8888888888888897
0.4405286343612241
4.385964912280706
4.201680672268911
-6.04838709677419
3.0042918454935554
-2.500000000000002
2.5641025641025665
-4.583333333333329
3.930131004366806
-0.8403361344537823
0.8474576271186449
-4.201680672268911
1.3157894736842215
-2.5974025974025996
-2.2222222222222143
4.090909090909084
4.36681222707424
-4.602510460251059
3.5087719298245648
-1.2711864406779578
-3.0042918454935745
0.8849557522123902
-1.315789473684202
-0.8888888888888897
2.690582959641258
-0.873362445414848
0
-1.3215859030836918
1.7857142857142674
-5.701754385964908
-3.720930232558143
-0.4830917874396033
-2.9126213592233037
-2.0000000000000018
0
3.571428571428563
2.955665024630545
1.9138755980861262
0.9389671361502356
-3.255813953488365
0.9615384615384623
-3.333333333333347
2.955665024630545
0.9569377990430631
4.26540284360191
-1.3636363636363749
0.9216589861751161
-1.8264840182648419
-0.9302325581395358
0
0
0
0
-1.408450704225343
1.9047619047619064
-2.803738317757012
1.9230769230769247
-1.8867924528301903
0.4807692307692205
-1.4354066985645841
1.9417475728155356
-3.809523809523813
0.4950495049504845
0.4926108374384351
0.4901960784313621
0
2.4390243902439157
-2.3809523809523934
2.4390243902439157
-1.9047619047619064
-0.4854368932038947
-0.48780487804877015
-1.960784313725492
1.0000000000000009
-0.4950495049505065
-0.9950248756218805
1.5075376884422125
-0.990099009900991
2.499999999999991
-2.926829268292675
0.5025125628140708
-1.5000000000000013
1.52284263959391
-5.000000000000004
0.5263157894736847
3.1413612565445055
4.060913705583749
-6.341463414634141
2.0833333333333353
2.040816326530614
0
-1.5000000000000013
1.52284263959391
-1.0000000000000009
3.5353535353535275
-6.829268292682922
2.094240837696337
-1.5384615384615399
-1.5625000000000016
1.0582010582010593
3.6649214659685896
-4.545454545454549
2.645502645502648
-2.5773195876288684
0
-2.6455026455026363
0.5434782608695656
0.540540540540541
1.612903225806441
-2.6455026455026363
-2.1739130434782625
1.111111111111112
-3.8461538461538494
4.571428571428576
0
-1.6393442622950833
1.666666666666668
-4.91803278688525
2.2988505747126458
-4.494382022471914
0
-3.529411764705886
0
-4.878048780487796
-4.487179487179491
0
2.684563758389264
1.960784313725492
4.487179487179477
0
4.907975460122704
0
4.678362573099419
0
4.469273743016764
0
4.812834224598922
-1.5306122448979607
-1.5544041450777217
-2.631578947368412
-2.702702702702705
3.8888888888888924
3.743315508021382
-8.247422680412368
2.8089887640449462
-7.103825136612027
1.1764705882352953
-2.325581395348839
-3.5714285714285614
0
4.3209876543209775
-5.9171597633136015
0.6289308176100634
-0.6250000000000006
3.144654088050303
0
4.878048780487809
-3.488372093023259
2.40963855421687
-4.705882352941168
1.8518518518518396
-3.6363636363636265
0
-3.1446540880503173
0
-4.545454545454549
-3.40136054421769
6.338028169014089
3.973509933774838
0.6369426751592362
2.531645569620255
1.8518518518518396
4.848484848484853
0
4.624277456647403
-7.182320441988956
4.1666666666666705
4.571428571428576
1.6393442622950833
-4.8387096774193585
3.3898305084745792
-2.732240437158472
1.1235955056179785
-3.333333333333336
4.02298850574713
-2.7624309392265216
2.2727272727272747
-2.7777777777777803
-2.85714285714286
0.5882352941176476
2.9239766081871372
-2.8409090909090935
4.093567251461992
-3.9325842696629247
-0.5847953216374274
2.941176470588238
2.85714285714286
-2.7777777777777803
-1.142857142857144
1.1560693641618507
-1.7142857142857157
2.906976744186049
0.5649717514124298
-2.247191011235957
2.2988505747126458
-1.6853932584269677
-2.285714285714288
1.1695906432748548
1.1560693641618507
-5.142857142857147
2.40963855421687
-1.1764705882352953
0.5952380952380958
-1.183431952662723
3.5928143712574885
3.4682080924855523
3.351955307262573
-2.162162162162164
0
-3.314917127071826
-1.7142857142857157
1.7441860465116295
1.142857142857144
-2.8248587570621493
1.1627906976744196
-1.7241379310344842
0
-0.5847953216374274
0
0
2.941176470588238
-4.571428571428576
1.7964071856287442
-2.3529411764705905
0
1.204819277108435
0.5952380952380958
-2.366863905325446
1.2121212121212133
-0.5988023952095815
-1.204819277108435
1.2195121951219523
0
-1.204819277108435
1.8292682926829285
-1.7964071856287442
-1.2195121951219388
1.2345679012345552
0
0.6097560975609762
