0.5692307692307762
1.5756463209423213
-4.352409638554214
1.936702881435987
-0.7259808464627636
2.691769099113109
-4.984848484848482
0.46244618083239947
-2.0634920634920637
0.1620745542949757
-0.5177993527508165
4.960962914769031
0.030993336432674025
2.2308288148721886
2.697378390665263
2.390438247011942
2.5363885286064307
4.371047083626145
0.5925127928898434
3.3333333333333304
-3.4719523254307494
1.4628908871292412
-6.362433862433865
-3.616329990111601
-1.2164736919243668
2.077151335311573
-0.5959302325581428
2.0617049276210007
2.5358166189111815
3.1018583205253503
-2.3715950670822608
-1.7212659633536893
5.889830508474582
0.8670134720554888
0.48928854800316474
-1.302803000394786
5.14666666666667
-1.775297996449404
4.337722695584821
0.22271714922048433
-4.246913580246911
1.5729757607013837
-1.9801980198019689
0.5180005180005179
-0.927595980417424
0.4161248374512413
-2.836052836052848
0
-0.9462881514060921
-0.8342303552206735
0.8955223880597046
1.3851533082302252
0.1326435866825839
0.6755861703536923
-3.1710526315789505
1.3452914798206248
-1.327433628318581
1.8888435928794642
-2.200586823152841
1.1864175644347532
-1.2398921832884158
1.8013100436681286
-2.386058981233238
1.5929689645701604
-4.528250878615842
0
-1.6565198923969888
-0.6622516556291423
5.66666666666667
2.8528322589493835
3.5071342845712854
1.7521257407884447
-1.7599392251202808
1.288825879623663
-3.193790558595244
1.9978969505783446
-5.3350515463917505
-0.626191124421457
1.9863013698630136
2.350570852921424
-3.241469816272972
2.0073240200732494
-1.6221247174577909
0.5541289363427521
-1.7338709677419324
0.6702229517165883
-3.0434782608695623
0.056053811659189635
5.644257703081226
0.7556675062972353
0.17105263157894138
1.4054906081702412
2.383419689119168
0.4554655870445373
-1.2846347607052955
0.7910181168665534
-3.3924050632911333
-5.110062893081761
8.036454018226998
1.9043967280163572
-1.7433839207324693
1.3530763339290302
-1.309823677581861
1.3272077590607423
0.6045340050377777
0.8888332498748152
-1.8116391611862543
6.103879691646667
10.54073368270605
1.05592069820062
1.26879198208764
0.6527690040008471
-2.6882845188284565
1.0426744061055624
-4.819148936170208
-1.1735777355538168
2.2393123727663373
0.011061946902657382
2.543966375400951
-3.904648905188226
0.22449208665394546
-0.0895956994064234
-1.0985315547584427
-1.6547659526238139
-0.9796012446698167
-3.398510242085666
0.6024096385542169
-2.1077844311377274
0.11010521164668183
-1.0142979347427539
1.728395061728395
0.7281553398058253
-1.2530120481927682
0.31722791605661577
-2.9554852833860457
0.25065797719012406
-3.7379672459057356
0.38961038961038963
-0.6080206985769787
-0.5336457113106742
-1.688039780162273
2.48901903367497
-2.8961038961038903
0.05349739200213685
5.961769816869404
0.5802951936419716
1.2542330364981815
4.236343366778155
-2.745098039215689
2.138318670576735
-3.624835506639545
0.5461767626613676
-2.135802469135797
-2.4851772423363245
1.423027166882277
-1.530612244897959
0.8937823834196862
-0.8473488252664043
-2.1623721351806204
-0.21175224986765784
4.363395225464188
1.4868471216164756
-4.244928625093912
-2.4323264025107916
-2.0774695081088326
0.875992335067065
-2.089552238805967
2.730044345897995
-1.524349116417099
-0.6438356164383624
3.8742589273404144
0.21237058667374872
-4.940397350993371
2.4940783056987565
1.9168026101141955
-0.3067893824196436
2.2745517795022745
0.9942438513867116
-3.1088082901554404
-0.22727272727273334
-2.036714457992755
0.6702229517165883
-0.1494565217391335
1.333514763913467
-1.7188129448099996
0.6421642300860836
-0.02715177844149409
0
0.29875067897882207
-1.056051990251837
-0.7936507936507875
0.41379310344827586
-0.7142857142857205
-1.203652462645259
4.607197871446573
1.1378848728246318
-3.0972865651886137
0.8059008332195025
0.013550135501358095
-0.14903129657228326
-1.7639077340569878
-2.044198895027618
-0.5781161872532462
1.2764146929513545
-1.6944405545441845
0.1709401709401774
1.5358361774743963
0.9243697478991628
-1.2212045517624297
-0.8991289688114608
1.4601644457045746
-0.7125890736342074
-1.350971010413738
1.169757489301005
-0.18330513254372083
-0.6921881621697948
-0.4694167852062524
0.5716735743890238
-2.6858036094926945
1.51869158878506
-0.3020713463751471
0.014427932477279286
0.1731102135025868
0.849654377880181
5.354847922319006
0.2981837896448964
1.054054054054048
2.701257020593748
-3.242187499999997
-1.4668281523348106
-1.652553947009017
1.374809054298011
-2.1506849315068557
-1.413971720565576
0.5680204487361544
-0.04236091499577354
5.495126430286761
-2.6780931976432782
5.132085855806284
-0.013087292239238678
1.6099476439790517
0.4766198634548558
-0.07692307692307984
0.15396458814473254
-3.420445810914687
-0.1459079453508453
-2.1785334750265646
-1.7789244975556795
1.7696668049218953
-2.717022143730471
2.1365731043150333
-2.7481542247744084
3.599044003936458
0.027140724657354523
-4.626237959571296
-0.21337126600284495
-3.6065573770491737
-2.9872818692694536
-6.371951219512188
7.440573103223693
-3.394453705106831
2.7607843137254937
6.655472446954666
0.4723057106054035
2.6495726495726526
-0.9991673605328956
1.9063638912251224
0.2475928473177379
19.017563117453353
-0.6225501498731816
-5.023201856148487
1.0870892878954412
1.1841469308844796
0.07165034631000988
-3.377088305489255
-0.2346548104236249
-0.1980688289180378
1.2155792607293419
-3.247549019607843
0.31665611146295125
0.5555555555555527
-0.5399296835760867
-1.0983461684130849
-0.9318355884605508
-1.4688828759180488
0.6276971361318104
-0.1299545159194282
-0.026024723487318865
-1.535858388650261
0.21150033046926936
-0.6331618519984261
1.5000663746183551
-0.43159822129218783
-1.484303165637719
0.9066666666666606
0.1189217758985321
-2.283225551009643
0.3916801728795215
-1.9238530875823967
-0.9602194787379973
0.4432132963988983
0.523993381136232
-0.30178326474623396
-0.9356081452944351
-0.7361111111111048
-0.11193507765496966
-2.969603585936396
0.9527934170636507
-0.1859001859001794
0.4011461318051511
-0.699200913242006
0
-0.9053024859893598
-1.3196055684454788
-0.74944893460691
5.122890139176787
-5.7887323943662
-0.31394827328450037
3.134373125374939
0.6252726479569514
-2.6300578034682145
-0.25230038587116826
-1.7259336408272612
4.163512490537472
-3.793604651162794
-0.7554011179936546
-3.105495509209922
0.2356637863315004
-3.683385579937304
-0.08136696501220504
1.9706840390879516
-0.5430442421338408
-0.06423638991490138
-0.8677486742728552
-0.5673528934997568
0
-0.7499184871209689
3.4822601839684704
-3.2063492063492136
1.0495244342407497
-1.9961051606621336
-0.6458022851465437
0.9333333333333371
0.08256274768824307
-1.5838970466919686
-2.4140821458507924
1.065109087785592
1.3768485466598714
-3.470824949698178
1.476463435817266
5.049640534063676
-0.1629460648525338
-1.077199281867149
1.5344002639828336
-1.8849528761780994
0.8777740973832509
0.41044163519947463
0.719424460431651
0.22727272727272357
-1.0851959831551559
-1.9158342885213762
-1.1018363939899871
-4.7940580688723795
1.0638297872340425
-8.403508771929822
-0.2873012832790653
-16.596235113330778
1.7964071856287451
0.24886877828054813
3.610923042202663
-2.5049008930516226
2.524575513851643
-4.162126825016336
-2.205547976352885
-1.6507788886305563
-0.2364066193853428
-3.4834123222748787
3.093542843113176
-4.6915932364848745
6.896551724137937
-6.358111266947169
-1.2481278082875686
-1.466127401415574
-0.10261672652643256
-2.388289676425258
-1.3680610365693358
-5.601493731661777
-0.904210228878211
-1.8819503849443873
1.1333914559720943
3.994252873563212
2.2381873445703295
-0.8108108108108109
3.542234332425068
3.289473684210526
-0.12738853503184713
-1.0204081632653061
-0.5154639175257731
0.33678756476684235
0
1.5233668990446623
0.3306205493387618
-0.6590621039290299
-0.9951518244450057
0.4639175257731988
2.616726526423804
-2.5250000000000057
-3.0520646319569065
-3.0687830687830746
0.8187772925764193
-4.006497022198147
-0.7050197405527354
-1.6188582788980532
0.4907621247113296
1.264004596380344
-1.7588652482269471
-1.8192318798729457
0
3.6176470588235325
1.0502412716434824
-0.0842696629213515
-1.8273826258082655
10.595647193585338
1.7348524080787129
-0.38177653346907614
-1.3796627491057685
5.751295336787562
-3.3806957373836384
-1.0649087221095306
0.3844182470527934
-1.7360224661730945
0.2857885164977976
-2.797927461139899
0
-2.4520255863539417
-1.639344262295082
7.97222222222222
-0.025726781579615617
-1.363870303654146
-1.3827289329506942
5.238095238095241
3.0165912518853695
-2.6598340653977632
-0.10027575833541671
-0.6022584692597183
-1.893461247159808
1.7241379310344798
0.6071338224133511
-1.5086748805632386
0.995659943834576
-1.9716885743174952
0.18050541516245194
0.7464607464607406
0.22994379151763775
-0.9686464440479253
2.3166023166023164
-3.647798742138365
1.775456919060055
-3.7968188814776838
1.3333333333333333
-7.000000000000006
-1.8109790605546061
-0.8933717579250786
1.8028496656004787
-1.6852327906312579
-1.2202208018593808
-0.9117647058823596
-1.7215791035915569
-3.322259136212624
0.2811621368322328
4.392523364485989
-1.5219337511190756
5.090909090909094
0.2595155709342495
-1.7256255392579811
