-3.053435114503819
0
-1.5748031496063006
-1.6000000000000014
0
1.6260162601626031
-3.200000000000003
1.6528925619834727
-2.4390243902439046
1.6666666666666683
0
-1.6393442622950836
0
-1.6666666666666683
3.3898305084745797
-1.6393442622950836
0
-1.6666666666666683
0
1.6949152542372898
0
1.6666666666666683
-3.278688524590167
1.6949152542372898
-2.500000000000002
0
0.8547008547008556
0.8474576271186449
0.8403361344537823
0
0
0.8333333333333341
-0.8264462809917363
1.6666666666666683
0
0
0
1.6393442622950836
0
0
-1.612903225806453
0
1.6393442622950836
0
0
0
1.612903225806453
0
-1.5873015873015888
0.8064516129032265
0.8000000000000007
-1.5873015873015888
0
0
-1.612903225806453
-1.6393442622950836
0
-1.6666666666666683
0
-1.6949152542372898
0
-0.8620689655172422
2.6086956521739157
0
1.6949152542372898
0
-1.6666666666666683
0
1.6949152542372898
0
0.8333333333333341
0
-1.6528925619834727
-0.8403361344537823
-0.8474576271186449
-1.709401709401711
3.478260869565221
0
0
1.6806722689075646
-3.3057851239669453
0
1.709401709401711
1.6806722689075646
-2.479338842975209
1.6949152542372898
-0.8333333333333341
0.8403361344537823
-1.6666666666666683
1.6949152542372898
0
1.6666666666666683
0
-1.6393442622950836
3.3333333333333366
0
-1.612903225806453
-1.6393442622950836
0
0
-1.6666666666666683
0
0
0
1.6949152542372898
1.6666666666666683
-1.6393442622950836
1.6666666666666683
0
0
0
-1.6393442622950836
0.8333333333333341
-0.8264462809917363
2.500000000000002
1.6260162601626031
0
0
-1.6000000000000014
1.6260162601626031
-3.200000000000003
0
-1.6528925619834727
-1.6806722689075646
2.5641025641025665
-1.6666666666666683
3.3898305084745797
0
1.6393442622950836
0.8064516129032265
0.8000000000000007
-1.5873015873015888
2.4193548387096797
1.5748031496063006
0
1.5503875968992262
0
1.5267175572519096
0
1.5037593984962419
0
1.4814814814814827
0
1.459854014598525
0
0
1.4388489208633106
1.4184397163120581
0
1.3986013986013999
0
0
1.3793103448275874
0
1.3605442176870761
0
0
0
-1.342281879194632
-1.3605442176870761
0
0
1.3793103448275874
0
0.6802721088435381
0.6756756756756763
-2.0134228187919483
-0.6849315068493157
-0.6896551724137937
-1.3888888888888902
0
-1.4084507042253533
0
-1.42857142857143
0
-1.449275362318826
0
-1.4705882352941189
0
-1.492537313432837
0
-1.5151515151515165
0
0
0
1.5384615384615399
0
0
1.5151515151515165
0
1.492537313432837
1.4705882352941024
-0.7246376811594049
0
-1.4598540145985412
0
-1.4814814814814827
-1.5037593984962419
0
-1.5267175572519096
2.325581395348839
-1.5151515151515165
0.7692307692307699
-1.5267175572519096
3.1007751937984525
0
0
0
-1.5037593984962419
0
-1.5267175572519096
0.7751937984496131
-2.3076923076923097
-1.5748031496063006
0
1.6000000000000014
-3.1496062992126013
1.6260162601626031
-1.6000000000000014
1.6260162601626031
-1.6000000000000014
1.6260162601626031
-1.6000000000000014
0.8130081300813016
0.8064516129032265
0
0
0
1.6000000000000014
1.5748031496063006
-3.1007751937984525
-1.6000000000000014
0.8130081300813016
-0.8064516129032265
-0.8130081300813016
1.6393442622950836
0
1.612903225806453
0
1.5873015873015888
0
1.5625000000000013
0
1.5384615384615399
0
1.5151515151515165
0
1.492537313432837
0
1.4705882352941024
0
1.449275362318842
0
0.714285714285715
0.7092198581560291
-0.7042253521126767
-0.7092198581560291
-1.42857142857143
0
-1.449275362318826
0
-1.4705882352941189
0
-1.492537313432837
0
-1.5151515151515165
0
-1.5384615384615399
0
-1.5625000000000013
0
-1.5873015873015888
0
-1.612903225806453
3.278688524590167
1.5873015873015888
0
1.5625000000000013
-3.0769230769230798
-1.5873015873015888
0
-1.612903225806453
0
-1.6393442622950836
0
-1.6666666666666683
0
-1.6949152542372898
0
-1.7241379310344844
0
-1.7543859649122628
0
-1.7857142857142871
0
-1.8181818181818197
0
-1.8518518518518534
0
-1.8867924528301903
0
-1.9230769230769247
0
-1.960784313725492
0
-2.0000000000000018
0
-1.020408163265307
0
-1.0309278350515474
0
-1.0416666666666676
0
0
-1.0526315789473695
-1.0638297872340317
0
-1.075268817204302
0
0
-1.0869565217391313
-1.0989010989010999
0
-1.111111111111112
0
-1.1235955056179785
0
-1.1363636363636374
0
0
-1.1494252873563229
-1.1627906976744196
0
-1.1764705882352953
0
-1.1904761904761916
0
-1.204819277108435
0
-1.2195121951219388
0
-1.234567901234569
0
-1.250000000000001
0
-1.2658227848101276
0
-1.282051282051283
0
-1.2987012987012998
0
-1.3157894736842117
0
-1.3333333333333346
0
-1.3513513513513526
2.739726027397263
1.3333333333333346
-2.6315789473684235
-1.3513513513513526
0
-1.3698630136986314
0
0
-1.3888888888888902
-1.4084507042253533
0
-1.42857142857143
0
-1.449275362318826
0
0
-1.4705882352941189
-1.492537313432837
0
-1.5151515151515165
0
-1.5384615384615399
0
0
-1.5625000000000013
-1.5873015873015888
0
1.612903225806453
-3.1746031746031775
-1.6393442622950836
0
-1.6666666666666683
0
-1.6949152542372898
0
-1.7241379310344844
1.7543859649122824
-1.7241379310344844
0
-1.7543859649122628
3.5714285714285543
1.7241379310344844
-1.6949152542372898
1.7241379310344844
-3.3898305084745797
1.7543859649122824
-1.7241379310344844
1.7543859649122824
0
1.7241379310344844
0
1.6949152542372898
0
1.6666666666666683
-3.278688524590167
0
-1.6949152542372898
-1.7241379310344844
3.5087719298245648
1.6949152542372898
-3.3333333333333366
-1.7241379310344844
0
0
-1.7543859649122628
0
-1.7857142857142871
-1.8181818181818197
0
1.8518518518518534
-3.6363636363636394
-1.8867924528301903
0
1.9230769230769247
-3.7735849056603805
1.960784313725492
-3.8461538461538494
0
-2.0000000000000018
2.040816326530614
-2.0000000000000018
2.040816326530614
-2.0000000000000018
2.040816326530614
-2.0000000000000018
0
2.040816326530614
0
-2.0000000000000018
2.040816326530614
0
0
-2.0000000000000018
0
0
0
0
0
0
0
0
0
0
0
0
0
0
0
0
0
0
0
0
2.040816326530614
-2.0000000000000018
0
0
0
0
