8.056872037914689
3.947368421052625
-8.18565400843881
0
1.5624999999999993
-1.8099547511312313
0.46082949308756416
-3.669724770642205
-3.523809523809516
-4.244817374136243
0.618556701030933
-1.6393442622950836
-3.124999999999989
-1.6129032258064553
11.803278688524589
0
0.9775171065493611
-3.678606001936116
3.9195979899497546
0.5802707930367553
-0.9615384615384581
6.7961165048543615
-5.727272727272735
1.2536162005785998
-2.6666666666666607
-0.09784735812132864
-0.7835455435847215
2.171767028627827
3.2850241545893706
1.9644527595884085
4.954128440366964
-3.846153846153842
-4.909090909090901
2.294455066921591
2.7102803738317847
6.915377616014556
-4.25531914893617
-1.7777777777777715
-3.8009049773755645
-0.0940733772342574
0.3766478342749616
3.189493433395871
-2.818181818181823
0
5.893358278765208
-1.9434628975265074
-3.3333333333333264
-1.6775396085740886
11.848341232227487
0
2.4576271186440604
2.1505376344086002
-2.348178137651815
9.867330016583743
-9.433962264150944
2.0833333333333335
-5.714285714285708
2.1645021645021645
-2.4576271186440755
2.085143353605562
-6.808510638297879
2.2831050228310503
5.35714285714287
5.0847457627118615
-3.3870967741935476
4.173622704507513
-1.9230769230769247
-8.088235294117649
9.511111111111113
-5.6818181818181905
0.9466437177280655
12.4467178175618
-7.7331311599696715
-1.807723911257195
0.41841004184101016
2.0833333333333335
-0.6530612244897965
-8.792111750205425
9.72972972972973
-15.024630541871922
17.487922705314016
-1.3157894736842117
-5.583333333333333
7.678729037952332
-13.524590163934416
2.3696682464454977
3.6111111111110996
-0.3574620196604035
0.8071748878923753
-0.7117437722419935
1.2544802867383564
-1.5044247787610612
6.199460916442043
1.522842639593906
-0.08333333333333155
5.08757297748123
-3.8888888888888906
4.459124690338571
-8.616600790513832
6.833910034602068
-0.8906882591093072
-1.960784313725492
8.000000000000007
4.012345679012342
-0.8902077151335385
0
-1.197604790419163
-1.893939393939394
-0.23166023166022673
8.281733746130033
-7.07648320228735
2.3076923076923133
0.6015037593984968
3.8863976083706993
-4.604316546762594
-1.9607843137254886
14.692307692307692
2.2803487592219978
-4.8524590163934445
-0.7580978635423806
-2.430555555555553
-3.558718861209964
2.5092250922509214
-1.7278617710583168
5.71428571428571
2.2176022176022196
8.27118644067797
5.510331872260494
-3.026706231454015
2.2031823745410004
-5.389221556886219
4.430379746835438
-6.181818181818179
0.12919896640826598
-3.6129032258064546
7.0950468540830025
-7.6250000000000036
2.97699594046009
-4.599211563731939
2.617079889807168
-2.2818791946308714
0
-5.082417582417584
-1.0130246020260534
3.0701754385964906
2.056737588652489
-7.644197359277285
2.9345372460496657
-2.0467836257309897
0
2.6865671641791002
-4.433139534883717
8.136882129277568
-7.594936708860759
3.0441400304413895
-1.7725258493352913
4.58646616541353
5.535585909417682
-4.427792915531337
-2.5659301496792546
0.8778346744696358
-1.305293691080491
0.6612784717119755
1.8248175182481752
-4.372759856630821
0.8245877061469223
-0.3717472118959029
-1.8656716417910448
-1.0646387832699662
5.3036126056879285
-4.379562043795618
5.1908396946564865
-2.975326560232222
-3.8893044128646195
2.957198443579773
-1.7384731670445988
0.07692307692307529
3.3820138355111413
-1.7843866171003602
-0.45420136260409155
2.509505703422054
0.8902077151335254
-2.05882352941176
2.927927927927932
-3.42815463165573
-2.2658610271903377
1.2364760432766626
2.5190839694656493
-2.4571854058078935
-1.145038167938934
3.8610038610038613
-1.858736059479554
2.2727272727272783
0.7407407407407381
3.455882352941181
6.112295664534466
-3.616878767582044
2.1542738012508598
-5.578231292516997
1.440922190201724
-6.036931818181817
0
0
1.5117157974300777
0.1489203276247176
-2.453531598513012
2.3628048780487845
-2.9784065524944183
2.5326170376055264
0.14970059880240533
-0.747384155455915
2.9367469879518118
-2.99926847110461
-1.9607843137254886
0.923076923076917
0.07621951219513387
1.218583396801206
2.5583145221971533
-2.71460014673515
3.6199095022624466
0.07278020378456905
5.454545454545454
-6.896551724137931
2.2222222222222276
1.231884057971014
2.0042949176807396
-4.280701754385961
1.7595307917888579
-2.017291066282429
-2.499999999999999
1.885369532428356
-0.07401924500369939
2.59259259259259
0.3610108303249149
-2.7338129496402934
5.029585798816566
-4.29577464788732
1.9131714495952892
-2.382671480144405
-0.14792899408283708
0.7407407407407381
-0.7352941176470562
-0.5185185185185206
-0.9679821295606776
1.1278195488721696
0
-2.8252788104089146
-0.15302218821728825
-0.15325670498085325
1.9953952417498066
-3.6869826937546915
3.124999999999989
-3.1818181818181817
1.7214397496087688
-2.461538461538464
-1.8138801261829687
-2.1686746987951775
-8.045977011494257
3.9285714285714404
0
-1.1168384879725153
3.8227628149435233
5.27196652719666
2.9411764705882293
-1.6988416988416901
-0.6284367635506682
5.928853754940711
-0.0746268656716402
-2.987303958177747
3.1562740569668986
-1.7164179104477644
1.6704631738800353
-1.2696041822255408
0.15128593040846877
-1.5105740181268963
3.527607361963197
-4.444444444444442
0
-0.23255813953489252
-3.6519036519036434
4.838709677419351
2.3076923076923133
-2.3308270676691767
-6.697459584295619
3.3828382838283844
0
-1.2769353551476468
1.050929668552957
-0.0799999999999983
2.161729383506802
0
-2.4294670846395023
3.61445783132531
-5.813953488372093
2.469135802469127
2.0080321285140563
0.6299212598425202
4.6165884194053195
14.659685863874353
4.631441617742982
-13.02992518703242
1.7921146953405018
-6.83098591549295
5.517762660619806
-7.163323782234957
-1.234567901234569
4.843749999999994
7.898658718330854
-11.325966850828733
8.255451713395644
-6.40287769784173
1.0760953112990053
7.984790874524706
0
-3.0281690140845052
4.502541757443725
-6.115357887421826
-1.9245003700962235
-1.7358490566037768
-0.0768049155145913
3.920061491160644
3.550295857988169
-0.14285714285713982
1.5736766809728102
-5.211267605633792
-2.2288261515601833
3.4954407294832754
3.5242290748898712
-5.319148936170213
4.044943820224726
-1.7998560115190785
1.1730205278592385
-2.8985507246376834
-0.0746268656716402
-2.8379387602688633
-1.998462720983857
3.137254901960787
-1.9011406844106464
0.7751937984496097
2.7692307692307647
1.3473053892215547
2.6587887740029634
-5.683453237410078
5.263157894736852
-0.7971014492753711
-1.9722425127830503
0.6706408345752598
-1.9245003700962235
0.452830188679249
-1.2021036814425254
-1.7490494296577979
-1.7027863777089833
6.220472440944889
0.07412898443291169
-3.629629629629631
-2.4596464258262896
5.594956658786453
-7.089552238805979
9.799196787148599
4.31602048280907
15.00701262272089
2.4390243902439157
9.047619047619044
3.657205240174662
-13.638757240652977
-0.3048780487804705
-3.180428134556583
2.0214782059380827
-3.9009287925696534
-7.538659793814433
2.2996515679442515
-0.5449591280653956
2.739726027397263
6.666666666666667
0.6250000000000089
11.801242236024835
-13.77777777777778
5.025773195876297
-0.6134969325153461
4.320987654320984
-3.2544378698224685
-10.030581039755354
8.429639700883742
-9.090909090909088
0.5517241379310349
-1.9890260631001435
-4.268719384184741
-1.6812865497076055
8.550185873605951
9.246575342465752
-5.956112852664573
0
-0.6666666666666643
0.671140939597313
3.3999999999999986
0.12894906511927515
4.314230521571153
-7.345679012345676
1.9320453031312521
4.575163398692806
-4.625000000000002
4.128440366972482
-1.0069225928256773
4.450095359186264
-6.390748630553858
3.3810143042912846
-5.031446540880507
-1.9867549668874103
0.40540540540539677
-2.355316285329742
2.8256374913852524
0.1340482573726513
1.6064257028112465
-1.515151515151518
-0.26755852842808797
-0.7377598926894663
20.87837837837838
-0.2794857462269464
-10.426008968609862
-0.5006257822277852
-2.012578616352203
-1.7971758664955029
4.509803921568624
0.0625390869293295
0
0
2.750000000000008
0.3649635036496272
-2.12121212121213
4.582043343653264
-2.3090586145648344
0
-1.2121212121212077
2.453987730061341
-4.371257485029932
3.3187226048841536
-3.9393939393939412
-2.2082018927444773
1.3548387096774248
-1.6549968173138228
2.847896440129458
-2.45437382001259
3.0967741935483897
-2.0650813516896123
3.7060702875399363
1.6635859519408476
-1.5757575757575852
-4.125615763546787
0.5138086062941559
0.9584664536741236
1.7721518987341618
0
0.24875621890548946
2.295285359801473
-8.67192237719829
0.9296148738379734
-0.5263157894736847
2.1164021164021185
-3.3031088082901543
0.46885465505693424
-1.3333333333333286
0
3.0405405405405355
-1.967213114754103
0.20066889632107784
-2.5367156208277755
2.0547945205479503
-1.9463087248322208
4.3121149897330655
1.7060367454068228
-3.8709677419354818
-1.0067114093959755
0.33898305084746244
-1.689189189189189
4.467353951890025
