0
1.1037527593818985
-4.039301310043656
0.11376564277587521
1.1363636363636365
3.146067415730334
1.742919389978223
2.9978586723768705
-0.10395010395011281
0
0.5202913631633715
3.5196687370600475
1.2999999999999972
1.4807502467917077
-4.08560311284047
1.4198782961460505
-4
-3.6458333333333335
-0.6486486486486425
-3.808487486398259
-0.3393665158371169
-3.745743473325763
6.249999999999997
-0.3329633740288537
3.1180400890868567
-0.6479481641468622
-2.717391304347826
0
3.910614525139665
-1.9354838709677389
7.017543859649113
0.40983606557377633
1.9387755102040873
0
0
-4.40440440440441
1.256544502617804
-0.7238883143743566
-1.5625
-4.232804232804233
3.867403314917127
1.0638297872340425
2.1052631578947367
1.0309278350515463
-4.897959183673467
0.8583690987124433
-2.127659574468085
2.1739130434782608
-2.9787234042553163
-1.3157894736842135
4.444444444444445
0
-5.000000000000003
0.6718924972004575
-3.003337041156844
-2.178899082568814
-0.11723329425556192
4.929577464788736
-2.4608501118568262
-1.0321100917431258
1.9698725376593313
-1.8181818181818117
-1.620370370370377
2.117647058823526
1.3824884792626762
2.272727272727273
1.1111111111111112
2.4175824175824205
-1.2875536480686725
4.130434782608693
4.384133611691026
2
-3.725490196078429
9.979633401221994
0
8.333333333333334
-10.683760683760683
5.1674641148325415
-1.2738853503184764
4.976958525345627
-5.531167690956989
2.23048327137547
-0.5454545454545403
0.5484460694698302
-1.8181818181818181
0.9259259259259259
-4.587155963302752
2.019230769230764
-1.413760603204524
-3.0592734225621308
-1.2820512820512933
3.3966033966034024
-1.5458937198067577
1.6683022571148072
-5.115830115830114
3.357070193285857
-3.543307086614168
0
1.0204081632653061
3.0303030303030303
-5.098039215686277
0.20661157024793683
-4.020618556701037
2.470461868958122
7.337526205450733
6.445312499999994
-3.027522935779814
2.081362346263011
-4.448563484708074
2.812803103782741
-3.1132075471698086
2.0447906523855837
7.729007633587795
9.654561558901674
-6.7043618739903055
-0.4329004329004329
8.086956521739129
8.447304907481909
-6.454005934718113
2.1411578112609178
-6.05590062111802
5.785123966942149
-6.015625000000002
-3.408146300914376
3.184165232358006
9.924937447873232
-8.573596358118369
4.066390041493781
-3.987240829346092
-0.3322259136212672
-0.3333333333333381
-2.7591973244147137
2.4935511607910628
-2.6006711409396046
1.2919896640826873
-1.6156462585033942
-5.877268798617111
-0.4591368227731864
-0.3690036900369056
1.8518518518518519
-2.727272727272727
2.803738317757009
-4.090909090909091
0.47393364928909953
1.8867924528301887
-4.62962962962963
-0.5825242718446547
7.128906249999997
-3.737465815861448
6.060606060606066
-4.8214285714285765
-1.4071294559099439
-0.9514747859181732
0.864553314121043
-0.19047619047619319
1.145038167938934
-2.358490566037736
3.1884057971014466
-0.46816479400749067
-2.257761053621817
-1.539942252165552
2.6392961876832874
-5.523809523809522
4.637096774193543
-6.6473988439306275
3.199174406604741
-0.9000000000000057
1.7154389505549978
-4.067460317460312
-0.7238883143743566
0
0.5208333333333334
-0.8290155440414478
4.4932079414838
-2.5
2.153846153846148
-6.325301204819275
4.60878885316184
0.5122950819672132
7.441386340468921
-0.09487666034156406
2.3741690408357075
-4.545454545454538
3.012633624878517
-3.7735849056603774
3.4313725490196076
-4.928909952606637
-0.2991026919242245
0.09999999999999432
3.4965034965034967
-3.088803088803078
-1.3944223107569778
1.212121212121215
1.7964071856287396
-4.0196078431372495
0.10214504596526487
-2.65306122448979
2.7253668763102663
0.20408163265306412
1.8329938900203637
0.29999999999999716
0
-11.166500498504488
2.020202020202033
-0.3300330033003425
1.1037527593818985
-1.9650655021834031
0.22271714922049315
0
-5.33333333333333
0.4694835680751073
2.1028037383177702
-2.2883295194508007
2.34192037470726
-2.2883295194508007
-0.9367681498829172
-3.7825059101654714
2.2113022113022076
-5.408653846153846
2.6683608640406535
1.361386138613872
0
1.9536019536019464
0
1.0778443113772522
2.843601895734587
-4.6082949308755765
-2.1739130434782576
0.12345679012344977
3.082614056720099
-3.2296650717703215
2.1013597033374394
-3.389830508474573
-0.877192982456144
1.6434892541087376
1.7412935323382976
1.7114914425427943
1.9230769230769162
-4.127358490566038
-1.1070110701106906
0.2487562189054585
2.7295285359801524
-4.347826086956515
0
1.1363636363636256
0
-0.12484394506865708
1.25
1.111111111111118
-2.1978021978022113
2.1223470661672947
1.2224938875305624
-0.9661835748792237
0
-3.048780487804878
2.641509433962257
9.068627450980399
5.393258426966289
-17.3773987206823
1.935483870967742
-2.784810126582282
2.604166666666667
-1.0152284263959355
2.051282051282044
-1.6331658291457252
1.9157088122605366
-1.5037593984962443
0
-1.017811704834602
-1.6709511568123356
4.183006535947716
1.2547051442910915
-0.4956629491945547
0.8717310087173137
-0.6172839506172839
1.3664596273291856
-4.411764705882346
0
1.153846153846161
2.408111533586808
-3.3415841584158454
0
1.6645326504481581
0.6297229219143576
-1.6270337922403144
1.1450381679389385
-4.1509433962264115
-2.887139107611552
5.0000000000000036
0.25740025740026107
-5.648267008985886
2.58503401360545
-4.509283819628655
-2.0833333333333335
4.113475177304973
0.5449591280653835
-0.5420054200541891
0
0
0.5449591280653835
-5.555555555555548
-2.152080344332855
4.985337243401747
0.41899441340783716
-1.8080667593880546
3.399433427762048
-6.8493150684931505
2.058823529411773
0.8645533141210292
-2.857142857142857
3.235294117647063
0
2.7065527065526944
2.219140083217765
-0.9497964721845357
-2.73972602739726
3.380281690140853
0.8174386920980848
-2.027027027027027
1.517241379310337
-5.1630434782608665
0.28653295128940237
2.857142857142857
2.2222222222222143
-7.336956521739118
0
13.636363636363633
5.032258064516136
-4.176904176904183
4.358974358974367
-7.739557739557753
3.195739014647145
-3.0967741935483946
4.394141145139829
-7.78061224489797
3.596127247579542
-1.4686248331108256
-2.439024390243899
4.861111111111111
0.26490066225165937
-0.3963011889035629
2.1220159151193556
-7.142857142857143
0.6993006993006993
-0.13888888888888098
2.920723226703747
-0.2702702702702741
-0.13550135501354243
-6.1058344640434195
0
-1.7341040462427786
3.5294117647058907
4.090909090909084
1.8013100436681129
-8.284182305630019
4.647763811750939
-4.692737430167598
0
-1.4361078546307002
0.8028545941123878
-6.076696165191738
-0.9108040201004999
4.595879556259903
0
-2.51515151515151
0.12433944668945958
-4.656938838869916
3.191142950179096
5.743136636162816
5.878842136675616
4.763246899661795
1.9639494215765316
-10.316622691292867
0
0.5001471020888337
-1.7857142857142843
-2.682563338301039
2.2970903522205206
-3.2035928143712584
-0.5567584287039893
-3.856920684292375
0.258815917178901
-6.034204582123258
0.9615384615384532
-13.809523809523807
5.564325177584846
13.644859813084109
3.2894736842105265
-0.9235668789808891
1.8000642880102935
16.166719292706023
10.763794509377552
1.668711656441717
1.3758146270818254
1.880952380952379
2.5940640336527214
-4.920273348519355
0.6229036895064638
-2.1666666666666585
-1.435872475054766
2.8888888888888933
1.7518598512118955
-4.811320754716979
2.329038652130817
-1.8401937046004795
2.368031573754319
-0.1927710843373453
-3.259295026557222
2.395807337159972
-0.8042895442359208
2.6535626535626493
1.4839636189564323
8.372641509433974
3.373231773667023
6.399999999999998
-0.07914523149980045
6.693069306930697
3.9161098737936144
-3.929273084479376
3.97843465328128
-2.789200786697662
2.5197719330513237
-4.556871187656977
-2.894736842105275
5.361982191250491
4.537938636781185
-0.5799648506151113
0.05303164221318921
-4.116607773851587
1.0687304219642495
-3.427529626253423
0.03775722106853526
4.944329118701638
-4.315770544866028
3.3828227776733644
-1.8360298127613126
0
0
-1.518518518518519
4.983076344490408
0
3.8867992118932504
-1.94827586206897
0.2285915245296335
-2.8421052631578902
-2.040447815095707
1.4009216589861715
1.3452099618251263
-0.6278026905829622
-0.5415162454873595
-1.288566243194194
0.20224305938591547
0
2.0183486238532136
-1.690647482014397
0
2.4515184778631602
1.5892857142857153
1.810511513447005
3.591160220994472
-2.2666666666666657
2.8308321964529273
-0.7296849087893826
0.23387905111927926
-0.11666666666666714
1.6185549808109443
-1.4778325123152687
1.6666666666666667
-1.852459016393447
1.887422749290133
-1.213114754098364
2.3896448722203862
2.5445705024311187
3.366524419156002
1.284403669724754
