0.6756756756756763
0
-4.530201342281872
0.17574692442881873
2.6315789473684115
2.5641025641025705
-6.999999999999999
-2.688172043010759
1.4732965009208117
2.540834845735038
-6.725663716814172
3.9848197343453675
-0.9124087591241005
0.9208103130755195
-3.284671532846726
-0.3773584905660297
0.18939393939393534
-1.7013232514177667
4.2307692307692255
4.9815498154981634
-5.448154657293506
4.089219330855014
-4.285714285714274
1.30597014925372
0.36832412523021113
0.733944954128441
-1.6393442622950793
-3.5185185185185257
3.4548944337811847
-1.4842300556586285
1.8832391713747747
-3.6968576709796706
0.7677543186180429
-0.952380952380949
3.269230769230768
0.5586592178770996
-0.925925925925939
-1.8691588785046664
-0.1904761904761864
0.9541984732824393
-1.3232514177693815
-0.5747126436781487
2.1194605009633802
3.773584905660381
-4.909090909090901
4.780114722753345
-5.1094890510948945
-1.5384615384615399
1.7578124999999971
1.5355086372360858
-0.3780718336484019
1.518026565464897
-2.8037383177569994
-1.730769230769228
-0.7827788649706464
1.577909270216964
-2.1359223300970935
-1.785714285714283
1.2121212121212042
2.7944111776447222
-4.660194174757286
2.8513238289205636
-0.7920792079207928
-2.1956087824351185
2.0408163265306047
0
-2.599999999999998
-1.437371663244359
2.500000000000002
0
2.235772357723584
4.373757455268384
-7.2380952380952355
0
1.437371663244359
-1.8218623481781526
0
0.2061855670103232
-0.20576131687244187
-1.0309278350515427
-1.8749999999999971
2.760084925690019
-2.479338842975209
0
0
2.754237288135591
-1.649484536082476
-1.4675052410901341
-2.5531914893617045
0
1.3100436681222623
2.370689655172421
0.6315789473684262
2.510460251046027
0
4.693877551020399
-4.093567251461987
1.4227642276422823
-3.8076152304609296
2.7083333333333313
0
3.2454361054766765
-7.26915520628684
2.754237288135591
-2.4742268041236954
0
1.0570824524312858
0
-2.3012552301255296
-0.8565310492505361
1.0799136069114432
-1.4957264957264829
3.036876355748366
2.105263157894729
-3.0927835051546286
0
3.191489361702116
-2.0618556701030855
0.2105263157894692
1.4705882352941237
2.2774327122153273
0
4.858299595141687
4.0540540540540535
-6.679035250463811
-0.5964214711729672
-0.8000000000000007
-3.024193548387104
2.286902286902294
-1.4227642276422823
-0.824742268041238
-0.2079002079002035
1.2500000000000104
0.6172839506172707
-3.8854805725971273
-2.127659574468096
5.434782608695652
3.092783505154647
-6.799999999999997
2.360515021459215
-2.096436058700202
-2.5695931477516085
1.3186813186813298
1.3015184381778657
-0.6423982869379068
2.8017241379310325
-2.306079664570219
2.5751072961373414
-1.0460251046025066
2.1141649048625717
-1.8633540372670778
2.32067510548522
-1.8556701030927807
2.7310924369747878
-7.361963190184038
-0.4415011037527696
2.2172949002217415
3.036876355748366
2.105263157894729
2.886597938144342
-5.4108216432865825
-0.2118644067796565
0.849256900212315
0.8421052631578955
-1.670146137787058
-1.061571125265389
0.42918454935621403
-1.709401709401711
0.8695652173913052
1.7241379310344844
-4.661016949152537
0
-0.444444444444435
0
-1.7857142857142871
0
3.636363636363619
-1.315789473684202
1.999999999999997
0.6535947712418355
-2.8138528138528116
-1.7817371937639213
1.5873015873015937
0.22321428571428092
-0.22271714922048522
0
0.44642857142856185
1.1111111111111072
-3.736263736263735
2.054794520547942
-5.145413870246075
1.4150943396226323
-4.651162790697679
2.1951219512195306
7.637231503579937
8.425720620842569
-3.476482617586911
-0.423728813559313
-2.5531914893617045
4.803493449781654
-5.624999999999991
-0.6622516556291446
-1.999999999999997
-1.1337868480725584
2.7522935779816535
0.44642857142856185
-1.3333333333333246
-1.8018018018018032
10.55045871559633
2.697095435684645
-7.8787878787878896
-0.6578947368420913
3.3112582781456834
-3.418803418803422
0.4424778761062049
1.5418502202643234
1.7353579175705003
1.9189765458422143
-0.4184100418410138
-3.1512605042016695
-0.8676789587852501
2.4070021881837946
-1.4957264957264829
-3.4707158351410006
1.3483146067415641
-0.22172949002216824
-0.2222222222222175
0.22271714922048522
-0.2222222222222175
1.7817371937639213
-0.21881838074399726
-1.315789473684202
1.5555555555555618
-1.094091903719928
-3.761061946902654
2.298850574712656
-3.1460674157303496
1.8561484918793523
-2.7334851936218705
0
-1.873536299765789
-0.477326968973758
3.1175059952038344
2.09302325581395
-1.8223234624145803
-0.23201856148491387
1.395348837209314
12.38532110091743
-8.979591836734702
2.690582959641258
-0.43668122270743365
-2.4122807017543737
6.29213483146068
18.18181818181817
-8.58676207513416
-0.19569471624267465
-12.549019607843132
2.690582959641258
-10.262008733624448
-0.7299270072992761
3.1862745098039187
1.6627078384798168
7.009345794392519
0.4366812227074143
-1.304347826086948
2.422907488986791
3.8709677419354773
-2.0703933747411933
-0.634249471458779
0
-1.0638297872340388
3.010752688172036
-3.549060542797493
3.679653679653678
-5.219206680584551
2.422907488986791
-1.0752688172043163
2.1739130434782727
-4.255319148936174
0
2.2222222222222143
-1.0869565217391266
-0.6593406593406649
2.876106194690283
-1.0752688172043163
0
0.43478260869566226
9.3073593073593
-2.772277227722766
9.979633401222
-2.4074074074074217
4.364326375711584
-6.000000000000001
0.3868471953578426
-3.082851637764935
0.795228628230617
-4.930966469428007
0
-3.941908713692954
-4.319654427645792
3.3860045146726945
2.401746724890837
-0.42643923240939147
-3.4261241970021445
7.760532150776066
-4.320987654320986
3.010752688172036
1.8789144050104354
-3.6885245901639285
-3.617021276595743
3.973509933774828
-1.273885350318463
0.4301075268817112
2.7837259100642378
-5.208333333333334
4.3956043956043995
-5.6842105263157805
-0.6696428571428626
-0.8988764044943828
-2.4943310657596443
-2.09302325581395
0
-0.23752969121139636
2.3809523809523725
-2.09302325581395
2.1377672209026093
-1.8604651162790715
1.6587677725118553
-3.962703962703961
3.15533980582524
-3.0588235294117623
3.883495145631071
-3.971962616822428
-1.4598540145985521
1.728395061728402
2.669902912621367
-3.3096926713948123
-0.9779951100244508
1.728395061728402
-1.699029126213599
1.4814814814814938
4.379562043795613
-5.827505827505828
-4.702970297029701
6.233766233766228
-0.9779951100244508
-0.9876543209876553
-2.493765586034904
-2.813299232736581
0.2631578947368482
3.9370078740157455
1.010101010101011
-6.999999999999995
3.4946236559139754
5.454545454545442
0
-3.4482758620689578
-1.7857142857142816
3.896103896103894
0
0.49999999999998934
2.736318407960207
-3.874092009685223
-1.0075566750629732
2.2900763358778478
-4.228855721393023
2.337662337662334
-3.2994923857867993
1.5748031496063006
-1.2919896640826942
0
1.5706806282722527
-2.061855670103095
0.7894736842105329
-2.0887728459530046
0
-2.93333333333333
-2.1978021978021998
3.9325842696629247
1.3513513513513464
0.266666666666661
0
-0.7978723404255268
-0.5361930294906171
-1.3477088948787015
-1.3661202185792423
-1.939058171745148
-3.107344632768358
2.0408163265306074
2.85714285714286
-6.388888888888888
3.5608308605341277
4.297994269340972
-3.5714285714285805
8.831908831908834
-5.497382198952879
2.770083102493077
-1.617250673854449
2.739726027397263
1.3333333333333286
-1.315789473684206
-1.3333333333333286
5.405405405405397
7.6923076923077
-11.428571428571429
0
0
0
-0.26881720430108147
-4.582210242587599
7.344632768361576
0
-0.2631578947368365
4.749340369393144
-8.81612090680101
-0.2762430939226583
4.15512465373961
-1.5957446808510536
-2.162162162162164
0
0.276243093922646
-2.2038567493112966
0.28169014084507693
-1.6853932584269677
3.1428571428571392
4.709141274238226
0.5291005291005296
-1.315789473684206
0
0
-1.8666666666666625
2.9891304347826053
-2.902374670184693
-3.5326086956521827
1.971830985915501
4.69613259668508
-6.068601583113456
5.056179775280903
14.17112299465239
5.152224824355987
-9.354120267260576
0.24570024570024043
-8.088235294117649
-0.7999999999999948
0.8064516129032205
3.4666666666666637
-5.670103092783499
3.0054644808743136
-0.26525198938992656
-1.5957446808510536
0.8108108108108055
-0.5361930294906171
5.39083557951483
0
1.5345268542199502
0
-5.0377833753148655
5.0397877984084865
-2.2727272727272694
0
0.25839793281653195
-3.092783505154642
2.1276595744680873
0
4.1666666666666705
-6.000000000000005
6.6489361702127665
0.997506234413966
-2.4691358024691272
