0.6677084813183756
-0.19757267852102417
-1.9654977375565739
2.4087696523871407
1.1830985915492926
-0.876948775055673
1.5868557786827628
-0.1935305501797038
5.180055401662047
0.8032657361074562
2.8086218158066623
0.3811944091486658
-0.5189873417721548
0.10179412138949843
1.7287403076140724
2.2116706235161874
0.5501222493887531
1.0091185410334291
-2.335098700048144
-0.6655163914222304
-4.2307692307692335
-1.2825495530509103
3.005249343832018
1.159383360937702
-0.2896725440805988
3.3219653909309024
-1.8581907090464602
0.26158445440956934
-0.9193688656975993
0.5266457680250841
1.3720843208182611
1.390426971822315
4.611650485436893
3.874709976798141
-4.523118159481796
1.2516083752485725
-3.292513863216266
0.15529805280133252
1.5863549618320691
4.966537513208871
-9.80984340044743
0.595311918640713
-2.909628899026017
0.20317460317460606
1.1912305157774652
0.21289918597370638
-1.2746813296675887
-1.2278481012658284
0.8201973599897593
0.6991229185204016
-0.34082302448877116
2.3179227359087973
-2.5996533795493937
-1.931875953228258
1.1275272161741747
0.1922337562475971
0.03837298541827427
0.370796573328216
-0.5859872611464997
0.9994874423372717
-1.5224562293834052
1.1208451430043715
1.7581857561472887
-0.287967947915371
0.5273731793068867
0.19985011241569106
0.3739715781600598
0.11177347242920731
-0.7195137079766862
-1.262026739972499
1.2655024044545684
0.33741564608846936
-0.17436791630339735
-0.18714909544603867
1.0999999999999943
1.3847675568743876
-1.365853658536591
-0.8407517309594406
0.5361596009975006
-5.221381619744501
4.540696152839562
0.7635498810864968
-0.6459627329192603
0.5251312828207109
-0.7338308457711414
1.2905650920937168
-0.8535378525482407
-4.329382407985034
2.9473135106937955
-2.9642766658221404
2.454308093994772
0.1529051987767642
-4.529262086513998
-1.5991471215351813
2.302275189599133
1.9195128408790045
-2.4158981685933267
-0.09317183548514998
1.5987210231814548
-1.4948859166010984
3.8338658146964795
0.012820512820515736
-1.8202794513523965
1.971536754145453
-3.201024327784891
0.5291005291005291
-0.750000000000006
0.47726368818772674
0.5937458767647447
-0.5771248688352542
0.47493403693931696
0.5646008403361285
0.5744875310092672
-3.933532389977925
14.33783783783784
1.3591774021983216
-0.3381529850746242
-1.0179010179010233
-1.9621749408983478
-3.0624547865927148
6.442786069651736
0.5258237906052816
-0.9880274322910613
-0.058699225170227756
-1.8442382238928618
-0.6701771182383943
-0.8674698795180777
1.0938259601361207
-0.31257513825437716
-0.024119633381578083
-2.038600723763568
0.23396133481098105
1.0442260442260443
0.425531914893617
-1.8280871670702206
-3.317301763472682
1.5051020408163207
0.5277707966825893
-1.9749999999999943
-0.24228513134405646
1.7256806851591462
4.297562201558186
-7.915662650602415
0.22242574905142556
0.8746736292428258
4.503688365471716
-5.386996904024768
0.0523560209424054
0.5494505494505554
1.1449388498568767
-0.48880885001285757
3.1153050672182037
-4.7010154193305755
-2.6177321757432375
3.0393083884911523
-0.10487676979548434
-0.05249343832020699
-1.8907563025210055
2.5695931477515965
-1.6440501043841367
0.7561687450252117
0.8031599736668891
-0.5094043887147306
0.039385584875929434
1.220472440944876
1.633605600933492
-1.122592167368281
0.15481873306669228
-1.6617287131263658
-0.17029080429656204
-0.8266631675633208
0.21169621593014326
-0.6469500924214387
6.019933554817269
-6.129355728252693
-0.3872346107624486
1.0187667560321747
0.30520169851379436
0.8599021034528377
-0.052465897166838575
-0.5511811023622107
1.0688836104513095
-1.7104060582321483
0.7173219978746136
-0.42205222896334016
0.6622516556291391
1.9473684210526256
0.41300980898296924
-0.3341902313624708
-1.4057260768635513
0.1962066710268149
-2.088772845953003
2.7866666666666635
0.14269036191464818
2.111398963730564
-0.5454776100469307
-2.0408163265306123
2.5911458333333304
-5.711384693489022
0
-0.026921523758235536
-0.09425070688030772
0.40431266846361186
0
2.8187919463087248
-0.1044386422976442
-1.6858337689493061
3.416190349594583
-2.943444730077118
1.483247252019591
-0.7960328852929544
-2.078400420941866
0.322407307898976
0.41510444563471116
-0.38671822909720993
-1.178045515394907
0.23028989433756863
0.08109203946479561
-0.3781228899392241
-0.23044598075098893
0.47554347826086957
0.4056795131845842
-0.14814814814815122
0.0944159697868958
-0.13475272874275704
-1.4977735798137934
1.3287671232876774
0.013518994186820203
-0.7028926736955843
-1.6471549142390447
2.0346020761245738
-1.0173629951166576
1.0689324379882081
-0.05423728813559014
0.5019671686338261
-1.8898488120950325
0.9493670886076075
-0.2998500749625249
-0.05468215994531473
1.490904117083843
-1.482479784366577
0.13679890560875513
-5.109289617486335
0.3455226029369388
0.6312769010043009
0.285143997718848
-0.9951663349445551
-0.919012062033311
-0.10144927536232543
-0.18859712752066657
1.1337209302325515
0.028743891922972907
1.3649425287356323
-0.4535790219702403
-0.056955716930083625
-0.5556347057985436
0.5730659025787965
-1.5099715099715132
1.5475846109343427
-4.78564307078764
2.6028421839940132
0.4665403119988403
0.406327093310108
1.7488076311605756
-0.5539772727272695
-0.39994286530496614
1.5058081170228024
0.01412828482622531
2.6839949145359516
0
1.8296877149539232
-2.674952715482311
4.2198778456413075
-0.1065530101225299
-0.4
0.01338688085676342
-1.5928255922901857
0.7072905331882388
0.14856834143706413
0.2966958867161221
1.1967191071668652
2.8434759500398585
-1.937984496124031
-0.6455862977602078
1.4719533218406076
2.352326189231573
-2.3876404494382077
-0.4578155657292348
-1.5900131406044709
0.8145279743624012
-1.0066225165562943
-2.3013112122022923
0.7669131744727347
0.40771948899157384
-2.544667027612338
-0.3472222222222222
0.236933797909414
0.11123470522802481
-0.45833333333332704
0.46044370029300324
0.38888888888888257
-0.3182069728832256
-0.9299097848716232
-0.11207621182403399
-2.1598877980364626
-0.5160550458715629
-1.8587896253602272
0.02936426369107793
-0.9834140613532852
0.37058997924696113
1.2553537143701077
0.05834305717619272
-1.7930029154518885
-0.6085794864182904
1.3590203106332173
-0.10313835273317304
-0.14749262536873156
-5.435745937961588
7.669478288034974
-5.396779341360792
5.7199815979144235
1.5375689004931858
0.7142857142857143
0.9929078014184397
-1.7696629213483177
-0.1286817271947351
-4.667143879742309
-0.8860189217600206
-0.1363636363636329
0
-1.1834319526627322
0
-0.10747735298632456
0.4918536735321137
0.5200367084735532
-0.4716981132075506
-0.8102736584620193
5.733662145499391
-3.629737609329443
-0.16638935108153421
0
-2.0151515151515085
3.6956857893922956
-2.4604831494184314
3.1799419049074995
-0.9779226552081824
2.079904234625182
-3.2541776605101207
1.6666666666666667
-0.9090909090909125
0
-0.39103624605204135
2.4913181337762347
-0.11785503830288076
2.0648967551622417
-3.179190751445087
2.3134328358208953
0.07293946024799416
-0.7288629737609329
-0.44052863436123346
0.9882005899705082
-0.32130860230758657
-0.7912087912087878
-1.1224339093191587
1.6131441374159752
-0.6026752903130839
-0.857734398107079
8.890214797136041
-10.465753424657532
0.7802937576499422
0.030362835888861663
-0.5160115343754709
-0.9153318077803204
-0.5388760585065435
1.191950464396292
0.04589261128957542
1.3761467889908257
-0.19607843137254216
-0.21157624301044142
-1.4387399666818115
0.09219422249539379
1.1360147374884828
0.09107468123861913
-2.6387625113739728
1.292834890965725
0.5228356143318609
1.269695579011772
0.10574018126888904
-2.489814395654142
1.2689569792633753
-1.2072127139364268
-0.974477958236652
1.9056544829740598
-0.3678724708767592
1.3230769230769266
0.19738839963558374
3.5308380057584587
-0.3220140515222549
-2.3494860499265786
0.5714285714285646
2.5717703349282366
1.0204081632653061
8.686868686868694
0.8231545406266505
-2.7916776402422876
-1.9100514765646195
1.6848501588178333
-1.0186065462447373
0.6997804610318363
0.013625834582371269
0.2316076294277991
0.5844773684925859
-1.189189189189183
2.721553610503279
-0.5991212887764612
0.09375837128314114
-0.09367054730361726
-1.968925796946162
2.7462768137723765
-0.11968085106382677
1.903874317667415
-0.03919519205643514
-1.9605280355509083
-0.07998933475536898
1.2274849899933349
0.6194806906550588
-0.11789363374377486
0
-1.2721311475409895
-0.10626992561104603
-1.0638297872340425
0.5779569892473058
-0.6147267138847935
0.30926448836895987
-1.7560321715817724
-0.9823986901350705
1.4468788755684165
-0.013583265417009336
0.6249150930580115
0.49952747401106135
-0.9672219236969279
0.5968529571351027
1.8069039913700076
-0.4105960264900692
-0.6117834818459932
0.36130068245685076
-0.5333333333333333
0.4959785522788265
-2.2675736961451247
0.1910741094581653
-0.8309494619261711
0.5494505494505495
-0.9426229508196691
1.0481312922355568
-2.1291115053910223
-0.22312090363966292
-1.0482180293501049
0
-2.0621468926553703
-0.46149408710699913
0.7099391480730189
-1.8702344986332902
2.1111274006743845
-0.15793251974156824
1.2079378774805836
0.3125888036374035
-0.43909348441926666
7.298335467349562
-7.57093609122249
-6.598766317601491
9.752726155736445
-0.08396305625525087
-1.8067226890756272
0.47068891741548347
-0.5962521294718813
