2.6139018691588918
0.5763483705706496
-5.3625751680226355
2.9902070718397247
0.6024533643028203
0.8658008658008658
1.251788268955651
0.17661603673613563
3.7588152327221405
0.48936314823625676
1.3527223537368955
-0.24691358024691662
-1.1372758897511372
-0.744349709026932
-0.3340605399509043
1.6416991586291811
-1.702671781411951
0.05477201150213487
2.8534282195155205
-1.310624708934856
-0.28313334232169646
-0.4461871281774024
-0.06111639277467497
0.8629476116056292
0.6467259498787327
-0.6961178045515456
-0.2965758964680415
0.2771768523526169
-0.8157486685093986
1.9575856443719382
-1.9666666666666666
0.020401224073441315
0.20397062822953496
-0.5021034061609353
-0.2523186033824363
0.28714022014083856
-0.4499284204785695
-0.6231596247346374
1.9363285556780532
-0.2230784830663121
-0.3184281842818459
0.2446815741181361
3.762966980812258
-0.8951907997909072
2.3406078987275003
0.19327406262079627
0.33436213991769836
1.2560881825172974
-2.1139240506329173
-0.3297555929134818
1.2131041193642584
-1.0960133316241594
-4.426155142246126
-0.8204502305397281
1.2306009434607232
0.04727493752954991
-0.2700148508167949
0.3181264383376078
-0.2294042237365808
0.1758301210522695
-1.505434415715922
0.6511309115832762
0.23152877085461973
-0.38725456892452237
0.5524485063429211
0.366275520586047
1.9801311076569543
1.76275679257786
-4.102630893461839
-0.7198152926796082
-0.5471956224350205
-0.36451169188445354
0.45558086560363836
1.3880299594585341
-0.11521518129447952
0.7192292034197406
-0.27620587442738725
0.5336756062960273
-1.4850154549119834
0.44335311370302166
-0.3191633844900053
1.4374276176851222
-2.0819341840161183
0.6584362139917633
2.5006813845734563
-0.04653327128897464
-0.6517690875232744
-0.6426563127593995
1.2868885594933235
-0.14634470830839125
-1.0725467990140503
-0.6195286195286226
0.43366309798076236
0.3103494805019504
-0.6120527306967924
-1.4008256073627965
3.75428963623885
-1.6736124892505095
18.003229278794397
1.2428734321550716
-4.088298231782853
1.1038046031000444
8.31591173054588
0.2573450568303643
-3.8181818181818232
-0.4670299121538899
-2.4131381968495167
1.293646250715507
-1.294077757685345
-0.04007557107689045
-1.678121420389459
1.246577736354626
2.0827340199067974
-1.363918164910108
-1.0856522484429463
0.5141239674195651
0.8678160919540178
-0.06267449148196166
2.3432155074116254
-1.064007576179595
0.011261261261263821
2.465938520436885
0.016483516483513986
0.9394055924847627
1.1973440731468379
0.24739163170914857
-3.5675965665236054
1.0403337969401973
-0.26428807400065824
0.23186485591254377
-3.0017625027539108
1.0164101981716025
0.2810567734682406
1.0313901345291532
-0.7323568575233047
-0.26268723451822296
-2.8971700756514456
0.6578947368421105
-1.949317738791423
-0.7133668576774672
0.3828032979976443
0.02933411557641537
3.2668621700879794
-0.528199011756685
-1.2504282288455002
1.1448395490025993
1.509175098610878
1.1544742918285746
1.6924618639349662
0.7828752874192588
3.4874246292574185
-0.05249068290378458
6.097368835670403
-1.0939510939511006
-0.31529953455782767
0.642634802691031
-3.5119225780704313
-1.1012304828869792
2.9065816299858804
1.0769621539243102
-3.2065135447554884
-0.09346279661457925
-2.749337352528448
-1.897178281316802
2.7618891975813065
-0.44529262086514476
2.092651757188496
-0.37552808637146223
-2.2826030050782635
0.016072863648537612
1.2481251339190034
-0.026453626792233217
-2.265029635901776
0.05956248646307865
-0.4112776665404046
0.15758300277129222
0.8355034722222148
1.4311847627246388
-0.7638446849140723
0.3314090228779156
-1.9659030367607933
0.5760556491495102
-0.21613443561895498
-0.5631667298424265
-1.1327125197407806
1.5092261085100573
-1.6387215801182942
0.5902796932752273
-0.3126028298782519
-0.8142157671782997
5.635365244883238
2.415332108164873
-1.3073570879261727
-0.9818181818181866
8.26294528094014
-0.3682884279899161
-2.7140077821011652
-0.5099490050994923
0.5527638190954773
0.14992503748125938
-2.385229540918161
-0.2453736836724238
-0.26647535103003206
0.14900832391325985
0.2667898004207093
0.05116921659929387
-0.2966296731959267
-0.07694280584765324
-0.9650924024640634
2.4051420277835303
-2.6068029965580077
0.6184709734421335
-2.4535123966942147
0.9743182419910029
-0.27793801457864503
1.167437946992009
1.278719201580213
0.8981728597823855
-2.5535378198280707
-0.8143237458892382
2.8419556865428137
0.46568752878563724
-0.6825590872045686
0.52313057749513
-0.35714285714285715
0.12288786482335336
-1.3296512222563157
0.03628070902870416
-0.15025128231697132
0.07264425072643543
-0.4977704034014264
-0.3960396039603913
-0.3452966412054063
-0.8504829903401956
-0.42359419675950444
0.2552376900989143
-0.29171528588098017
-0.382999095696582
-1.1480749719656111
-0.7994814174589431
0.7187976475713252
-0.8109861591695502
0.3433991060721783
1.7980335705361459
-2.374599786552828
0.7324405575293845
-1.0852460795485375
-0.5211476219211146
-0.3474136980258179
-0.00553372807259748
-0.9131156613171002
-0.15638089919016782
1.5942272193321028
0.23125206475058063
-0.9503405844869359
1.8246353502301642
-1.4705882352941178
1.7302377003869516
-4.336249524534041
-1.050837830161886
1.7164179104477664
0.45713640724645344
-0.7977528089887665
0.1982104428587609
-0.30520544848244296
0.1360621350416613
1.4776651757912098
0.005579111805395506
-0.09483960948396349
0.1786910877819994
1.0033444816053512
0.700883002207508
-0.7124458815147695
-0.3311806590495115
-0.03876612947887498
-2.0332409972299192
2.3864728835604843
0.23198011599006052
0.08816884333498148
0.3028134118812971
1.5753650236030325
-0.4701432045393162
-1.8188728417852102
1.5207653597301334
-1.8466063841376983
-0.03884788279039045
-0.2998001332445087
1.19166945094109
-1.6949152542372856
-1.8864755933721475
-0.14834255719747455
-0.1314210616536172
-0.4233894038219398
0.1034245001149135
0.36161175525197764
0.16585644838433464
-1.079136690647487
1.9855699855699909
-1.1149470824608096
-0.40636446886447664
0.13217631170623423
-0.4361799816345349
-0.4842056721235799
-0.02316960148285976
-0.081112398609507
-0.034790676098800245
0.9338747099767929
1.0976380667777792
-0.8128694861300565
-0.9685368789042403
3.5590277777777777
-0.5308745459625593
-2.4382022471910165
-0.6046297362662675
0.1911824343896751
-0.19081762460970172
-0.11586814205434216
-0.005800127602801987
-3.3874709976798196
-1.4048991354466778
5.845816587504567
-0.3624439074905048
2.7195565563831576
-0.056211354693648116
-1.1192350956130535
-0.7223707411409942
3.3860433138535524
-0.20504294818509533
-0.8440693025322105
-1.5456989247311779
0.9613196814562054
1.1887993689785288
-2.1492204899777234
0.30727210652098913
1.3047424551849331
0.4871766155224575
-0.6910002786291497
-0.4601313057628538
4.126500930153887
-0.22738346597367864
1.6604265017092577
-2.348545503069122
3.853511888494124
1.994736842105268
-0.4024975488931411
-0.3160458007357085
0.3014553014552991
-1.5856565447196553
0.4370261162594753
-2.694626474442993
0.9751629761327588
0
7.171059652118229
0.5625809021208893
-3.173424426951836
0.3630228039676928
-2.2568648428345908
3.2002501824246896
-1.6414141414141414
-1.9871630295250344
2.357502095557418
-1.607124577745924
-1.6229712858926364
-0.23794416243654823
5.093549583929607
-1.01876134758927
-2.0788749617853846
-0.13528983244874124
4.939558149228843
2.765640516385294
-7.716094119920753
-0.4240837696335031
2.1504810978495117
0.5764875437512892
-1.658137154554764
0
-1.6496669442131464
1.1005873326631015
-2.8000209347359606
-0.387680379065262
4.84864864864865
0.5619425684384113
-1.1483646057623227
-0.7312519448190092
-0.3761558957212172
0.36708794378310344
1.3689325461100275
-1.5463120457708366
1.581069053976234
-0.5926918517754987
-2.970759021153046
0.8282126636387924
1.017488076311608
-1.1646207113629234
-0.40339702760084445
0.4370070347473789
-0.16449113870316828
-0.5155461068296596
0.3739715781600598
-0.042580370449220487
0.6709265175718802
-0.29620226383158305
-0.15384615384615868
0.10095106529940444
-0.8174097664543573
0.35855720860537543
-0.7198848184290514
-0.26318616392737476
1.1416877591684969
0.5218039508013514
-1.5360983102918586
0.17752434235300202
2.362796692084631
-1.4059385164201004
2.266680855592205
-4.1623309053069715
4.88599348534202
-1.8633540372670807
1.8512658227848053
-0.3262389311791184
0.6546134663341717
0.7174563848456624
-0.7687182903705222
-0.877963125548727
1.6151721981972595
0.8255140234835736
-0.3051261187957689
-0.1887369924505226
0.49062196555424487
0.4475410669785869
-0.47086223482355094
0.3408281615627249
-1.176172370088722
-0.5437849484430262
0.6292876669933484
-0.5587164898252135
0.7474226804123711
0.5730365822461011
-1.7754489494836492
2.646571369380575
-2.4875119834502337
0.45534513091173456
0.6181106418048831
0.30715675232927203
-0.3113197917729987
0.37372651410433394
0.21422013669285145
0.7685260586319288
-1.303096115965462
0.09723146205414723
0.5163599182004044
2.1819846396419353
-2.0905923344947737
-0.5083884087442806
-0.8073582013285618
-1.1848341232227488
0.9123136273589824
-0.2944671178385104
0.8341968911917051
-0.1079081239401834
0.5195473251028759
-0.22005015096463615
-1.0770335419017336
0.9332227291580257
0.17978220669817135
0.24098856586166464
-0.42455242966751683
0.19006523860893026
-0.46144380639868743
