-2.0000000000000018
4.081632653061228
-10.784313725490193
-9.890109890109898
21.951219512195127
9.000000000000007
-3.6697247706422047
0.9523809523809532
-4.7169811320754755
0
1.980198019801982
0
-0.9708737864077678
0
-0.980392156862746
0
-1.980198019801982
1.010101010101011
-1.0000000000000009
1.010101010101011
-2.0000000000000018
1.020408163265307
0
2.020202020202022
-1.980198019801982
2.020202020202022
-1.980198019801982
1.010101010101011
-2.0000000000000018
1.020408163265307
-1.010101010101011
2.040816326530614
-3.0000000000000027
-3.092783505154642
3.1914893617021307
1.0309278350515474
-2.040816326530614
0
-1.0416666666666676
-2.105263157894727
1.0752688172042901
2.1276595744680873
-3.124999999999991
1.0752688172042901
-1.0638297872340317
0
0
1.0752688172042901
-1.0638297872340317
0
-1.075268817204302
0
-2.1739130434782625
2.222222222222224
-5.434782608695657
-1.1494252873563229
2.325581395348839
0
-2.2727272727272747
-1.1627906976744196
0
0
0
1.1764705882352953
8.139534883720938
6.451612903225801
-4.040404040404044
-5.2631578947368345
1.111111111111112
-1.0989010989010999
3.333333333333336
2.150537634408592
-3.1578947368420964
0
0
-2.1739130434782625
2.222222222222224
0
0
0
-2.1739130434782625
0
-1.111111111111112
1.1235955056179785
7.7777777777777715
3.092783505154642
2.0000000000000018
0
-7.843137254901968
1.0638297872340436
1.0526315789473695
0
0
2.0833333333333353
-3.0612244897959213
1.0526315789473695
-2.0833333333333353
0
-1.0638297872340317
1.0752688172042901
-3.1914893617021187
1.0989010989010999
-2.1739130434782625
0
2.222222222222224
3.260869565217382
0
3.1578947368421084
-1.020408163265307
0
-3.092783505154642
0
1.0638297872340436
1.0526315789473695
0
0
-2.0833333333333353
1.0638297872340436
0
1.0526315789473695
-2.0833333333333353
0
-1.0638297872340317
0
-1.075268817204302
0
-1.0869565217391313
0
-1.0989010989010999
1.111111111111112
-2.1978021978021998
0
0
0
0
1.1235955056179785
-3.333333333333336
2.2988505747126458
-3.3707865168539355
-1.1627906976744196
-1.1764705882352953
1.1904761904761916
1.1764705882352953
0
0
0
-1.1627906976744196
-4.705882352941168
3.703703703703693
1.1904761904761916
3.529411764705886
0
-1.1363636363636374
0
-2.2988505747126458
0
-2.3529411764705905
1.204819277108435
1.1904761904761916
-2.3529411764705905
0
0
-2.409638554216856
1.2345679012345552
-2.4390243902438913
0
-1.250000000000001
1.2658227848101276
-1.250000000000001
0
-3.797468354430383
3.947368421052635
-2.531645569620255
2.5974025974025996
2.531645569620255
2.469135802469124
-3.614457831325291
0
-1.250000000000001
0
0
1.2658227848101276
0
-1.250000000000001
0
0
1.2658227848101276
-1.250000000000001
5.063291139240497
1.204819277108435
-1.1904761904761916
1.204819277108435
-2.380952380952383
0
-2.4390243902438913
0
1.250000000000001
0
-2.469135802469138
3.797468354430369
8.536585365853666
4.494382022471914
0
1.0752688172042901
-5.319148936170206
0
-4.494382022471914
-1.1764705882352953
1.1904761904761916
1.1764705882352953
-3.488372093023259
1.204819277108435
-1.1904761904761916
0
2.40963855421687
1.1764705882352953
-2.325581395348839
1.1904761904761916
-1.1764705882352953
1.1904761904761916
-2.3529411764705905
1.204819277108435
-2.380952380952383
1.2195121951219523
0
0
-1.204819277108435
0
1.2195121951219523
0
1.204819277108435
0
1.1904761904761916
0
-1.1764705882352953
1.1904761904761916
-1.1764705882352953
-1.1904761904761916
0
2.40963855421687
-1.1764705882352953
0
0
0
-1.1904761904761916
0
0
1.204819277108435
-2.380952380952383
0
-1.2195121951219388
2.469135802469124
-1.204819277108435
-1.2195121951219388
-1.234567901234569
1.250000000000001
0
1.2345679012345552
-10.975609756097557
0
9.589041095890419
1.250000000000001
1.2345679012345552
1.2195121951219523
0
0
-1.204819277108435
-1.2195121951219388
1.2345679012345552
0
0
0
0
1.2195121951219523
1.204819277108435
0
0
0
-1.1904761904761916
2.40963855421687
-2.3529411764705905
2.40963855421687
-3.529411764705886
-1.2195121951219388
0
1.2345679012345552
0
0
2.4390243902439046
0
-1.1904761904761916
0
0
0
1.204819277108435
0
-1.1904761904761916
1.204819277108435
-1.1904761904761916
0
-1.204819277108435
-1.2195121951219388
0
0
-1.234567901234569
0
-1.250000000000001
1.2658227848101276
-1.250000000000001
0
1.2658227848101276
0
-1.250000000000001
1.2658227848101276
-2.500000000000002
1.282051282051283
-2.531645569620255
0
0
0
-1.2987012987012998
0
-2.6315789473684235
0
-1.3513513513513526
1.3698630136986314
1.3513513513513526
0
1.3333333333333346
1.3157894736842117
-1.2987012987012998
-1.3157894736842117
0
0
-1.3333333333333346
0
-1.3513513513513526
0
-1.3698630136986314
0
-1.3888888888888902
0
-2.8169014084507067
1.449275362318842
-1.42857142857143
1.449275362318842
2.85714285714286
1.3888888888888902
-4.109589041095894
0
0
0
0
1.42857142857143
2.8169014084507067
0
-4.109589041095894
0
-1.42857142857143
1.449275362318842
0
-1.42857142857143
0
0
0
0
-2.898550724637668
0
-1.492537313432837
0
0
-1.5151515151515165
-1.5384615384615399
1.5625000000000013
-1.5384615384615399
0
-4.687500000000004
0
1.6393442622950836
1.612903225806453
-4.761904761904766
1.6666666666666683
4.9180327868852505
0
-4.687500000000004
-1.6393442622950836
-3.3333333333333366
0
-5.172413793103434
0
1.8181818181818197
1.7857142857142674
3.5087719298245648
0
15.254237288135606
1.4705882352941024
8.695652173913052
1.3333333333333346
-2.6315789473684235
1.3513513513513526
-6.666666666666672
0
0
1.42857142857143
0
0
0
1.4084507042253533
-2.7777777777777803
0
-2.857142857142844
1.4705882352941024
-1.449275362318826
1.4705882352941024
-1.449275362318826
0
1.4705882352941024
0
-2.898550724637668
1.492537313432837
-2.9411764705882377
0
-1.5151515151515165
0
1.5384615384615399
0
-1.5151515151515165
1.5384615384615399
4.5454545454545325
5.797101449275368
-2.739726027397263
0
0
0
-2.8169014084507067
1.449275362318842
0
0
-1.42857142857143
0
-1.449275362318826
1.4705882352941024
-1.449275362318826
0
-1.4705882352941189
0
0
0
0
0
-1.492537313432837
1.5151515151515165
0
0
2.9850746268656576
0
-1.449275362318826
-1.4705882352941189
0
1.492537313432837
-1.4705882352941189
0
-1.492537313432837
0
0
0
0
-1.5151515151515165
-1.5384615384615399
