2.8950122078828016
-0.3389830508474576
1.4512471655328747
-2.000447027268661
-0.9237085186452301
5.893186003683247
-5.0869565217391255
0.09161704076957793
-0.6178489702517136
-0.9900990099009926
-1.4186046511627959
1.4390186364708712
-0.05813953488372093
0.0349040139616003
0.38381018841591863
-1.5061985864905572
1.705681684507705
1.3069627573444313
-6.347756593218406
2.8891868828477443
-4.680094786729858
4.288377874456184
-1.41835518474374
3.482045701849831
-5.654866222689565
2.6006191950464395
-3.041641520820766
1.8175028009461003
-5.171781391368133
7.001031459515208
-1.7230991685745216
-1.9004413928396273
1.8872640919885042
-1.7909715407262048
1.6612540594554026
-1.2040791251996503
-5.272975998010195
3.43967441249835
-4.391420230993784
-0.10619938935350519
0.9966777408637874
1.381578947368421
-1.9208306294613828
1.0983194389307867
-1.3612565445026148
2.1762208067940523
-1.2337662337662338
4.930966469428008
-4.511278195488722
3.543307086614173
-2.661596958174905
-1.5494791666666636
0.37032138606003895
-0.382132033205953
2.433862433862431
-1.3429752066115674
-1.4528795811518354
0.943020321423831
-1.8289473684210495
1.0588392976812728
0.37135278514588255
3.8583509513742134
0.865139949109409
0.4036326942482399
-3.0025125628140676
3.3544877606527623
-2.305764411027566
2.616726526423804
-1.5
2.7918781725888326
6.555555555555558
-2.664812883790986
-3.2377097964528088
5.781768975273711
-5.407605535527387
3.1472830095893807
-1.8116805721096598
-0.03641660597231786
0.3157255616272037
0.4720978089819607
0.5542168674698823
-1.0304337407141173
3.7651331719128356
4.538560261346398
-3.816964285714291
3.249013692271989
-5.506855473140032
5.137963843958141
-4.445701357466058
-1.7402628152006683
1.0602409638554162
3.71959942775394
-4.448275862068971
0.5653795260435518
-0.8253588516746384
7.345314196116268
-6.044943820224714
1.6503228892609367
-0.7882352941176524
6.249258863986724
-4.654017857142862
0.4331031253658019
2.7738927738927686
5.012474484009985
2.429805615550756
0
0.25303110173958643
-1.8613944683983523
2.5503643377625327
-0.7314524555903866
1.2210526315789498
2.9534109816971688
-2.6060606060606015
1.4312383322961992
1.9631901840490844
0.2807862013638141
1.9299999999999955
0.06867458059453012
2.3137254901960693
0.03832886163281823
1.867816091954023
1.5514809590973202
-0.9999999999999958
0.6172839506172754
0.2323852017103551
0.157655568951131
5.287037037037028
-0.272623340075623
1.4373897707231
0.669390593758154
-0.034542314335068304
0.20732550103663538
0.5086206896551803
1.8955313491723054
0.5050505050505051
1.340033500837521
-1.8181818181818181
0.008417508417500762
0.7911791936705742
1.0438413361169103
-1.3636363636363635
1.8852115626309174
-1.4638157894736805
1.4855616758471002
3.2565789473684137
-0.15928639694170119
0.7817485641353049
0.5223998733575992
-1.0472440944881853
1.058327365321871
-1.3149606299212635
2.609111944466612
0.05443234836703308
0.08549001321208588
1.7083398043174407
3.069170865781039
-3.2962962962962963
2.795863653772501
-0.3502235469448618
0.201899349435433
-0.08208955223879918
0.7543505863021815
2.6538176426982916
0.519930675909882
-0.12212643678161246
0.6473423002229735
-0.25012506253126565
0.27224530735062
1.2932266361817761
1.9679762996402528
0.2628666297731172
1.828342762522423
-0.5691442509655187
0.5792163543441227
-0.5487804878048719
0.5518087063151379
0.8672086720867178
0
-0.06716818914562063
-0.2554106734776149
0.8221024258760139
0.25397674107739304
1.5266666666666728
2.3048131853700116
-2.086007702182285
1.9337921992789249
-0.7845659163987168
-0.4407570650764814
-0.39713541666666075
0.660173867573038
0.19480519480519481
-0.32404406999351915
0.07152145643692516
0.3183678773309136
1.6191709844559585
1.338432122370937
-0.38993710691824185
1.4016921328450591
0.2677459526774567
-1.2606346643482553
1.8301886792452773
1.1673151750972819
-1.4529914529914503
0.9726180151158497
-0.34357936069698364
0
-0.44942436741980885
1.1750154607297465
-0.44009779951100525
0.4236247544204378
0.8681298526624714
2.430450330323044
-1.7751479289940828
1.8072289156626506
-2.5384615384615437
2.6045777426992953
-1.4497041420118344
-0.4503152206544581
1.7129071170084493
-0.023719165085394386
0.45670225385528146
0.3719667001239862
-1.1529411764705828
0.45227326826945424
-0.5924170616113744
-0.47079856972586953
3.7842045386503833
2.342352737552653
-1.4995208298100307
0.6123733760659329
0.8361774744027329
1.415919219270035
-2.0858827455779285
1.1191274214622533
-0.40449438202247445
0.406137184115526
-0.5505617977528064
1.5139532256242207
-0.4229271007234229
0.5923773331843025
-0.8611111111111112
0.8685906416363127
-0.594444444444447
0.5868216621024982
-0.6278475386153992
0.6429969247973162
-0.7222222222222222
0.6155567991046447
0.7452725250278137
0.03312355084464552
1.9867549668874172
1.1363636363636365
-0.433386837881215
0.5051319254124275
-0.4758594877827014
0.7843558611797522
-2.5426439232409406
0.09298255209757947
1.907103825136617
-1.0134591667113566
2.7302275189599183
1.6663151233916846
-1.364107883817425
0.378608613345956
0.8696107706008648
-0.2440924435211657
0.4789670970429012
0.6217616580310881
0.6024716786817738
1.8017095767006217
-0.37709286540298653
0.9286363177551157
-0.29502950295028824
0.3059330959426204
-1.3549999999999955
0.35987632419280796
0.6010101010101057
0.40664692002610114
0.2600000000000023
2.8176740474765496
3.4195081728670518
0.3658193415251938
-0.2102803738317757
1.70920159213299
-1.261510128913448
0.7180826261307512
0.6805555555555471
0.7035453165954009
0.3607305936073101
9.008599117339278
-3.6061605242288945
2.1866204806235117
-1.343220338983043
1.962805480393412
-2.0219039595619206
-1.5348237317282811
0.29253809544600345
0.12625163256421815
0.5565459367798481
1.5695939810611055
-2.0008514261387824
2.0677671589921767
-1.1789240721824914
0.6072612946293944
-1.1772260273972603
5.2631578947368425
-7.773662551440332
-1.833920842443439
3.6363636363636362
0.7894736842105263
-1.2315056570931324
3.0973256377494907
-2.3547008547008508
-0.03938903234277609
-3.0166374781085854
-0.049659157600104246
-0.14001806684733104
0.32113618888235146
0.4508566275924256
0.2603231597845683
-0.049243441668921285
0.23738074976486687
2.386058981233248
3.168368682901279
-1.6666666666666705
1.9530241762023615
-1.9113924050632989
2.808964597582492
-3.2133891213389196
2.1960919937748655
-2.1996615905245345
-1.2110726643598615
0.19264448336252588
1.3808774689739516
-1.875
0.15374478365912586
0.31578947368420257
0.11804826862540543
0.017468011703571814
1.9910055451250888
-2.444453957789285
2.071265578374575
-3.1513327601031893
2.006481111555035
-3.0114452326036933
0
-0.5788127608022451
0.18052170773535517
-0.022524551761419945
0.9327265353940349
-1.6116071428571388
3.3576841054494304
-2.717415163088814
0.631768953068592
0.37668161434977987
0.17869907076483202
1.6723153763824472
-1.9957015658581516
2.3182957393483585
-2.720671857230331
2.0368705035971306
2.652800423037933
-3.1981111826572226
1.352549889135255
-2.1395755852111176
-0.214611463829014
-7.617169997311587
5.635852168008527
-5.812672176308536
-0.0633713561470304
0.292668650309741
2.0037935898059565
-1.8833738616316213
1.0788220429584905
-0.30769230769231204
-0.17361111111110672
-1.1884057971014448
0.22489488608584673
0.8731707317073215
1.2621500072537313
-0.6303724928366675
-0.038446751249528156
1.0048076923076967
0.9043743157694321
-2.6416340393414783
0.7800765540966088
-0.5817307692307648
0
-1.17510517916728
-89.44020356234097
-1.5291936978684018
0.23529411764705882
-7.840375586854455
0.8660213958227145
-3.868686868686867
2.3957129347483463
-1.2724474089276645
1.8605134601392852
6.500000000000004
3.3821979496023773
6.135310472659861
2.602165560600772
-2.2978723404255343
2.7003484320557565
-2.5360474978795664
1.7753024105822002
-1.3424540401881209
0.5373548275264384
1.8362068965517202
0.7364767628883472
0.0504201680672288
2.292961532000675
3.23507677149191
2.8394178000477273
-3.0703789636504353
3.3272161493656762
-3.5752895752895717
0.104108272603504
1.6399999999999977
0.7083825265643492
-2.8839390386869854
1.3841944310317067
-0.9922209874583267
0.20043293513990218
-1.3042086733877498
2.9509525739764904
0.2992361603275925
2.0648504357383963
-1.9230769230769231
-0.9411764705882375
-0.11876484560569396
-0.8323424494649316
-0.8393285371702616
1.9750100765820258
-8.418972332015814
1.8558480794130392
0.5932203389830533
2.3588879528222386
-2.05761316872428
0.8403361344537815
-1.3750000000000047
2.2391212505280995
-0.4545454545454522
1.2038190120381924
-1.3535684987694878
0.7900207900207924
0.5363036303630293
3.3237587197373917
-1.9459888800635448
1.6605913325232864
-3.067729083665334
2.5893958076448755
-4.927884615384608
4.256215760640536
-2.7485852869846448
-0.24937655860348892
-0.958333333333338
2.187631468237281
-3.2935364347468092
2.852277564921238
-4.511589403973512
2.2973558734287005
-3.8135593220338984
3.8325991189427264
-3.98812049215103
2.5187803800265085
-6.07758620689655
2.524093620927031
-9.04207699194271
1.3779527559055176
8.592233009708732
-6.124273580688417
9.047619047619047
4.8034934497816595
-4.708333333333338
