0.08547008547008061
0.34158838599488106
-6.255319148936166
-1.9972764412165254
6.577119036591009
-3.7809647979139456
0.7226738934055982
1.7937219730941705
4.140969162995598
0.6768189509306236
0.21008403361344538
3.899371069182395
-4.761904761904766
-1.271186440677966
-1.2017167381974299
0.34752389226759833
-0.6493506493506493
0.2178649237472767
2.347826086956524
2.4638912489379705
-1.3681592039800925
-0.7986548970155551
-0.08474576271185959
-0.3392705682782067
0.425531914893617
2.457627118644073
-3.8875103391232444
1.1187607573149716
0.38297872340425776
0.04239084357778479
-0.847457627118644
-0.8547008547008547
0.3017241379310296
-0.7305543618392731
0.5194805194805145
0.7751937984496173
2.820512820512818
0.08312551953450419
-4.111295681063125
0.47639670853182947
-1.551724137931032
0.7005253940455316
2.8260869565217392
3.171247357293869
-3.5655737704917985
-0.5524861878453087
-3.162393162393165
2.3830538393645218
0.8620689655172413
0
-2.3504273504273505
3.4135667396061318
-3.512484130342789
0.8771929824561403
-2.608695652173913
2.5892857142857193
-2.697998259355969
-2.8622540250447255
1.8876611418047988
3.02756439222774
-2.6315789473684212
0.22522522522522523
0
0.6741573033707865
-0.8928571428571429
0
-0.09009009009008496
0.9918845807033312
-2.1875000000000027
-0.8215426745778106
2.577082374597328
2.2880215343203205
-2.192982456140351
0.4484304932735426
-0.044642857142854604
4.510942384993298
-4.529914529914528
2.9991047448522776
3.9982616253802767
2.0058503969912174
-8.234330192544038
0
1.2053571428571377
0.4852227613586338
-2.9850746268656763
-1.3122171945701384
2.109124254928929
1.032779524023355
-2.7555555555555507
-1.2340036563071375
6.941230911614993
0.0432713111207245
3.849480968858134
7.080383173677646
-6.767794632438752
1.3767209011264128
0.04115226337448326
2.0156314273961358
-3.024193548387097
3.1185031185031185
1.2096774193548387
1.9920318725099602
-5.390625000000004
0
0.7018992568125587
-0.6970069700697077
-1.2799339388934743
1.3801756587202056
-0.9488448844884535
0.7913369429404439
-2.85123966942149
2.084219481071887
0
3.125
-4.282828282828281
-0.7176023638666176
-0.08503401360543734
1.2340425531914918
1.0088272383354375
-1.7894298793175245
1.3559322033898258
1.588628762541811
-2.05761316872428
0.5882352941176494
-0.6265664160401002
0.8827238335435033
-1.25
0
0.5907172995780615
1.384228187919456
-3.103020273065784
-0.6831767719897499
1.6766981943250239
1.0570824524312896
-1.0041841004184124
-0.42265426880811496
-0.8488964346349746
0.5993150684931531
2.3404255319148937
-1.0395010395010396
-0.8403361344537815
4.237288135593221
-3.3333333333333286
0.08410428931875047
0.126050420168072
2.3919429290809853
-9.877049180327868
5.320600272851291
-4.879101899827281
-0.13617793917385898
-2.4545454545454573
-0.8387698042870377
-3.242481203007521
3.836813987372514
-0.9822263797942108
3.401039206424193
-2.010050251256284
-0.2331002331002331
1.8691588785046729
5.412844036697253
-3.5683202785030534
1.9855595667870063
0.1769911504424804
3.268551236749119
-1.967493584260061
0.34904013961606084
0.17391304347826333
-0.17361111111111358
2.391304347826087
0.5520169851380091
-0.46452702702703663
2.16376750106068
-1.2043189368770788
1.7234131988230326
-0.6611570247933861
0.6655574043261208
-1.3223140495867722
-1.5912897822445609
3.617021276595745
-1.2320328542094456
3.3264033264033266
0.6036217303822937
-1.6799999999999955
-0.73230268510985
1.2295081967213115
0.36437246963562986
-0.8067769261799113
-2.968686457909724
1.8440905280804718
0.411522633744856
0.4918032786885199
3.9967373572593847
-3.9215686274509802
0.40816326530612246
-2.4390243902439024
-1.6666666666666667
0.12711864406780143
0.042319085907741985
1.522842639593906
0.8333333333333334
-0.08264462809916885
2.026468155500404
-2.18889339278475
3.108164111065064
-1.366559485530549
0.40749796251018744
0.9740259740259763
-2.4919614147910036
0.5770816158285267
0.24590163934425996
-0.3679476696647611
-1.2720558063192426
-3.5328345802161265
-1.6803102111159007
-3.900087642418921
-0.592795257637944
-0.3669724770642254
2.209944751381221
-5.8558558558558556
2.15311004784689
5.058548009367687
5.037895675434678
-7.682512733446518
5.19540229885058
-8.610139860139867
3.10856049736968
-2.643784786641924
1.0004764173415885
0.7547169811320728
-0.6086142322097299
-0.5181347150259175
2.083333333333336
-3.1076066790352455
3.1594064145524148
-0.6496519721577753
-0.04670714619336493
-2.289719626168227
0
0.43041606886657374
1.8571428571428599
-5.376344086021505
0.6916996047430858
2.158979391560342
0
-0.43227665706050783
-0.6271104679208931
0.04854368932038559
-1.843765162542447
0.09886307464161573
2.419753086419756
-2.9411764705882324
-0.645802285146553
3.25
1.6464891041162255
-4.907098618389715
0.20040080160320928
-6.049999999999998
1.0111761575306044
-9.90516332982087
-5.1461988304093635
7.151664611590643
0.11507479861909586
-3.2183908045976977
0
-5.344418052256532
4.015056461731496
-4.704463208685169
0.5063291139240579
-5.100755667506311
4.180491041804919
-2.7388535031847208
0
2.161100196463662
1.025641025641022
-6.789340101522836
3.063308373042886
-1.7173051519154519
2.6881720430107525
-0.71989528795813
3.032300593276218
-3.966730646193229
-0.06662225183210814
-5
3.438596491228074
0.27137042062415584
2.0974289580514167
-4.837640821736256
1.2534818941504258
7.359009628610721
4.4843049327354265
-5.518087063151441
0.1297858533419968
-4.6014257939079855
5.842391304347842
-5.648267008985886
0.06802721088434988
-12.71244051665533
2.6479750778816245
5.842185128983299
5.304659498207889
-6.126616746085772
6.598984771573599
-17.89115646258503
2.2369511184755617
3.0794165316045357
2.0440251572327113
-4.622496147919887
0.5654281098546066
-0.9638554216867493
2.1897810218978124
-4.761904761904762
4.750000000000002
-7.3985680190930765
3.092783505154634
-4.249999999999996
-2.262837249782427
6.678539626001781
0.1669449081803029
-2.000000000000005
4.421768707482995
-3.7459283387622104
-4.8223350253807125
3.8222222222222197
2.311643835616441
0
-0.08368200836819609
0
2.1775544388609664
-3.770491803278684
-2.0442930153322023
1.7391304347826086
3.931623931623927
-9.128289473684207
4.796380090497736
-3.540587219343691
2.4171888988361707
-6.206293706293714
1.584342963653311
-1.3761467889908257
0
1.4883720930232505
1.2832263978001885
-3.7104072398189993
2.819548872180451
1.5539305301645234
5.220522052205231
-10.949529512403773
1.9212295869356388
-1.413760603204524
3.824091778202677
-5.524861878453039
4.580896686159847
-3.8397017707362444
2.7330878077146665
-4.113207547169811
0.5509641873278259
2.8375733855185827
2.283539486203621
-0.0930232558139482
0
0.0744878957169444
1.1350949013769993
-0.6623735050597965
-0.9075754769401777
-3.4766355140186906
5.538342370255615
-14.623853211009171
5.953148506339987
-6.734279918864098
6.350587211831235
-5.562372188139057
2.6418362927674295
-6.181434599156118
5.239487294805484
-6.517094017094012
7.1999999999999975
-8.31556503198294
6.9534883720930285
-5.218525766470969
6.652902041752692
-11.421811142181118
4.41962117532783
-2.0232558139534826
1.7089959648706357
-11.271878646441069
5.207785376117824
-3.800000000000008
3.9241164241164377
-6.3265816454113555
1.4415376401494904
-3.1052631578947363
3.8837588267246055
2.535947712418298
1.9887812340642559
-2.9749999999999943
3.0404534913682033
-3.2008002000500153
5.915784035133038
-3.048780487804878
5.660377358490566
-8.309523809523816
3.869124902622701
-3.4249999999999936
2.7439813616360214
-1.43613000755858
2.249488752556244
-1.5750000000000064
4.521209042418088
14.799513973268539
7.938187976291278
6.609139046871931
-8.940397350993377
-1.151515151515152
-4.986715716329446
0
-4.172940417294052
-0.022446689113351317
-3.233048944768742
-0.25522041763340936
3.279832519190501
-7.995495495495489
2.3255813953488267
-6.555023923444964
-0.7936507936507994
-3.458064516129041
2.111734830259306
-6.125654450261789
2.900167317345229
-3.902439024390238
-1.3254371122391395
-2.5435838811088898
-1.7595307917888603
6.6865671641791105
4.924454392837151
0.05333333333334167
4.984008528784641
0
4.975882203604978
0
4.981862152357908
0
4.353835521769179
-8.719646799116989
0
-1.305925030229744
1.690762068120553
-2.7710843373493943
3.791821561338293
-6.805157593123211
2.485267742761975
-4.7499999999999964
3.6745406824146944
1.2658227848101267
5
0
8.095238095238093
-7.400881057268721
2.045670789724071
-1.7482517482517483
1.3048635824436638
-3.1381733021077363
2.490328820116057
-1.2031139419674404
3.8681948424068704
-5.310344827586212
0
-2.4763292061179802
0.07468259895444644
0.19900497512437385
2.780536246276061
-5.410628019323677
2.655771195097054
-2.4626865671641838
1.9892884468247924
-1.9254813703425935
