1.6611295681063212
-5.8823529411764754
-3.645833333333333
4.504504504504505
-1.7241379310344767
0.3508771929824486
5.2447552447552415
1.4950166112956935
0.16366612111292614
0.4901960784313766
-0.6504065040650412
0.654664484451719
0.6504065040650412
0.8077544426494316
-1.602564102564111
1.6286644951140152
-1.44230769230769
2.7642276422764214
-5.221518987341773
2.1702838063439045
-4.248366013071892
2.047781569965872
-2.1739130434782736
1.5384615384615512
-2.8619528619528753
3.9861351819757442
-3.4999999999999996
-0.17271157167529858
0.34602076124566733
0.5172413793103491
-1.3722126929674112
-1.5652173913043455
1.413427561837457
-0.6968641114982584
-1.9298245614035143
2.8622540250447255
-4.3478260869565215
1.8181818181818117
-1.6071428571428548
1.9963702359346702
4.092526690391451
2.5641025641025705
-3.6666666666666625
2.595155709342551
-0.5059021922428223
-1.6949152542372972
1.8965517241379366
0
-0.8460236886632796
2.3890784982935096
-1.8333333333333386
-4.0747028862478665
1.2389380530973344
0
0.5244755244755288
0.17391304347825717
1.0416666666666754
-2.577319587628872
3.880070546737209
1.018675721561978
-1.5126050420168042
0.8532423208191096
-0.5076142131979737
2.040816326530614
3.4999999999999996
5.475040257648951
-4.580152671755722
0
-0.9599999999999937
3.2310177705977265
-1.7214397496087548
0
2.866242038216556
0.6191950464396291
-3.538461538461545
-1.1164274322168963
0.8064516129032229
3.680000000000007
-4.62962962962964
-0.4854368932038732
0
2.1138211382113803
-2.86624203821657
0
-1.4754098360655716
0.16638935108152725
0.49833887043189784
4.132231404958678
-3.6507936507936436
-0.4942339373970387
-0.6622516556291397
0
0.6666666666666673
0.33112582781456246
0.9900990099009984
0.32679738562090804
-0.1628664495113972
-1.305057096247962
-0.661157024793389
2.3294509151414404
-2.2764227642276516
0
1.1647254575707202
-4.1118421052631575
9.948542024013722
2.964118564742582
3.1818181818181817
0
-0.14684287812040803
-2.6470588235294077
2.1148036253776388
2.9585798816568074
4.310344827586205
2.479338842975215
-3.225806451612906
-1.9444444444444522
-1.4164305949008449
-0.14367816091953717
1.2949640287769764
0.1420454545454515
4.113475177304965
2.0435967302452367
-4.939919893190923
1.5449438202247237
-2.7662517289073327
0
-0.4267425320056934
0
-0.7142857142857117
-0.5755395683453243
0
0.289435600578865
-2.4531024531024523
0
-0.44378698224851126
3.714710252600297
-8.166189111747855
8.892355694227774
-7.02005730659026
4.776579352850533
-3.9705882352941115
6.891271056661564
-4.727793696275072
-7.06766917293234
4.692556634304208
-3.4003091190108155
0.480000000000004
1.1146496815286528
3.1496062992126013
-0.7633587786259515
-0.923076923076917
0
-0.931677018633548
-0.7836990595611257
-1.8957345971563997
0
-2.093397745571657
-1.3157894736842117
2.833333333333332
-1.782820097244738
2.4752475247524814
0
-3.220611916264093
-0.16638935108152725
-3.4999999999999996
1.0362694300518067
4.957264957264958
-0.6514657980456032
-1.4754098360655716
-1.663893510815302
0.8460236886632796
-1.5100671140939574
2.7257240204429327
1.4925373134328335
0
2.124183006535946
-3.0400000000000063
1.3201320132013215
-0.9771986970683976
-0.8223684210526286
0.8291873963515725
1.6447368421052573
-2.588996763754048
2.8239202657807447
-2.1001615508885423
-2.3102310231023053
1.3513513513513526
0
-0.6666666666666673
0.671140939597316
2.0000000000000018
1.7973856209150378
-0.6420545746388449
2.423263327948295
-3.3123028391167186
-1.305057096247962
0.1652892561983436
1.3201320132013215
-0.3257328990227944
-6.69934640522876
3.8528896672504334
-1.5177065767284967
0.6849315068493157
-0.3401360544217615
1.0238907849829284
0
-1.1824324324324373
0
0.1709401709401825
2.3890784982935096
-4.833333333333334
-0.7005253940455348
4.409171075837743
1.3513513513513526
-3.8333333333333406
0
-3.1195840554592675
-1.610017889087654
0.9090909090909058
-0.9009009009008977
0.18181818181817794
1.6333938294010864
-0.5357142857142744
0.3590664272890408
0
-4.114490161001781
5.41044776119403
-0.8849557522124019
2.142857142857145
4.020979020979029
-2.6890756302521033
-1.5544041450777177
0
0
1.2280701754385859
2.0797227036395167
-1.697792869269943
0
-2.2452504317789272
-0.7067137809187285
0.17793594306049443
-0.35523978685612034
0.7130124777183606
0.8849557522123862
-1.052631578947377
0.17730496453901906
-0.530973451327438
2.313167259786475
-2.2608695652173894
2.313167259786475
-6.956521739130441
0
-2.616822429906536
1.3435700575815794
-1.1363636363636458
1.340996168582381
-3.0245746691871482
0.3898635477582936
-4.854368932038835
-2.8571428571428688
9.243697478991606
-1.730769230769228
-0.19569471624267465
0
0
0
0.980392156862759
3.4951456310679556
0.9380863039399592
2.044609665427515
1.2750455373406082
-1.079136690647475
-0.727272727272728
0.7326007326007332
-3.2727272727272676
0.18796992481202607
-1.8761726078799184
-0.3824091778202765
-0.7677543186180429
1.9342359767891615
-2.8462998102466694
2.343750000000002
-2.6717557251908506
0.39215686274510714
-0.9765624999999966
0
-0.3944773175542497
2.574257425742572
-1.7374517374517349
0.9823182711198394
-1.945525291828787
-0.5952380952381001
-1.197604790419154
1.2121212121212042
0.9980039920159646
-0.9881422924901151
0.19960079840318937
-0.1992031872509918
0
1.5968063872255505
-0.9823182711198394
-0.5952380952381001
0.7984031936127752
0
-3.168316831683171
0.4089979550102344
-2.851323828920582
2.515723270440254
-3.2719836400817846
2.1141649048625717
1.4492753623188463
0
-2.8571428571428688
2.310924369747906
-4.517453798767962
0.8602150537634415
-5.117270788912584
0.4494382022471814
-2.684563758389264
2.7586206896551753
3.131991051454152
-0.216919739696327
-0.8695652173913052
0
1.096491228070191
1.7353579175705003
2.7718550106609783
-2.2821576763485543
-0.4246284501061481
-1.7057569296375281
-1.5184381778741927
4.845814977973562
-3.781512605042011
0.6550218340611408
-3.0368763557483853
5.592841163310962
-4.237288135593224
-5.752212389380527
3.0516431924882608
-3.8724373576309783
1.1848341232227446
0.9367681498829049
-5.104408352668208
-1.9559902200489017
-4.23940149625935
-0.5208333333333338
7.591623036649228
0
0.24330900243308481
1.9417475728155356
-3.809523809523813
-4.4554455445544585
12.176165803108814
0.692840646651276
-2.522935779816521
-3.294117647058816
8.029197080291972
0.9009009009009016
-2.45535714285715
0.45766590389015044
-2.277904328018215
2.3310023310023227
-5.922551252847376
0
2.6634382566586035
-0.9433962264150951
-2.6190476190476266
0
-3.1784841075794596
4.797979797979808
-3.373493975903628
-0.24937655860348598
0.24999999999999467
-3.49127182044887
1.808785529715758
0
-2.53807106598985
3.125000000000003
0.5050505050505055
0.5025125628140708
-0.7499999999999951
0.7556675062972242
-1.5000000000000013
-3.04568527918782
1.5706806282722527
-2.5773195876288684
-2.1164021164021065
-1.081081081081082
-3.8251366120218613
-0.5681818181818187
1.142857142857144
4.519774011299439
1.3513513513513464
2.666666666666669
10.649350649350641
0.46948356807512825
9.81308411214953
0
-3.191489361702135
0
-5.4945054945054945
2.32558139534885
1.1363636363636322
2.0224719101123565
-3.964757709251095
0.22935779816513271
-2.0594965675057173
0.46728971962615823
0
0.23255813953487878
-4.408352668213446
0.24271844660193656
-0.7263922518159867
-1.951219512195124
2.9850746268656745
1.932367149758456
5.924170616113744
0
-2.908277404921698
2.5345622119815743
-1.7977528089887655
-0.45766590389017076
-2.758620689655155
0
-3.0732860520094745
0
1.4634146341463536
2.1634615384615348
-3.294117647058816
3.1630170316301673
-2.3584905660377484
0
-3.1400966183574854
1.995012468827932
-0.48899755501221454
1.719901719901705
-1.6908212560386329
1.9656019656019672
-1.9277108433734955
9.828009828009813
-7.158836689038019
0.24096385542168158
-1.4423076923077043
1.2195121951219687
-1.2048192771084507
-2.439024390243894
1.750000000000007
0.49140049140048087
-0.48899755501221454
2.457002457002448
-1.6786570743405345
4.39024390243904
-4.906542056074765
2.457002457002448
-3.1175059952038344
1.7326732673267398
-1.9464720194647218
-0.24813895781639392
0.9950248756218916
1.9704433497536966
-2.1739130434782576
1.9753086419753105
-1.9370460048426168
-0.7407407407407469
6.218905472636816
3.0444964871194564
-4.772727272727272
-1.9093078758949895
0.7299270072992544
0.24154589371982307
-0.24096385542170298
-0.966183574879228
1.2195121951219687
0
2.65060240963854
