4.769230769230763
4.99265785609399
-0.839160839160846
2.2566995768688316
-7.034482758620687
2.373887240356085
2.028985507246372
2.2727272727272747
-0.8333333333333403
-1.960784313725486
1.9999999999999953
0
0
0
-4.9019607843137205
0.14727540500736064
4.264705882352942
-2.679830747531728
-2.318840579710147
2.373887240356085
-7.101449275362322
2.184087363494535
-3.0534351145038197
0
-4.251968503937001
1.9736842105263175
-6.774193548387095
3.806228373702418
0
0
-4.833333333333334
-1.9264448336252245
0
0
0
0
3.5714285714285747
2.5862068965517304
0.1680672268907527
2.3489932885905986
0.4918032786885287
4.404567699836876
0.46874999999999
2.0217729393468105
0.1524390243902542
4.109589041095884
0.2923976608187202
0
3.4985422740524683
2.1126760563380333
-3.4482758620689653
0
-4.999999999999995
0
-2.857142857142863
-3.0959752321981453
4.472843450479237
4.281345565749239
-8.79765395894429
-1.9292604501607735
6.393442622950829
3.5439137134052316
-6.994047619047615
-0.7999999999999972
5.645161290322575
4.12213740458016
-0.5865102639296192
-0.4424778761061983
-4.444444444444442
0
3.1007751937984525
0
-4.661654135338353
2.5236593059936934
-2.461538461538464
2.5236593059936934
-2.461538461538464
2.5236593059936934
0
2.3076923076923133
-6.015037593984967
4.959999999999994
-0.9146341463414576
0
-3.8461538461538463
-1.5999999999999943
5.365853658536587
2.6234567901234556
-4.962406015037595
-1.8987341772151916
6.9354838709677376
-1.9607843137254886
0.30769230769230116
-1.0736196319018314
-2.790697674418614
0
4.625199362041468
2.1341463414634236
-2.0895522388059784
-1.6768292682926744
0.31007751937983835
-4.173106646058726
4.032258064516129
-2.3255813953488427
0
4.603174603174604
-4.400606980273142
3.9682539682539684
-2.2900763358778544
-1.5625000000000082
1.4285714285714264
0
-0.31298904538340494
0
-1.0989010989011034
0
1.5873015873015959
4.687499999999997
-4.9253731343283595
0
-3.924646781789639
-4.901960784313722
7.388316151202744
4.159999999999997
-3.9938556067588293
2.4000000000000057
-7.031250000000002
0
-2.857142857142856
0
0.34602076124566733
0
0.1724137931034446
0
-4.4750430292598935
0.18018018018017634
0
1.9784172661870563
1.9400352733686124
2.07612456747405
2.711864406779648
0
-0.16501650165016152
0
4.462809917355379
2.056962025316454
-6.821705426356596
0
0
0
4.991680532445921
-1.7432646592709895
-2.5806451612903247
-0.6622516556291397
0
-1.6666666666666607
6.7796610169491425
0
-4.920634920634915
4.841402337228715
-6.050955414012736
-1.6949152542372972
5.344827586206906
0
-0.8183306055646598
-1.8151815181518058
1.0084033613445311
3.1613976705490914
0.16129032258064172
2.254428341384858
-4.8818897637795216
4.96688741721854
-8.359621451104106
2.4096385542168774
2.5210084033613356
2.1311475409836196
1.4446227929373974
1.2658227848101276
-6.093750000000009
4.991680532445921
0
0
-0.31695721077653843
0
0.158982511923685
-1.5873015873015817
4.838709677419351
-1.538461538461533
0
4.99999999999999
-4.613095238095233
4.52418096723869
-1.7910447761194046
-1.975683890577506
-2.480620155038762
-1.4308426073131932
3.06451612903225
0
-4.538341158059469
0.16393442622951926
4.255319148936167
-1.8838304552590284
0.7999999999999972
4.603174603174604
-2.5796661608497713
0
-4.205607476635508
-1.4634146341463534
6.435643564356446
2.325581395348829
-5.909090909090905
0
4.669887278582931
0.15384615384615058
-5.069124423963135
-3.721682847896433
8.403361344537815
0
-0.9302325581395425
-1.40845070422535
-3.1746031746031775
0
-2.4590163934426146
2.5210084033613356
-0.49180327868851414
-1.1532125205930854
4.0000000000000036
2.564102564102566
-6.875000000000006
4.697986577181212
-0.9615384615384694
1.1326860841423996
-2.0799999999999983
-0.16339869281045402
4.418985270049093
0.6269592476489034
-4.3613707165109075
0
0.9771986970684121
0
-2.5806451612903247
2.6490066225165587
-0.8064516129032229
2.4390243902438935
-0.3174603174603107
2.0700636942675144
-3.744149765990643
4.538087520259324
-3.4108527131782904
3.852327447833055
-2.009273570324573
2.996845425867514
-7.656967840735069
1.9900497512437827
2.7642276422764214
2.056962025316454
-1.5503875968992331
0
-1.8897637795275468
-3.531300160513654
1.4975041597337748
-1.6393442622950762
6.666666666666672
0
-2.6562499999999987
4.975922953451037
-4.58715596330275
4.807692307692305
-0.6116207951070342
4.923076923076928
-4.398826979472151
2.760736196319028
-3.283582089552235
-1.234567901234569
-3.750000000000003
1.6233766233766176
2.875399361022374
2.4844720496894293
-5.303030303030298
2.4000000000000057
0.15624999999999667
2.184087363494535
0
0
-4.73282442748091
2.564102564102566
1.250000000000001
0
-1.234567901234569
0
-4.218750000000007
0.32626427406199776
2.4390243902438935
-0.15873015873015536
2.8616852146263865
0.46367851622875195
1.6923076923076972
2.118003025718603
-0.8888888888888831
-2.8400597907324423
-1.8461538461538478
-1.0971786833855843
3.0110935023771854
0
-4.615384615384612
4.838709677419351
0.15384615384615058
2.9185867895545377
1.9402985074626848
4.9780380673499245
0
4.881450488145044
0
4.920212765957449
0
4.942965779467677
0
4.951690821256041
0
-4.948216340621401
10.41162227602905
3.070175438596504
0.10638297872340198
4.569606801275236
-2.540650406504065
1.042752867570382
-3.199174406604734
-1.7057569296375281
-2.819956616052058
-0.4464285714285817
-1.345291479820619
-3.4090909090909167
8.117647058823522
0.5440696409140447
4.3290043290043325
0
4.979253112033181
4.940711462450594
0
4.802259887005665
0.179694519317157
4.843049327354252
0.08554319931565259
3.418803418803422
1.322314049586778
0
-4.975530179445347
-4.978540772532189
0
-4.968383017163511
0
-4.942965779467677
0
-5
0
-4.947368421052638
0
-4.983388704318929
0
-4.895104895104894
0
-4.901960784313729
0
-4.896907216494844
0
-4.878048780487809
0
-4.985754985754981
0
-4.9475262368815605
0
-4.88958990536277
0
-4.97512437810945
0
-4.886561954624786
0
-4.954128440366981
0
4.24710424710426
-4.259259259259267
-1.3539651837524234
6.274509803921575
0
3.136531365313652
3.756708407871198
0
0
-5.000000000000001
-4.900181488203259
9.732824427480912
-1.7391304347826024
-3.185840707964612
-4.936014625228512
0
0
2.499999999999998
-4.878048780487801
10.256410256410247
4.830053667262978
-3.583617747440272
4.778761061946895
0
-2.027027027027029
-0.1724137931034446
4.4905008635578545
-0.1652892561983436
4.96688741721854
0
4.889589905362784
0
4.962406015037595
-0.5730659025787971
2.3054755043227555
2.2535211267605657
4.958677685950417
-9.448818897637791
4.347826086956519
-8.333333333333341
0
5.000000000000002
2.4531024531024523
1.8309859154929689
-0.414937759336103
5.4166666666666625
-3.820816864295126
6.8493150684931505
1.9230769230769276
-0.6289308176100606
-0.25316455696203116
-4.6954314720812205
-3.9946737683089193
8.7378640776699
0.765306122448986
-4.556962025316459
-1.19363395225464
4.295302013422811
0
-4.890604890604889
-1.2178619756427587
4.931506849315072
0
1.827676240208873
0.6410256410256387
-1.2738853503184668
1.9354838709677464
-2.531645569620255
-1.9480519480519527
1.986754966887422
1.9480519480519412
-6.75159235668789
-4.6448087431693965
7.163323782234957
0
-4.946524064171125
-1.547116736990159
2.85714285714286
0
-5.0000000000000036
0
0
4.532163742690066
-2.517482517482526
-4.878048780487803
0
4.67571644042233
-0.7204610951008747
-4.934687953555876
0
0
-4.885496183206098
1.9261637239165201
-6.141732283464563
0
-4.8657718120805376
