2.03756201275691
0.3438096891821528
-6.554994116425558
1.0333333333333368
6.396862055060669
-1.457414553472994
1.657284710324817
-0.36457437661220665
-2.4923193758845756
1.8515240556519341
9.986096628432401
-0.13589103435199512
3.069620253164557
-0.5219527172244397
-1.623456790123454
0.08157118654702607
-1.8150470219435766
-1.241978225471731
1.5194620457778354
-1.3438634481880078
-0.6165267914783702
-2.302770469973045
1.67553191489362
1.2817159298979799
0.3938533057851328
-0.6849315068493209
2.234094220495386
2.802850356294537
-1.734442390634633
0.9091764115747563
3.6132600118060143
1.9790104947526237
-1.4672155248456362
-0.9877353704753636
1.178420735382758
-0.21149206160078368
-1.1701492537313378
2.223027667029114
-4.866446046566608
0.5683759356461839
-0.3767757875231568
1.4973029946059806
2.6785986988790897
0.12790766851090865
2.581622649356825
0
0.19113814074717372
-0.41623309053069985
-1.558690351793795
1.1528822055137817
0.5713286305602492
0.08695148107356096
0.06370902351442931
-0.8479481391445326
-0.8172557718688889
-0.2972249198081254
-1.877213695395511
-0.5474672121285126
3.632569112576383
3.143332457753256
-1.1460101867572157
0.7585515958208101
-0.7159090909090857
1.5737667391553163
1.5183954025578803
-0.10267225351721337
-1.9000000000000026
1.9990938951183574
-1.2186996835267236
-0.10679256948543354
0.5064003376002251
-0.013995801259622114
-2.466405375139975
2.1785929561698123
-2.5450868026293714
0.31131096506399697
-1.5344827586206922
0.6186890795540849
-1.821451360287725
-0.3249630723781389
-1.307053941908711
1.6486981591038796
1.2172063341999473
-0.0029188558085204044
2.0461776467497566
0.11441647597254005
-1.1685714285714313
-0.8383683617125842
-1.2332001982449412
-0.7497490997107293
0.60373542707589
-0.020693528837905168
5.573625073920757
3.0107828035289175
0.35345296356715605
0.23841777296126204
-0.7838261527650143
-3.203661327231131
0.24766407745131663
1.7518248175182507
-1.404370378545417
0.12592696236183012
0.7238680827277835
0.7075668026304837
-0.6585110486581829
0.3799750381361758
0.5056366047745409
1.443298969072165
-1.4444444444444493
0.365716171254164
-1.073972602739721
1.0856319929101532
-1.1972602739725977
-0.4353492499237521
0.23951428730574026
-0.2556123583018398
-0.2534818941504153
0.03071853444664495
0.8654383026242323
-0.9133683919180736
2.7569832402234584
-0.9949166825237152
0.4722550177095707
-0.31973328232176296
-2.45366816536901
0.39065793541497124
-0.3023516237402067
-0.9435021902729392
2.270665608345615
-0.837098428361555
-0.23480083857442602
-1.5858339637443588
1.8049822064056966
-1.7310327470007576
-2.993739328400678
-0.2581553625909464
-4.323529411764706
-0.6117430064555822
0.4856020537564651
-0.027702536321105975
-0.3694695033714092
1.9778114280416577
-4.030425164398921
0.27787426189648323
2.3490883899612798
0.7137802664369386
-3.885749198105997
1.3857546959921148
1.4201072133922608
1.5362265084075257
-1.0715699108039902
-0.6031325968550916
0.23528683322497473
-1.1644068320103722
-0.05937500000000284
0.3720959319596039
-0.6386292834890965
-0.2947170402884493
-1.1760636457973048
-0.21001050052502337
0.0031886738305509726
1.4189146100376253
2.5937686672744995
-0.4014464329492495
3.3106673640811026
-0.5688417666855261
2.5310010183909424
0.8384213140136214
-3.3084187959905056
-0.5243288590604027
-1.7168157585614892
1.3422818791946365
-1.016057334663882
-1.613051049399694
1.9872690575997516
-2.533110062414365
2.067909911598407
-0.5478194338179064
-0.02461841457409303
-0.8864811622753072
0.5838509316770243
-0.030875632950475483
-0.06794737167213147
0.4512300655210752
-1.501446064857539
-0.9714499906290969
1.0188310254549955
-0.1811028539311724
1.707957957957955
-0.16608230300793783
0.8225508317929704
2.640022000183338
-4.462504837605314
1.2152561386015206
-3.3126039037005084
-1.7353371967140037
-0.14905544214380315
1.2364108388771673
-1.3495319912809305
0.08123476848090982
-0.20454545454546044
-0.08784201451019352
-0.5535656138065776
0.8153241650294726
-1.6434440871739877
-0.039626192913524844
2.1703941065706545
0.9311950336264785
-0.11532547411583512
-1.0872354073123827
-1.4947634642197045
0.2666227781435125
-1.4050753422408893
2.2208903539439886
-2.553745928338765
-0.6518251103088648
1.285286497762534
0.139520977975611
-0.8094211311992069
-2.478177987358279
3.840877914951989
0.607661822985472
-0.8534663865546218
-0.6754072308303566
2.360000000000006
0.9834570795883749
1.0319251854240568
0.09256303862113281
-0.6250199304824742
0.016044668356705066
2.938911704312112
-0.8041391347712312
-1.1154402061207818
0.044485399256461215
-0.025408924884871585
0.20649998411538584
-0.2631412085473251
0.13032836390221905
-1.2476190476190534
3.124698620889198
-6.172262227625549
0.3156251038240473
-1.1061800357686988
-0.8004018754186233
1.0533067755984022
0.023385561086420273
-0.26386105544422483
1.7983322728642803
-2.973879860517142
1.7122126534210347
-0.39001300043335685
0
-0.2978381634428632
0.6914375860101335
-1.853395113170436
-0.26152226335632484
-1.7196758155690255
-2.2729635147777247
-1.9216450983868043
0.0072298738386949385
2.306163021868794
0.5971098470126712
-1.1520089912896787
0.8989482660602518
4.433566926083745
-0.18545994065281898
0.6283571500962775
1.1246516936918791
-0.40833941969323845
0.01000033334443572
3.089794013732427
0.8147693103559707
0.13149033065007246
0.6565883031195952
-0.012727909122717289
0.5664640549915579
-0.6645359324072023
-0.34404765697173484
-2.6052488572067896
4.503085204148609
-4.798994974874377
-1.0292953285827335
1.619999999999997
-0.4198648559994662
1.9039462415178774
-0.4654771140418959
2.403221616004157
0.21882532030952973
-0.028480111388882977
0.4779691061028224
-1.8177235926031021
-0.003208624783414909
1.0620888817583798
1.7303784607569215
-1.735276676757901
-0.4446561854851517
-2.118360185037489
1.8643460121899635
-2.6845422839407442
1.094890510948896
2.0554850879760718
-0.13066063290735552
1.263641585295804
-0.2867586815403009
-1.4315962456151496
0.5418403334402081
-0.9470965273127419
0.18994269525465493
-0.06426528710517014
-0.28616443201183533
1.2156584547917024
0.5543343209404598
-4.828438361372496
-1.3715503179200463
0.6210551186417825
0.9929220757438499
-0.8801939748231309
0.07037061859125943
-0.6161470716271
0.6233363657805182
-0.020091079560672014
1.9056869180788945
-2.7015479672659093
0.7532511400101396
1.2974386482499602
-0.0033096144299159043
-1.3007215198252526
0.07042017370309209
-0.9349239327122726
0.12853905219361117
-2.0776325124151214
0.08969847512591972
0.4825589411278092
-1.9792810098792475
4.72090988626422
-0.28739473332441884
-0.2178430189690998
-0.2451885936922776
3.037037037037031
-0.591464610156196
-0.9762992669537431
-1.3046076218297762
0.7601493390736911
0.030043061721804286
-1.7987051992257923
0.8733476059401324
-0.7680905538337213
-0.39720260727864676
-1.1861344967449532
-1.6936290572936397
1.1894736842105296
-1.1754915218974338
3.5403508771929855
0.3524348503846315
-1.5432411440921308
0.3875703114281857
-1.7287915542041035
1.286374856586587
-0.4565269625510652
-1.3758620689655203
2.475437921750994
-2.6885939472517038
2.380701938922201
-0.4383561643835679
2.290864061640079
-3.345887416773152
0.7201753470410123
-0.8601036269430083
0.9720915647538445
0.6245686680469258
-2.136415074928834
-1.6013736071203402
0.4700687297461014
0.4430581646758586
-0.5822570400169383
-0.7382955311823441
1.5555158233506168
-0.7007042253521159
-0.28722385731002126
0.13869132290185246
0.5682019958095103
-0.20127829372507053
-0.14507112023211058
-0.06732575032777333
-1.0282958655414511
-0.29378045285181353
-1.088753144089119
0.8900352381298362
-4.644966152959816
0.8232006646023784
2.273408239700368
1.695535943164763
-0.8282319049333814
0.8024691358024658
1.6858182342134715
-2.36636083460272
4.1253945792968425
0
4.9864102028015855
2.223771117527963
-0.4026104743660538
0.932355338223306
-0.4037337295306999
-0.5026592294720457
-0.2640070401877354
0.09803921568627451
0.21547502448579528
0.03909304143863281
-1.862706786505154
0.6039288558534733
-1.174219935351948
-0.3404312128696288
0.7166778298727425
-0.9842388774356556
2.1122976694203652
0.40451211891999156
-0.953160825417619
0.33069876649360097
-0.7152509970664911
0.2921452758781018
-0.6156901688182691
0
0.06994404476418561
0.635713097021132
0.6713851038497216
0.19383028351785836
0.2590333792379709
-0.3074206102626038
0.5511268575927476
1.3604776353137018
-2.4687781640273037
1.1847793802184776
-0.5936073059360671
0.4035697880438259
-1.2515930851932855
-0.3805678734529088
0.40859714978572653
0.9759809435585258
-1.5694112250581598
0.3062379335596922
-0.039822127829039385
-0.2921452758780867
0.07657987614036516
0.7086535582393514
0.09910802775024777
0.6600660066006601
-1.0131147540983636
0.9174919678049841
0.4923198109491926
0.24168789600887178
-0.43007949954384916
0.21924083769632913
1.9068142488653832
0.12495594501938712
-1.7311999999999972
1.1429873978312517
-0.9304571796522888
0.6824607585063859
-0.7391627126303247
0.013007284079087246
0.20158668227338644
-0.5743396716204904
0.06853562220553863
-0.5185571717435143
-1.104809363013483
2.8939866074388445
-5.576854924449883
-1.1839770711068742
0.7147543247816123
0.3154141524958797
0.17088174982911825
0.286591606960085
-0.3742260325236443
0.2595273869689902
-0.24182561307901598
