0
0
0
0
0
0
0
0
-4.955752212389376
-0.09310986964619043
-4.846225535880711
0
-3.4280117531831538
0
-2.129817444219061
-0.5181347150259067
0
3.0208333333333393
-2.426693629929227
0
4.974093264248702
-4.244817374136226
-0.4123711340206244
-4.451345755693579
0
0
0
4.983748645720486
0
-4.850361197110426
10.303687635574837
4.916420845624385
-2.5304592314901617
5.000000000000002
0
0
0
2.0146520146520173
0
2.33393177737881
0
0
1.7543859649122806
3.4482758620689653
0
3.3333333333333335
1.6129032258064515
5.000000000000009
0
4.98866213151927
0
4.9676025917926605
0
4.938271604938263
0
4.967320261437905
0
4.981320049813201
0
4.982206405693954
0
4.971751412429385
0
0
4.897739504843915
4.976911236531548
0
4.985337243401768
0
4.981378026070758
0
4.966740576496669
0
4.985213350232367
0
4.989939637826953
0
4.9827520122652365
0
4.965315808689311
-7.6173913043478185
-4.969879518072296
0.4358161648177473
0
-3.747534516765286
-4.999999999999996
1.0785159620362381
4.481434058898848
-2.777777777777782
1.680672268907563
-1.9008264462809894
-3.201347935973039
-1.6536118363794652
-5.000000000000005
7.126222636236615
0
0.1304347826087006
-0.13026487190621422
0.7391304347826038
4.445403539059133
0
0
4.0909090909090935
4.922588328701868
0.03783579265984332
-4.689863842662624
0.9920634920634921
3.732809430255403
-0.1893939393939394
-2.998102466793171
4.968701095461666
-2.348117778606042
6.870229007633588
-3.5714285714285716
6.296296296296297
0
2.648083623693388
0
1.1541072640868897
-4.697986577181208
0
-4.999999999999996
7.487027427724236
0
4.793103448275854
0
2.994406054623239
2.0127795527156587
-1.9730660820544976
0
4.792332268370607
3.5060975609756095
-0.08836524300442161
3.183962264150947
-2.828571428571422
2.322846221699493
0.14367816091954022
4.591104734576757
-3.5665294924554183
4.978662873399715
-2.4661246612466186
4.973603778827462
-2.6204340921122378
0.0271812992661111
-0.8152173913043478
4.9863013698630105
0
4.984342379958252
0
4.896843151876706
-5.568720379146919
4.391468005018821
-1.0576923076923022
4.956268221574338
-4.166666666666667
-4.999999999999998
1.8052377320111788
1.898101898101904
-2.794117647058818
3.353504790721118
-3.561844352281036
3.1874525676701153
0.9561166952684566
-0.9227780475959231
-1.4950980392156918
0.024881811395875277
-4.925373134328361
4.657247514390375
-3.700000000000003
2.8037383177570123
-3.8383838383838356
3.7289915966386524
-3.240506329113927
2.564102564102567
-3.6224489795918338
1.5087347803070377
-1.590612777053461
2.3582405935347204
-2.6145482785400005
1.010101010101013
-0.7105263157894707
0.7156109196925493
-3.289473684210526
4.217687074829932
-6.057441253263705
2.279043913285155
-2.989130434782609
1.9607843137254901
-2.4725274725274726
1.408450704225352
-2.4166666666666634
1.8502704241389125
-1.73281162660704
1.251422070534692
-6.0674157303370855
-3.8875598086124405
6.316116988176731
0.08779631255487602
-0.7602339181286616
3.123158515026524
-2.942857142857146
1.2069473064468716
-5.031995346131475
4.134762633996937
-3.264705882352948
-22.77287929461842
-3.6614173228346503
-1.920719248058843
-1.875
0
-4.7983014861995805
-4.326494201605704
-0.6993006993006993
-2.347417840375587
-2.6923076923076894
-4.990118577075096
0
-4.992199687987531
0
-4.980842911877392
0
-4.953917050691241
0
-4.969696969696963
2.933673469387751
0
-4.956629491945477
-4.563233376792699
-0.4098360655737666
-4.801097393689986
-0.14409221902018518
-4.978354978354982
0
-4.9354593773728075
0
-4.952076677316295
0
-4.9579831932773155
9.814323607427065
4.669887278582928
0.30769230769231204
4.984662576687116
-0.07304601899196078
-3.508771929824569
-1.5151515151515151
-4.923076923076928
-0.08090614886730932
-4.8582995951417
-0.08510638297871857
-4.9403747870528205
10.394265232974918
4.870129870129859
-4.643962848297203
3.896103896103894
-7.578125000000002
4.818258664412513
-9.193548387096778
0
-4.973357015985785
-4.953271028037381
0
-4.916420845624385
10.341261633919338
4.873477038425494
0.08936550491509769
1.7857142857142858
-0.08771929824560905
4.477611940298503
-8.991596638655464
4.8938134810710965
-9.419014084507033
-4.956268221574352
10.429447852760738
4.62962962962963
-9.203539823008853
-4.8732943469785575
-0.10245901639343681
-4.92307692307692
0
-4.962243797195263
0
4.994324631101028
-9.51351351351351
-2.0310633213859055
-2.92682926829269
-4.396984924623116
-0.26281208935609546
4.874835309617903
0
4.899497487437193
0
4.910179640718556
0
3.881278538812792
-7.032967032967039
3.90070921985817
-8.532423208191126
-0.49751243781095233
-2.8749999999999964
4.8906048906048865
-9.325153374233121
0
-4.871447902571053
-4.978662873399716
10.029940119760482
2.0408163265306123
2.3999999999999964
5.000000000000004
-8.358134920634916
-0.9472259810554842
4.2349726775956205
4.718217562254271
-3.6545682102628305
-3.481423746427652
3.876177658142678
-3.472402176729731
1.6375838926174482
1.6904384574749092
-0.41558441558440673
4.303599374021905
-5.9514878719679984
0.6381281574049508
-2.879788639365927
-2.0674646354733355
-2.333333333333343
-3.2992036405005596
3.3235294117647136
3.6151437517790947
0.7967032967032944
0.1635322976287879
-4.517006802721079
-4.958677685950418
7.9160419790104966
0.027785495971097553
3.6666666666666674
0
-4.983922829581992
-4.963338973491252
-0.02967359050446622
-4.927278124072415
-0.06244146113020021
-4.998437988128703
0
0.2959552778691215
0.19672131147540564
3.2722513089005236
1.647655259822559
4.98753117206983
-4.691211401425173
4.9221183800623
-0.5344418052256523
4.955223880597004
-7.650739476678037
4.712041884816758
-8.647058823529415
9.465550547327757
-5.911764705882358
0
-0.06251953735542223
0
-7.569596496715666
1.522842639593906
1.0999999999999943
8.770194526871096
-2.9402849348287323
3.060587133041839
-0.09090909090909435
2.0624810433727623
-2.3774145616641817
9.984779299847796
-9.35510655964573
-2.2900763358778624
7.624999999999993
4.500580720092928
4.806890803000825
2.067868504772007
1.0389610389610353
2.69922879177379
-7.434292866082617
5.435370470524623
-5.309053603488074
0
2.952329360780055
-0.02630886608786638
2.105263157894729
2.9639175257732107
-1.9023779724655947
-3.036488900229645
-1.6315789473684144
-1.0165864098448436
6.891891891891884
3.4134007585335056
-4.572127139364297
-4.688700999231356
4.838709677419347
-3.538461538461545
1.940457203615109
5.4758800521512425
-4.672435105067986
-1.9968879668049873
2.0111140513363273
1.1673151750972837
-2.5641025641025643
0
-3.7894736842105203
5.169584245076588
-6.501950585175552
4.311543810848392
-2.2666666666666706
-4.502046384720324
-0.17142857142857792
-0.42930738408700225
-1.4084507042253578
-0.8746355685131113
-1.3823529411764672
2.5648672830301207
-0.31986042454201635
-0.8168028004667477
0.4411764705882311
0.9956076134699954
1.188750362423881
0
3.1518624641833854
