-5.98290598290597
1.8181818181818197
-6.250000000000005
-4.761904761904766
0
0
-5.000000000000004
-4.210526315789466
6.593406593406588
0
4.12371134020619
4.950495049504955
0
4.7169811320754755
-1.8018018018018032
3.6697247706421843
-7.964601769911493
0
3.8461538461538494
1.8518518518518534
-3.6363636363636394
-2.8301886792452855
2.9126213592233037
0.9433962264150951
0
0.9345794392523372
-0.9259259259259267
4.672897196261686
0
0.8928571428571237
-3.5398230088495413
0.9174311926605512
2.7272727272727093
0
-4.424778761061932
1.8518518518518534
0
1.8181818181818197
-6.250000000000005
0
0
0
-1.9047619047619064
-1.9417475728155356
1.980198019801982
0
1.9417475728155356
0
-1.9047619047619064
0.9708737864077678
-0.9615384615384623
0.9708737864077678
-4.807692307692312
0
1.010101010101011
0
-1.0000000000000009
-3.030303030303033
3.125000000000003
-2.020202020202022
3.092783505154642
4.0000000000000036
-2.8846153846153872
1.980198019801982
0.9708737864077678
0
-0.9615384615384623
2.9126213592233037
-3.7735849056603805
1.960784313725492
-1.9230769230769247
3.921568627450984
-2.8301886792452855
-6.796116504854375
3.125000000000003
1.010101010101011
1.0000000000000009
-1.980198019801982
1.010101010101011
0
-2.0000000000000018
-1.020408163265307
3.092783505154642
5.000000000000004
-2.8571428571428594
0
0
0
-1.960784313725492
1.0000000000000009
-1.980198019801982
1.010101010101011
8.000000000000007
1.8518518518518534
7.272727272727258
8.474576271186448
0.7812500000000007
1.5503875968992262
-6.106870229007638
-4.878048780487809
0
-4.273504273504258
0
-3.5714285714285743
0.9259259259259267
4.5871559633027355
0
0
0
0.8771929824561412
-1.7391304347826104
0.8849557522123902
2.6315789473684235
2.5641025641025665
1.6666666666666683
0
-0.8196721311475418
0
-4.132231404958682
-0.8620689655172422
-1.7391304347826104
1.7699115044247804
-0.8695652173913052
-0.8771929824561412
4.424778761061951
1.6949152542372898
-5.833333333333338
0
-4.424778761061932
0
-4.629629629629633
1.9417475728155356
-0.9523809523809532
0
-3.8461538461538494
1.0000000000000009
-3.960396039603964
1.0309278350515474
0
-1.020408163265307
4.12371134020619
1.980198019801982
-2.9126213592233037
4.0000000000000036
-1.9230769230769247
2.9411764705882377
-4.761904761904766
0
1.0000000000000009
0
-1.980198019801982
0
2.020202020202022
-0.990099009900991
-2.0000000000000018
1.020408163265307
0
0
-1.010101010101011
0
0
2.040816326530614
-4.0000000000000036
0
-2.0833333333333353
1.0638297872340436
-2.105263157894727
1.0752688172042901
-1.0638297872340317
-1.075268817204302
0
1.0869565217391313
1.0752688172042901
1.0638297872340436
2.105263157894739
3.092783505154642
-3.0000000000000027
-2.061855670103095
-1.0526315789473695
1.0638297872340436
-1.0526315789473695
1.0638297872340436
-3.1578947368420964
1.0869565217391313
-2.150537634408604
-1.0989010989010999
0
-1.111111111111112
0
0
1.1235955056179785
0
4.444444444444436
4.255319148936175
0
1.020408163265307
-3.030303030303033
0
-4.166666666666659
0
1.0869565217391313
2.150537634408592
-4.210526315789466
0
1.0989010989010999
-1.0869565217391313
1.0989010989010999
1.0869565217391313
-3.225806451612906
-3.333333333333336
1.1494252873563229
0
3.4090909090909123
0
-1.0989010989010999
2.222222222222224
-4.347826086956525
0
-2.2727272727272747
0
0
-1.1627906976744196
2.3529411764705905
1.1494252873563229
3.4090909090909123
4.395604395604387
-2.105263157894727
2.150537634408592
-4.210526315789466
1.0989010989010999
1.0869565217391313
2.150537634408592
-3.1578947368420964
0
0
0
0
0
2.1739130434782505
1.0638297872340436
-1.0526315789473695
5.319148936170218
-1.010101010101011
0
-4.081632653061228
0
2.1276595744680873
-1.0416666666666676
-3.1578947368420964
0
1.0869565217391313
6.451612903225801
-4.040404040404044
-2.105263157894727
-1.075268817204302
-4.347826086956525
-2.2727272727272747
4.651162790697678
-12.22222222222222
1.2658227848101276
7.499999999999993
5.813953488372098
3.296703296703287
0
5.319148936170218
0
-4.040404040404044
2.105263157894739
-1.0309278350515474
0
1.0416666666666676
2.061855670103095
-4.040404040404044
2.105263157894739
-3.092783505154642
1.0638297872340436
-1.0526315789473695
1.0638297872340436
-2.105263157894727
-3.225806451612906
2.222222222222224
1.0869565217391313
0
0
-2.150537634408604
0
1.0989010989010999
-2.1739130434782625
2.222222222222224
2.1739130434782505
-3.1914893617021187
1.0989010989010999
-2.1739130434782625
1.111111111111112
-1.0989010989010999
1.111111111111112
0
0
0
-1.0989010989010999
0
-1.111111111111112
-1.1235955056179785
-1.1363636363636374
3.4482758620689684
2.222222222222224
-3.2608695652173942
0
0
-2.247191011235957
1.1494252873563229
1.1363636363636374
0
0
-3.3707865168539355
2.325581395348839
-3.4090909090909123
2.3529411764705905
-1.1494252873563229
1.1627906976744196
-3.4482758620689684
0
0
3.5714285714285747
-4.5977011494252915
2.40963855421687
-1.1764705882352953
1.1904761904761916
0
0
-2.3529411764705905
2.40963855421687
-2.3529411764705905
-1.204819277108435
0
1.2195121951219523
-3.614457831325291
0
-1.250000000000001
1.2658227848101276
-1.250000000000001
0
-2.531645569620255
3.8961038961038996
-6.250000000000005
0
-4.0000000000000036
-1.3888888888888902
-2.8169014084507067
1.449275362318842
-2.857142857142844
2.9411764705882213
0
1.42857142857143
-1.4084507042253533
0
15.714285714285731
2.469135802469124
-9.638554216867465
2.666666666666669
-2.5974025974025996
0
-1.3333333333333346
1.3513513513513526
-2.666666666666669
-1.3698630136986314
-4.1666666666666705
1.449275362318842
-4.285714285714274
2.9850746268656576
0
0
5.797101449275368
-1.3698630136986314
-2.7777777777777803
2.85714285714286
-5.555555555555546
1.4705882352941024
2.898550724637684
-4.2253521126760445
2.9411764705882213
4.28571428571429
-8.219178082191775
4.477611940298495
-2.857142857142844
2.9411764705882213
-4.285714285714274
2.9850746268656576
-5.797101449275352
0
-1.5384615384615399
7.8124999999999885
-4.34782608695651
1.5151515151515165
7.462686567164168
4.1666666666666705
5.333333333333338
7.594936708860752
1.1764705882352953
3.488372093023259
-10.112359550561793
-2.500000000000002
2.564102564102566
4.99999999999999
-4.761904761904753
2.499999999999988
-2.4390243902438913
2.499999999999988
-3.6585365853658436
2.531645569620255
-1.234567901234569
6.249999999999991
-7.058823529411758
2.531645569620255
3.703703703703693
1.1904761904761916
-1.1764705882352953
-2.380952380952383
1.2195121951219523
8.433734939759043
-9.999999999999996
1.2345679012345552
-3.6585365853658436
1.2658227848101276
1.250000000000001
1.2345679012345552
-2.4390243902438913
4.99999999999999
-5.952380952380945
0
1.2658227848101276
0
-1.250000000000001
0
1.2658227848101276
0
-2.500000000000002
0
-1.282051282051283
0
1.2987012987012998
1.282051282051283
0
0
-1.2658227848101276
1.282051282051283
-2.531645569620255
1.2987012987012998
-1.282051282051283
1.2987012987012998
-2.564102564102566
-1.3157894736842117
0
0
-2.666666666666669
2.739726027397263
0
1.3333333333333346
-5.263157894736847
0
0
1.3888888888888902
-1.3698630136986314
1.3888888888888902
0
1.3698630136986314
-2.7027027027027053
0
0
