-7.929515418502206
-4.784688995215311
0
-4.773869346733665
0
-4.749340369393132
0
-4.9861495844875465
0
-4.956268221574332
0
-4.907975460122704
0
-4.838709677419355
0
-4.745762711864402
0
-4.982206405693958
0.7490636704119824
0.3717472118959161
0
0
-2.2222222222222276
4.9242424242424265
-9.386281588447645
4.780876494023901
0
2.6615969581749024
0
-4.814814814814817
0.0778210116731501
-4.9766718506998355
10.474631751227491
4.962962962962963
0
4.940014114326036
0
4.976462676529928
0
4.996796925048054
0
4.94203782794386
0
4.999999999999997
0
4.983388704318949
0
4.957805907172983
0
4.974874371859307
0
4.978458592628048
0
4.970360237118102
0
4.9087749782797525
-9.440993788819867
-4.983996342021032
0
-4.956689124157849
0
-4.962025316455699
0
-4.954714970697921
10.369955156950681
-4.977145759268666
0.3206841261357494
0
1.0122535961640984
4.957805907172983
0
4.773869346733683
0
4.796163069544364
0
-3.8901601830663677
-0.952380952380949
-4.8076923076923075
9.848484848484846
4.36781609195402
-3.7444933920704755
1.1441647597254003
0.6787330316742016
4.719101123595509
-1.9313304721030011
4.59518599562362
-8.995815899581585
4.36781609195402
-2.2026431718061676
4.729729729729733
-5.806451612903232
4.794520547945209
-1.9607843137254872
4.8888888888888955
-9.110169491525433
4.428904428904426
-2.232142857142857
4.794520547945209
0
0
-1.9607843137254872
0.8888888888888857
-3.0837004405286312
2.272727272727273
-6.888888888888891
4.295942720763733
-1.8306636155606504
2.5641025641025674
2.272727272727273
4.66666666666667
-7.218683651804668
4.118993135011435
-5.4945054945054945
-3.720930232558143
8.212560386473427
4.910714285714293
0
4.893617021276589
0
4.868154158215022
0
4.835589941972921
0
4.981549815498147
0
4.920913884007038
0
4.857621440536011
0
4.952076677316295
0
4.870624048706245
0
4.934687953555866
-0.276625172890737
4.9930651872399565
-8.190224570673715
-4.89208633093526
0
4.992435703479594
0
4.899135446685866
0
4.945054945054957
0
4.973821989528791
0
4.987531172069826
0
4.988123515439433
-0.4524886877828118
4.204545454545458
0.7633587786259572
4.978354978354972
0
4.948453608247419
0
4.911591355599215
-9.363295880149813
-4.95867768595041
0
-4.999999999999994
0
-4.919908466819234
10.348977135980757
-0.327153762268263
5.251641137855576
0.20790020790021085
-3.3195020746887995
2.57510729613733
-7.322175732217573
-4.8532731376975144
2.965599051008304
4.723502304147475
-1.1001100110011
-0.11123470522804062
-4.788418708240531
3.62573099415204
-8.239277652370202
-1.5990159901598981
3.625000000000007
-4.945717732207489
0
-4.822335025380707
1.6000000000000039
4.461942257217836
0.5025125628140775
4.875000000000007
0.1191895113229968
4.285714285714279
0.6849315068493248
4.9886621315192645
0
4.535637149028081
-3.925619834710741
0.8602150537634378
-0.8528784648187603
2.7956989247311768
-1.1506276150627557
0
3.7037037037037037
4.591836734693878
-0.585365853658531
4.02355250245338
-2.1698113207547145
-1.35004821600772
6.353861192570871
4.963235294117652
0
4.553415061295974
0.41876046901172526
4.9207673060884
0
4.928457869634342
-4.31818181818182
-0.3167062549485285
-1.4297061159650606
1.0475423045930794
3.907496012759175
0
0.3069838833461069
-4.973221117061964
0
-4.106280193236722
7.47271200671705
-0.15625000000000222
-4.851330203442881
-1.315789473684206
-3.6666666666666714
-4.065743944636669
-0.9017132551848511
-4.913557779799823
0
-4.30622009569378
-0.7000000000000028
-2.9204431017119754
-2.0746887966804977
-4.978813559322036
10.367892976588626
2.8282828282828256
2.0628683693516785
4.427333974975933
-8.94009216589862
3.643724696356284
-8.30078125
-4.0468583599574135
-0.8879023307436151
0.5599104143337066
-5.4565701559019955
-4.946996466431099
0
-4.956629491945477
0
-4.823989569752285
-0.13698630136985523
-4.938271604938283
0
-4.906204906204894
10.318664643399085
4.951856946354875
0
4.9803407601572705
0
4.6192259675405785
0.35799522673030687
4.280618311533899
0.6841505131128783
4.64326160815403
0.32467532467532156
4.422869471413154
-4.132231404958678
0
-4.956896551724132
-4.9886621315192805
1.9093078758949984
1.17096018735363
0
-3.912037037037048
9.274873524451943
-2.7777777777777732
7.98185941043083
3.6329273414531795
0.8105369807497438
0.30150753768843935
2.9859719438877796
-0.7589025102159964
4.254901960784317
4.288132405491821
-5.24797114517584
2.017510468214698
-6.865671641791044
-4.987980769230773
0
-4.996837444655276
0
-4.904571682201511
-0.09334889148191165
0.6774118196682998
1.8561484918793436
-2.0501138952163975
-2.9999999999999982
4.507312395109093
0
-3.6476256022023477
6.380952380952381
1.6114592658907763
-0.9030837004405211
-4.867748388530795
9.088785046728974
4.519168986935103
-2.8688524590163906
-4.999999999999995
0
4.9300466355762795
-4.783068783068779
-4.978884196488113
6.643274853801177
-4.80368501864445
3.9400921658986197
4.167590334737315
-5.682060012768678
4.467509025270751
-0.7127429805615514
4.089623667609316
-0.3343782654127559
0.4403438876074667
-2.881002087682663
-0.2579535683577054
-5.775862068965518
5.192131747483996
-1.6960208741030682
5.175846051758453
4.584647739221872
9.993967424090098
-6.617915904936023
8.653093187157404
-11.801801801801798
9.274770173646575
-12.507010656197428
4.487179487179491
-5.030674846625769
-0.9474590869939659
3.2173913043478195
0.4633529907329528
2.7253668763102663
4.897959183673467
-1.7509727626459117
-6.930693069306931
8.319148936170205
-3.3588685916322802
12.439024390243897
2.042660882140279
-1.4880425155004489
-7.300845171731707
8.011639185257037
3.9870689655172393
-5.8894645941278005
-4.110846026793911
10.009569377990424
0.9046624913013277
-1.879310344827592
-1.5111579687225434
-3.8893844781445135
5.4390198626322634
-1.8485915492957696
1.345291479820628
-7.76991150442478
6.889272692381507
-0.8976660682226212
0
1.4311594202898534
1.786033220217896
-1.7897876820494878
2.376273003394673
-10.732984293193716
4.496578690127086
-0.9167446211412572
5.683534743202412
-2.8408075754868616
-0.8826774549466788
-0.9647495361781002
-4.458598726114654
4.352941176470586
-0.03757985719653518
3.383458646616536
-3.6363636363636362
1.6981132075471672
-2.4860853432281935
1.8455098934550966
2.7274425555763138
-2.073104200763776
-6.2209842154131865
-4.0198019801980225
-9.985558077161123
9.374283749713491
-9.891031014249789
1.6046511627906923
-3.868162050812538
13.69047619047619
