-4
3.125
-8.888888888888886
3.9911308203991065
3.6247334754797502
2.5720164609053495
-1.9057171514543687
1.6359918200409085
-3.4205231388330035
-1.0416666666666667
1.1578947368420993
0.20811654526535156
1.4537902388369737
-0.10235414534289511
18.2377049180328
3.9861351819757314
-3.583333333333331
-1.3828867761452104
-1.2269938650306675
-4.702750665483583
2.3277467411545625
-1.7288444040036448
2.7777777777777777
0.6306306306306332
-1.0743061772605218
-0.09049773755655593
-4.347826086956532
1.7045454545454655
-2.7001862197392974
0.28708133971291594
0.19083969465649125
-1.9047619047619047
1.2621359223300943
1.150527325023972
0.37914691943128503
0.4721435316336166
0.7518796992481176
2.052238805970152
-0.6398537477148106
1.3799448022079117
3.3575317604355743
1.6681299385425736
0
-2.8497409326424847
0.7111111111111086
1.5004413062665516
-1.8260869565217341
1.8600531443755484
-0.7826086956521788
-1.8404907975460074
0.44642857142857145
-0.26666666666666416
0.8912655971479501
0.7067137809187254
-5.175438596491233
1.665124884366338
-1.4558689717925464
1.5697137580794118
-3.2727272727272676
3.289473684210526
-1.9108280254777146
0
1.6697588126159528
-2.3722627737226225
0
0.9345794392523364
-2.314814814814815
-0.47393364928909953
4.5714285714285685
0.18214936247723393
2.181818181818187
2.313167259786472
-0.8695652173913043
0
-1.14035087719298
1.1535048802129522
-1.7543859649122806
-1.4285714285714235
1.902173913043473
0.9777777777777727
2.0246478873239537
1.0353753235547787
-0.7685738684884641
1.5490533562822695
-1.4406779661016973
1.2897678417884781
-0.8488964346349746
0
-1.6267123287671161
2.523933855526537
1.4431239388794592
1.924686192468617
-4.597701149425283
1.5490533562822695
-1.0169491525423753
-0.34246575342465024
0.6872852233676952
-1.0238907849829375
0.8620689655172413
1.7094017094017093
-2.2689075630252127
-1.8056749785038644
0.7880910683012184
0
-0.08688097306689342
0.8695652173913043
0.17241379310345073
1.5490533562822695
-1.7796610169491478
-1.639344262295087
3.771929824561401
0
3.3812341504649197
2.8618152085036797
1.8282988871224144
2.73224043715847
-2.203647416413378
-0.5439005439005351
-0.8593749999999956
-1.497241922773842
1.4399999999999977
-0.9463722397476363
0.15923566878981119
2.066772655007956
-5.919003115264804
4.221854304635769
-6.751389992057188
2.8960817717206058
-3.228476821192046
0.2566295979469608
1.3651877133105754
0.5050505050505122
-1.2562814070351758
1.6963528413910092
-2.085070892410342
1.7035775127768313
-1.9262981574539457
2.3057216054654166
-1.2520868113522539
1.267962806424345
-1.3355592654423993
0.8460236886632826
-0.671140939597313
-2.0270270270270316
1.293103448275862
-1.2765957446808511
-1.1206896551724113
0.6974716652135982
0.34632034632035125
1.725625539257981
-0.4240882103477523
1.1925042589437747
-0.673400673400671
0.847457627118644
0
0.5042016806722641
-2.7591973244147137
1.2897678417884781
-1.1035653650254644
1.2017167381974299
-0.6785411365564133
0.42698548249359525
-1.0204081632652966
2.2336769759450124
-0.08403361344537337
0.8410428931875525
0.667222685571307
1.0770505385252669
-2.459016393442623
0.5042016806722641
-2.257525083612031
-0.6843455945252449
2.4978466838932007
2.3529411764705856
-2.7914614121510604
-0.3378378378378426
3.5593220338983076
1.4729950900163642
7.661290322580645
-2.3220973782771495
1.0736196319018447
0.45523520485583785
-4.531722054380665
-0.15822784810126805
1.2678288431061762
0.15649452269170802
-0.7031250000000044
-1.022816679779699
-1.112877583465812
2.5723472668810197
-2.3510971786833856
1.6051364365971108
-0.47393364928909504
2.063492063492059
0.23328149300156406
-0.07757951900697774
-3.2608695652174045
3.5313001605136485
-3.1782945736434063
-0.5604483586869519
-1.771336553945252
2.0491803278688523
-1.7670682730923717
2.044153720359771
-3.2852564102564057
2.651201325600665
-4.761904761904766
3.389830508474576
-4.8360655737704965
4.909560723514214
-5.090311986863713
2.0761245674740536
-1.8644067796610193
-1.5544041450777177
1.9298245614035112
0
-1.807228915662658
0.1752848378615275
0
-0.17497812773403573
3.242769500438215
1.7826825127334538
7.589658048373639
2.7906976744186003
0.6033182503770825
2.398800599700141
-2.855051244509521
-1.8085908063300509
9.593246354566384
3.641456582633045
0.2702702702702741
0
-2.0215633423180592
3.1636863823933936
-4
2.638888888888897
-0.8119079837618518
1.8417462482946911
-3.5498995311453525
1.3888888888888888
-14.520547945205482
2.2435897435897414
3.6050156739811867
1.3615733736762567
-2.4626865671641878
2.4483550114766772
-2.0911127707244295
-0.8390541571319561
-1.615384615384611
-1.0946051602814744
5.691699604743074
0.8975317875841564
-3.11341734618237
2.6778882938026016
-5.663189269746643
1.8957345971564026
-2.2480620155038804
-1.5860428231562254
-4.351329572925053
4.46503791069924
1.6129032258064515
1.4285714285714264
-1.3302034428795015
0.8723235527359307
1.2578616352201324
-1.7080745341615038
5.7661927330173866
0.2240477968633181
-3.42771982116244
2.8549382716049516
-2.775693923480883
1.3117283950617415
-0.07616146230009348
1.371951219512204
-0.9022556390977358
0.1517450682852721
-1.5151515151515151
1.3846153846153935
-1.213960546282263
2.6113671274961643
-2.769461077844303
-0.07698229407235897
-3.081664098613262
-1.112877583465812
1.2861736334405098
0.7936507936507936
-1.417322834645667
-0.9584664536741236
-0.16129032258064746
4.684975767366719
-3.3179012345678993
1.3567438148443758
-4.251968503937013
0.9868421052631603
-0.32573289902279434
1.3071895424836555
-3.7903225806451637
3.1014249790444284
-4.065040650406504
3.389830508474576
0
-0.819672131147541
-0.3305785123966989
1.9900497512437858
-1.707317073170727
2.3159636062861844
-4.769603880355704
-1.3582342954159545
-3.098106712564551
1.5985790408525857
-0.2622377622377722
-1.13935144609991
1.9503546099290805
0
-1.47826086956522
1.6769638128861482
-5.555555555555561
3.6764705882352944
-2.570921985815595
1.728844404003632
-2.4150268336314875
1.649862511457389
-4.328223624887296
3.20452403393026
0.8219178082191833
3.804347826086946
-6.980802792321117
1.9699812382739292
-3.2198712051517937
1.0456273764258501
-2.6340545625587932
0
1.4492753623188406
4.190476190476196
-6.124314442413165
-0.19474196689386838
2.146341463414637
-0.668576886341932
-1.0576923076923022
2.8182701652089324
-2.268431001890351
0.9671179883945841
-0.19157088122605634
0.19193857965451327
-0.5747126436781691
1.734104046242772
-2.1780303030303005
2.323330106485969
-1.6083254493850547
0
-3.5576923076923106
4.287138584247256
-1.8546845124282962
3.0586401714397047
-3.591682419659733
2.7450980392156836
-0.38167938931296896
0
1.72413793103448
0
-0.37664783427495824
0.6616257088846907
-0.48826291079811834
0.018871485185880374
-0.15094339622641187
2.0408163265306087
-2.407407407407402
1.6888045540796974
-4.627729053927979
2.1326550577186527
-2.5670498084291253
0.2752654345261513
-2.117647058823526
2.1634615384615348
-2.117647058823526
-0.3405448717948752
-0.32160804020099815
2.036700947771724
-4.6640316205533585
-0.2902155887230526
2.3076923076923066
-0.020321072952647855
-1.3211382113821253
2.9866117404737444
-3.1200000000000045
-1.5483071841453344
0.3355001048437905
-1.3375130616509938
-2.6901080279601843
4.984762734000869
-3.897988803649172
-1.057173678532906
2.616659398168345
-1.1899702507437362
5.096774193548382
2.0053202373644443
2.8284854563691004
-1.872805306281703
-2.5049701789264374
-0.8972267536704684
5.246913580246908
0.46920821114369893
-2.510215995329829
1.4970059880239521
1.9075712881022593
1.3122346584330369
-1.0857142857142863
0.1347968419025617
2.9807692307692255
2.68907563025211
-4.8008728859792695
-0.668576886341932
1.4615384615384577
0
-1.4594389689158378
1.9426812848624697
0.20754716981131968
0
-1.581623046507242
3.080160704036731
-0.6124721603563574
1.7740429505135442
-0.5321100917431177
0.5349566500645622
1.1743119266055055
0.07254261878853673
0.23559260601667734
4.321099258723559
-4.558058925476606
-1.3800617396041366
2.0806481310992364
1.911976911976916
-3.610619469026547
1.8912963643040785
-1.1533609659398099
2.0054694621695557
-1.6979445933869577
1.5272727272727336
-2.739971346704873
1.4546124102375237
-2.595281306715063
0.8943543879262099
-0.9972299168975054
2.5741466144376095
-1.873067830514641
1.4640474425500354
-4.1461187214611925
-1.8483231707317052
2.7955736750145697
1.680830972615676
-3.1017830609212513
-2.2235000958405284
3.293471868261125
0.4744733345985956
-1.5489233094068764
-0.7674597083653081
0.5413766434648127
0
-1.1346153846153912
1.10873370939506
0.38476337052713133
0.5174396320429343
-1.4680648236415692
0
-0.7159442724458155
1.987916585460916
-2.388687177527231
-0.6264682850430703
2.3837667454688747
0.057725610929384524
2.0769230769230735
1.262245666917863
-0.44651162790698046
1.8501214726219437
-2.2568807339449486
