4.642857142857145
4.0955631399317385
-3.278688524590164
-4.949152542372884
10.41369472182597
4.974160206718343
0
4.984615384615377
0
4.982415005861673
-0.0558347292015721
4.972067039106149
0
4.9494411921234684
-0.15212981744420684
4.926358557643468
-5.130687318489829
4.999999999999984
-6.2196307094266166
-3.8860103626943006
5.660377358490569
2.0408163265306047
-0.7499999999999929
-1.7632241813602085
-2.8205128205128243
0.2638522427440671
-0.7894736842105189
4.509283819628636
-2.2842639593908594
4.415584415584423
-4.726368159203994
0.5221932114882581
0
0
-1.558441558441562
-2.374670184696566
3.243243243243251
2.0942408376963275
-1.2820512820512822
-2.337662337662334
-0.7978723404255432
1.8766756032171659
-5.526315789473688
0.8356545961002905
-4.143646408839778
0.8645533141210292
-2.857142857142857
2.9411764705882355
-0.857142857142849
0
-3.4582132564841577
-4.179104477611936
7.476635514018687
4.3478260869565215
-1.9444444444444524
1.699716713881024
1.6713091922005612
-1.36986301369863
-0.5555555555555635
0.5586592178771029
-4.444444444444448
-0.2906976744186088
-2.915451895043732
4.204204204204221
-2.3054755043227786
-2.6548672566371643
2.727272727272723
0
0
2.6548672566371643
-3.735632183908038
-0.5970149253731428
3.0030030030030033
3.4985422740524865
-1.6901408450704265
2.5787965616045807
-5.027932960893847
-5.000000000000008
4.953560371517033
0
0.29498525073746734
2.35294117647058
-0.5747126436781487
3.179190751445091
1.4005602240896358
3.591160220994467
1.3333333333333333
3.9473684210526314
-1.2658227848101267
2.051282051282044
-0.2512562814070209
0.755667506297222
-3.000000000000007
-4.896907216494842
1.0840108401083972
1.8766756032171659
-0.26315789473684587
2.374670184696566
-2.0618556701030855
2.105263157894729
-2.0618556701030855
2.105263157894729
-2.577319587628866
2.6455026455026456
-4.896907216494842
-1.8970189701896905
-2.762430939226519
-0.2840909090909131
0
4.843304843304831
-6.249999999999993
4.9275362318840665
-1.3812154696132595
4.761904761904749
-4.278074866310164
3.351955307262578
-2.1621621621621543
3.591160220994467
-7.200000000000007
4.5977011494252915
-3.296703296703285
4.545454545454529
-6.793478260869565
3.4985422740524865
-1.408450704225352
2.857142857142857
-0.8333333333333255
-3.3613445378151336
2.028985507246385
2.2727272727272645
-2.7777777777777777
2.857142857142857
-4.72222222222223
4.6647230320699755
-0.5571030640668405
3.641456582633045
-3.7837837837837798
3.932584269662917
-7.837837837837835
-0.29325513196481356
4.117647058823525
3.672316384180803
-3.8147138964577807
3.116147308781874
-1.6483516483516523
0.5586592178771029
-4.444444444444448
4.941860465116288
-2.7700831024930745
2.56410256410256
-6.944444444444445
2.985074626865672
0.28985507246377223
9.248554913294784
-10.052910052910047
0
-0.8823529411764622
0.8902077151335227
-0.5882352941176554
3.5502958579881745
-4.285714285714286
7.462686567164179
-6.6666666666666625
0
0
8.333333333333325
-5.219780219780216
4.3478260869565215
-2.7777777777777777
-0.857142857142849
10.951008645533133
0
9.870129870129862
8.747044917257691
0.8695652173913012
4.956896551724148
0
4.928131416837779
-8.219178082191787
-3.837953091684429
9.090909090909093
3.2520325203251916
1.5748031496063077
4.844961240310077
0
4.990757855822542
0
4.929577464788741
-0.33557046979866245
-3.7037037037036966
1.9230769230769131
-3.430531732418525
8.703374777975144
4.901960784313725
0
4.984423676012465
0
4.896142433234417
0
4.9504950495049505
0
4.986522911051217
0
4.878048780487801
0
4.8959608323133414
0
4.9008168028004695
0
4.89432703003336
0
4.984093319194065
0
4.949494949494955
-0.09624639076035468
4.046242774566477
-6.296296296296294
-4.841897233201586
-0.10384215991692038
-4.989604989604986
0
-4.157549234135679
4.452054794520555
3.8251366120218577
-1.0526315789473684
4.25531914893617
0.6122448979591779
4.259634888438137
0.6809338521400806
4.927536231884052
-0.09208103130754541
4.976958525345627
0
4.741000877963117
-3.604358759430006
3.4782608695652173
-4.117647058823534
1.8404907975460199
-6.626506024096387
-4.976958525345627
0
-4.946653734238598
6.428571428571426
2.5886864813039336
0.2803738317756983
-1.2115563839701744
0.3773584905660431
-4.793233082706775
10.266535044422513
-4.923903312444047
9.981167608286247
3.339041095890416
-1.1599005799502946
3.9396479463537326
-3.225806451612903
1.4999999999999976
-3.940886699507387
-1.9658119658119635
3.138622493461198
4.649196956889265
-3.0694668820678492
1.6666666666666667
-3.4426229508196746
1.952461799660439
-0.08326394671106938
0
0
-0.16666666666666904
-1.5025041736227023
0
2.372881355932201
4.304635761589406
-1.7460317460317483
-1.45395799676898
-1.885245901639342
1.8379281537176297
-0.6562756357670314
0.6606110652353521
0.8203445447087776
2.5223759153783516
-5.317460317460319
2.1793797150041985
-4.019688269073015
-2.5641025641025643
-1.6666666666666716
-1.9625334522747446
-1.3648771610555048
0
-2.49077490774908
3.8789025543992377
-7.832422586520942
4.446640316205533
-4.91958372753075
0
-4.676616915422889
-3.966597077244256
0.326086956521736
-1.9501625135427922
7.071823204419895
4.850361197110411
0.0984251968504021
4.621435594886925
0.2819548872180424
0
-4.029990627928769
3.124999999999989
-7.575757575757576
-4.508196721311467
4.613733905579396
-0.10256410256409673
-0.410677618069821
0
-0.9278350515463976
0.728407908428723
-2.3760330578512368
-4.232804232804233
3.867403314917127
-4.6808510638297935
4.910714285714293
3.5106382978723376
-5.447070914696812
4.239130434782615
-4.06673618352451
-1.0869565217391304
3.2967032967032965
5.000000000000003
-1.8237082066869272
-4.437564499484016
-0.43196544276456966
2.92841648590022
-6.8493150684931505
0
0.3393665158371008
4.622322435174739
-6.142241379310348
4.477611940298514
-0.7692307692307724
-2.547065337763009
-2.38636363636363
1.7462165308498252
-6.521739130434785
4.528763769889844
-9.016393442622952
-1.9305019305019304
1.4435695538057667
4.527813712807244
-5.198019801980202
4.8302872062663225
0.12453300124534064
4.975124378109452
-0.9478672985782125
5.000000000000009
-8.703577124629756
-4.891439980034941
7.504591970611386
0.07322431047107918
-2.4390243902439024
5
-8.952380952380947
4.550209205020907
-1.750875437718849
4.251527494908355
-4.151404151404158
4.840764331210187
-7.654921020656134
4.9999999999999964
-9.523809523809517
-4.958448753462601
-0.02914602156807087
-4.956268221574332
-0.030674846625760768
-4.970849953973625
0
-2.0019373587342506
0.26359143327841283
4.304962208347022
-3.15059861373661
-0.032530904359134714
-0.7809957696062544
3.706133158412603
-4.2061986084756535
4.621987454605488
0.34711265383401524
5
-4.252770290506144
4.629340006255878
-9.177877428998517
-4.970375246872936
7.75891929338413
3.664416586306656
-0.7441860465116341
-0.031240237425798224
-3.500000000000003
4.339378238341969
-8.938547486033515
-0.03408316291752407
-4.943743607228092
-4.949784791965563
-0.03773584905660967
-4.983012457531132
0
-4.568931267381812
3.9966694421315605
3.242594075260203
0
2.404032570763866
0.113593335857634
4.009077155824503
-3.85454545454545
3.063540090771553
-7.816513761467886
4.578025477707
-1.5987818804720144
0.580270793036745
-4.730769230769233
2.947113443681875
-3.450980392156859
-0.487408610885463
-4.408163265306116
4.568744662681454
-8.00326663944466
-2.3524189968930362
7.045454545454548
-3.3970276008492597
2.37362637362637
3.9072563331902113
-6.73553719008264
-0.8418254319893721
2.7703306523681905
3.260869565217391
-3.2000000000000064
2.0008699434536794
-0.042643923240929686
2.090443686006819
-1.7969076473046373
4.000000000000005
0.941080196399347
4.864207539521683
0.11596443757246844
4.980694980694992
0
4.965060684075019
-0.5255781359495395
0
-0.8453680873547094
2.9840142095914737
-1.1728182131769571
2.7923211169284494
-6.960950764006793
4.0145985401459905
-8.631578947368425
4.838709677419361
-1.3186813186813167
3.1922791388270206
-6.474820143884894
2.6538461538461586
-4.158860996627961
3.7920250195465304
-7.1563088512241135
1.6227180527383454
-1.6367265469061882
4.4642857142857055
-6.449106449106449
4.651162790697679
-3.2539682539682553
0
2.9122231337161644
4.623355918692707
-1.3714285714285692
4.866743916570097
-5.782688766114182
3.557466770914778
-0.1132502831256987
4.1194255479969755
-2.6860254083484647
