4.06698564593301
-0.007927070947277768
-1.6806722689075666
2.265763586518296
2.6728691949854206
1.5435416986637926
-1.0814489903955196
0.08409785932721017
3.414559621113746
2.090412173142263
1.1504232689385785
4.506437768240343
-3.860369609856269
-0.4485262708244308
-0.5792748337266617
0.007193209610121497
-2.1074588218370103
-0.36737692872887584
-1.9469026548672634
-3.5800240673886816
2.9407176287051517
1.3260589527923012
-0.4486987735566856
0.6610576923076888
-1.634328358208962
1.5325089143464112
-0.20174848688635175
0.9134471398622377
2.040362071523965
-1.1124845488257076
-0.4558823529411798
0.45797015807357405
2.8382352941176405
-1.4443014443014315
0.4570516540916972
-0.3394237018848881
-0.21014492753623848
1.4160191707210805
-5.162537591293134
1.1627029067572738
-0.32091947160237194
0.5914944594189946
0.766654261257905
-2.3563303294430393
2.738482487328831
2.7906634268463364
-0.8667621776504233
-0.5708504949779674
1.2718023255813953
0.06458557588805819
3.894148020654041
2.022502933664662
-0.9269282814614375
-0.15024243665915765
2.8178647151357668
4.430253442426671
0.5414357602395057
3.1297516472377
-6.769873448826639
4.994728518713771
0
4.995606878373284
0
2.331141661685595
-2.844626168224302
-1.3106475079660889
-0.1705756929637499
-1.7086715079026056
-1.0616502141925954
-0.9600903614457803
-0.9187100044351517
-0.49878501087095245
2.0115681233933134
0.8064008064008036
-2.168614461596139
1.5650951833397213
-3.195169507516207
-0.4028328243778714
1.728749429186509
0.6220341156855084
1.6888662290484993
1.1531712208573635
-1.2453531598512955
0
-0.9097183010226488
3.001139673293647
-1.8564052126874875
1.941625955154704
-5.812238879331526
-3.1898238747553878
9.426588504817742
-0.3694581280788177
2.8182941903584617
-0.25847559509497203
2.25998915205207
11.85761433286186
-5.084299262381454
-1.9705800721620872
1.2967157417893596
1.2242159986583858
3.092555776452397
0.36961645596743575
0.25617761648075754
0.11179132286398238
-0.760395618419651
0.4286556287842255
0.6669156485087766
1.499894000423996
-0.6318207926478988
1.5344193378875484
-0.5485974536797503
0.02601998334721066
-1.7584933146038164
1.3663083196525951
-3.834700381380276
-0.2607703591025129
2.2386840241843187
-0.9003729355354337
-0.6505026611472453
-3.4740259740259765
4.546473819934978
1.308381146442161
-3.7527126448949275
-0.9953805543334875
-1.8163639393434454
1.595383570943655
-0.7740282882280802
2.6993658454458673
0.6284153005464481
1.1458050502307853
-4.789004617201751
1.6747490695838398
-2.063113526704
1.3081148422900453
-2.0290665176075993
-2.8185085867518738
8.395467621675571
-0.3412229865135652
1.1032608695652149
-1.7524055259904268
0.22979701263883817
-0.8788689338937788
5.215332085031394
-1.3923056791415813
-0.3662614788470774
2.434736281299949
0.6709315025744975
1.472411655300682
5.569981161855307
0.7957559681697612
1.406698564593306
1.5192979145040963
0.5019520356943754
-3.0567887532371394
1.965367552354139
0.589473684210522
-2.5952281289242234
1.9099460440242562
2.8768214402848535
0.5419683927676865
-1.9070483783294034
-0.5587624105287421
-1.416364818426674
0.13660558669744646
1.5570608712014256
1.9639631293714432
-1.6944532776086938
1.478743068391867
-3.5018214936247762
0.14628851871076914
-0.739798322495515
1.4811298362212113
-4.818262618702334
1.734899493782865
-5.0289855072463725
0.7172287501907477
0.7171717171717195
1.2034901213519205
-0.9067485878505577
-0.48002400120006683
1.6680902376526174
-2.149740548554485
1.070707070707073
0.4947031780931373
-1.8845407985679412
1.783904317859317
1.424019119697267
-0.18654884634265853
2.5722998229392067
-0.9829777031886837
2.4794188861985385
-4.923920234382376
-0.6262425447316058
-2.820846253876167
1.312403499742666
1.8034036068072137
-0.613772455089818
0.8786463824873224
-4.484371889309185
1.412120264707422
-2.06042544445587
0.7030061381879278
4.073977598332902
0.5155929318716501
0.23406374501992258
-0.7303622000298129
-4.309309309309305
1.8567916732046654
-1.9051042415528465
-1.1621211328063679
-1.504157618770185
2.5649298273915173
-1.16388801509909
1.2412476129853525
-0.6287331027978623
-0.3479911420436523
0.24338624338623857
1.034519159717098
1.373942116811198
0.7626900283432082
1.7797780391755718
-0.005024873121949101
3.53768844221106
-0.8444962143273195
-2.32501223690651
0.16537208719618915
0.6053632179307653
-0.5420458501168676
1.0850000000000022
-1.271207399713115
-2.424849699398802
-1.0371739576915084
2.900280170177434
0.539504865627996
1.8856569709127335
0.49714510730459427
0.04408091296467961
-0.12728874963281647
0.14705882352941177
0.5873715124816447
-2.798053527980535
0.4305381727158903
3.28996560490504
-2.3213165387770816
1.6057312252964426
0.6467298808655572
-0.41066769736206393
-0.23771406394023628
-0.18478895156585207
-0.5261619409529356
-1.106866490351646
-0.8221077654516707
2.2021372216119115
2.6041921141349467
-1.0285714285714243
-2.1218244803695216
0.40800275278965514
-2.2422402819935354
-1.3271233974358974
-1.6393442622950798
1.5221878224974201
2.9682337992376158
2.917221975418328
-0.6618705035971311
-0.15932792584007954
0.7834034527781719
1.0939974089535138
-2.173809862831657
1.906748823443801
0.5522757569986626
-1.09848484848484
0.7229031022596663
-0.25191311374115605
-0.01429524444866707
0.3336033932230853
0.04274925188807467
-2.359699933529571
1.361536591295891
-1.4919644998800627
-0.32141813577481915
-0.05374242720343507
-0.07821283668182707
0.07338192847708037
0.2102072741494027
-0.7902824528025779
0.7670747897920114
-0.06343629532036216
-0.830078125
1.6494337764647957
3.1726810365705984
-0.2676056338028084
0.1788824553970591
1.0102908697899535
0.8745813174544186
-1.5218594355285002
-2.008991289688119
-2.2891278375149384
0.48420228895627954
0.6716962764663024
0.6817192863704447
-1.3398002305032697
1.4066682891214453
-0.9455697417682765
-0.39249890972524637
1.4351041058571707
-3.1221524147522857
2.5940594059405986
-0.810654313839036
3.0064214827787596
-0.680079342589973
-0.9652876842605888
1.027512363758587
1.8772872011786512
-6.605710020526214
4.955044955044946
-0.25223681705690687
0.10496684002098468
1.3202421238263322
-0.752657822937247
-0.8673807943881022
2.6057853215395648
0
-1.6728797763280565
-0.21799914695985542
2.241747803372112
0.5713754819529049
3.441108545034642
4.215226613083281
1.439650370624273
-0.14783526927138332
-2.043147208121835
-0.811849548732553
-0.33088075231833813
0.9042065260123101
0.761904761904758
-0.44251589620208487
0.9623268458982318
-0.25217985980509877
1.011269657625246
0.004242141432991517
1.47196063459743
1.1663391998662302
-2.433884297520665
-0.37270763627121795
-10.207031416060891
2.2630432724173937
2.7453703703703787
-0.4370747533006025
-7.965242577842144
0.3196302124311566
4.994853193470913
0.1213818860877642
-3.072834094936123
-0.15394236782603637
-0.49144784389302903
0.004841911586690023
4.3381427326425825
-0.051044083526677914
0.1021403036352578
-0.14841612170121135
-1.1983835756421655
4.028959616379121
-5.300976138828641
0.26246719160104987
1.442170395049985
0
-3.439215502275615
-0.21379980563654474
-1.9867549668874152
0.30306041335453776
-0.12382980831145673
0.044634001190233266
-0.18837059435879416
0.024832381425378695
2.9791459781529297
-0.36644165863066097
0.8468834688346883
-0.18714909544604302
0.19230769230769232
-0.950095969289836
3.8077705648677633
-0.23333955572148588
0.1871082421180653
-0.3081520216640379
-4.13544398651179
1.1041086521080614
-1.198357091084801
0.13204871130239376
-1.3627039171632358
1.1438474870017286
-0.9301870165475375
0.9685708638070832
-0.37685982772122384
1.1643330876934326
0.8838383838383972
0.34177337055934864
4.024946030223079
-0.691754288876591
0.7522986904430119
-1.7192109144542649
1.7680438962622433
-0.12442396313363217
0.4291053384395204
0.8775153909767486
-0.17761989342804738
-4.188338352039428
3.2904761904761863
-2.0331012862477484
5.01647058823529
1.0485750134432734
-3.2904656319290386
0.42644900953777176
1.2282544176065062
1.3622011727559684
-0.7520469918120166
0.5918486302291089
-3.11121016269223
0.61646041312049
0.8458689588953409
-0.07254261878853414
-0.5490018148820286
0.12774305397142785
0.6424568278124739
-0.17203911626223206
0.3718820861677922
-0.6190131935658693
1.6185496703796276
-0.49214800232651784
5.215592824063666
0
0.3076791590103104
0.8137008477825547
-0.1943881000676094
-0.48691675840460663
-2.0082542654129374
0.7337935825626369
0.8836206896551724
0.9912411877803811
-2.085713076955609
-0.05617006567577695
-3.0392114478405485
0.26752273943285176
4.139985770188541
0.1836115974208859
0.08098201346859138
2.2102976874920186
-6.945833333333326
0.03134375139926647
-1.1683079677708106
0.4755650165315458
1.45600432744319
-0.20438085928821742
-0.12466052268375083
-0.14264699326885716
-5.3702959689299465
-0.6557222379469804
0.8025072415594325
0.24967024684377834
0.49339786664160523
-0.09351912466099317
2.0827482916783677
-0.22465728302233237
0.1700211377630858
0.7477407220514577
2.654585192605418
-3.8456420492348555
0.2629393855521643
0.47849091327352616
0.05494757085946326
0.38442176559425617
0.48324595395486253
0.37657093598294916
-0.4248779605857933
4.498411257376301
13.591937795925464
