7.02028081123245
2.0408163265306207
-2.7142857142857224
-4.992657856093968
10.510046367851618
0
4.895104895104895
3.3333333333333335
-1.2903225806451613
-4.836601307189547
5.4945054945054945
-0.911458333333337
-1.8396846254927617
-0.26773761713521127
-2.2818791946308763
-0.4120879120879082
1.103448275862065
3.4106412005457027
-2.5065963060685905
-1.8944519621109683
-0.2758620689655212
-0.41493775933609567
-0.13888888888888098
-1.9471488178025111
-1.8439716312056698
-1.5895953757225556
1.1747430249633062
-2.467343976777943
3.5714285714285587
0.5747126436781691
-3.2857142857142816
-0.886262924667664
1.9374068554396595
-0.5847953216374352
0.4411764705882311
1.6105417276720477
-3.4582132564841577
0
-0.1492537313432751
-2.0926756352765405
0.610687022900772
1.0622154779969477
-1.051051051051034
2.124430955993917
-2.823179791976213
0.9174311926605417
1.3636363636363722
1.046337817638249
-1.9230769230769191
-1.8099547511312262
1.6897081413210577
-0.45317220543806214
0
-1.820940819423373
2.31839258114374
-1.9637462235649503
1.5408320493066254
0.1517450682852721
-2.12121212121213
-3.4055727554179502
6.410256410256421
0
-2.7108433734939927
-0.928792569659434
0
-2.6562500000000044
1.7656500802568242
-1.261829652996841
0.15974440894568917
0
-3.987240829346092
2.823920265780724
-0.48465266558965614
-1.9480519480519527
-1.4900662251655605
2.0168067226890805
2.800658978583189
4.96794871794872
0
4.8854961832061115
-4.657933042212522
0
2.900763358778635
-3.1157270029673714
2.1439509954058282
-0.899550224887569
-1.059001512859287
-2.1406727828746264
-1.4062499999999978
0.9508716323296378
2.3547880690737832
0.30674846625767305
-2.293577981651387
1.095461658841934
-3.250773993808041
-3.5200000000000045
0.16583747927031744
-1.3245033112582734
0.5033557046979817
0
-2.170283806343902
2.218430034129688
0.1669449081803029
2.999999999999995
-5.501618122977344
4.794520547945213
-2.4509803921568625
0.3350083752093731
-1.1686143572620964
1.3513513513513464
-3.3333333333333335
-0.6896551724137907
-0.5208333333333407
2.443280977312401
-3.4071550255536627
-0.1763668430335122
-2.4734982332155453
1.9927536231883953
-1.598579040852573
0.5415162454873723
-4.488330341113106
-0.37593984962406546
-1.8867924528301887
0
-5.000000000000002
-2.0242914979757085
-2.8925619834710714
-4.25531914893617
-0.6666666666666603
-4.697986577181211
-0.23474178403756202
-4.941176470588239
0
-4.9504950495049505
0
-4.947916666666663
0
-4.931506849315061
6.916426512968295
2.156334231805922
-0.2638522427440671
1.0582010582010732
1.832460732984282
2.3136246786632353
-3.2663316582914503
2.5974025974025974
-4.303797468354437
0
-3.439153439153432
1.91780821917809
-3.4946236559139896
2.506963788300832
-2.173913043478253
-3.333333333333341
3.1609195402298895
2.2284122562674216
-5.177111716621268
-1.4367816091954024
4.6647230320699755
3.3426183844011224
-3.5040431266846475
3.351955307262578
0.5405405405405482
1.8817204301075152
-1.5831134564643838
1.6085790884718538
3.1662269129287677
4.8593350383631675
-3.170731707317066
-0.5037783375314933
0.25316455696202894
2.525252525252525
-1.970443349753705
-1.7587939698492356
4.347826086956511
1.9607843137255008
-4.567307692307689
2.015113350125937
-2.716049382716053
2.5380710659898478
-1.4851485148514887
2.261306532663331
-3.4398034398034536
-1.781170483460549
0
4.404145077720196
-5.459057071960288
3.6745406824146944
-5.569620253164564
1.6085790884718538
-0.5277044854881154
0
1.0610079575596778
3.6745406824146944
-1.0126582278480976
0.25575447570332843
-3.0612244897959253
2.6315789473684212
-2.051282051282044
-2.094240837696346
1.3368983957219251
2.374670184696566
-3.3505154639175188
2.3999999999999964
-3.64583333333333
4.324324324324328
-4.145077720207257
-4.864864864864857
5.965909090909074
4.289544235924937
-3.598971722365035
-4.799999999999993
1.680672268907547
-2.7548209366391188
2.549575070821546
-1.3812154696132595
1.680672268907547
-0.8264462809917278
-1.9444444444444524
0.849858356940522
0.28089887640449834
1.4005602240896358
-1.6574585635359154
0
-0.8426966292134951
0
0.5665722379603481
1.408450704225352
-1.3888888888888888
2.53521126760563
-3.5714285714285636
2.56410256410256
-3.888888888888885
4.04624277456647
-4.72222222222223
-1.7492711370262226
1.1869436201780372
2.6392961876832803
-2.857142857142857
2.058823529411773
-2.3054755043227786
-4.719764011799414
2.4767801857585274
-0.3021148036253819
-1.2121212121212077
-1.5337423312883436
-0.9345794392523387
-1.2578616352201324
0.6369426751592447
1.8987341772151942
5.900621118012418
2.932551319648094
6.837606837606833
3.4666666666666592
-0.7731958762886525
0.7792207792207718
-3.8659793814432994
1.8766756032171659
-6.842105263157897
-8.192090395480223
13.538461538461535
-1.6260162601626056
-1.1019283746556436
0.27855153203343014
-1.1111111111111072
-1.9662921348314686
0.8595988538682071
3.1249999999999836
-5.5096418732782375
4.0816326530612415
5.3221288515406115
2.1276595744680775
-3.124999999999989
-1.0752688172043163
0
2.1739130434782727
1.0638297872340388
0.7894736842105189
5.7441253263707654
1.728395061728402
8.00970873786407
3.82022471910113
-4.1125541125541245
8.352144469525966
-10.416666666666666
0
9.999999999999993
-0.6342494714587679
2.553191489361708
1.0373443983402488
-0.6160164271047315
1.65289256198348
-0.6097560975609843
-1.8404907975460094
-2.7083333333333273
0.4282655246252585
-2.1321961620469083
2.396514161220047
-1.0638297872340425
2.150537634408602
-3.1578947368421053
1.9565217391304317
1.705756929637536
-0.20964360587002392
-0.6302521008403451
-1.4799154334037965
-3.6480686695279028
2.0044543429844066
-0.8733624454148441
0.44052863436123973
-0.6578947368421146
-0.6622516556291328
-1.3333333333333366
-0.22522522522522842
-4.966139954853264
-1.9002375296912215
0.4842615012106607
0
1.4457831325301238
3.3254156769596164
-2.528735632183911
2.122641509433959
-4.3879907621247085
3.3816425120772915
-3.504672897196262
2.1791767554479557
-3.554502369668246
-0.24570024570024918
-0.9852216748768438
-0.49751243781095233
-0.5000000000000071
0.5025125628140775
0.7499999999999929
0.9925558312655228
-5.159705159705163
-1.5544041450777237
-3.157894736842113
0
-1.0869565217391266
0
3.8461538461538423
-1.8518518518518408
2.156334231805922
2.374670184696566
-2.0618556701030855
0
-2.894736842105267
-1.3550135501355014
3.571428571428583
-1.8567639257294504
2.7027027027027026
-2.105263157894729
-1.0752688172043163
-0.8152173913043401
0.7123287671232822
2.0130576713819424
-4.26666666666667
2.2284122562674216
-2.125340599455044
1.0579064587973146
0.661157024793394
-1.2041598248494738
3.1578947368421066
1.235230934479057
-5.5702917771883325
0.28089887640449834
-0.5602240896358622
-1.971830985915501
0.6321839080459942
-1.4848657909765937
0.811594202898554
-1.3801035077630937
2.915451895043732
-2.266288951841352
0.7536231884057913
-1.8987341772151802
-1.466275659824047
3.8690476190476106
-2.0630372492836644
-1.9894675248683433
13.492537313432846
4.15570752235665
-0.7575757575757683
1.781170483460567
-8.450000000000006
-1.365374112506827
2.6024363233665695
2.1586616297895227
-6.391970417326998
0.45146726862303527
-3.7078651685393265
-0.8168028004667477
0.9411764705882362
-0.9324009324009332
1.8823529411764723
1.0392609699769038
2.914285714285723
0
0.7218212104386396
-1.8743109151047401
2.1348314606741514
1.6501650165016541
-2.651515151515162
-1.33407448582545
2.2535211267605555
3.0303030303030343
0.10695187165775173
1.3888888888888973
-4.952581664910439
-1.0532150776053089
0.5602240896358424
-0.8356545961002707
21.01123595505617
4.456824512534823
-2.2666666666666737
2.182810368349252
-6.275033377837117
0
1.6144349477682804
0
3.878504672897205
1.2145748987854232
-1.466666666666659
-3.4731619305367754
6.448598130841134
0
-1.3169446883230935
4.314946619217077
-1.7057569296375206
3.03687635574837
-0.8000000000000054
1.4431239388794561
-0.4184100418409953
1.0084033613445311
0.41597337770383286
1.4913007456503704
-5.673469387755104
-0.2596278667243562
0.04338394793925384
1.6912402428447553
-5.671641791044769
3.797468354430379
-7.796167247386755
-2.692489371752481
-0.5339805825242863
2.489019033674971
9.666666666666671
0.086843247937471
-4.42516268980477
-1.7249205628688267
1.339491916859135
-2.0054694621695592
-1.9069767441860472
1.8966334755808372
-2.791996277338287
-0.9095260890378233
-0.8212560386473341
2.0457866536775358
0.42959427207637163
0.2851711026616078
0.6161137440758246
1.2246820536975884
-1.5821312238250345
-2.9787234042553146
1.3645224171540016
-1.3461538461538516
-0.2923976608187072
1.1730205278592298
0.5314009661835721
3.2676597789524258
-5.165193113075847
1.864573110893045
-1.7822736030828563
2.7954879843060336
-0.5725190839694704
