1.9407407407407442
-0.18165964249382358
-0.21110868457451343
0.3793405310767468
1.1845930232558106
-0.8331537743302384
-0.5287173173028141
0.4805591961555198
1.3768115942028984
1.4867762687633992
0.5282434145654318
1.9477334827996886
-1.4088378805580373
-1.0037641154328638
-0.014082523588230212
-0.8309859154929545
-0.1633290725749151
0
0.5548047514047908
-0.6861427459857145
0.2849002849002849
0
2.2514204545454577
0.2292144196707616
-0.28413028413027785
0.14594481895892064
0.7702984038861839
1.2602437848633141
0.9181175190424373
1.0849787721544517
0.7533333333333303
-0.019850459868983955
1.8464592984778352
-0.5003573981415326
-0.7510449320794148
0.8620122392577422
-1.7353862212943574
-0.2788474306201066
0.17976031957390448
-0.09304180235263447
-0.07317235415418806
1.3180668353082114
1.4388961892247103
-0.867931860871824
2.0124142437112025
1.1849100108883623
-0.9115077857956617
-0.057493292449220065
0.5177372962607804
0.08902454533893495
1.6518424396442186
0.4937500000000057
-0.3793768269171053
0
-0.6055687351729333
-0.0690911374913579
0.6222501571338838
1.1555999750140544
0.5866370260590342
0.6937196881330931
-0.19509815876112946
0.06108735491753207
0.5250305250305195
-0.18219361107737156
-0.6145047456802086
-0.030609121518212427
1.0042865890998218
-0.23038680732388636
-0.35853184248905345
0.20735500396413145
2.0510011563508033
0
-0.2385496183206107
0.43041606886657374
1.0119047619047619
0.6717737183264638
0.5970498712245269
0.08146165483533638
1.7151162790697674
0.4344098313803892
0.1252063058448606
0.5570397317114736
-0.15261997625910453
-0.33967391304347827
0.5453306066802948
-0.1468926553672265
-1.5106936743238681
-0.9364048945826365
-1.1656228253305576
-1.4258053159654964
2.9345238095238066
-1.0004047880645321
1.9334112149532656
0.24640421752336153
-0.3772722076140469
0.34427358274041775
-0.4002744739249771
-2.7442875186588562
1.0330578512396693
0.43821209465381245
3.2693426410703923
-2.546191978368637
1.0924855491329533
0
-0.2515867116473264
0.07451991974777612
1.0711421697789005
0.028336639274582034
0.1586402266288926
-0.38465889806538944
-0.46564452015900315
0.7644910999543639
1.7891518514324487
0.9011013460896677
-0.6008820286659367
0
0.6100604514447341
0.6559726586186038
-0.41073384446878425
-1.4572449821281275
2.4776785714285765
0.5663254192986203
-0.6281134936105647
-0.6974716652135982
-0.24143985952590488
-0.22002200220022003
-0.9426681367144382
1.1631142523234383
0.863681373088351
-0.9217343877829338
0.7761752724870713
-1.179876549953577
-0.18793875407660515
-0.315667054327964
-1.9166666666666667
-1.557632398753894
-0.9090909090909065
0.2032284287539194
-1.1589499913078751
-0.6859353930937472
0.2597402597402651
0.7772020725388493
-1.372984342136013
-0.3317339020200171
2.5616641901931594
-0.32452480296707864
-1.3895348837209356
1.6449501798243082
0.6554524361948929
0.27084653950325854
1.7643678160919567
-1.0108996442085103
0.6389776357827502
-1.4625850340136028
1.426763318375328
0.28360748723766305
-1.6402714932126696
-0.4025301897642323
0.20207852193995382
-0.6050129645635264
-0.9971014492753649
2.6115470195573334
-0.696188084912123
-0.12642225031605825
1.9102416570771028
0.8581752484191534
0.3974473802059958
0
-0.5631446891552779
-0.07850173825278069
-0.30864197530864196
-0.12946805516464704
2.2601735993687244
1.857465689246544
0.20562770562770316
1.404039313100767
-1.5177335179465332
0.04325961174498213
-0.09188692503106957
-0.6492101276779918
-1.1217599651492123
0.6608657341116864
-0.5854032169821669
1.2822629464531496
-1.2497283199304499
0.693298118190817
-1.1530054644808694
-0.4920117198297358
0.9277777777777803
-0.21467496009248035
-0.08274492497793469
0.45823441726936204
0.8023741481644393
-0.010903936321014364
-0.6379498364231213
-0.2688909619711279
0.21459227467810407
1.2683248229286848
-1.664497939709393
-0.4024921431328199
-0.9189548272807869
1.1062688568555121
0.8068081343943488
-0.3015020282863721
0.4728652334084736
-0.07114321676790646
0.7009857612267226
-0.0435066347617987
0.1741022850924943
-0.8961546817293069
0.9700224694470349
0.09227095093355504
0.086763190716346
0.5363818605407089
-0.08622547962922554
0.09708737864077424
1.153141502317065
-0.010654165778821941
-0.9323388385721897
-0.5108900242000538
1.2378378378378427
-0.2936622350365743
1.419085359323123
0.10032208669939614
0.5802299820656187
-0.041955108034400806
-1.3693599160545598
-1.1596361508590978
0.1883644583176363
0.6177481736140954
-0.3203245955901981
-0.8890793208719356
-0.37287219670359856
0.34714688652636644
-0.31351351351351103
0.4880164841123522
0.5342110943233253
0.04830658579786866
-0.14484978540772775
-0.8972223714608094
0.7589721348801909
0.18293339072420592
0.08592910848549458
0.3970809186520762
-1.549973276322822
-0.45602605863192675
-0.8944153577661357
0.11556240369799191
-0.8134996976859207
0.5486284289276858
-0.11022927689594356
0.39174575148973234
-0.032976092333053535
1.4844136566056407
-3.31545587518284
0.6667787303188134
-0.8794389402204138
-1.5835579514824825
0.3309368937578559
-0.2161055505004653
1.721190014818195
1.0701479157328628
-0.14413215810189792
-0.18320102148448092
-0.033370411568404285
-0.21141649048626804
1.1039250669045597
0.14889158486819334
-1.8831562138648654
0.15152365452605746
1.1991482685195614
-0.5537098560354374
0.4231625835189259
-0.30494566422710134
-0.011122851899216846
0.33928472106345786
-2.549889135254989
0.09101251422070017
-1.0911570811547977
0.551597333946214
-0.13714285714286234
0.36621652552071937
-1.887115165336369
0.3428438607705191
0.5154042158906701
-0.4263409575387504
-0.34137591853265425
0.3541569902461628
1.041365345675441
0.3263670197537959
-1.2042004337404484
0
-0.0057766737912257555
-0.21952628538416838
0.6773969430291827
-0.05175685778366156
-0.31070195627158176
0.7734041325176089
-0.29782359679267156
1.5510110294117647
-1.3972168797375295
0.6540072285009518
-0.7352522086064458
0.25264124942582056
-2.027491408934713
-1.6719279784870753
-2.7883472057074963
-1.957066846064461
2.7010167799887834
0.21865889212827436
0.8060606060606033
1.3527325196897735
0.44489263257800454
-0.9094667217858539
2.2051373740985754
1.4636421948801626
-0.7183908045977011
-0.02894356005788712
-1.1522872032426226
0.011715775291432575
-0.22843085573712082
0.011741223435471298
0.8100493073491537
-0.08151857458950104
0.3438228438228491
-0.22649398919798425
-0.6111757857974389
-0.16398243045387728
-0.24051152695489741
0.2881335999059209
1.4834359425388421
0.023110700254222957
0.600739371534188
0.49379880569591966
-0.6799222945949086
0
-0.7938790772593888
0.1333719918817022
-1.3087792448459525
0.22297852364745654
0.005854800936762825
-0.8196241437854926
-1.0270940322294944
-0.518876364286995
0.7314148681055184
0.46423044875609776
-0.5154028436018985
-0.6728994223783693
2.685851318944841
-0.011676786548344552
-0.19268947798668426
0.8073480372082112
-0.6383843073530265
-0.2044273114888149
-0.04096921456161876
0.12881316236312534
1.6080930939711129
0.5755064456721916
-0.6694895857175451
-0.26499222305433123
0.7624328539247991
-0.2923473774720498
-1.5695067264574094
-1.1856784066351238
-0.3664735784371702
-0.3322259136212571
-1.4940476190476137
-0.06646927306786732
0.4535010279356633
1.0774694516342678
-1.7210576464983378
-0.006059504332540087
-0.18785601745243827
0.7831947058466451
0.7771084337349452
-0.15541873393509092
0.16164760821409602
0.8965929468021518
0.989336492890998
0.31090514460022023
0.5730994152046757
-0.3372485172694473
-0.12835472578763393
-1.1157845542703535
0.6734802386719362
0.170177806466762
-0.6268306971294696
0.49519542533750466
0.32850354901155093
0.09939776647372073
-0.5841121495327103
0.4759106933019923
2.590491784106203
0.04559963520291578
0.7577484047401979
-0.2431439072660421
0.2607414125382558
-0.16960651289009498
-0.9344206591913015
0.3086949065340474
-1.0315153587507913
0.10365081193137061
1.541647491946615
-0.11896668932699617
0.9528671090692634
0.01685487948760911
1.0279743849005705
1.4178482068390326
-1.15679824561403
0.20522491541404503
-0.7583305657035214
0.11155111829996095
-0.6351328764833746
-0.06167647883374876
0.3478456014362555
-0.11181930001118194
-1.0186947274151918
2.352408957249486
-0.03867403314917378
0.25976897142541566
0.6725468577728801
-0.514730040521306
0.7100396301188954
-0.22408045034705887
0.6244522348816878
-0.09798584648883803
0.010897994768964988
0.7627765064836003
-0.3244295447172056
0.048822827384174
0.09759800466301331
-0.11375331780509773
-0.08134490238611713
0.43962008141112124
0.17832054468821906
-0.275095744107025
1.4928602336650876
0.4050309102536724
-0.8014861995753667
0
0.18727593771737386
0.3845332193975549
-0.042562247286654316
0
0.46306152863530153
0
0.0370860927152342
0.5296049147336087
-0.2581392898535502
-0.16373527702952037
-0.6031107819278432
1.1177347242921014
-0.4053058216654409
0.47566196289836693
0.4260691178791298
-0.4609260423213888
0.03157230056829662
0.4944765912677586
-0.2512562814070447
-0.7031905961376923
-0.6024733114892765
-0.45193534666099533
0.3898947818191505
0.02128112364333321
1.12234042553191
0.18410393982431225
-0.46728971962616106
-0.12132721422165714
0.3697052920671807
0
-0.18417175331509156
0.4111972165111474
-1.7115556255578377
0.7211153250360558
-0.6098854476028851
