0.5792903692976187
0.28797696184305666
-6.030150753768848
1.5660809778456706
2.594960511470491
-1.026392961876837
-0.9999999999999958
-0.2618780396558132
-1.1252813203300824
1.5553869499241144
-1.0459469555472587
1.6987542468856174
-0.037119524870069004
-0.25993316004455574
1.9359642591213657
-1.0226442658875132
2.730627306273054
0.03591954022989323
-2.9802513464991063
0.629163582531454
-2.5376976829716726
-0.6792452830188722
1.4437689969604908
0
0.2996254681647983
0.07468259895443936
-0.3358208955223796
0
2.4335454885810557
2.923976608187134
-2.521306818181826
-0.18214936247723132
1.131386861313877
0
0.2887044388307306
0.7196833393306945
-1.7863522686673814
0.4001455074572655
0.8333333333333375
-0.10779734099892611
0.9712230215827298
0
2.6718916993231208
-0.06939625260235553
-2.638888888888897
2.139800285306705
-1.1522346368714926
0.5298481102084068
1.1243851018973958
0.41695621959693835
-2.041522491349473
2.366654892264213
1.4492753623188366
0.6802721088435374
-2.7702702702702666
1.0771369006254223
0.9625300790649748
0.7831120190670792
-1.3513513513513513
1.0273972602739727
-0.7118644067796688
0.4779788323660069
0.06795786612299987
0.1018675721562008
-3.9687924016282183
0.3885552808194863
-1.0204081632652982
0.03554923569142051
-0.42643923240937764
0.6423982869379056
-5.780141843971635
1.016183665788479
-0.6333830104321866
0.11248593925759706
-2.022471910112351
1.146788990825688
-2.7210884353741664
0.5439005439005572
1.6228748068006138
1.1026615969581663
1.6171493042497223
0.2220577350111113
-0.3692762186115214
0.18532246108228317
0.36995930447650754
-0.36859565057132326
-1.4798372179060302
-1.088997371385668
-1.7463933181472917
-0.5409582689335526
2.8360528360528408
-0.868908197959959
0.7621951219512195
0.07564296520425322
0.2645502645502602
1.0177157934413827
0.4104477611940383
-1.151988108509856
0.7518796992481203
1.2313432835820939
0.2948765204570628
0.11025358324143862
0.14684287812042368
0.4398826979472099
-1.167883211678828
0.8493353028065034
0.14646649578907991
-32.17550274223035
0.3234501347708864
0.16120365394949562
-0.42918454935622924
0.26939655172413796
-0.48361096184847163
0.3779697624190157
-0.5917159763313579
0.10822510822510206
0.2702702702702703
0.16172506738545087
-0.5920344456404858
-1.2994044396318232
0.6034009873834307
0.05452562704470791
-0.5449591280653951
0
0.6027397260273941
0.5991285403050078
-2.4363833243096917
0
0.8879023307436309
-0.4400440044004463
-1.6574585635359116
0
-0.8426966292134831
-0.16997167138810843
-2.383654937570936
-0.872093023255814
-0.35190615835776795
0.7062978222483747
0.8766803039158387
-0.4055619930475021
0
0.058173356602672664
-0.11627906976743525
-0.9313154831199201
2.232667450058761
0.3448275862068933
-2.3482245131729638
0.8797653958944281
1.3953488372093057
0.286697247706422
0.05717552887363883
-0.2285714285714318
-0.45819014891178866
-1.2082853855005884
3.8439138031450337
-0.16825574873808824
-3.0898876404494384
-0.4057971014492688
0.5238649592549344
0.05790387955994369
-1.0995370370370403
0.9362200117027468
-1.2753623188405732
-0.17615971814445763
0.05882352941176136
0.6466784244561989
-0.642523364485978
0.17636684303351638
-0.5281690140845103
-0.2949852507374631
3.4911242603550328
-0.22870211549457156
-0.8595988538681948
0.5780346820809249
-0.1724137931034548
0
-0.2302820955670566
-0.3462204270052064
1.9687319050376408
0.05678591709255782
2.2133938706015925
0.11104941699057028
1.2756516916250598
-0.10952902519166957
0.16447368421051697
-0.27367268746579093
0.16465422612514347
-0.821917808219178
0.05524861878452725
0.8834897846493619
-3.0651340996168552
-0.39525691699604104
2.3242630385487497
-0.2770083102493075
-1.6666666666666667
0
-0.3389830508474544
0.22675736961451567
0.5090497737556432
-0.056274620146310815
-0.7319819819819724
0
1.928530913216096
0.16694490818030683
0.5555555555555556
-0.22099447513812467
-0.2768549280177187
0.05552470849527725
0.22197558268590772
-0.49833887043189684
-0.2225932109070547
0.3904071388733902
1.2777777777777841
0.10970927043334537
-0.547945205479452
-0.44077134986226524
1.936912008854455
0.2714440825190011
0.9204114780725594
0.32188841201716434
-0.9090909090909031
0.2698327037236913
1.237890204520981
0.47846889952153415
0.26455026455026454
0.2638522427440633
-1.4210526315789413
0.5339028296849972
-1.009028146574618
0
0
0.5901287553648038
-0.7466666666666697
0
0.16120365394949562
0
-0.6437768240343439
0
-1.7818574514038785
0.054975261132487255
2.142857142857146
0.4841312533620256
-0.16059957173448144
0.2144772117962497
2.675227394328518
0.052110474205312306
1.3541666666666636
0.10277492291881658
-0.6160164271047315
0.6198347107438105
0.051334702258723976
-0.46177526936891006
0.8247422680412342
0.2044989775051154
-2.857142857142854
-0.21008403361344835
-0.8421052631578917
-1.9639065817409855
-0.920411478072544
-0.32786885245901326
3.56359649122807
0.1058761249338214
0.4759386567953494
-0.7894736842105263
1.6976127320954846
-1.2519561815336346
1.4263074484944471
0.5208333333333334
-0.4145077720207313
0.31217481789803475
0.20746887966803798
-0.10351966873705416
0.25906735751295334
0.5167958656330749
-1.9023136246786574
0.7337526205450614
1.3007284079084287
0.05136106831023254
-0.15400410677618653
0.7712082262210797
0.40816326530612823
-0.40650406504065617
0.10204081632652481
-0.20387359836899963
-0.6128702757916328
-0.20554984583761854
-0.3089598352214183
-0.5681818181818152
-0.15584415584416175
0.10405827263268318
0.7276507276507306
0.30959752321981127
0.1543209876543122
0
-0.05136106831021794
0.051387461459400985
0.1540832049306684
0
1.5384615384615385
1.0101010101010102
2.1500000000000057
0.6363191385217734
-0.7782101167315147
-0.44117647058823806
-0.5416051206302286
0.24752475247524752
-2.0740740740740686
-0.050428643469502134
-4.18768920282542
-1.3164823591363874
1.6542155816435402
0
0.8398950131233566
-0.10411244143674578
-2.136529442417923
0.10649627263045187
-1.276595744680854
0.2155172413793134
1.9892473118279508
-0.5798629414865547
1.9088016967126162
0.5723204994797205
-0.8794619762028023
0.2609603340292276
-0.20822488287350635
0.15649452269171174
-0.2604166666666667
0.26109660574412535
-0.20833333333333628
-0.208768267223385
-0.36610878661087276
0
0.05249343832020699
0.052465897166838575
0.6292606187729508
-0.41688379364252803
0.47095761381475965
0.20833333333333628
-0.5717255717255687
0.36591740721379434
-0.8333333333333304
-0.5777310924369717
0.9508716323296265
1.5175300889586634
1.0824742268041208
0.8159102498725112
4.653515427415284
0.43499275012083405
0.2406159769008662
-0.9121459433509388
-0.4360465116279097
-0.7299270072992701
1.2745098039215659
-0.19361084220716634
-0.09699321047526123
1.4563106796116505
0.7177033492822966
0.3325415676959566
3.2670454545454573
0.32095369096745396
1.6453382084095036
0.6294964028777004
-2.8150134048257422
-0.9195402298850575
3.0162412993039442
0.9009009009009009
-1.5625
1.269841269841275
-1.477832512315276
1.0454545454545505
-1.8443544759334334
-0.0916590284142936
0.5504587155963251
0.7299270072992805
-0.18115942028985763
0
-0.3629764065335805
-3.4608378870673926
-0.8962264150943423
0.09519276534984153
0.2853067047075579
-0.5215742057847294
0.14299332697806622
-0.19038553069966954
-1.2875536480686642
-1.1594202898550752
1.466275659824047
-0.6743737957610818
1.0184287099903118
0
1.2481997119539099
0.047415836889518406
-0.23696682464454977
0.6650831353919266
-0.424728645587544
0
-0.14218009478673524
-0.0949216896060696
0.19002375296912383
0.1422475106685552
0.331439393939402
0.14157621519583904
-0.09425070688029626
-0.7075471698113207
3.230403800475065
1.3345605154164644
-1.8165304268846505
0.04625346901018628
1.8955154877484948
-0.22686025408348456
-0.4547521600727603
-0.1827318410233009
-0.9610983981693337
0.7393715341959308
-0.09174311926604983
-0.6887052341597796
0.04623208506703389
0.18484288354898598
0.6457564575645651
0.4582951420714941
-0.31934306569342547
0
0.8237986270022936
-0.18157058556514102
-0.6821282401091405
-0.18315018315018575
-1.6055045871559632
0.32634032634032106
0.6505576208178465
-0.2770083102493049
0.046296296296293664
-0.23137436372049977
-0.5565862708719799
0.6529850746268683
-0.23169601482854493
0.27868091035763787
-0.5094951366373295
-0.18621973929236763
-0.2332089552238806
0
1.9167835437120122
0.09174311926604983
0.13748854262145344
0
-1.0526315789473737
0
3.330249768732663
0.8952551477170994
-0.9316770186335378
0.35826242722793683
-1.8295403837572488
0.590909090909096
-3.9765024853140583
-1.9764705882352889
0.672107537205942
-0.14306151645206627
1.5281757402101186
0.6585136406397016
0.42056074766355406
-0.09306654257795116
0.3726129482999587
-0.3712296983758753
0.3726129482999587
0.04640371229698112
-1.205936920222632
-0.7981220657276942
0.567912920018925
-0.14117647058824065
-0.28275212064090216
0.1890359168241993
-1.0377358490565984
-0.04766444232603562
0.524558893657617
0.5692599620493305
-1.3679245283018895
