-1.5449915110356576
-1.362303845490598
-6.188811188811185
1.751770406261643
6.025641025641021
0.5354983589566459
-1.7525773195876366
-0.5771248688352492
1.4951627088830255
-0.6932409012131716
1.36125654450261
1.9800275482093666
1.1480668580111546
-0.8178935069270534
0.2524402558061259
-0.8729226120530544
-0.3217612193056693
-0.7305470608223017
-1.9681670374807463
4.713687150837989
-3.784594864954974
0.19060821348120302
0.25942580421999306
1.104019320338102
-0.9213444804640807
1.2743240916135659
0.06801564359802367
2.0390824129141887
0.01665278934221861
3.230103230103226
-5
-0.2546689303904924
0.8851063829787311
-0.55677408469716
-0.6277570410586922
1.0756359911217268
-1.2499999999999962
0.23947998631542544
0.06825938566552513
0.6139154160982304
0.0847457627118644
0.8128704487722193
1.1590794557366189
1.6273663234805635
0.16339869281045752
-0.5546492659053797
0.3772965879265017
0.9968949174701787
-0.50161812297735
0.5041470157749265
0.22653721682847527
-0.8556667742977001
0.6025077348965855
-0.6798316607316174
-1.0756192959582827
-1.0708401976935749
0.7826810990841041
0.8922670191672136
0.7533573534228665
0.9427828348504477
0.370370370370363
0.30482913524788885
0.49584133077413767
-0.39789909279006846
5.177372962607877
-0.6684898207231982
-2.110737228510241
0.78125
-0.8217054263565821
-0.4220728466468728
2.3390894819466213
-0.13805798435342495
0.7373271889400852
0.7624275693809088
1.316585956416472
0.7617625093353283
0.5040023717758638
-0.530973451327437
0.9341637010676258
0
0.631702659027465
-0.072992700729927
17.136596055514968
2.020453978548272
-3.5941320293398507
0.1775297996449375
2.3924050632911364
1.6194832488564745
-4.476885644768851
-0.7386653082017407
3.4128817038747785
0.9925558312655087
-0.8476658476658449
-0.1982406145459079
-0.5959031657355623
0.24978144123891594
-2.1801420206802042
-2.7890983188996548
3.1704441241975694
-0.30476190476190185
-0.10189784740798219
-0.5482595945428987
1.858974358974359
-0.3146633102580239
-1.3257575757575757
0.742162507997435
-1.5114949828527853
0.1805519731751325
-2.7162718846549834
-0.5425433373031656
2.8472591804151115
1.3842173350582205
-1.8246778103866361
0.857811281518069
-2.422680412371128
0.8980454305335386
-0.5497382198952939
0.7633587786259632
-2.2466039707419077
-1.2560128273650424
0.44654939106900604
2.182406035295709
-1.1074489123269582
-0.41327822956939375
-2.0615796519410945
0.8747949699289198
-0.6097560975609756
0.8725289706884768
2.5814299229625655
-0.15810276679842497
-0.7389812615465703
-0.8907205530444091
-0.2012072434607646
-0.6182795698924761
-1.7176088720584166
-0.09632585661208827
-3.3057851239669422
-3.133903133903134
3.647058823529405
-0.9648127128263273
-0.5444126074498502
1.6565831172572745
-1.9129941901657928
-0.2744871424443934
1.5210777922642331
-2.097602739726018
3.8186853228392263
1.1090832514390132
-0.5276312135518006
0.40480178671133127
-0.22243848185734869
0.501602340810911
-0.6516012754748277
0.33491487580239704
-1.0709318497913833
0.7732321102207227
-4.157366071428565
0.5676855895196473
-1.172383847155887
1.0544815465729418
-0.7971014492753623
0.7012417823228567
-2.4082402437255057
-0.10405827263268105
0.7142857142857075
1.270685579196221
-0.496060694484969
0.3812316715542555
-0.5258545135845782
0.14684287812041116
0.322580645161297
0.8477053493130596
-1.9565217391304348
9.046563192904664
-6.913379422529483
0.3349351973205118
-2.002902757619732
1.0071090047393296
0.1466275659824047
0.21961932650073207
-0.08765522279036125
0.3363064775552081
-1.0784027980180837
0.7660577489687752
-0.4239766081871312
-1.3067097342534102
1.7851829812555786
-0.29231218941829873
0.4837291116974427
0.9190371991247198
0.043365134431926605
1.1270047680970892
-1.1573081868838437
0.5492917028042886
-1.1788384128809726
0.08728542333430649
-2.1802325581395348
2.3625557206537855
0.5516040063870037
-0.9672296809585744
-2.8279883381924167
-0.5850585058505816
-0.6488607212916958
0.8505467800729075
-1.6566265060240963
0.22970903522205208
2.230710466004587
3.452398744582278
-4.088413753250515
0.4368127730079797
-1.1847630473905186
0.7891941113977912
-1.8220147568137361
0.23006134969325154
4.636572302983926
0.3363556595495859
-1.7052907739396654
5.871886120996445
13.33333333333334
4.547701433514576
-8.605200945626471
-1.1510605276771975
0.9289545989794613
-1.1796733212341228
0.32795487340941887
0.9414225941422654
-2.0595854922279764
0.9125777013622506
-1.0878112712975039
0.05300119252682884
-1.1654085551582662
-0.06699718611818305
-1.4212925717350375
0.3808487486398197
-0.33875338753387535
-0.027192386131889255
-1.4143886848905178
0.6759553041798838
-2.411619621814183
-0.028081999438366395
1.0955056179775218
0.20839121978327316
4.755302925273821
-1.4160931709899478
-0.724929520741036
0.0676132521974307
-0.8783783783783784
0
-1.676891615541916
-1.192457016084307
4.813359528487223
-0.5087695809345233
-0.9823711478939668
0.5300353356890584
-4.136812221170747
0.3102524326611101
-2.6149304091100674
-0.05774505557962912
-3.567817420193548
-1.0335530257639272
7.325563795973964
2.2704837117472882
-3.667953667953671
0.15745777268823685
1.672145205087885
-1.2932246274950705
-0.29906009683851076
0.8427367518925835
0.5240793201133209
-0.2395378328871418
0.39548022598869415
0.4361283061339368
-0.6583555119764578
0.620417371686404
-1.3032511210762427
0.05679397983815007
-0.5250461189158572
0.4136947218259597
-2.0031254439551107
2.189040301536681
-0.0993048659384213
-0.02840102243681418
-1.2642045454545423
0.6761617033520259
-0.843098028007999
0.3891050583657653
0.2871088142405972
-0.071571714858288
-0.2435181206130992
0.0143595634692738
-0.9332376166547021
-0.34782608695651845
0.668993600930777
0.05778676683039255
1.761478486861093
-0.09931895573211291
0
0.014202528049996128
-1.1786424311275303
-2.7015375772381023
2.717471569930583
0.35945363048166784
0.18624641833810238
0.3861003861003926
-3.80341880341881
0.3405893676884449
-1.962809917355382
-0.3311756736414168
0.7853798519860945
-1.9631350217293435
3.454601039437467
1.4479905437352347
-1.602097290999126
0.4144464179988091
-2.1079009433962197
0.8884204186116514
-2.2388059701492535
1.0687022900763359
0.8761329305135883
0.8834980533093878
5.833457028350891
-0.42075736325385693
-2.464788732394366
-0.21660649819494585
-1.1577424023154848
-0.8784773060029283
0.36927621861152143
2.7225901398086827
-2.249283667621783
-0.04396892862376587
-1.2463343108504399
-0.8017817371937606
1.1076186199670675
0.6217616580310948
-1.0445784905105227
-0.19327980969373598
-0.4022046774914244
0.9871373018247117
-1.3921800947867433
-0.5707419645539134
-0.4833836858006111
0
-2.0036429872495343
0.24783147459727736
-1.0506798516687372
1.1555277951280414
-0.061747452917563644
-0.4633920296570899
-1.7070142768466792
0.8051784022734485
-0.6734534064212928
-0.14191106906340129
1.8000947418285318
0.031022180859303826
-0.5117072414327732
0.17144638403990378
-0.14003423058971384
0.6232471174820817
-0.046454010529568684
1.0069713400464757
-0.7515337423312849
-0.07726781023025807
-0.7268790596968829
-0.4517837669418877
0.4851330203442915
0.14016508332035155
-3.203732503888028
-0.1767352185090011
-1.850957669402865
1.4758937356510333
-2.8442146089204767
-0.998003992015968
-0.3696236559139861
0.8768971332209183
0.23403543965228638
0.6004002668445668
-0.8454907161803751
0.2675137936799904
-1.5841253960313488
0.7285665875974169
-0.05046257359124551
0.11780545270951392
-0.7564296520423601
1.219512195121959
-4.702141900937085
0.5618964003511933
-2.758861533088889
-0.23343508708923588
0.7919366450683905
1.0714285714285714
2.791519434628967
1.7188037126160194
-0.2872592091922832
1.1523470598203618
-0.4858435248785353
1.4478114478114517
0.6471954862263487
1.1376751854905156
1.0107597000326125
1.6785022595222687
-1.714285714285707
-1.3565891472868363
5.828421741977738
-0.10829207920791024
-0.5420473904289917
-0.04671441918406543
-1.4176663031624899
-0.44247787610618755
-0.25396825396825756
-0.3819223424570301
0.8146964856230068
0.14260814450958284
-1.1867088607594938
0.6725380304243468
-1.288372832829652
0.46728971962616456
-0.16038492381716118
0.5622489959839357
-1.9009584664536705
4.184986158606079
-3.704282588308836
0.6979386463236413
0.0322372662798268
0.7734450531743401
-0.7355292612727891
0.5960051546391826
-0.6725380304243468
1.2090923746574238
1.0035043007327284
-1.9870682857593476
2.381335478680604
0.9272355807009416
0.3270009342883695
0.18624864193699295
-2.075910147172731
0.9333966144597338
0.7210031347962418
-1.774042950513535
0.5069708491761615
0.204918032786896
0.7708038382884972
0.046831095847635736
0.7645498517709436
0.7432641684732222
-0.7531509375960617
0.3562025708533304
-1.574074074074081
1.222953904045166
1.4095415117719985
-0.19856422789064734
1.2702785430058263
0.5440531963125146
-1.3828348113632847
1.1888431641517991
-2.425064015665013
0.015436863229395298
4.0747028862478745
2.0020762271985766
-2.864204710671697
-1.6314922915731143
-1.7346317711503485
2.8027253019510723
-2.153938846211772
3.694581280788177
-3.0285035629453647
0.10716472749539678
-0.2293928735280624
0.6744328632740615
-0.9135200974421438
