0.9892689470154221
0
-8.733189440478153
0.12734218664724972
5.850290697674427
-1.132852729145215
-5.451388888888885
1.3771575468233566
1.213548270240886
1.6821760916249269
-0.19359380499824405
0.8640451419502693
1.520979020979029
0
6.044429137248133
-0.617083468658648
-1.029411764705875
0.6438831104507143
-3.1496062992126057
1.6260162601626056
1.3333333333333333
1.4309210526315865
-1.4593805740230257
1.036695738028625
-1.4006514657980493
0.528576148001329
-1.7417022674991822
1.4548494983277669
-0.1483434976100364
0.6767910201386634
-1.6396130513198885
1.9169861643607269
-2.1426234870788394
-0.3844225305030845
-0.15100671140939215
1.7812132414720252
0.4292554069671304
0.0164392569455898
-2.021696252465476
1.2414024492534772
0.7456503728251864
0.32894736842105265
4.754098360655738
0
3.4272300469483534
0.922983809956124
-1.289355322338834
0.15188335358444716
-0.6217773733697335
0.5646268884480461
-0.06069802731410884
1.093228059520184
0.07509762691498949
1.1556355995797758
-1.9287833827893175
0.015128593040850642
3.479050068068371
2.908931442771521
-3.6931818181818183
0.9882005899705082
1.226814663356211
1.5870725725003607
5.084505041897451
0.47303689687795647
5.7035243475921416
0.2799694578773283
-2.296954314720815
1.6755422782179474
-0.38323965252938175
1.0515516799179336
-2.868020304568531
0.0522602560752518
1.7106294071559185
0.6419309282321223
7.883658629927296
0.8513657325292576
1.184195099073751
0.34762456546929316
-1.8937644341801358
0.11770244821092278
5.0434987067952015
0.5036373810856184
-3.195991091314036
-0.8397561256183084
0.11600928074245939
1.6222479721900347
-4.424173318129983
0
0.10737294201860859
-1.0725777618877368
-0.2288880857727957
1.4972228930210065
1.9866761836783169
1.1197947043042136
-3.748990656361749
1.150527325023972
-1.7180094786729858
-2.591922845087402
3.081683168316829
0.7323808380357814
0.023837902264606137
1.1320305052430886
0.15317544479792086
0.25882352941177006
-0.7979347570992804
0.4731488052992666
-1.0242524134683226
1.07053645771381
-2.0595504295633753
0
1.3338139870223393
1.2569666785248457
-1.6629581918257328
1.226628557818263
-1.129411764705885
1.01142313184198
0.42407821887148345
0.19941348973607573
1.2760477639896952
-0.9016298693792704
-0.22162603522687244
0.9352349777881693
1.030808431781327
0.641980969849825
-7.255951702927432
0
-0.4912797838368951
0.9627252530239391
-1.7359413202934042
1.505349589450115
-3.3092290721902193
0
1.0013943465584962
0.25100401606425704
-3.592889334000993
-0.9868848201532298
-5.967213114754099
0.6834030683403036
-0.415570023548968
-0.40339407428014706
-1.3268156424581006
1.88251946213729
1.2503473186996388
0.32930845225028693
3.528446389496711
-0.6340819022457007
-0.7577771869183788
1.7950435365036808
-2.250296091591002
0.20193861066235866
3.291683460970039
0.6633714880333016
1.1887840806305783
-0.9066530455880504
1.597938144329894
0.21562658548960495
-5.2524996835843565
0.20037403152551428
3.3462205039328117
0.1934984520123839
1.7381228273464657
1.6071880536572931
-2.4411508282476055
-0.9574875526618154
2.5264243361691188
-0.17601206939904165
-2.3425692695214133
0.07737941707506096
-2.0489690721649456
0.24996710959084031
2.9921259842519627
0.24209989806321242
-2.0719461039786533
1.622533748701973
-1.494443734832026
0.9206431535269591
0.15418219195683483
1.2828736369467608
2.1405953134895475
0.9548611111111168
0.9335462473897583
1.8376536448825493
-0.8484703632887081
0.30131372785344096
0.5888007690458996
-0.2747580934177599
-1.796837565884044
0.512320078067827
-3.555825242718441
1.1199194664653298
-1.493280238924838
1.793835270338546
-2.0600645321419595
0.012671059300546001
2.2551628024832215
0.9664229959112817
0.4417719965639984
1.881490531459985
-0.8394291881520566
0.8586286128915254
1.1870503597122275
0.9361298732077233
-0.035219535102131314
0.4815032295948353
-0.8648901355773699
0
-1.0610705022400377
0.09532888465204414
0.9047619047619074
0.7196790939122254
-1.593065479676704
1.833115105344599
-2.7235534774985335
1.357846671473198
-0.7824540604623619
0.1433863066077244
-0.6920415224913576
0.22828307100806092
-1.2347158954687207
-0.10923655783468592
-1.1300121506682812
0.6144770800049157
1.0382313423720533
0.33849129593809896
1.5301204819277163
0.6289308176100574
-1.3915094339622587
0.7534082755321638
-1.637982195845692
-0.07240255822372664
-1.4128728414442755
0.08574228319451807
-0.37939052747522
-0.4914004914004914
-0.827160493827166
-0.3112162330387153
1.985514485514497
0.6367087057671031
-1.7763718213894661
2.1305586522977884
1.7222559126743535
0.810778585906755
-0.10644589000591097
-0.059199621122424814
-1.9784385736287222
0.20546289581823127
-0.952840429381254
-0.6210423770092575
1.2621002328146005
-0.1694094869312654
3.0181818181818154
0.9412872102600306
2.680965147453083
1.555227608128056
-4.750726581712497
0.03520713531275138
-2.4049741905208823
-2.4762591657651187
-7.974855170713661
-1.1518885614787064
6.734417344173448
1.942363844103079
0.3985056039850617
0.22326966013395613
0.9529702970297086
0
-0.22066936373667626
0.6757586927140926
-0.061020258725896996
-0.10990352912443245
1.992665036674811
0.20376363418435162
-0.5382775119617225
0.21647624774503363
-0.8280331213248503
0.012100677637950476
0.8832425892316944
0.7076037419045444
-2.1436227224008575
0.9979311184130377
-0.20484395710325723
0.543347017628592
-0.024018253872948897
1.021021021021021
-0.8680142687276997
0.2878733357322751
-1.0166248056452578
0.4954084098598384
-0.39677768426116006
1.3882182520521487
-1.7144898202166898
-1.284070260448216
0.8712725487789941
0.4744525547445228
-0.3632401017072285
-0.5954550978247634
0.6479217603911925
0.7409206850479805
1.8929346515553467
-0.39048633297835383
-2.2451888809693488
-0.3281079110462914
-2.3774689100219457
0.6244536030972898
-1.737619461337967
0.5431350258936408
-2.60050251256282
4.630465626209221
-2.539447731755427
0.9233493549203079
3.183356310314573
1.5182800923114297
-4.438860971524277
0.9014648804306913
0.6948752947015787
0.07393715341959614
-1.2560029553010768
1.022571392941769
1.0492531786199235
3.322746151966764
-6.278079924331983
0.8073672259366692
-0.763358778625957
0.02522068095839161
-0.07564296520423887
-1.1228867019934363
0.21691973969630365
0.19098548510313218
-1.1691447452026855
-1.2344091552012373
0.481708110923048
1.995335579165599
-0.06351626016260162
0.4194737511122352
0.17721518987341484
-0.9476876421531464
1.1608623548922086
-0.0882723833543563
0.0504859270478469
-0.5929103065472493
0.05076142131979407
-0.31709791983764585
-0.4326250159053286
-1.3162939297124543
1.4374514374514256
0.20426401123452353
-0.2930309593578742
-0.07666751852798655
-0.9718670076726372
-1.3300619834710685
1.9107446669284154
-0.7961987928599005
0.1165048543689291
-0.43961727437289594
0.7532467532467474
0
0.7733952049497294
0.051163980557699024
0.17898235745333382
-0.701888718734048
0.8225163860686258
1.1217335882727795
-1.4874574561956329
-0.9341010876519455
0.4520795660036166
-0.15430114440016013
-2.678686413393426
-1.4820696043403527
-0.6850235057085323
0.1758182309981158
-0.09450519778588436
-0.2837837837837869
-5.0142295704024935
1.4695391639320972
8.352080989876262
0.012976901116016445
-0.4152069547164974
-0.13029315960912052
-0.3522504892367965
1.5056297460068082
-1.199535663614079
-0.48302872062663776
0
-0.8789190607372337
-2.40868184224458
-0.881475454298888
-0.15049938432070362
1.0139764318991629
-3.4047748236570836
0.407246173290265
3.986013986013986
-0.9280430396771994
3.597610643497149
-0.013104442405978606
0.9043250327653968
0.012988699831149857
0.2467532467532438
0.9457183573001773
-1.1036960985626312
-1.2717363093693315
-0.6440588853838035
0.5423997883317929
0.8421052631578917
1.1873695198329883
-1.1605415860735009
-0.1174168297455939
-0.6661442006269622
-0.5391190006574652
-0.06610259122157588
0.5159412620716997
-1.0660700184258896
-0.6917653319143335
0.3081044876088352
0.026709401709407783
-1.34846461949266
0.2977398836107789
-0.01349345567400118
-1.2010796221322506
-0.3005053954377879
0.1096040553500573
1.5190912823319977
0.16176867080076107
0
0.2288021534320384
-0.17456693970727383
0.16142050040355738
1.329572925060432
-0.5699138502319356
1.7062116768861575
-0.38007863695936794
0.5525588738323814
0.22242574905142556
-0.24804177545691608
-0.523491689569428
0.2104986186028184
0.8270972823946375
-1.0026041666666725
0.184137840326199
-0.617040829722994
0.026420079260243787
-0.092445853143165
0.11896893588895932
-0.1320306311064167
0.3569539925965158
-0.13173494928204452
-0.2506265664160371
0.6215286961121306
0.7622552240767602
-2.0738228772662177
-0.11987213638784994
-3.4271236164821888
0.6213753106876553
-1.262522299986283
0.7227241139680397
-1.6558575962467226
0
-0.996211589729202
-0.496031746031746
-2.0082609314912436
-1.1627906976744187
-1.529411764705879
-0.46296296296296635
-1.7554388597149355
0.09163103237630159
2.700640830027471
1.0399643440796316
0.8675194824290512
0.8600583090378976
-1.7632605867899886
0
-3.1631602177431217
1.4737161956851916
-1.5271747267554923
2.174243576098518
-1.5327380952380885
