-4.347826086956533
-3.846153846153842
-1.0909090909090837
1.102941176470581
3.63636363636364
3.5087719298245643
-6.7796610169491585
2.909090909090912
0.7067137809187285
-2.8070175438596516
3.2490974729241824
1.0489510489510576
3.4602076124567502
3.0100334448160484
-3.571428571428567
1.0101010101010035
-1.6666666666666607
-1.3559322033898316
-1.030927835051555
0
-2.0833333333333353
2.1276595744680873
-0.6944444444444451
2.4475524475524577
-2.389078498293525
2.4475524475524577
-6.143344709897615
0
0
0
0
2.181818181818184
-1.423487544483987
2.5270758122743624
-2.8169014084507067
1.8115942028985605
-3.5587188612099676
1.4760147601476028
-1.0909090909090837
0
-2.9411764705882377
2.651515151515145
-1.8450184501844953
1.5037593984962419
-2.222222222222224
1.8939393939393872
2.6022304832713696
0
-2.898550724637668
2.6119402985074567
2.181818181818184
4.62633451957295
-3.0612244897959138
3.5087719298245643
-1.0169491525423813
2.739726027397263
-4.6666666666666705
0
-3.146853146853142
-2.1660649819494604
0
2.9520295202952056
-3.5842293906810068
3.345724907063192
0
0.7194244604316553
0
0.3571428571428654
-2.846975088967974
9.89010989010989
0
9.999999999999995
0
6.060606060606066
3.7142857142857113
4.958677685950417
0
4.986876640419945
-8.999999999999996
-3.2967032967032996
8.522727272727268
4.188481675392674
0.7537688442211006
4.98753117206983
0
4.988123515439429
0
4.9773755656108545
-8.620689655172402
-4.7169811320754755
-0.24752475247524225
-4.962779156327548
6.527415143603133
2.205882352941173
0.23980815347721313
0.4784688995215422
-3.809523809523813
-0.990099009900991
-0.5000000000000004
0.251256281407041
-0.5012531328320806
0.5037783375314866
0.25062656641603476
2.499999999999991
-4.634146341463403
-1.5345268542199502
1.0389610389610398
-1.0282776349614404
2.337662337662334
-0.7614213197969494
2.8132992327365582
0
-1.7412935323382936
0.759493670886071
0.5025125628140708
2.0000000000000018
-0.7352941176470649
0
-0.9876543209876553
-0.24937655860348598
0
1.750000000000007
-2.948402948402951
1.518987341772142
-2.493765586034904
-1.5345268542199502
1.0389610389610398
1.2853470437017949
-2.03045685279188
0
-3.8860103626942983
-4.043126684636117
2.247191011235957
0
-1.923076923076931
3.361344537815129
-7.859078590785909
-2.941176470588238
-1.2121212121212133
-1.8404907975460003
6.874999999999992
4.970760233918127
0
4.735376044568243
0
4.787234042553195
0
4.822335025380709
-9.200968523002418
-4.800000000000003
0
-3.3613445378151168
3.7681159420289823
0
2.234636871508382
1.9125683060109244
5.093833780160856
-2.295918367346935
-3.394255874673626
2.702702702702693
-3.1578947368420964
-0.8152173913043546
-1.0958904109589052
-3.047091412742379
1.9999999999999953
0
0
-1.6806722689075646
10.256410256410264
0.5167958656330753
-3.0848329048843213
-1.3262599469495975
-0.8064516129032324
1.6260162601626031
-2.3999999999999964
1.092896174863389
-3.243243243243246
1.3966480446927325
-1.6528925619834727
3.081232492997208
-3.2608695652173942
1.1235955056179785
0.27777777777777185
2.2160664819944618
-2.9810298102980997
-1.117318435754191
1.1299435028248597
2.7932960893854775
-3.2608695652173942
-2.8089887640449462
0.5780346820809253
0.2873563218390871
1.1461318051575813
2.832861189801702
-1.3774104683195543
0
-1.9553072625698402
-7.122507122507123
0.9202453987730138
-2.735562310030391
2.499999999999988
-0.6097560975609762
2.453987730061352
3.2934131736527044
2.028985507246372
-3.1249999999999964
0.8797653958944224
-1.1627906976744196
11.17647058823529
9.788359788359804
0
4.819277108433718
0
4.827586206896552
0
4.8245614035087865
0
0
-4.811715481171557
-4.8351648351648295
3.6951501154734445
0
4.899777282850773
4.8832271762208155
0
4.858299595141687
-5.9845559845559775
3.490759753593428
-4.9603174603174605
1.252609603340284
-4.123711340206171
-1.0752688172043163
-2.608695652173896
3.794642857142855
-3.010752688172055
0.8869179600886926
3.0769230769230895
-0.8528784648187641
0.4301075268817112
-1.498929336188443
1.086956521739146
0.2150537634408556
-1.9313304721030011
0.6564551422319335
-0.21739130434782147
0.8714596949891076
3.8876889848812035
4.989604989604994
0
4.752475247524757
-4.3478260869565295
0.19762845849803706
4.733727810650874
1.3182674199623408
-6.13382899628253
-3.960396039603964
-1.0309278350515427
-5.000000000000004
0
-3.508771929824545
-1.3636363636363749
0.2304147465437739
4.367816091954032
1.1013215859030798
3.7037037037037024
1.8907563025210055
-1.2371134020618477
0
1.0438413361169065
0
-1.6528925619834727
0.8403361344537823
-2.500000000000002
1.709401709401711
-3.361344537815129
1.9565217391304512
-2.1321961620469194
1.9607843137254872
-2.991452991452985
0
-1.3215859030836918
1.1160714285714246
0
2.6490066225165587
-1.5053763440860275
-1.3100436681222816
1.3274336283185952
0
4.803493449781654
4.791666666666676
0.19880715705764984
3.571428571428566
0.5747126436781657
4.952380952380948
0
4.900181488203275
0
4.844290657439435
0
4.950495049504963
-3.3018867924528297
0.3252032520325134
1.620745542949751
0.3189792663476948
3.97456279809221
-0.7645259938837893
-2.465331278890603
-2.6856240126382294
-2.1103896103896087
-0.33167495854063783
-4.4925124792013245
-0.17421602787456075
-4.712041884816761
-1.0989010989010917
6.111111111111112
2.7923211169284334
0.8488964346349867
4.882154882154882
0
4.975922953451037
-5.963302752293574
0.8130081300812979
4.032258064516129
-1.240310077519381
5.023547880690742
1.6442451420029809
-3.0882352941176467
-0.9104704097116785
-3.981623277182246
-1.913875598086112
-2.1138211382113945
-1.3289036544850363
-3.0303030303030405
0
4.687500000000008
1.1608623548921955
0
1.475409836065586
-3.0694668820678577
0.1666666666666631
0
2.662229617304495
-5.02431118314424
0.5119453924914567
1.1884550084889693
2.0134228187919483
-3.6184210526315748
-3.924914675767925
2.3090586145648295
0
-3.2986111111111027
0
0.897666068222618
0.533807829181499
4.247787610619457
1.3582342954159605
2.0100502512562834
-0.3284072249589421
5.107084019769351
0.31347962382445865
4.53125
1.3452914798206257
-3.8348082595870303
-1.8404907975460003
1.7187499999999911
-0.1536098310291826
-2.923076923076929
2.2187004754358255
-6.976744186046513
1.4999999999999976
-1.9704433497536964
-2.0100502512562834
-1.538461538461536
3.993055555555563
-3.8397328881469184
-1.9097222222222123
1.9469026548672466
2.0833333333333353
-1.8707482993197333
-1.2131715771230398
-0.7017543859649129
1.5901060070671353
-4.173913043478264
-0.1814882032667838
-2.7272727272727337
-4.112149532710276
1.5594541910331399
0.7677543186180429
-4.761904761904762
1.999999999999993
-1.9607843137254835
0.3999999999999915
0.19920318725100947
0.3976143141152997
3.5643564356435764
-0.19120458891014674
-1.5325670498084305
0
-0.7782101167315183
-1.9607843137254835
-2.7999999999999936
-0.617283950617289
1.8633540372670778
1.2195121951219614
3.614457831325295
2.325581395348839
1.7045454545454517
-0.18621973929236102
-4.291044776119411
-1.5594541910331399
3.5643564356435764
-2.4856596558317547
3.1372549019607874
1.711026615969579
-4.485981308411203
0.19569471624265727
-0.7812500000000007
-1.181102362204734
-1.3944223107569602
0
1.6161616161616175
2.385685884691851
-3.3009708737864063
0.40160642570280264
0
0.9999999999999964
-0.7920792079207928
0.7984031936127752
-1.1881188118811805
0.6012024048096064
-0.3984063745019836
0.9999999999999964
-1.3861386138613743
1.0040160642570244
-1.391650099403584
-0.20161290322580216
-0.20202020202019771
1.0121457489878505
-3.006012024048103
-1.859504132231402
6.947368421052633
4.921259842519685
0
4.878048780487801
0
4.830053667262978
0
4.948805460750854
0
4.878048780487802
0
4.9612403100775095
-9.453471196454945
-4.893964110929851
10.29159519725557
4.976671850699849
0
4.740740740740745
0.14144271570013842
4.096045197740113
0.8141112618724506
3.095558546433384
-2.219321148825064
-0.9345794392523402
4.312668463611864
1.0335917312661507
3.836317135549858
4.926108374384241
0
4.929577464788732
0
3.803131991051453
-7.327586206896549
-4.534883720930218
4.993909866017032
