-3.345280764635596
0
-4.944375772558708
3.9011703511053293
-5.2565707133917385
-1.321003963011896
0.4016064257028146
-2.133333333333335
-1.0899182561307912
-0.8264462809917302
0
0
4.7222222222222205
2.1220159151193654
2.7272727272727266
0
4.930467762326177
4.698795180722876
-3.3371691599539606
4.404761904761895
-8.779931584948685
1.2499999999999956
-4.691358024691357
4.922279792746112
-6.419753086419748
0
1.187335092348283
0.9126466753585435
-2.325581395348845
2.5132275132275184
-1.03225806451613
2.3468057366362416
-3.821656050955412
2.9139072847682086
-3.989703989703985
-2.1447721179624684
4.109589041095888
0.6578947368421146
-3.2679738562091503
1.3513513513513464
-0.6666666666666643
2.013422818791939
-3.552631578947363
-1.773533424283764
5.4166666666666625
4.743083003952573
0.1257861635220099
0
-2.512562814070354
1.8041237113402135
2.278481012658224
0
-3.5891089108910896
0.6418485237483931
1.4030612244898
3.0188679245282932
-2.5641025641025528
0
-3.383458646616547
1.81582360570687
-0.509554140127389
-2.048655569782321
-0.7843137254902025
-1.8445322793148837
4.563758389261743
2.053915275994867
-3.270440251572324
1.9505851755526589
-5.99489795918367
0
-0.5427408412483045
-0.6821282401091381
-2.4725274725274806
2.957746478873239
-0.6839945280437733
0.6887052341597771
-2.3255813953488365
0.7002801120448279
4.033379694019472
0
0.6684491978609601
-2.92164674634795
-0.5471956224350211
0.6877579092159658
-0.4098360655737739
2.7434842249657088
-3.604806408544732
0
3.185595567867042
0
1.879194630872479
1.976284584980242
1.937984496124024
0.8871989860583053
-0.1256281407035149
0.6289308176100606
-0.24999999999999467
-2.8822055137844664
7.354838709677423
-0.24038461538461026
-1.686746987951814
-0.7352941176470649
-2.8395061728395006
-1.397712833545112
6.056701030927844
4.8602673147023125
0
1.969872537659327
-1.022727272727271
0
-2.525832376578652
-2.826855123674914
0.48484848484847454
-1.688781664656198
0
-0.12269938650306486
0.24570024570024043
2.3284313725490136
-0.5988023952095681
2.409638554216859
-4.941176470588235
2.103960396039603
0.48484848484847454
1.9300361881785302
-5.32544378698224
2.499999999999991
-6.341463414634141
-1.0416666666666676
2.7631578947368416
2.4327784891165223
0.49999999999998934
-1.7412935323382936
1.7721518987341618
2.9850746268656745
-0.603864734299504
0.8505467800729074
-4.698795180722898
-2.0227560050568916
1.1612903225806432
4.59183673469387
-2.439024390243894
-0.6249999999999978
-2.8930817610062944
2.9792746113989694
1.0062893081760904
2.1170610211706093
-3.658536585365841
-1.8987341772151942
1.2903225806451568
-1.2738853503184668
3.225806451612903
-1.2499999999999956
-0.7594936708860822
-0.5102040816326535
0
0.6410256410256387
1.2738853503184782
0.37735849056604087
-4.010025062656645
0.5221932114882512
-1.0389610389610398
3.0183727034120675
-3.312101910828023
2.108036890645588
-6.0645161290322545
0.13736263736263443
0.13717421124828238
0
1.6438356164383576
2.4258760107816673
-2.368421052631575
4.851752021563346
-0.5141388174807202
3.359173126614984
-3.2499999999999973
2.0671834625323013
1.0126582278481022
3.7593984962405878
-6.280193236714971
-3.9948453608247374
0.40268456375839257
-2.406417112299473
1.0958904109589052
4.607046070460703
-4.663212435233153
0
3.260869565217382
0.6578947368421146
1.6993464052287568
-2.9562982005141443
1.4569536423841103
4.438642297650128
-6.000000000000005
2.9255319148936256
-2.454780361757111
0.6622516556291367
-1.7105263157894723
1.7402945113788473
-2.499999999999994
2.9689608636977023
-3.01441677588466
2.9729729729729693
-0.6561679790026224
-4.887714663143991
4.861111111111106
0
-4.635761589403969
2.916666666666666
-1.8893387314440022
-0.27510316368637655
0
0.6896551724137907
-0.6849315068493127
-1.3793103448275814
1.5384615384615303
0.4132231404958712
-0.13717421124828238
0
0.5494505494505499
2.868852459016393
-3.718459495351929
2.0689655172413843
-3.378378378378378
4.89510489510489
-2.3999999999999964
1.7759562841530039
-3.89261744966443
2.653631284916194
-0.27210884353740916
2.3192360163710766
-1.0666666666666675
2.9649595687331503
-2.8795811518324577
0
-0.2695417789757355
2.9729729729729693
-3.1496062992126013
2.9810298102980997
-2.105263157894727
-2.2849462365591506
1.1004126547455306
1.6326530612244914
-2.1419009370816617
-1.5047879616962987
1.666666666666668
-3.0054644808743256
2.3943661971830976
-2.888583218707015
2.9745042492917846
0.1375515818432005
-0.2747252747252811
-0.13774104683195298
1.655172413793105
1.7639077340569864
-3.4666666666666637
-4.834254143646416
0.8708272859216328
0
-4.172661870503598
2.852852852852845
1.6058394160583989
2.873563218390807
0.837988826815637
2.077562326869811
-0.9497964721845358
-0.2739726027397202
0
2.884615384615384
-2.670226969292392
0
-0.41152263374485937
-3.16804407713498
2.1337126600284417
-1.949860724233979
2.8409090909090935
0.41436464088396907
-0.27510316368637655
4.137931034482756
-3.5761589403973453
0
-2.7472527472527495
-2.966101694915254
4.80349344978166
1.388888888888884
-0.6849315068493127
-0.13793103448275568
-1.2430939226519317
2.9370629370629366
-2.309782608695651
-0.5563282336578586
-0.979020979020983
0.28248587570620864
2.2535211267605657
-1.9283746556473786
1.1235955056179785
-2.7777777777777803
-0.4285714285714321
0.286944045911054
-0.42918454935622674
0.14367816091953717
1.7216642754662856
1.8335684062059223
-0.9695290858725678
0
-1.398601398601406
2.8368794326241162
-5.51724137931035
-0.14598540145985092
2.3391812865497097
-2.9999999999999996
2.061855670103088
0.865800865800873
-3.719599427753931
0
1.1887072808320829
-1.6152716593245144
1.9402985074626848
2.4890190336749622
0
2.85714285714286
-5.555555555555561
4.705882352941181
-0.5617977528089892
2.401129943502824
-4.137931034482756
0
1.8705035971223005
1.9774011299434984
-5.401662049861492
2.4890190336749622
-1.142857142857144
-3.9017341040462368
4.360902255639098
4.755043227665693
-6.740027510316359
4.719764011799401
-1.1267605633802829
1.1396011396011407
-1.6901408450704116
-1.8624641833811
2.773722627737232
-1.988636363636359
0.5797101449275367
4.178674351585014
-4.149377593361005
2.4531024531024523
-0.9859154929577381
-3.1294452347084016
0.5873715124816452
2.1897810218978155
-2.4285714285714275
0
1.0248901903367538
1.4492753623188352
-0.14285714285713982
-0.14306151645207132
-1.432664756446999
-2.0348837209302277
2.373887240356085
2.8985507246376705
-3.661971830985913
2.3391812865497097
-0.28571428571427965
1.4326647564469863
-2.683615819209045
0.14513788098694738
1.1594202898550734
0
-4.0114613180515795
1.4925373134328306
0
-1.4705882352941124
1.4925373134328306
0.7352941176470562
-3.211678832116785
2.4132730015082977
-4.27098674521355
-4.769230769230763
3.2310177705977265
-2.9733959311424023
2.903225806451608
0
0
0
0
-3.76175548589342
2.2801302931596186
-2.86624203821657
2.6229508196721336
0
-1.1182108626197986
-0.1615508885298978
-2.9126213592232966
2.5000000000000058
-0.9756097560975691
0.16420361247947104
2.9508196721311575
-1.2738853503184724
2.0967741935483852
2.6856240126382294
-5.384615384615379
0
2.1138211382113803
-2.0700636942675144
1.6260162601625958
0
0.7999999999999972
2.222222222222231
-2.3291925465838563
0.158982511923685
0.6349206349206356
0
-0.6309148264984233
-4.920634920634915
3.50584307178631
1.6129032258064457
-1.5873015873015817
-1.9354838709677435
0.8223684210526286
1.1419249592169705
-2.4193548387096833
0
3.3057851239669453
2.4000000000000057
-3.90625
2.4390243902438935
1.4285714285714264
0.15649452269171635
4.687499999999997
-1.4925373134328437
6.5151515151515245
4.978662873399711
-7.452574525745256
-0.43923865300146775
-2.2058823529411686
3.4586466165413463
-7.994186046511626
2.6856240126382294
-3.8461538461538463
-1.5999999999999943
5.528455284552843
3.235747303543913
-0.2985074626865741
1.0479041916167708
-4.296296296296297
0
0.15479876160990383
2.472952086553325
0.15082956259426528
0.9036144578313329
1.3432835820895501
-1.3254786450662719
0
2.2388059701492455
-2.627737226277368
-2.3988005997001522
-2.150537634408597
2.0408163265306105
-1.6923076923076972
-2.3474178403755785
2.564102564102566
2.3437499999999916
-4.274809160305347
-1.913875598086112
0.9756097560975545
3.059581320450892
-0.7812500000000111
2.3622047244094544
-1.538461538461533
0
-2.3437500000000053
2.4000000000000057
-1.5625000000000082
-0.7936507936507908
0.7999999999999972
