-1.0441767068273013
0
-0.4058441558441616
-0.08149959250203576
7.667210440456765
-0.07575757575757415
0.0758150113722501
4.9242424242424265
-12.779783393501802
7.11920529801324
-6.491499227202472
7.438016528925623
-11.923076923076927
8.64628820960699
1.2057877813504851
4.845115170770448
-0.6060606060606066
-3.9634146341463383
8.730158730158728
-4.014598540145978
3.0418250950570367
-4.501845018450193
3.323029366306026
9.872849663425582
-5.58202859087815
-2.2350396539293347
-0.5899705014749268
-3.1157270029673585
6.738131699846853
0
-3.2998565279770378
-3.2640949554896235
1.3803680981595208
-3.9334341906202823
6.2992125984252025
-2.9629629629629655
-1.4503816793893092
6.2742060418280445
-1.4577259475218736
3.402366863905332
-11.087267525035768
6.918744971842313
-7.524454477050415
5.370219690805534
-8.262548262548252
5.892255892255886
1.2718600953895083
1.9623233908948194
1.7705927636643604
-3.9334341906202823
-1.338582677165354
0
1.6759776536312918
4.238618524332804
-2.18373493975903
9.391839876828334
-4.0112596762843085
0.3665689149560039
-5.697589481373261
-1.0844306738962088
2.9757243539545875
0
6.692015209125468
2.9935851746258013
-6.020761245674735
2.8718703976435975
-0.21474588403723074
-3.873744619799133
11.343283582089548
-2.815013404825737
-1.2413793103448256
7.891061452513959
-2.006472491909377
-0.924702774108326
-6.199999999999998
8.670931058990753
-2.0274689339437457
5.407209612817081
-2.1532615579480674
2.2006472491909377
-3.483217226092457
-0.06561679790026106
-9.126723571897575
0.07225433526011407
2.1660649819494635
1.7667844522968197
0.27777777777777185
-0.346260387811627
-9.659485753995835
7.538461538461542
-7.010014306151648
0
-3.8461538461538463
-3.519999999999996
2.8192371475953553
0.4032258064516043
3.8554216867469915
-6.341840680587783
8.092485549132952
-3.743315508021392
2.3809523809523867
4.651162790697671
3.4814814814814863
14.387974230493914
-10.012515644555693
11.265646731571621
-16.437500000000004
3.1413612565445024
-4.85859318346628
-1.2957317073170727
0.3861003861003916
3.8461538461538463
-1.5555555555555618
-5.869074492099319
7.673860911270991
-3.6377134372680042
-3.775038520801234
6.004803843074459
-3.3232628398791504
0
3.437499999999996
-1.8126888217522674
1.8461538461538478
-3.700906344410878
8.235294117647065
3.623188405797101
-8.811188811188822
0.07668711656442917
3.2183908045977003
0
0.29695619896064696
-1.1843079200592164
0.5243445692883917
-4.61997019374068
0.3906249999999917
-0.7782101167315147
4.156862745098034
-3.5391566265060157
4.605776736924277
-0.37313432835821425
0.29962546816480096
3.6594473487677384
-9.221902017291074
0.7936507936507908
0.15748031496064055
0
-3.2232704402515733
-2.1121039805036537
7.136929460580908
-1.2393493415956633
1.8823529411764723
1.6166281755196235
2.12121212121213
1.928783382789316
-2.183406113537123
0
-3.422619047619041
4.622496147919874
-0.9572901325478702
-0.3717472118959029
-0.7462686567164153
-0.1503759398496342
-1.7319277108433635
2.6819923371647483
-4.253731343283584
0.07794232268121423
0.5451713395638651
5.73199070487994
-5.641025641025638
4.736024844720492
-4.670126019273542
0
0.8553654743390452
-4.780262143407872
0.24291497975709422
6.623586429725352
-3.0303030303030196
5.468749999999994
-4.518518518518515
2.7928626842513533
-0.981132075471704
3.658536585365857
-4.044117647058815
4.521072796934865
-1.026392961876837
-3.7037037037037037
5.000000000000002
-3.663003663003663
3.346007604562734
2.2810890360559273
-7.913669064748199
7.0312499999999885
-6.4963503649634955
3.0444964871194284
-6.363636363636363
7.524271844660192
-2.85929270127915
-3.5631293570875355
2.6506024096385548
-3.3646322378716724
-2.9149797570850158
-4.837364470391994
-0.08764241893076062
1.7543859649122744
-1.0344827586206828
-3.7456445993031333
7.873303167420806
-7.1308724832214745
10.207768744354102
-1.6393442622950762
3.7499999999999942
-2.0080321285140563
2.459016393442629
0.7999999999999972
-5.873015873015875
-4.30016863406408
6.607929515418502
3.3057851239669453
-3.519999999999996
-0.4975124378109494
3.916666666666672
-1.764234161988778
0
1.5510204081632613
-1.7684887459806984
-1.800327332242231
3.8333333333333406
-2.0866773675762564
-1.5573770491803238
-2.0815986677768525
1.6156462585033973
0.41841004184101016
0.41666666666667257
-0.41493775933610544
12.5
-1.8518518518518519
-2.0377358490566007
0.15408320493065927
-1.1538461538461566
-2.7237354085603087
0
3.9200000000000017
-3.772132409545806
-3.200000000000003
15.619834710743806
2.215868477483921
-11.53846153846154
1.5810276679841841
-2.6459143968871586
-3.2773780975219835
-0.8264462809917327
-1.1666666666666714
3.7099494097807866
-3.6585365853658622
4.6413502109704705
0
-6.209677419354835
4.8151332760103065
-9.844134536505328
0.09099181073703172
-3.5454545454545507
8.19981149858625
3.222996515679436
5.485232067510551
-3.5999999999999943
2.4896265560165887
-4.777327935222671
7.99319727891156
-5.196850393700789
2.740863787375416
-3.071948261924002
-1.1676396997497962
1.4345991561181428
-2.9950083194675496
4.631217838765001
6.557377049180334
-2.615384615384614
1.8167456556082182
-6.051202482544617
-1.734104046242767
4.957983193277309
0.8807045636509162
-4.761904761904759
3.7499999999999942
0.40160642570281696
1.2000000000000028
1.976284584980237
-0.07751937984495959
-0.23273855702095528
-5.132192846034216
5.409836065573772
0
1.0886469673405954
-0.15384615384615058
0
5.932203389830505
-8.50909090909091
9.220985691573928
-2.9112081513828265
-6.2968515742128925
13.28
-7.485875706214693
10.687022900763361
3.4482758620689653
-4.333333333333335
3.4843205574912894
-6.397306397306393
0
-5.683453237410078
6.025934401220449
-0.8633093525179928
-1.6690856313497726
-9.594095940959413
6.122448979591836
-1.230769230769232
0
-8.8785046728972
3.8461538461538556
-1.3991769547325097
1.4190317195325537
4.279835390946499
1.026045777426999
1.4062499999999978
0.15408320493065927
0
-3.8461538461538463
9.280000000000001
-7.320644216691068
2.2906793048973078
5.405405405405414
-0.3663003663003715
0
-0.3676470588235216
-1.8450184501845017
-3.0075187969924837
3.875968992248062
-2.238805970149259
-1.526717557251903
-2.7131782945736407
9.163346613545805
-11.67883211678832
4.132231404958678
-7.380952380952379
7.112253641816624
-0.4000000000000057
7.871485943775104
-7.669396872673116
-2.0161290322580645
0
6.831275720164609
-4.622496147919874
4.119547657512114
-7.525213343677273
8.640939597315432
-8.1081081081081
4.957983193277309
1.6012810248198501
-3.467297084318357
2.0408163265306123
3.200000000000003
-1.937984496124031
-3.557312252964435
3.688524590163943
1.185770750988145
-1.0937500000000044
-5.213270142180096
-4.249999999999998
6.005221932114877
-4.022988505747128
-14.029084687767313
16.815920398009943
-7.580919931856904
-3.6866359447004644
-1.4354066985645797
4.757281553398043
1.8535681186283697
-2.2747952684258417
-0.3724394785847386
-5.046728971962609
10.236220472440936
-0.44642857142856196
6.726457399103139
-10.084033613445387
7.476635514018699
-7.652173913043486
-3.4839924670433073
5.268292682926821
-10.56533827618164
1.0362694300518098
12.61538461538462
-2.82331511839709
7.591377694470483
0
7.926829268292684
-1.9370460048426166
-1.8930041152263408
-3.3557046979865803
-0.26041666666666113
-5.570060922541345
9.585253456221206
-1.682085786375114
-9.923011120615913
4.558404558404563
-0.09082652134423058
-2.272727272727273
6.511627906976738
-14.148471615720517
19.938962360122066
-10.941475826972004
4.380952380952389
-6.660583941605843
7.526881720430103
-0.27272727272726693
7.11030082041932
-6.4680851063829765
4.640582347588715
-12.69565217391305
8.466135458167345
-0.9182736455463858
6.580166821130685
-4.956521739130437
0.640439158279966
-8.54545454545454
6.063618290258443
0
-6.091846298031868
4.091816367265471
-3.1639501438159163
-3.168316831683171
2.14723926380369
1.2012012012011934
3.8575667655786408
9.523809523809524
-3.4782608695652204
-1.621621621621619
8.058608058608067
-10.847457627118652
9.030418250950582
-12.118570183086316
3.1746031746031775
0.5769230769230816
0.2868068833651946
-4.480457578646336
0
0
5.788423153692616
-10.849056603773588
3.1746031746031824
-1.8461538461538431
7.001044932079415
1.0742187499999944
4.347826086956532
-5.18518518518519
3.9062500000000036
-5.07518796992482
6.831683168316826
-3.7998146431881223
1.156069364161842
7.3333333333333295
3.815439219165925
-3.675213675213673
-1.4196983141082533
2.7902790279027947
-3.6777583187390537
4.18181818181819
2.268760907504361
-4.010238907849835
-0.08888888888888699
-7.206405693950183
