-1.6066481994459865
9.234234234234236
-14.999999999999998
2.850212249848386
0.23584905660377695
-0.47058823529412436
-1.906028368794323
4.232565145353219
-2.326589595375726
1.4499186270158408
1.7500364590928976
1.232621470546067
2.831657935721365
7.39363899215201
-1.3974358974358945
-0.7281237810427802
-0.45841519318926
0.8947368421052572
-2.203964527908187
1.1201493532470965
3.0990373203217727
-0.9209516500383643
2.7110766847405112
0.3645047762694793
-3.105823418910451
0.6720951273103182
2.028501733213515
1.6358374229268906
-1.9190293425776896
1.0603382984094896
-1.074194354234327
-1.1237373737373708
1.838845613587023
0.13793103448276148
1.69045830202855
0.9727866026351406
-1.1585365853658536
0.5428747686613173
-1.8407166523499816
2.1877734716839607
2.4957181306581817
1.2294103604679003
0.15328381087135415
-0.6239698610784029
0.6989693164316997
1.6117647058823583
-2.547180734051175
-0.427705833432342
3.5914568667223508
1.1287721723105222
-1.9476082004555835
-0.9757230804971515
-0.6099706744868089
0.6137141508320602
-2.486803519061589
-0.6856730422230161
2.034883720930227
0.3798670465337186
-1.336329233680235
0.6832074793239896
0.5357142857142857
0.4026050917702756
-0.8963321146361626
0.03570153516602026
-0.29740661432310256
-4.713041403173846
3.581267217630857
0.33849129593809896
-1.8915662650602465
-0.02456097261450716
4.81513327601031
1.2656744404078364
-2.36083786598773
1.9319663387459942
-1.790697674418602
3.007340753019178
-5.896551724137926
1.1848051789422172
-2.462578464509896
-0.9900990099009901
6.362499999999998
-0.08226583617345538
-1.4231945424606
1.1215845364514947
-0.44837758112093856
-0.8178262415550659
-0.8843212237093664
-0.40993489269351063
-1.0411622276029082
1.6638120871054591
-1.5042117930204573
0.5375687232742794
0.4131729250212635
1.4159506232603227
-1.8377088305489233
1.7140773158278655
-2.3305844388669774
-2.2883015173764125
1.5028177833437695
1.1721159777914867
-0.012195121951222285
-0.18294914013904134
0.4154447702834772
0.012168410805551562
3.528409782211948
0.7286402632506811
-1.4700735036751864
0.7223208999407961
-1.6929226428403452
0.5501076297536366
-0.09514747859181191
0.19047619047619319
1.8060836501901059
0.37348272642390823
0.5813953488372093
-1.4913294797687835
8.050698274850372
0.30411643314868625
-0.3898213318895531
-4.326557234482004
7.5559595500511305
4.362983308683705
-0.5061241016297197
1.1293112218943966
-5.28169014084507
0.7541157727031357
-1.4864010120177127
1.6051364365971108
-2.9383886255924145
0.8029513888888864
-1.872981700753496
0.8666081614743283
-2.751495377922779
0.22366360993066428
-2.354385181879047
0
-1.4626899782882035
-0.5334570335150075
-0.676227119039299
-0.6456156825918535
-0.7679584120982987
3.5004167162757445
-1.4034280455538861
-0.5833625014584063
1.713413918554163
0.4615207107418945
-1.4241414953485805
9.099382500291275
-7.956001708671508
1.032602390068451
3.1465319246669834
-3.7408149632598553
9.750173490631502
-0.02107703656865126
0.05270369979972594
0.884955752212387
-4.782790309106106
-0.14257512612414505
-2.4382207578253756
0.04502983226388506
-1.6541014965680256
0.4462242562929036
0.1366898279986383
-0.2388806734159962
-0.3534777651083264
0.6522485410230056
2.7171441564347405
0.1438848920863259
-1.9893899204244032
0.19170049616599522
-1.0579628587507008
0.9668979638266408
0.09013068949976955
0.5065285907248988
-0.5711725837159842
0.1576931741383297
-1.0458839406207903
0.2613933401522978
-1.2695533892541424
-3.08840413318025
1.5164080085297895
1.2020072353833666
0.4497232472324697
-0.022959476523940474
2.1472040417958485
-0.5170863309352544
-1.7175141242937904
-0.01149689583811325
-1.138323559848234
-0.5815305885089556
2.468413664014977
0.011416828405071668
-0.3995433789954338
0.6074498567335191
-1.7885623148780967
-0.23199164830066116
0.2209045459830226
0.1740139211136891
-0.3474232773595831
0.7786170830912313
-2.3754612546125484
3.9333805811481164
-3.54585748380497
0.11782726522917403
-1.6476403436507001
0.03589804953930292
-0.8373205741626795
-0.12062726176115803
2.1256038647343023
-1.6201513718070062
-0.5769924269743905
-0.012090436464759127
0.12091898428053205
0.5072463768115997
-0.793078586878157
0.4723837209302298
-0.4822182037371911
0.3634161114476075
1.713940856970434
-0.3441319568055169
0.4286734936889763
0.7944036044581511
-1.0586989765909893
1.0224705742480111
0.258914911145102
1.103415893884256
0.8707767328456985
-0.8862799263351672
-0.8245267680873328
0.573770491803276
0.09314239143090794
-0.7793416308014476
0.82063305978898
0.19767441860465645
-0.20888940466520461
0.011629259216190574
-0.20930232558139006
0.850617571661612
-1.3633737723858987
-0.5036898207801415
-0.15304921120790613
-0.15328381087136755
-0.7912139820500629
0.4047137245565977
-0.8298755186721992
-0.37059175134489214
-0.035997120230376115
0.03601008282318503
-1.5358771298296081
0.6458688764318735
-2.034144569560474
0.02471882338399849
0.7290250834054234
0.2944062806673181
-2.629647749510763
-0.3893983167943754
-3.1147540983606614
-6.286606794221002
6.180555555555555
1.4911706998037904
-1.4177084675860292
1.1504771865603436
-1.3958898797983803
4.050334250884779
0.2645502645502674
-0.1507727101394562
-0.5662514156285391
-1.9235636547709498
3.2129032258064485
0.8626078259782445
-1.5121467526028671
-1.9129121570601617
4.785732614831931
-1.0530182441533027
-2.6481871055562403
0.2033812126604689
0.7103894456425248
-0.07557626905152069
-0.9958401613513145
0.9549274255156608
-1.5386555681674778
-0.4739336492891053
-0.283140283140289
-1.3939081053174955
1.4267015706806252
-0.03871467286100846
0.7100438936225149
0.35892834252018385
-1.3922595478349697
0.3238341968911917
-1.910910264686889
0.3817296301171485
-0.06556517178075007
0.433014040152205
-0.6793833289783031
4.433043935806357
-5.239954654238572
0.7975541672205237
-0.5538704998021802
8.659329001458687
-8.335367341957525
0.998535481294102
-0.7645663063538186
1.0228480340063824
-1.6042077580539178
0
-3.46117867165575
1.2735326688815125
0.054674685620554574
0.4508196721311413
0.6255949952400413
2.3786998243005844
0.026402640264032405
-0.791870133298139
-2.32805640548091
-1.389267229637707
-4.654696132596691
1.419672606113294
-2.942436794743611
1.177336276674025
3.432727272727276
0.2109407959499367
1.1086163345495337
-0.9160305343511482
0.8544614091609501
-0.5555555555555556
0.754189944134075
0.9841973939561994
1.4824982841454981
-0.7168943595292784
-1.5940054495912868
0.4984078637685204
3.691968590714984
1.182409990700143
-1.680672268907572
0.9081196581196673
-0.15881418740074715
0.4904559915164429
-0.7386888273314896
0.10631229235879794
1.11509358821188
-0.21005645267165848
-0.1447178002894386
-0.06587615283267458
-0.2109426499670432
-1.6911084687541227
-0.026878107781218314
-3.199354751982787
0.44438272462157086
0.12442969722108267
-0.510908588787634
-0.055517002081884426
0.8887654492431575
-2.2711631108052304
0.8873239436619654
0.5584252408208852
0.05553241704846466
0.9990287220757501
-1.9370792691303782
-0.43429532081814365
-2.92669199380893
0.3333816495144323
0.9101415775787278
-1.3886900501073796
0.6097560975609823
0.20202020202019874
-1.5841013824884793
0.2780216564237602
0.20429009193055464
0.9902431920780478
-1.8745493871665464
0.5878030859662013
-0.6574141709276844
0.5147058823529411
0.08778346744696748
-0.87706475661453
-0.3096888364548035
0.38461538461538797
0.16209843796051027
4.8845078711196015
-3.394585495861963
-0.39204297952665096
-0.7725947521865822
0.9255178492728007
-1.5574963609898174
0.5027354724234941
-1.3388259526261619
-1.2824336415150646
-0.8761329305135883
0.3657421517829895
-0.34922563012451685
1.43227182690844
-0.6008712633318312
0.030225177572907932
1.9791509291433786
1.9555555555555624
0.5957570473699373
0.3900043333814886
-0.02877697841727273
0.5757052389176742
-0.8872352604464699
0.6930407161420667
3.369658732434758
0.7768067693161358
-1.1424638678595946
0.19493177387913913
1.4869371873262829
-1.6842393536902582
0.34818941504178275
0.3469812630117974
-0.6500691562932289
-0.2227481553668257
0.08371703641689815
0
2.3699986058831732
0.36769712651505454
0.2442333785617306
0.37899296155929457
-1.6855447680690399
-1.5087093677136194
2.687647959894159
-1.1798209926769638
1.3585837793330557
0.41971297048470385
-0.08089524066334404
1.9025772500337366
-3.0455508474576267
-1.8437585359191477
4.007235285932928
1.4046822742474916
-0.5277044854881267
0.7957559681697612
-3.3026315789473712
1.115798067764328
-4.5888844031758875
0.8321579689703776
-0.20981955518254303
-1.0653209980375697
2.5786341739869716
-0.013812154696135738
-0.5801906340654692
-3.2513547311379867
4.710613241418939
-0.699492525030863
1.961325966850835
0.1896505012191787
-0.7301243915630039
0.47670934350313265
0.28466856445708405
-0.7839956745066173
-0.39509536784740834
0.35562850499248017
6.1469265367316215
0.7960965588084291
0.3694267515923538
-0.6092143673054898
0.15323713446557677
0.06375111564452378
0.038226299694198294
0.38211692777990064
-0.46948356807512315
0.6501784803671625
-0.6966434452184928
1.13520408163265
-4.515071257409504
-0.34341566503764664
-0.9940357852882704
0.13386880856760375
-1.804812834224599
0.3948264125255245
0.47464062923786277
0.1079767849912361
2.305514358905205
0.052714812862426325
-0.013171759747105207
