-3.736263736263735
0.4566210045662206
-5.227272727272736
-4.796163069544358
4.534005037783379
3.8554216867469697
-7.888631090487227
0
-3.2745591939546683
2.343750000000008
2.5445292620865163
4.7146401985111535
-6.1611374407582895
2.2727272727272694
2.469135802469149
0
4.819277108433718
-2.758620689655155
7.328605200945616
0.4405286343612241
4.385964912280706
4.831932773109253
0
4.809619238476958
0
4.206500956022939
0.733944954128441
4.73588342440801
0.17391304347825717
4.1666666666666705
-8.666666666666659
-4.014598540145997
-0.9505703422053199
-4.99040307101727
1.6161616161616175
-0.39761431411531734
-0.7984031936127752
4.627766599597594
-5.769230769230766
-1.0204081632653206
-1.0309278350515427
5.000000000000004
-6.9444444444444375
-2.558635394456292
1.7505470459518615
4.086021505376333
-5.991735537190084
4.8351648351648295
-0.6289308176100495
3.164556962025305
-1.6359918200409014
-4.158004158004143
1.9522776572668081
3.404255319148939
-5.349794238683141
0.43478260869566226
-5.411255411255411
-2.9748283752860387
2.122641509433959
3.464203233256359
-4.017857142857156
0
4.883720930232558
1.9955654101995535
-3.0434782608695583
-4.260089686098664
1.1709601873536468
-3.703703703703707
-0.24038461538461026
3.132530120481925
0.7009345794392373
0.23201856148493447
-0.9259259259259267
-1.6355140186915953
2.1377672209026093
-1.1627906976744145
1.17647058823529
1.1627906976744145
-5.51724137931033
-4.866180048661804
2.557544757033239
-0.24937655860348598
-0.5000000000000004
0.5025125628140708
1.0000000000000009
-4.950495049504955
10.416666666666677
2.594339622641496
0.2298850574712799
3.211009174311919
-7.77777777777777
-3.6144578313253093
1.2499999999999956
0
0
0
2.7160493827160574
-3.6057692307692393
0.997506234413966
-1.2345679012345636
1.0000000000000009
0
1.7326732673267398
2.9197080291970825
-0.9456264775413719
-1.9093078758949895
3.649635036496337
3.990610328638496
-1.3544018058690657
0
4.805491990846681
3.930131004366806
0.6302521008403413
4.384133611691023
0.3999999999999915
4.9800796812749
-3.0360531309297776
-1.1741682974559784
0.594059405940599
-3.3464566929133843
1.0183299389002
3.6290322580645102
-6.614785992217897
1.041666666666663
-3.7113402061855614
-3.4261241970021445
8.203991130820402
4.098360655737709
0.7874015748031503
0.19531249999999584
-4.4834307992202636
1.0204081632653024
-1.8181818181818152
-2.0576131687242905
1.4705882352941237
-3.9337474120082896
-0.43103448275861156
-2.5974025974025996
3.111111111111104
-3.6637931034482745
5.592841163310962
1.6949152542372898
-3.3333333333333366
-1.2931034482758537
-0.873362445414848
2.422907488986791
-3.2258064516129106
2.2222222222222143
-5.869565217391296
3.9260969976905296
-2.4444444444444517
0.22779043280183772
2.045454545454542
1.336302895322931
-3.5164835164835195
2.961275626423688
-3.9823008849557464
-1.8433179723502322
1.6431924882629176
-0.23094688221708515
5.092592592592586
-0.8810572687224677
3.999999999999994
1.2820512820512928
0.6329113924050498
1.4675052410901528
-8.264462809917344
3.153153153153146
-0.873362445414848
9.911894273127757
-3.8076152304609296
0
1.4583333333333393
-1.2320328542094559
1.6632016632016648
-4.294478527607361
-0.21367521367520914
2.7837259100642378
-4.583333333333329
0
-1.3100436681222816
3.7610619469026734
0.42643923240937254
0
-3.184713375796186
1.9736842105263324
1.9354838709677387
-0.4219409282700519
-1.2711864406779578
1.2875536480686611
-0.2118644067796565
0.21231422505307404
2.3305084745762783
3.312629399585924
6.21242484969939
0
-3.2075471698113196
-0.19493177387913815
2.9296874999999893
-3.4155597722960103
0.785854616895875
-1.949317738791416
-2.186878727634201
1.4227642276422823
2.404809619238479
-2.1526418786692822
0
-2.7999999999999936
0.6172839506172707
2.044989775051136
-2.404809619238479
3.2854209445585245
-3.3797216699801176
-1.0288065843621546
0.8316008316008324
2.061855670103104
-4.040404040404044
-0.8421052631578955
4.0339702760085006
1.0204081632653024
-3.232323232323235
1.8789144050104354
-0.6147540983606609
1.443298969072171
-2.235772357723584
1.6632016632016648
-2.0449897750511177
-1.670146137787058
0.21231422505307404
-2.5423728813559348
1.7391304347826104
1.0683760683760837
-2.7484143763213695
0
-0.6521739130434644
-1.094091903719928
-0.22123893805309264
0
0.6651884700665244
-1.5418502202643234
3.579418344519019
2.5917926565874754
-5.2631578947368425
3.111111111111104
-3.2327586206896437
0.22271714922048522
-0.2222222222222175
0
-0.22271714922048522
1.1160714285714246
2.207505518763789
2.5917926565874754
8.631578947368425
1.744186046511625
7.2380952380952355
0.3552397868561361
-9.91150442477877
-1.7681728880157144
-1.1999999999999922
-5.6680161943319884
16.523605150214582
6.81399631675875
-8.44827586206897
2.6365348399246815
-5.871559633027528
1.3645224171540016
-2.692307692307703
-1.7786561264822107
2.414486921529177
1.964636542239696
-3.082851637764935
2.385685884691851
-1.1650485436893299
1.57170923379175
-1.9342359767891615
3.353057199211044
-3.435114503816805
-1.1857707509881346
-0.8000000000000007
2.0161290322580574
-2.5691699604743063
1.2170385395537626
0.20040080160320214
-1.4000000000000057
1.2170385395537626
-0.8016032064128263
-1.41414141414142
0.40983606557377994
-3.2653061224489823
2.1097046413502034
-5.785123966942154
-1.0964912280701717
0.44345898004435613
0.8830022075055195
-0.4376367614879751
1.098901098901095
-2.391304347826075
1.336302895322931
-1.978021978021975
-0.896860986547086
0.2262443438913979
-0.2257336343115076
0
-1.3574660633484075
-0.6880733944954185
2.3094688221708926
-5.191873589164776
14.047619047619044
-4.175365344467645
6.753812636165589
4.285714285714285
2.739726027397254
-8.952380952380947
2.301255230125511
-2.0449897750511177
-1.252609603340284
-7.610993657505291
1.8306636155606424
-4.494382022471914
3.5294117647058907
1.1363636363636322
2.921348314606739
-2.838427947598251
-1.7977528089887655
-1.8306636155606424
-0.9324009324009332
7.058823529411761
0.8791208791208799
-3.7037037037037024
2.036199095022621
0.22172949002216824
2.433628318584078
-7.559395248380122
-1.1682242990654164
2.600472813238757
0.9216589861751161
-1.3698630136986212
-1.620370370370377
-1.4117647058823437
-0.7159904534606264
-3.1249999999999973
0.7444168734491156
-1.4778325123152614
-1.2499999999999956
0.759493670886071
2.512562814070354
-4.411764705882356
-0.25641025641025095
-1.7994858611825266
3.1413612565445055
-2.2842639593908594
1.5584415584415598
9.97442455242966
1.6279069767441927
-7.780320366132719
0
-3.2258064516129115
-1.5384615384615399
4.687499999999993
0.49751243781095683
-1.980198019801982
-1.5151515151515165
0.2564102564102623
-1.790281329923281
3.125000000000003
2.2727272727272694
0
0
-1.9753086419752994
-0.25188916876574885
-1.262626262626258
1.0230179028133002
-5.316455696202531
4.278074866310152
-2.8205128205128176
2.374670184696566
-1.546391752577321
2.094240837696337
-7.179487179487174
4.69613259668508
-13.192612137203167
3.3434650455927013
-3.529411764705886
2.4390243902439046
-9.226190476190478
0
-4.918032786885243
3.793103448275858
-3.654485049833883
3.793103448275858
-6.64451827242524
3.202846975088963
-5.862068965517239
-1.0989010989010917
7.777777777777776
2.405498281786936
-5.369127516778528
3.546099290780145
-3.082191780821913
-1.0600706713781007
-0.35714285714284955
-1.4336917562724028
-0.727272727272728
2.930402930402933
-2.846975088967974
2.564102564102558
6.0714285714285845
1.346801346801333
12.956810631229242
2.941176470588238
1.142857142857144
0.28248587570620864
-2.8169014084506943
0.8695652173912987
-10.632183908045981
1.2861736334405156
-1.269841269841271
2.2508038585209094
-3.1446540880503173
0.9740259740259677
-2.250803858520895
-2.3026315789473633
2.020202020202007
0.6600660066006607
-3.934426229508186
1.3651877133105814
5.387205387205377
1.9169329073482446
-1.88087774294671
0.6389776357827482
-2.539682539682542
1.9543973941368096
0.31948881789138117
0.31847133757961105
0
0
-1.9047619047619064
-1.9417475728155358
-0.9900990099009838
0
-2.333333333333328
0.6825938566552907
0
0
-4.745762711864411
0
-2.1352313167259807
1.454545454545456
-5.01792114695341
1.8867924528301987
-0.7407407407407414
1.865671641791038
-8.791208791208783
0.40160642570280264
1.1999999999999922
1.976284584980248
-1.1627906976744282
-0.7843137254901968
-1.5810276679841737
-3.2128514056224926
0.41493775933609073
0.41322314049587733
-5.349794238683141
0
-2.173913043478253
-11.555555555555555
5.52763819095478
2.8571428571428594
16.66666666666666
