-0.7894736842105212
0.39787798408488395
-2.5099075297225943
0.9485094850948548
0.9395973154362335
-0.26595744680850497
-1.0666666666666675
0
0.13477088948786775
0.2691790040376913
0.5369127516778528
0.2670226969292333
1.59786950732357
-0.6553079947575338
0.5277044854881271
-0.2624671916010559
1.1842105263157994
-0.2600780234070281
-0.9126466753585435
0
0
1.0526315789473695
-0.9114583333333255
1.708278580814716
2.0671834625323013
0
1.7721518987341618
0.6218905472636905
-1.3597033374536396
0.37593984962405214
-1.4981273408239715
0.5069708491761729
-0.882723833543498
0.12722646310432298
-0.6353240152477742
0.6393861892583097
-1.2706480304955594
0.25740025740026334
-0.12836970474967635
-0.2570694087403658
0
0
0.9020618556701068
-0.2554278416347441
0.8962868117797732
0.25380710659899064
0.2531645569620199
0.7575757575757639
0
-0.1253132832080285
0
0.3764115432873306
-1.8750000000000044
0.509554140127389
-0.25348542458808077
0.381194409148669
0.12658227848100995
0.12642225031605292
-0.631313131313129
0.12706480304955256
-0.12690355329948969
-0.2541296060991164
0.6369426751592447
0.37974683544302984
3.909205548549817
0.12135922330096828
-2.6666666666666745
0.4981320049813316
0.3717472118959028
0.12345679012345416
0
-0.4932182490752053
-1.1152416356877306
0.6265664160400869
-1.7434620174346163
0.12674271229405165
-0.5063291139240511
0.38167938931296896
-0.7604562737642536
0.6385696040868432
0
0.3807106598984803
0.5056890012642229
0
1.3836477987421423
-0.12406947890818594
-1.1180124223602577
0
-0.3768844221105559
-0.2522068095838534
-0.2528445006321171
0.25348542458809203
-0.37926675094817003
0.50761421319797
4.166666666666668
0
1.2121212121212077
-2.9940119760479043
0.7407407407407469
0
0.6127450980392244
0
0.24360535931789978
0
-0.9720534629404626
0
3.803680981595098
0.23640661938533772
-1.1792452830188638
0.4773269689737368
2.494061757719725
0.3476245654692857
0.5773672055427334
1.262916188289316
-1.7006802721088474
1.9607843137254894
-2.1493212669683204
0.231213872832365
-0.5767012687427995
-1.6241299303944177
2.4764150943396115
16.22554660529344
3.168316831683171
2.6871401151631416
-4.579439252336434
0.48971596474044005
1.754385964912278
2.0114942528735713
-2.9107981220657324
-0.1934235976789127
-1.5503875968992262
-0.590551181102367
0.0990099009900969
0.29673590504452163
-3.5502958579881776
-0.8179959100204507
-2.6804123711340186
0.10593220338982826
-0.42328042328041426
0.3188097768331494
-0.8474576271186449
0.5341880341880418
-1.0626992561105169
-0.10741138560687204
2.1505376344085945
0
-2.3157894736842173
2.370689655172421
1.5789473684210564
0
3.8341968911917017
-0.5988023952095681
-0.20080321285141917
-1.0060362173038193
0.7113821138211411
-0.10090817356205638
-0.40404040404041336
-0.10141987829614389
-0.30456852791877526
-0.2036659877800364
-0.918367346938774
1.5447991761070914
-2.231237322515202
-0.41493775933610916
1.4583333333333393
0.3080082135523548
2.0470829068577387
0.3009027081243667
1.5000000000000036
-0.6896551724137959
4.067460317460319
3.622497616777874
2.8518859245630224
3.3094812164579697
2.6839826839826726
2.5295109612141715
8.059210526315793
3.120243531202436
2.8044280442804355
0.1435750179468742
-4.587813620071676
0.5259203606311066
2.0926756352765272
1.0248901903367538
-0.5797101449275367
1.3119533527696772
-1.0791366906474846
-0.3636363636363688
7.664233576642341
0.6779661016949129
-0.06734006734006591
1.078167115902966
1.1333333333333329
0.527356624917601
-2.5573770491803316
-1.0767160161507412
-2.244897959183674
2.2964509394572032
-2.1088435374149572
0
-1.1118832522585138
-0.5621925509487005
-1.4840989399293345
0.0717360114777603
3.4408602150537666
-0.20790020790020347
0.27777777777777185
0.4155124653739647
0.34482758620690146
0
2.405498281786939
1.0738255033557056
-2.1912350597609564
0.13577732518669092
0.5423728813559326
0.47201618341200463
0.3355704697986506
-0.26755852842808797
8.651911468812871
0.6172839506172928
-0.18404907975460819
1.4136447449293204
6.848484848484842
1.8150879183210453
-6.072423398328691
0.8303677342823285
-1.17647058823529
0
-0.29761904761905184
0.2985074626865714
7.142857142857138
-0.27777777777778173
2.2284122562674216
0.5449591280653835
-2.1680216802167944
0.8310249307479145
-0.27472527472527863
1.6528925619834751
-1.6260162601626056
0
1.9283746556473909
1.0810810810810771
4.545454545454553
1.0230179028132955
2.025316455696195
0.2481389578163807
2.2277227722772244
0
-5.811138014527842
0.25706940874036355
-2.8205128205128243
-1.0554089709762495
0
1.0666666666666629
-7.124010554089698
1.4204545454545454
-4.481792717086838
-3.2258064516129075
-6.0606060606060606
0
14.19354838709677
4.51977401129944
-2.7027027027027026
0
-0.27777777777778173
-0.27855153203343014
0.8379888268156545
1.3850415512465373
2.73224043715847
0
2.393617021276592
3.3766233766233693
2.512562814070352
1.4705882352941213
-3.6231884057971016
0.5012531328320874
-2.992518703241902
0.5141388174807271
-1.278772378516624
0.5181347150258957
-2.835051546391738
0.5305039787798295
-1.5831134564643838
0.8042895442359365
-1.3297872340425532
0
-1.6172506738544512
0
1.36986301369863
1.3513513513513513
2.1333333333333258
1.3054830287206267
-4.381443298969062
-0.8086253369272351
-0.27173913043476716
0.27247956403268203
-1.0869565217391266
0.27472527472527863
-0.2739726027397299
0.27472527472527863
-0.5479452054794598
0
-8.539944903581253
0
6.32530120481926
0
-4.2492917847025495
0
1.7751479289940872
0.8720930232558264
3.7463976945244872
0.8333333333333255
-2.2038567493112873
-1.6901408450704265
2.5787965616045807
0.27932960893855147
-1.6713091922005612
0.28328611898017403
0.5649717514124374
-0.28089887640449834
-0.5633802816901489
-0.566572237960328
-1.7094017094017133
0
-1.4492753623188406
0
2.9411764705882355
3.428571428571437
-3.3149171270718307
0
0.5714285714285795
0
1.9886363636363513
0
-0.5571030640668405
-0.5602240896358622
0.28169014084507443
-0.28089887640449834
-2.2535211267605555
0
-1.440922190201729
0
-2.6315789473684377
-0.6006006006005878
1.2084592145015063
0
-0.895522388059693
-0.6024096385542254
0
-0.3030303030303073
2.127659574468094
-0.8333333333333367
1.1404561824729968
-0.3560830860534259
-0.5955926146515657
-0.17974835230677733
2.220888355342143
0
6.283029947152086
-0.6077348066298507
2.8904947192885113
0
0.9184224743381855
-1.1241970021413321
2.111532214401736
-1.1664899257688168
-5.472103004291843
0
-1.4755959137344015
1.3824884792626844
-1.306818181818184
-0.9211283822682794
0.1743172574084694
1.2180974477958286
1.6618911174785052
-0.6764374295377534
-0.9648127128263433
0.05730659025788862
-0.5727376861397561
-0.5760368663594347
0.23174971031285715
0
-0.578034682080933
0.4651162790697782
-2.1990740740740886
0
-1.2426035502958421
0.9586578789694435
-1.8397626112759777
-10.822249093107613
-2.440677966101691
1.7373175816539264
-0.13661202185793273
0.8891928864569137
3.864406779661019
1.174934725848562
-1.2903225806451568
-0.6535947712418393
1.3815789473684268
0.2595717066839659
-1.3592233009708679
0.06561679790026106
-0.2622950819672075
0.59171597633136
-0.19607843137255643
-0.9823182711198452
1.9841269841269888
0
2.529182879377436
0.948766603415562
-3.132832080200501
0.1293661060802042
0.7751937984496073
0.3205128205128251
-0.8945686900958503
0.12894906511927515
-1.481004507405014
0.6535947712418277
1.298701298701294
0
0.7051282051282128
0.19096117122851278
-0.5082592121982216
0.5108556832694768
0
0.12706480304955256
4.187817258883261
0.24360535931789978
1.458080194410683
0.4191616766467083
-2.146690518783539
0.5484460694698345
-0.12121212121211863
0.7281553398058312
-2.1686746987951984
0.3078817733990192
0.36832412523021657
0.7951070336391376
-1.3956310679611676
-0.2461538461538409
-0.7402837754472609
0.6836544437538808
0.6790123456790089
7.296137339055802
0.9142857142857151
0.28312570781427354
-3.613777526821008
1.0544815465729334
0
0.28985507246377223
-2.3699421965317926
0.6512729425695644
0
0.5882352941176554
-2.807017543859651
0.12033694344163401
0.6009615384615257
-0.11947431302269758
1.136363636363644
0.05913660555885017
-1.0638297872340619
-0.11947431302269758
0.17942583732058098
0
1.3134328358208887
0.8249852681202156
0.233781414377552
-0.6997084548104807
0.4110393423370539
