-1.3703703703703662
-1.2392039053698878
0.07604562737642154
-1.671732522796344
3.0525502318392492
1.0873640794900765
-0.2225519287833912
2.5278810408921975
-1.9941986947063088
0.4439511653718049
-0.8103130755064415
2.3393984404010437
-0.2539912917271573
0
-1.0913059294288834
0.36778227289444654
-1.429094906559171
1.3382899628252873
-1.8708730741012554
0.6355140186915845
-0.7800891530460498
0.7862223886184821
-0.18573551263001487
0.8559732043170866
0.33210332103320195
0.2574475910261293
3.595011005135713
1.5934844192634563
-1.010805158591836
0.10563380281690542
3.0601477312697813
-1.7064846416382253
0.937499999999996
1.6855865153078893
-2.266576454668486
0.8999653859467023
-1.2692967409948503
0
-0.79916608756081
-0.28021015761821766
1.053740779768177
0.9384775808133433
0.9641873278236954
0.2728512960436601
-1.4285714285714246
-0.5866114561766697
-0.728913571676509
0.1398601398601319
3.910614525139681
1.0752688172042972
-2.2606382978723443
1.666666666666659
-2.8103044496487044
-0.13769363166952744
-1.9303688383316175
-0.8787346221441125
1.3829787234042472
0
2.168590416229467
1.095515234508726
-0.9143244158482859
1.1619958988379961
0
1.148648648648641
-1.5698062792251133
6.5490329148286435
1.5923566878980893
0.6269592476489029
-1.3707165109034196
0.6001263423878639
-2.4803767660910445
-1.8029620090148173
5.47540983606557
0.7149518184644114
-1.944444444444448
1.5738117721120555
-1.146575766966219
1.567398119122257
-2.5925925925925855
0
6.844106463878315
-0.9193357058125641
3.9209817419934048
0.23041474654378208
-2.7298850574712645
1.2998522895125486
-3.4412365121026407
0.03020235578374083
-2.1135265700483092
-1.0487353485502706
0.7793017456359101
-1.9177234766470734
2.554399243140954
0.7072570725707292
-0.09160305343511797
0.7334963325183479
3.428398058252413
-3.197418597829269
3.787878787878788
-1.2262773722627704
1.9213715637008573
-1.3631090487238946
1.3819464863275472
1.4791183294663475
-0.3715347242069033
1.1761331038439373
-2.013042245534439
0.6365740740740707
-3.105232892466938
-0.6528189910979195
0.8363201911589042
0.9182464454976201
0.9979454065160065
-1.7146178436501116
0.5617977528089989
-0.6468685680682286
0.2367564368156293
0.29524653085326247
3.9446570503385443
-3.8799207023506215
14.054213317619343
0.6716610694910787
-3.387220939183985
0.45152722443558796
-1.6657852987837154
-1.0217800484000954
-3.34148329258354
-0.7588532883642464
-0.5664117813650523
0.34178296781543394
-2.78172012489356
-0.8175182481751858
6.564615837503682
-1.2983425414364609
-0.9235936188077277
-2.796610169491519
-3.37111304853241
0.6015037593984962
0.4185351270552996
-1.220601369455185
-3.013863773357444
2.5170913610938364
-4.425583510154582
-0.4123057405645453
2.8662420382165603
0.8978328173374542
-2.4854249769867955
2.202643171806167
0.6157635467980296
0.7649938800489596
3.704828423929544
0.5856515373352855
4.8034934497816595
-1.6666666666666667
1.694915254237288
1.3611111111111047
-3.2885722115648126
-0.7934258996882841
0.9425878320479733
0.5659309564233164
-0.28137310073157007
1.9469525959368044
-3.321339606974813
-1.4886916690523873
3.080499854693393
0
-0.7893994925289008
0.8809320829781253
-2.028169014084504
-0.9775733179988597
-1.1033681765388952
0.5284791544333395
-3.2710280373831746
-1.8417874396135163
5.259920024607802
0.5260081823495065
2.383720930232555
0.397501419647937
2.3190045248868745
-1.4925373134328452
0.3367003367003495
1.0906040268456312
-2.98755186721992
-0.19960079840319037
0.3428571428571396
2.0501138952163975
-1.3113839285714255
0
-2.3466214305908997
0.7817023740590752
0.6607296753806247
0.22831050228310829
-2.9328018223234658
-0.2640070401877317
-0.17647058823530082
1.9446081319976498
-4.277456647398847
1.9927536231884126
-3.256364712847839
0
1.3769889840881273
-1.5997585270147936
2.6687116564417144
0.029877502240819462
-1.075268817204308
0.09057971014493098
-0.9653092006033148
1.0965580261955423
-1.5968665260620534
-0.5511328842620977
0.7081280788177374
0.36686028737388826
-0.6091989034419738
0.5209929512718322
-0.2439024390243937
0.4278728606357073
-1.0042604990870394
0.21518598217030083
2.0858895705521507
-1.9230769230769333
1.2254901960784315
-0.12106537530265657
0.7575757575757576
0.45112781954887216
-1.7964071856287425
0.6402439024390313
-0.7573462587094819
-0.4884004884004953
-0.6134969325153374
0.030864197530871215
0.030854674483173677
0.06169031462060106
-0.5240443896424133
0
-0.4338394793926177
0.6535947712418194
-0.8348794063079743
-0.18709073900840845
-1.8431740081224723
0.5410566518141275
-1.8360240582462661
0.5804579168010172
2.789355562680361
0.43668122270741644
-1.9254658385093133
0.6016466117796001
-1.227573182247396
0.15933715742511154
-1.2408526885141693
0.5154639175257806
-0.7371794871794908
0.35518243461415006
-3.7001287001287
1.5035081857667891
-4.377880184331801
0
-4.54388984509466
-0.4688063469167008
-1.666666666666675
0.1473839351510811
-0.6990434142752149
1.0003705075954226
-0.5869405722670663
-0.036900369003698426
6.902916205241804
0.8287292817679479
1.0616438356164462
-0.33886818027787186
-1.7681060863651972
1.626860505365194
-2.0435967302452314
1.495132127955478
-1.8842069201781433
0.5586592178771029
-3.0902777777777697
1.5406664278036382
-1.4114326040931546
0.25053686471010933
13.852195644412692
-1.2543116964565695
-4.064782470625581
0.6951340615690056
0.0657462195923697
0.492772667542707
-1.372997711670477
0.2651640702684824
-0.13223140495867017
-0.6951340615690244
2.1000000000000036
-2.024159320927192
0.9330223258913544
0
0.42918454935622696
-1.7094017094017058
-2.8093645484949756
-0.06882312456987111
2.203856749311307
0.06738544474393147
-0.23569023569023187
-1.7887276409044925
2.1649484536082513
0
0.8409014463504877
-2.0013342228152102
-0.6466984343090654
-1.9869818430969355
-1.8175463124781703
-1.4595941616233414
-0.43352601156068954
1.5602322206095625
2.3579849946409515
0.17452006980802792
-1.95121951219513
0.17768301350390905
-0.46115643845333615
3.3499643620812463
-2.310344827586203
-0.49417578538652807
0.7804185881518431
0.28159098908833313
-2.141102141102129
1.5064562410329945
-1.6607773851590066
-0.10779734099892611
-6.223021582733817
0.5370157268891577
0.03815337657381377
0.648360030511056
-2.9935581659719506
-0.6249999999999978
-5.89622641509434
0.2506265664160377
3.291666666666669
-0.36304961678096237
-1.417004048582996
2.6694045174537986
-4.8
1.6386554621848763
-0.33071517155849994
-1.2857735379510553
1.5966386554621896
0.6203473945409429
-3.781339909576661
-0.042716787697562715
-2.0940170940170963
2.400698384984723
-1.4919011082693947
0.6923409779316289
-4.8130640309411215
4.424379232505649
-2.9831387808041527
-0.17825311942959254
3.7500000000000027
0.12908777969018198
-2.2346368715083753
0.21978021978021978
2.8070175438596516
2.261092150170641
-2.0442219440967784
0.2555366269165223
1.274426508071368
-0.9228187919463159
-1.3124470787468223
-1.9305019305019306
-1.487314085739285
0.3108348134991195
-2.7888446215139493
1.6848816029143976
-4.970891177787739
0.3770028275212118
0.3286384976525768
-0.1403837154889953
-3.0927835051546366
0
2.127659574468074
-1.7992424242424163
3.7126325940212093
2.74291027429103
-4.072398190045249
0.42452830188679513
-0.5166744950681044
1.4636449480642089
-1.8147975802698955
-1.7535545023696628
-0.241196333815726
0
-3.4332688588007847
2.1532298447671567
-1.8137254901960729
-0.6989515726410412
0.7541478129713424
0.049900199600795565
0.44887780548628714
0.5461767626613676
9.037037037037043
0
5.570652173913035
0.2145002145002145
-0.8989726027397236
2.0302375809935156
-2.8789161727349635
0.08718395815169513
2.308362369337984
-0.80885483184334
-0.6437768240343348
-0.172786177105834
0.7788836001730902
-0.987548303993135
2.7320034692107598
0.6753904601097486
-1.4675052410901468
0.2127659574468085
0.4670912951167704
0.5917159763313634
-0.5042016806722641
0.1689189189189093
-1.1382799325463697
-1.5778251599147073
2.8162911611785093
-0.5056890012642297
0.9741634900465953
-0.9647651006711457
1.185938161795854
-1.2138970280452095
1.0169491525423753
-0.16778523489933123
0.29411764705881877
-1.2149141181399152
1.6963528413910092
-1.1676396997497962
0.12658227848101747
0.29498525073745835
3.4453781512604995
0.7311129163281931
-0.24193548387096545
0.4850444624090496
-2.011263073209976
2.1346469622331763
-1.8890675241157624
-0.45063498566161175
0.16460905349794472
1.6023007395234206
-1.3748483623129824
1.271012710127099
-2.591093117408909
-0.16625103906899655
-0.6661115736885905
0
-0.670578373847441
0.5063291139240458
0.9235936188077318
0
-0.7487520798668932
-0.9639564124056927
0.25391451544646393
-1.8151118615449604
-3.1384350816852895
0.31069684864624436
5.530973451327434
0.16771488469601917
-0.6697362913352843
0
-1.769911504424786
0.1287001287001336
0.4284490145672665
0.2559726962457314
-0.978723404255324
3.008165019338204
-3.337505214851898
1.122140699179984
-1.9206145966709347
1.3054830287206265
-1.0738831615120275
0.8684324793747286
-0.2152389151958674
