-3.5292670929660654
-1.7335882727852163
-3.645090154365031
0.48465266558966386
2.8938906752411606
0.46875000000000294
-1.5681700362882351
1.119157340355497
-1.6796874999999971
0.741623626009803
5.534376232417498
2.1175884404583956
2.3420346425957606
0.7389749702026276
-3.549455750118315
-1.1162904808635945
1.8980275400074376
0.46262478694911957
-1.793504604944264
0.2221125370187646
2.130017237133705
1.169379144062694
1.3941849380362168
1.3632624280173962
0.324637681159415
1.4561423783658873
-0.9910012529900822
0.11504832029452369
-2.5856125028729027
1.8756635602217737
-1.829550717924973
0
0.10615711252655001
1.084010840108393
-2.1331157477561433
0.6669842782277302
-3.2536677709417887
0.8193714076066934
-1.8558951965065447
0.03707823507600476
2.742772424017797
1.4790764790764737
1.5049176442706536
-0.4786364697641866
2.0527859237536656
0.9195402298850575
-2.8246013667425918
0.33989685888419796
0.9344702721644668
0.12730008100914508
-2.265372168284792
0.011825922421951601
1.7145559891214377
0.18600325505695292
-2.866094221397068
0.8003822721299644
2.0146954254562695
1.7657992565055816
-6.860730593607308
1.483024880500064
-3.2004830917874396
0.06238303181534623
1.6583541147132113
-0.40475898442290625
0.6403940886699563
0.036710719530097226
1.1009174311926606
0.9074410163339383
-0.5875299760191819
0.4221444940296707
1.513331731924096
1.514434453383809
-0.3379953379953353
0.7250613963279069
3.831417624521073
0.41373141004137826
-2.204899777282846
0.8881803689364557
-1.433408577878109
0.5610901179434434
1.1728535641083984
0.6190208216094542
5.738255033557042
-0.5183539617052764
0.23394300297746123
1.2094207511139377
0.010482180293503432
-1.058589246410232
2.457627118644073
-0.7340777502067848
-0.010415581710240885
1.7708333333333333
-0.5527123848515841
-0.02058460271717224
4.611900350010302
0.9250147608738303
-0.6337753510140295
-1.8840153076243789
0.9000900090009001
2.0715630885122387
0.835113614294051
-0.6067026194145013
0.3972483286503378
0.5597375024126572
-0.9021113243762083
1.8690683711020901
-1.2168457077669153
1.6167837551727633
-1.250118382422582
-1.6207921741632387
2.3396373562097876
0.7144217946275482
0.4539865695639794
0.0753224743432993
1.1666196255527201
0.7997768064726251
-0.4428452809299918
2.7800945232137897
-3.786854206113065
-1.2276262768250314
-2.5521821631878643
-0.48680751630804076
-3.072106447510026
-0.07065711113354653
-7.707070707070702
1.5760096311699656
4.4607262148475355
2.630221763795771
-3.919597989949749
-0.6276150627615062
-1
-0.6060606060606109
1.7650834403080873
-1.5978135183433126
-1.4848840935797434
-1.8542615484710498
-1.2042868191360045
-2.0017893088794554
2.864315873559286
-1.408919458619917
1.226510633509618
1.1449533125833653
2.7805253324541233
0
0.9409751924721935
1.1122881355932204
-1.330539549502362
1.0511785941813645
-0.693495849532418
-0.8358903819701594
0.7469056764831412
-0.05295488244016098
-0.6781816255165932
0.07468259895444847
-1.652452025586354
1.1815718157181547
-4.885365331047784
-0.41676053165126514
-0.24884062888813996
-1.6328381902710032
-0.9682997118155593
1.862414154347573
-3.7024340075419926
-2.705589177643297
0.2317355775094496
0.03650523241665469
1.5204962899890524
-0.5511622334052267
-1.9156626506024068
0.7247266920525706
-0.4024390243902384
-0.5265091220766582
-0.7016248153618824
0.48345109706210204
4.0340488527016936
0.272738052887474
-3.0156102175969726
-0.20729179368370265
-2.431573802541542
0.18785222291797118
-1.2249999999999943
-1.6578081498354875
3.229957534422857
0.8227374719521202
-0.49455984174085066
0.2485089463220676
-0.024789291026268194
-1.7604760724026836
2.965673902069662
-0.7231278342934155
0.2222222222222166
-1.1086474501108647
1.1584454409566602
0.5787464597955833
0.1346718903036267
0.25675510453600964
-2.42682926829268
0.46244219472565073
1.2316496640955577
0.7742411208061883
-0.5121951219512251
-0.22064231429271325
-2.444717444717442
0.4911220249338845
-1.666666666666661
-1.1087039632980815
2.306701030927832
2.5192089683839276
-3.907113896056021
0
-2.8640838767421015
0.3817296301171485
-4.55022292158406
0.6869075422448139
1.6100422977213902
0.026856452262646942
0.5101355886696293
-0.4941899292106378
-1.2885906040268487
-0.027196083763928718
2.1626768226332937
0
2.1967780588470243
-0.06513809275664409
0.7952027115108881
1.008794619762022
-0.26888604353393375
0
0.8601874438310496
1.731160896130349
-3.603603603603612
-0.05192107995846019
0.42857142857142266
-0.4138109401267208
-0.5973250227243244
-1.750489875898103
-0.5584363781412106
-0.7888755181173923
0.5390835579514824
0.8042895442359249
-1.6622340425531914
0.567951318458424
0.9412397472098964
-0.09324630345011928
-0.7466666666666697
-0.5910800644814586
1.3243243243243181
-1.3070152040544085
-1.6891891891891893
0.32989690721649173
-0.20550760378133992
-0.24711696869851107
2.4635287641067958
0.47011417058428473
-1.3101604278074805
-0.2438363587103858
-0.17653449212383956
-1.8636920146918847
-0.29110063764901895
-2.9612122897261166
5.48710601719197
0.02716284123319917
-0.773930753564161
-0.04105090311986242
-0.08213552361396616
0
1.0549390327442179
0.054229934924075004
-1.3414634146341433
-1.6481252575195715
2.0108923334729756
-1.0951403148528405
1.2733564013840892
-1.038677053437204
1.3948349675459222
0.25878507218741176
-1.3313408504279403
1.8862728899903685
-1.8783783783783754
1.088004407106456
-1.8256130790190706
-0.457951706910917
0.25094102885822783
0.8760951188986169
-0.5238489109456789
-0.45731707317074116
0.7935403034943681
2.0718232044198897
-2.814614343707707
-0.2923976608187166
-0.6702974444910024
0
-2.0947560804161363
0.27283170591613687
-0.6157811828726844
1.7291066282420748
3.4844192634560938
-1.0265535176567204
2.8626745954916237
0.1478892175315976
-1.3558866962008354
-0.6532389765922638
0.1780821917808157
-1.1759879666347477
-2.2692680226926925
-1.8688942375760913
-0.15870725725003934
-1.7196531791907481
0.9263343625937295
-0.9324009324009291
2.3235294117646994
3.9091693015234332
-3.58229598893499
0.25821259503657357
0.18600658177136475
1.7852042273636102
6.412235162059762
0.6592827004219409
4.637149593921925
-1.0640961442163246
-3.15070226496267
0.3527567285079756
0.7420908735841598
-1.2664771258723126
1.230366492146594
0.4654771140418959
2.9214929214929275
0.27510316368637383
-2.4192542711061202
0.25559105431309903
-1.618865519439139
1.8139414356050791
-2.0361415118350727
-1.3510002598077393
3.3052409797208355
-0.8030592734225563
-1.3364173734258662
1.966657983849964
-4.611061438242435
-0.22763792179966952
2.7244665145617977
-1.0060099294486453
-2.7979411376534307
-0.16293279022403875
2.8015775873793043
-2.116682100806985
-1.378564670901464
0.5892832670960606
-0.09536784741145034
-0.34092458748124915
1.9978106185002769
0.26831231553528306
-1.0703773080010703
0.5680281309169659
-2.326519634211951
-0.5645050254715558
0.04153973968429168
2.4359861591695533
-3.2022699635184493
-0.0558347292015602
0.3351955307262538
1.4476614699331818
-1.5504939626783694
0.22299651567944567
-0.5423445974134303
-0.06991051454138703
-0.5456835035679433
-0.8441193021947102
0.7236095346197535
0.3803352584871173
0.294695481335956
0.027983769413730486
-1.035109805567209
-0.5088339222614873
-0.2841312686461145
-1.6953982048724858
-1.1014492753623222
-0.1905041031652923
0.04404639553662524
0
-1.5702964484883963
0.5069330550171428
1.171932947633879
-0.014662756598243802
-2.4637043554773363
0.2706359945872733
-1.379517168990843
-0.0608180021286439
-0.1825650387950604
-3.0635573845450423
5.2515723270440215
-0.7768150582611192
6.157783800060219
0.992766983406609
-0.3089453728408995
1.2677841949570363
0.2921129503408016
0.5409153952843242
1.6002207200993273
-0.5838424983027772
1.0925976509150506
0.17562820859226622
-0.2427511800404524
-1.0409625523861086
1.4207650273224013
-0.29633620689654255
-0.3107268305863372
-2.1412115462799775
1.6202742002492634
-0.7767784137367038
-1.5931877489355888
0.5163991625959589
0.3610108303248971
0.30437188710570634
1.8344827586206833
1.273195178111891
-1.9125317640765103
1.758931006272154
0.1607932466836454
2.74247491638796
-3.111979166666664
-1.6261255207633412
0.5601092896174894
-0.013585110718655445
-1.0054347826086925
-0.31567389514137634
2.244251686630878
0.21545919741449268
0.6852996506315384
-0.05338315761376982
0.7744692215249124
-0.09275208692196177
-0.9018567639257234
-0.026766595289085312
-1.499330655957168
-0.0135906496330401
2.92238684246296
0.36978341257263
-1.0526315789473684
-1.9946808510638299
1.1261872455902244
-1.3149067489601443
2.35214140040788
-0.4914984059511068
0.42717928180482334
0.22597368071248777
6.8037135278514524
0.09934186017634028
-1.1288921969978938
0.06273525721455459
-1.6551724137931092
1.7340303455310497
-0.6141120441158011
0.580075662042878
0.5892678034102221
-1.6826623457559517
2.6495943204868273
0.03705075954056496
-2.6419753086419724
-0.722799898554406
0.9452037297228225
-1.4551436163482223
2.401129943502831
-0.438871473354232
2.2795969773299776
0.04925501785494117
8.553846153846154
0.10204081632652803
-1.8235360743006028
0.5999077065066966
3.3142201834862357
-0.09990009990009738
-2.1666666666666665
0.7609312890403231
1.217312894499544
