-3.223270440251579
3.2493907392363934
-7.081038552321007
0.42337002540220153
2.613827993254645
-1.5612161051766686
-0.8347245409015025
1.6835016835016836
-1.7384105960264855
1.6006739679865134
1.2437810945273633
1.3923013923013947
-1.2116316639741518
1.1447260834014765
-0.2425222312045248
-1.9448946515397127
1.73553719008264
2.0308692120227456
-1.4331210191082782
1.7770597738287583
-1.666666666666662
0.48426150121064915
-0.40160642570281124
1.2903225806451568
-1.2738853503184668
0.9677419354838732
-0.7987220447284344
0.7246376811594134
-0.23980815347721596
1.0416666666666645
-0.6344171292624878
0.5586592178770973
-1.3492063492063515
-0.24135156878519481
1.2096774193548387
0.398406374501992
-0.07936507936507485
-0.3177124702144604
-0.398406374501992
0
-0.5600000000000023
-0.24135156878519481
0.8870967741935438
0.23980815347722734
0.3189792663476806
0.23847376788553035
0.5551149881046811
0.5520504731861221
0.2352941176470566
0.23474178403755647
3.0444964871194427
1.1363636363636365
-1.8726591760299625
-0.7633587786259542
0.5384615384615297
-4.284621270084158
-0.8792965627497956
1.451612903225804
-0.8744038155802817
1.684041700080188
2.0504731861198806
0.7727975270479134
1.3803680981594961
-0.07564296520423171
1.8925056775170326
0.6686478454680578
-1.6236162361623532
0.9002250562640575
-0.37174721189591076
0
1.1194029850746268
0.07380073800737588
1.3274336283185926
0.43668122270741944
-0.43478260869564805
1.1644832605531255
-0.14388489208632277
1.945244956772326
-1.1307420494699607
2.8591851322373123
-0.13898540653232594
0.8350730688935402
-0.2760524499654974
-1.7301038062283738
2.464788732394366
0.6872852233676976
-1.1604095563139853
0.6215469613259511
0.4804392587508697
0
0.27322404371585085
0.7493188010899143
-1.893171061528067
-6.960716747070982
-0.8148148148148106
0.07468259895443936
-2.910447761194034
-1.6141429669484968
-1.8750000000000044
1.2738853503184782
0.23584905660377134
0
0.6274509803921657
1.0911925175370047
-1.927525057825741
-0.8647798742138432
0.8723235527359307
1.7295597484276752
-1.7774343122102096
-0.7867820613690009
0.9516256938937374
-0.3142183817753272
0.6304176516942451
0.8613938919342274
-1.1645962732919364
0.15710919088766917
-0.7843137254901961
0.9486166007905161
-0.7047768206734578
-2.129337539432179
2.6591458501208796
-1.020408163265315
0.47581284694687437
0.23677979479084227
-1.5748031496062993
-0.6399999999999977
2.5764895330112743
0.4709576138147522
-0.8593749999999956
0.7092198581560216
-1.4866979655711983
-1.2708498808578303
1.1263073209975911
-1.1933174224343674
0.24154589371980448
-0.32128514056225355
-1.5310233682514034
-1.8003273322422282
2.5
-0.08130081300812546
-0.3254678600488248
0.08163265306121985
0.24469820554650196
-1.0577705451586747
1.9736842105263206
1.2903225806451568
-1.8312101910828005
2.5952960259529627
-1.6600790513833947
-1.045016077170427
1.056051990251837
-0.9646302250803881
0.4870129870129824
-0.5654281098546066
-0.4874086108854544
0.8979591836734647
-1.6990291262135877
-0.411522633744856
0.16528925619834944
-0.3300330033003347
0.8278145695364238
0.9852216748768496
-1.2195121951219512
1.1522633744856015
-1.1391375101708752
0
0.5761316872428007
-0.40916530278232405
1.1503697617091138
0.16246953696182198
0.24330900243308773
-0.6472491909385091
0.40716612377850164
-0.8110300081103001
-0.40883074407195424
1.395730706075536
-1.6194331983805668
-0.16460905349794472
0.8244023083264633
-0.5723630417007383
0.08223684210527017
-0.1643385373870196
0.08230452674896652
-0.08223684210525849
0.24691358024691124
0
-0.3284072249589421
-0.16474464579901388
0.5775577557755799
0.9023789991796507
-1.0569105691056888
0.4930156121610471
-0.2452984464431702
0.08196721311474944
0.9828009828009852
-1.3787510137875125
0.5756578947368445
1.3900245298446468
-0.5645161290322603
-0.6488240064882378
1.061224489795916
0.48465266558966763
-1.688102893890682
1.7170891251022147
-1.2861736334405212
0
0
1.6286644951140066
-1.3621794871794894
0
-0.08123476848090522
-0.8130081300813008
1.147540983606562
-0.8914100486223732
0.8176614881439085
-0.24330900243308773
1.707317073170727
-0.8792965627497956
1.2903225806451568
1.0350318471337672
0.23640661938534055
1.9654088050314353
-2.7756360832690783
0.23790642347344282
-0.4746835443038042
0
1.3513513513513535
0
0
-1.0196078431372526
1.426307448494451
0.7031250000000044
-0.4654771140418885
-0.1558846453624451
-0.5464480874316852
-1.648351648351655
0.9577015163607365
1.8972332015810323
-1.7067494181536096
-0.07892659826362157
0.3949447077409163
0.2360346184107092
5.1020408163265305
1.1202389843166543
0.22156573116690026
-1.179071481208544
1.193139448173001
1.4738393515106856
-3.7037037037036997
0
0.45248868778280116
-1.6516516516516433
0.15267175572518216
-0.22865853658535287
-3.5905271199388866
0
-1.6640253565768688
-0.08058017727638543
-2.177419354838712
-0.41220115416323166
3.4768211920529826
-0.5600000000000023
1.367658889782786
-0.7936507936507936
0.6399999999999977
1.669316375198735
-0.23455824863175243
0
0.39184952978056425
0
0.7806401249024201
-0.07745933384972449
-0.46511627906976305
-0.778816199376947
0
-1.0989010989011032
0.158730158730161
-0.07923930269414305
-0.07930214115780676
2.3015873015873063
-0.8533747090768103
0.31298904538340494
-0.6240249609984266
-0.15698587127158778
0.15723270440251796
0
0.2354788069073761
0.2349256068911489
-0.15625000000000222
0.938967136150237
-0.46511627906976305
1.0903426791277302
-1.0785824345146422
-1.3239875389408122
0.8681925808997587
1.3302034428795015
-0.6177606177606265
0.07770007770009538
-0.621118012422369
0
4.374999999999996
-1.122754491017964
-2.7252081756245228
-0.9338521400778232
-0.9426551453260038
1.4274385408406118
-3.5965598123534077
0.16220600162206233
0.8906882591093072
-0.722311396468693
1.6168148746968471
0
-1.829753381066028
-0.324149108589956
0.08130081300812546
3.9805036555645863
-3.0468750000000044
1.4504431909750293
-2.46227164416204
0.32573289902280594
-0.40584415584415584
0
-0.08149959250204444
0
-0.16313213703098584
1.3888888888888795
-1.2892828364222355
-0.3265306122449026
0.24570024570025503
-0.24509803921569556
-0.24570024570024337
1.7241379310344898
-1.2106537530266344
-0.6535947712418393
0.6578947368421146
-0.5718954248366036
0.4108463434675431
3.0278232405892003
-3.177124702144559
0.49220672682526195
-0.1632653061224513
-0.2452984464431702
-1.5573770491803325
4.9125728559533774
-4.126984126984129
0
-0.5794701986754991
-1.582014987510401
1.6920473773265652
-1.580698835274547
1.0143702451394783
0.9205020920502045
-0.14925373134327746
-0.930078060122907
0.5867560771165153
0.28333333333333616
0.41548944656805714
0
0
0.3972194637537155
-0.9726343554236669
0.41618112202430496
-0.5636604774535866
-0.08336112037345308
-0.46721174703821317
0
-0.4023470243084694
1.4980642989395736
-3.8971807628523956
-0.0862812769629064
0.4490500863557824
0.6705639614855581
-0.5636208368915429
0.10305736860185893
-0.01715854495538437
-1.3214347005320115
0.904347826086962
0.10341261633918505
0.39600550964188014
2.8125535928657186
-2.6021684737281103
-0.6507963692413128
0
-1.0515428374418194
0
1.0452961672473893
-2.3275862068965543
1.9417475728155364
-3.3246753246753276
-0.5910800644814586
2.5405405405405346
-1.5990159901598957
2.2678571428571486
-0.4714510214772186
1.0350877192982515
-1.4412224344504347
3.7174066243833677
-1.9534567691523672
3.499653499653505
0
-0.9541345831938404
3.092783505154636
-3.0491803278688514
-0.7270882651335808
0.7494464316130093
-0.912933220625527
0.46067224023204767
0.37364130434782417
-1.0152284263959415
0.837606837606841
-2.525851839294799
0.5739130434782579
0.4841777624070571
-1.0497332644983641
1.721739130434786
0.7522653445033299
-0.5599864245715227
0
-0.17064846416382495
0.5641025641025612
-0.16998130205677617
-1.0727056019070245
1.755593803786568
0.01691474966171366
-0.49044478268222413
0.4078857919782374
1.2186865267433968
0.33444816053512183
0.7999999999999948
-1.5376984126984123
0.7892527287993384
-1.4328557147617569
1.064908722109538
-1.220939956514462
0.9820521503555677
0.016767270288393712
-1.9446772841575803
0
0.5641990083774975
0.18701122067323941
-0.08484642796537784
0.20380434782608262
-0.2372881355932213
-1.3761467889908297
1.464254952627048
-0.5942275042444846
0.4099060631938548
0.18710665079094987
-0.4414261460101834
0.5798090040927631
-0.44082739911834184
0.47683923705722264
-0.06779661016949008
-0.23744911804613394
0.1020061203672259
-0.2887228260869594
0.3065917220235049
-1.511292239769062
2.0862068965517255
0
-0.3040027022462417
0.28798915805522907
-0.25337837837838795
0.11854360711261691
-0.27063599458727433
-0.016960651289006125
1.8999151823579261
0.2830031629765302
-0.39840637450199534
0.3333333333333381
-0.4651162790697693
0.9679572763684885
0.6446280991735547
0
3.514534406306455
