-4.893617021276589
1.5659955257270597
-11.013215859030838
1.7326732673267398
12.895377128953765
0.4310344827586268
-3.862660944206018
0.4464285714285778
-0.22222222222222537
3.1180400890868567
2.5917926565874794
4.4210526315789505
-1.8145161290322551
1.0266940451745379
0.8130081300812979
-0.8064516129032229
5.284552845528443
0.3861003861003916
-1.730769230769228
-2.1526418786692787
0
0
-1.7999999999999972
1.4256619144602765
-3.0120481927710845
0.8281573498964921
-1.84804928131418
0.41841004184101016
7.083333333333331
1.167315175097279
-3.653846153846151
-0.19960079840319644
8.799999999999997
0.18382352941176733
-0.1834862385321127
0
-0.7352941176470562
0
-2.59259259259259
-3.4220532319391714
1.5748031496063077
3.1007751937984525
-2.6315789473684315
1.3513513513513569
2.476190476190471
1.301115241635693
0.7339449541284377
0
2.550091074681236
0.5328596802841994
-1.2367491166077789
0
-3.0411449016100103
-2.0295202952029547
-1.1299435028248614
0
0.19047619047619319
2.471482889733835
-4.267161410018548
1.5503875968992193
0.3816793893129825
0
2.471482889733835
0
2.968460111317257
19.999999999999993
0
18.318318318318322
1.3959390862944272
7.008760951188979
2.6900584795321603
7.061503416856495
-13.297872340425531
-1.8404907975460123
-7.750000000000003
0
7.859078590785905
0.5025125628140775
-3.4999999999999964
-2.8497409326424905
-2.7999999999999923
-0.5486968449931491
1.6551724137931074
0.8141112618724482
-0.9421265141319016
-0.27173913043476716
-1.3623978201634876
-0.8287292817679676
-1.5320334261838362
0.42432814710042027
1.8309859154929538
0.553250345781474
-1.3755158184319118
0.4184100418410002
-1.1111111111111072
0.7022471910112359
-0.5578800557880135
-4.3478260869565135
10.55718475073314
1.5915119363395074
-2.4804177545691797
-0.13386880856761516
-0.938337801608564
0.13531799729363236
-1.8918918918918997
0.2754820936639158
2.4725274725274686
0.26809651474531215
-2.1390374331550728
-0.27322404371585085
0.2739726027397299
0.5464480874316823
-0.5434782608695536
0
1.366120218579235
0.404312668463608
-1.2080536912751754
0.4076086956521894
-0.5412719891745679
-1.3605442176870748
0.1379310344827508
0.13774104683196767
-1.1004126547455255
-1.112656467315732
-1.5471167369901468
0.28571428571428975
-0.14245014245015458
0.4279600570613572
-0.8522727272727393
0
-2.865329512893983
1.3274336283185926
-0.8733624454148595
0.5873715124816531
-2.9197080291970803
-1.5037593984962405
-4.122137404580157
-0.7961783439490446
2.5682182985553794
-2.973395931142408
1.1290322580645207
2.55183413078149
-2.799377916018658
0.16000000000000228
1.43769968051118
0.15748031496063217
-0.6289308176100606
1.265822784810122
0.46874999999999556
0.7776049766718507
1.8518518518518563
-0.3030303030303073
0.15197568389059046
-1.9726858877086666
2.9411764705882444
-0.1503759398496155
-2.40963855421688
0
-1.5432098765432098
-0.3134796238244447
-0.47169811320755384
2.21169036334914
-2.7820710973724947
0.15898251192369064
-1.1111111111111156
1.2841091492776955
-1.5847860538827259
0.3220611916264021
-1.6051364365971108
-1.794453507340937
2.491694352159468
0.4862236628849224
-2.903225806451608
0.33222591362125536
0
0.4966887417218614
-0.4942339373970416
-0.3311258278145625
-0.1661129568106336
0.998336106489187
-1.8121911037891292
2.8523489932885835
-1.6313213703099512
0
6.135986733001664
0.9374999999999911
-1.393188854489151
-0.47095761381476337
-2.0504731861198695
0.1610305958132068
-0.3215434083601332
0.16129032258064746
-1.1272141706924361
-0.32573289902279434
1.4705882352941153
-0.6441223832528157
-0.648298217179912
2.283849918433941
-2.3923444976076556
0
-0.16339869281045982
-5.400981996726685
1.3840830449827064
-0.5119453924914749
-0.3430531732418452
-1.0327022375215171
2.4347826086956497
-0.1697792869269973
0.6802721088435472
0
1.1824324324324251
0
-0.8347245409015025
-0.673400673400671
0
0
6.101694915254239
0
-0.31948881789137834
-0.6410256410256387
1.9354838709677464
0
-0.6329113924050722
1.7515923566879004
0
0.7824726134585401
6.055900621117998
0.5856515373352938
-1.310043668122279
-0.4424778761061905
1.9259259259259218
-1.7441860465116321
-0.29585798816566367
0.14836795252224674
-1.9259259259259218
-0.1510574018127017
-1.3615733736762354
0
-2.607361963190188
0
2.204724409448828
0.15408320493065378
0.4615384615384572
0.15313935681471444
6.1162079510703355
0
-3.0259365994236433
-1.783060921248147
-0.15128593040846341
0
0.6060606060606146
-1.506024096385542
1.0703363914372914
0.15128593040848493
-2.114803625377652
0.3086419753086464
-1.8461538461538505
-2.5078369905956026
1.7684887459806982
-2.05371248025276
3.870967741935493
0.15527950310558122
3.875968992248062
0.5970149253731428
-1.7804154302670663
0.9063444108761243
0
0.149700598802408
1.345291479820615
0.29498525073746734
-0.7352941176470589
0.44444444444444026
-0.14749262536872318
0.886262924667643
-0.87847730600292
-0.14771048744462115
4.437869822485207
0.708215297450425
0.28129395218003217
0.9817671809256703
-2.638888888888897
0
2.2824536376604976
-0.13947001394701328
0.41899441340783716
0.8344923504867793
-0.5517241379310424
0.13869625520112142
0.2770083102493114
-0.13812154696133774
0.553250345781474
0.41265474552956966
1.7808219178082152
0.134589502018854
-0.2688172043010791
-1.4824797843665882
-0.8207934336525231
0.2758620689655212
-0.6877579092159559
0.5540166204986031
-0.2754820936638962
-0.27624309392265584
4.84764542936288
-0.3963011889035629
-0.39787798408489566
-1.198402130492665
-4.0431266846361185
-1.6853932584269702
-1.000000000000004
0.1443001443001566
-1.0086455331412143
1.8922852983988312
-2.857142857142857
1.617647058823521
-1.1577424023154808
-0.2928257686676469
0.29368575624082655
-5.856515373352855
2.799377916018658
0.30257186081694837
-2.262443438914027
0.4629629629629586
0
0
0
-1.5360983102918588
1.7160686427457232
0.4601226993864987
-2.1374045801526806
-0.9360374414976511
1.5748031496062993
0.15503875968991368
0.15479876160992034
-0.30911901081916976
-2.1705426356589124
1.1093502377179012
-1.2539184952978013
0
-2.8571428571428528
0
-0.9803921568627474
0
-1.8151815181518174
-0.8403361344537815
1.0169491525423753
0.671140939597313
-2.833333333333338
-1.886792452830179
-0.1748251748251773
0
-0.350262697022772
-0.31634446397188
3.0677009873060683
-0.7868628121792693
-0.37931034482758424
0
2.3191415714780135
-0.6765899864681979
0.3746594005449572
-2.7485578554462125
3.4891835310537336
-0.5057316250842838
-0.23720772619451128
-2.207880434782616
1.1809656130600898
-1.3044970820459973
-3.200000000000006
-0.9701760689902967
-1.7416545718432528
-0.6277695716395796
-0.9661835748792329
2.8142589118198877
-4.197080291970798
1.1428571428571455
0.30131826741995593
1.3894104393541158
-0.44444444444444814
0.44642857142857517
-1.999999999999997
1.2471655328798121
0.7465472191116062
0.7410151908114222
-1.8756895917616827
0.4497751124437818
-0.5970149253731348
-0.30030030030030724
-4.856927710843371
-1.02888800949742
1.8792483006797234
0.2354788069073733
0.35238841033672613
0
10.690596956691387
-1.3041945717307049
2.035714285714287
-1.5750787539376945
12.019914651493595
1.5873015873015872
5.593749999999997
0.029594554601947355
-4.6745562130177465
-0.3103662321539461
-0.28019925280198105
-0.6556353418670023
1.2570710245128804
-1.2414649286157622
1.979886863607802
-1.0169491525423895
-1.3698630136986232
2.7146464646464628
-1.4136447449293204
-0.21820448877805576
-0.12496094970321509
-1.2824522990303415
1.4575411913815095
0.2498438475952476
0.15576323987538054
-1.5241057542768226
0.3158559696778314
-1.5743073047858942
4.446577095329485
-1.3782542113322993
1.1180124223602466
-1.8734643734643825
2.253521126760571
0.9794918885827985
-2.212791755077308
-0.7749535027898327
1.0934083099031597
0
0.21631644004944464
0
2.0968239284613004
0
-1.1174871639987842
0
1.0384850335980338
2.418379685610654
-3.80755608028335
-1.7490027615833084
0.5933791380387187
0.031046258925793265
1.3035381750465602
-1.1642156862745177
1.4259144451332948
0.09168704156479565
-14.198473282442745
-1.4590747330960858
-0.5417118093174508
1.089324618736386
0
0.5747126436781614
-1.571428571428576
-1.2699564586356962
0.07350238882763532
0
0
-0.6243114212265946
2.586844050258695
0.1801152737752059
-1.0787486515641753
0.14540167211922628
-0.29038112522686693
0.03640334910812364
-1.8195050946142648
1.3343217197924366
-0.8778346744696358
1.8450184501845017
-2.1014492753623255
-0.07401924500369939
0.4074074074074053
-0.03688675765399488
0.590405904059041
0.8804108584005812
0.7272727272727247
