-1.7474048442906613
-2.7997886951928117
-10.561594202898553
5.327121733846467
13.403846153846162
1.7296930642699562
0.2667111185197571
-0.5818786367414797
-1.5050167224080269
5.942275042444821
-6.089743589743589
1.1092150170648465
-0.05063291139239739
-0.7092198581560359
0.08503401360544217
-0.7646559048428208
-2.2773972602739647
1.6295777115822594
-3.1551724137930957
0.8901548869503293
-2.011646373742737
2.377093462992985
-0.5980650835532062
5.6096266147584375
-7.406166219839131
-2.985884907709012
3.264316358888267
0.8128612716763005
-0.21501523024548386
1.1133057999640952
1.7581246670218393
-0.4013961605584563
0.9812510951462955
-1.0758285615130891
1.0349061568145899
0.6944444444444444
-4.9310344827586245
1.9223793978962682
-1.2811387900355953
-2.3071377072818953
3.634686346863477
0.17803097739006585
1.1729162964279205
-0.5093975057087612
0.47669491525424534
0.47443331576171704
10.45820216859043
-1.171627612412916
-1.0573534123678343
0.7124352331606181
-0.41800643086817085
-0.29060381013883674
0.5019430051813508
0.4833252779120348
-11.976911976911984
0.5282331511839667
0.6341728574017033
0.8462369463449848
-0.6070344581324723
0.25148194718878697
-0.43003046049094734
0.2339391758142801
1.0412926391382324
0
0.7285003553660311
0.546833656729586
-2.543859649122807
0.45004500450045004
-0.9677419354838669
-0.3438291711907306
-0.3994915562012067
-1.1850501367365542
1.69741697416975
1.233671988388961
-2.759856630824369
0.2580169553999221
0.6801470588235378
-0.29213072850100835
-1.6114264786669232
-0.37223152801042253
-1.8307491126471054
2.0551855375832453
-0.7831437628193049
0.3382822777673284
4.4764937254167405
0.25098601649338315
-0.2145922746781197
-1.7921146953405018
-1.7153284671532805
-0.8540660972892726
1.6479400749063586
0.5895357406042826
2.985347985347977
0
0.2489774141917288
0.17739932588256163
1.151053656808925
-0.94537815126052
2.332979851537654
1.157167530224533
-0.017073587160666336
-0.27322404371585085
0
3.3904109589041016
-2.451142762504133
0.8488964346349746
-0.35353535353535737
1.0305794897786826
-1.7558528428093645
0.0851063829787234
0.9693877551020486
0.9432373252484266
-0.2502920073418989
0.36801605888257705
-1.8666666666666742
1.6474184782608774
-0.835421888053467
0
0.96040438079192
-0.4005340453938736
-2.6642091152814977
0.43036667240488896
-3.2396297565992422
0
-2.8697962798937193
-0.41947838774392754
1.2271062271062354
-0.8503709064592084
1.6788321167883296
0.08973438621679827
-1.864801864801881
-0.9683902795541668
4.354243542435428
-0.4773691654879854
-3.5352638124000673
-0.4604051565377532
-3.4597594819611555
1.1498658489842852
-0.35998484274345915
-0.07606008746909627
-1.0656517602283582
2.0580880938642134
-1.5831134564643756
-0.36384527001150724
1.3453776667307324
-2.218850749099172
-0.5236617532971384
2.5541041138623557
-0.20912547528517542
0.9906648885502087
-0.5282022259951081
0.07585814526836544
1.4212620807276861
-2.017937219730954
1.8878718535469066
-0.7486430844095079
-1.2822930416745153
0.6494746895892984
-0.6452837350540856
-0.6303724928366675
-0.8458285274894446
-0.15509887553314358
0.6796116504854369
0
-1.5043394406943127
2.565106716271777
-1.8900343642611641
0.7005253940455386
-0.5990338164251252
-1.4580093312597202
0.9272045768396223
0.820953870211089
-1.6479255525397332
0
1.281293120441542
2.880498248345673
-1.5134317063942488
-0.03841721091049663
-2.401998462720984
1.8310691080921577
-2.2815158546017145
1.4444004748714026
-4.193485469085245
0.997557003257336
2.176980447490416
-0.09863878477017164
-0.8096366508688717
-0.9556042205853098
-1.869346733668344
0.0819336337566641
2.4559967253376995
0.0998801438274071
0.6385950908002371
-1.6458457267499527
-2.620967741935484
0.9730848861283621
-2.9116259995899094
4.097148891235475
-2.7388922702373706
-0.0625782227784636
-1.0436234606553956
-0.021092596498633775
-0.5485232067510597
0.12728044123886778
0.5720338983050823
-1.6010111649462748
-0.08563476771569987
0.4285408185129634
-2.3682526136121114
-0.1748251748251773
-0.2626970227670728
3.1606672519754118
-3.297872340425532
3.41034103410341
1.1276595744680875
1.5569114243635551
-1.2637248808783854
1.9723038187158994
-1.4814814814814792
0.9607351712614799
15.246172941663229
-0.32310177705978604
-3.943814154511071
0.3562054743157063
-1.737343545675314
1.520912547528517
3.6891385767790346
1.1197399313707659
-2.303982854081082
-0.9140767824497258
0.09225092250922509
2.119815668202765
-3.7725631768953027
4.970924779591071
-6.558255897069343
-0.15299292407725273
1.551426929706957
1.9615239532251936
-2.811690714021466
0.8755234107346828
0.24528301886791595
0.07528703180878807
-0.9968027082941636
1.709726443768997
2.1292491595069065
0.9509875640087867
-3.2971014492753707
-1.46122143124765
-0.684410646387837
0.5742725880551302
-3.8066235249333844
3.680253264740804
3.1106870229007546
1.4066259485471078
-4.708888483299864
0.42137521547594936
-0.5340453938584694
-1.2464046021093
-3.6310679611650465
-3.667136812411845
4.727044551349082
3.455162772119036
-1.3513513513513513
-0.19569471624266144
-0.5882352941176471
-0.9861932938856016
1.6932270916334662
1.6062683643486866
-2.0435704646231003
-0.37394213737453924
0.37534571315686177
0.669159614249159
-1.4467253176930552
0.1785360047609556
-0.47524752475247073
0.33824114604058664
-1.2095974618282812
-0.5820955439582451
-1.6353725015142384
0.2873563218390875
0.6139991813344249
0.2034174125305126
-1.258627689809185
0.493421052631586
0
0.3273322422258523
0.10195758564437195
-0.1425952332450578
0.8363933088535338
0.606918875177018
-1.1260808365171975
-0.34573927191376624
-0.775510204081635
0.3496503496503473
-0.8608321377331397
0
-0.10336985734959686
-0.14486754966887183
-1.9481865284974047
0.04227436060029351
0.8873864356644809
2.6178010471204187
-0.8571428571428549
-0.7822149032523695
0.3319502074688844
0.10339123242349048
-2.3135715761206455
0.08458447874815693
0.06338474540460835
-0.190033783783791
1.1635286651152952
2.049351735675452
-4.30327868852459
0.25695931477515815
1.55916275096113
0.9463722397476341
-1.6666666666666667
0.423728813559322
-1.2447257383966197
0.19226660969877746
-0.02132196162047393
0.6184687566645414
-0.7418397626112759
0.7687379884689228
1.6740834922653178
-0.5210504376823677
-0.7961449821914962
0.2745512143611428
-1.8534119629317631
0.36480686695278725
-2.8009407740004204
3.8935327760668694
-11.793351683252167
2.064330292846847
2.2577610536218304
1.0809567617295281
-1.5017064846416435
0.3234003234003313
-1.036150126640571
0.39553280595625606
4.913093858632674
0
-1.5462778882261985
0.06730984967467162
0.15695067264573737
0.9178419520931325
-2.1073646850044363
-0.3172445048719769
-2.295976358263234
-0.5118659841786851
-0.16370439663237732
1.0306863434059579
2.156271736610251
0.15887426236949356
6.798096532970768
2.694674305113513
-0.5578512396694192
0
-0.7895283606898008
0
-0.7748691099476416
0.5065428450823084
0.629987400251995
-1.48163606010016
-0.9531878839228977
-0.27801539777587925
-4.88955607977697
0.5186020293122912
-1.5029161058770724
0.6832156684126622
-2.375028274146121
-0.6719184430027882
0.41987403778866605
1.1846689895470437
-0.9871441689623534
-0.3014143287734782
-2.0465116279069795
0.7834757834757862
-1.6018845700824527
0.38305003591094633
0.11924636298592893
-0.023820867079567112
0.3097450559923782
3.135391923990496
-4.053431598341771
0.24003840614498317
-2.6580459770114997
0.34440344403443474
-3.554792841382692
0.4067107269954303
-1.8481012658227878
0.10317255610008617
-2.0870909559391966
0.5526315789473744
2.8526563726773033
1.4249363867684537
2.0572002007024555
-0.6637168141592892
6.211333828260322
-1.9338303821062468
6.652411499168449
-2.3836043662285564
1.2779552715655005
-0.337990085624155
0.7913181098801718
0.3140421713772941
-1.9007155635062611
-3.3052199680875316
2.5459688826025486
-0.04597701149425026
0.2759889604415797
1.215596330275232
-1.9941083163380946
-0.16184971098265633
2.570634553033804
0.045156920298045945
-1.0607086436470425
-2.805656934306559
4.904951889227875
0.33557046979865773
-1.5161649944258666
0.04527960153950388
0.7920343969223806
0.583744948361029
-1.0491071428571404
1.2632528761560942
0.2895967921586125
1.5326521545979641
-0.19689345876176637
0.08768084173608814
-0.5256241787122282
5.504183179216205
-4.403171953255418
-1.7463435931019426
0.0444345700955318
-1.3768598711969773
1.823913532988058
-1.6806722689075555
1.3945119208277077
0.9760425909494181
-0.9446397188049235
-1.508094921268564
2.3643323575771222
0.46194456665199424
2.518064374863149
0.27765912003417587
-1.320553780617676
0.928124325491045
-3.678357570573149
0.7770870337477798
-4.274069178233086
-0.4142692750287713
0.485324705338577
-1.0809567617295281
6.649616368286436
-0.5886200130804423
-1.8201754385964937
2.1889658253294644
-0.8743169398907104
-0.04410143329657963
0.11030222810500771
0.02203613926839266
-3.3267239480061614
0.752051048313585
-0.565482922415743
1.0919017288443935
-0.1800180018001698
0.31559963931469276
-0.7865168539325843
