-0.454545454545461
-1.5981735159817256
-8.120649651972158
0
9.848484848484846
1.1494252873563218
-8.63636363636363
2.9850746268656607
1.9323671497584645
-4.739336492890995
5.472636815920387
0
1.179245283018868
-1.8648018648018583
-0.2375296912114048
-1.6666666666666734
-0.24213075060531314
0.9708737864077635
-0.4807692307692376
0.4830917874396204
-0.7211538461538564
-2.1791767554479384
1.4851485148514887
1.2195121951219512
0.7228915662650534
1.1961722488038278
1.4184397163120601
0.23310023310023642
1.1627906976744187
6.436781609195395
3.2397408207343417
0.41841004184101016
-7.291666666666667
0.6741573033707802
-4.464285714285714
0.23364485981308744
1.1655011655011656
-0.6912442396313299
0
0.4640371229698277
-3.695150115473428
5.515587529976012
0
0.2272727272727305
-1.5873015873015937
0.23041474654378208
2.2988505747126435
-1.7977528089887576
1.6018306636155508
-1.5765765765765671
0
0.22883295194506706
-0.6849315068493086
1.3793103448275894
-1.8140589569161094
-0.4618937644341703
-0.2320185614849221
1.1627906976744187
-2.068965517241376
0.9389671361502314
-0.46511627906977404
3.7383177570093493
-2.4774774774774806
0.9237875288683735
-2.0594965675057337
-0.4672897196261583
-1.1737089201877935
-2.612826603325419
4.390243902439018
-0.4672897196261583
1.4084507042253553
-0.23148148148148476
5.104408352668203
7.947019867549672
-7.157464212678937
0
0.6607929515418597
0.21881838074397003
2.401746724890833
-3.4115138592750562
1.1037527593818985
1.9650655021834187
-1.070663811563169
-0.432900432900439
-0.4347826086956584
0
-2.6200873362445325
2.4663677130044874
-3.501094091903723
0.45351473922901525
-0.9029345372460466
-0.22779043280182557
1.5981735159817418
-0.2247191011235987
-1.5765765765765671
1.8306636155606342
-2.9213483146067354
-1.1574074074074074
-1.8735362997658178
4.057279236276856
0.9174311926605472
-1.8181818181818117
0.6944444444444379
0.22988505747126764
-0.9174311926605472
-2.5462962962962994
4.5130641330166235
0.9090909090909058
-1.8018018018017954
2.0642201834862353
-1.3483146067415763
0.22779043280182557
-0.9090909090909058
0.45871559633026543
0
-2.2831050228310503
3.271028037383191
-2.036199095022637
0.9237875288683735
0.9153318077803171
-0.680272108843547
1.1415525114155252
-0.4514672686230152
0.680272108843531
-2.027027027027024
1.1494252873563218
-2.500000000000003
0.9324009324009291
-1.6166281755196208
0.4694835680751073
-0.4672897196261583
0
-0.23474178403756202
-2.117647058823526
-0.7211538461538564
-12.83292978208232
9.444444444444441
5.837563451776661
-3.836930455635495
0.2493765586034948
-0.9950248756219047
2.0100502512562923
-2.955665024630549
0.25380710659898836
-2.2784810126582244
-19.68911917098446
25.483870967741932
3.856041131105399
-2.97029702970296
6.122448979591833
-6.490384615384622
1.7994858611825266
-0.7575757575757683
1.781170483460567
-3.75
1.558441558441562
-2.0460358056266092
-0.5221932114882396
0.2624671916010536
1.3089005235602094
-3.875968992248062
2.1505376344085945
0
1.8421052631579022
-5.167958656330749
3.269754768392359
16.094986807387865
1.1363636363636365
3.146067415730334
0.43572984749455956
-2.8199566160520697
-2.4553571428571304
-2.2883295194508007
-8.665105386416869
7.435897435897433
0.2386634844868769
14.047619047619046
3.757828810020886
-6.63983903420524
-1.5086206896551633
-2.1881838074398248
-0.22371364653244163
2.91479820627802
0.43572984749455956
-3.687635574837316
7.657657657657655
-8.15899581589958
0
1.1389521640091116
0.45045045045045684
1.793721973094164
-1.3215859030837036
-1.1160714285714286
-1.805869074492093
1.3793103448275894
-1.1337868480725624
-0.45871559633028175
1.8433179723502402
-0.4524886877828118
13.181818181818176
-12.048192771084338
-0.9132420091324169
0.46082949308756416
-2.522935779816517
3.2941176470588203
-0.911161731207286
-1.1494252873563218
-0.23255813953488702
-0.6993006993006927
1.1737089201877935
-2.320185614849188
0
-0.9501187648456023
-1.4388489208633126
0.7299270072992632
-2.4154589371980677
0.24752475247525105
1.9753086419753016
4.842615012106537
0
-0.6928406466512637
-0.6976744186046445
-1.4051522248243593
1.6627078384797997
-0.9345794392523332
-8.0188679245283
6.153846153846151
0.2415458937198102
1.927710843373487
0.9456264775413846
2.5761124121779724
-1.8264840182648339
0
1.860465116279063
-0.6849315068493086
0.9195402298850542
-3.87243735763097
-6.161137440758296
5.303030303030306
-0.47961630695444324
1.4457831325301238
0
-0.9501187648456023
2.398081534772182
-1.4051522248243593
0.7125890736341975
-1.650943396226405
0.7194244604316478
-1.904761904761898
0.7281553398058183
-1.927710843373487
1.9656019656019585
-0.9638554216867435
0.24330900243309347
-1.4563106796116538
-1.4778325123152745
-1.999999999999993
-4.336734693877558
-4.26666666666667
-1.9498607242339714
10.511363636363622
1.2853470437017995
3.5532994923857832
-0.49019607843136215
0.24630541871921532
-0.49140049140049835
0.7407407407407337
-0.24509803921567236
0.24570024570023172
0
1.2254901960784315
0
-0.4842615012106435
-0.48661800486618695
0
1.4669926650366782
-1.2048192771084338
-0.4878048780487874
-0.7352941176470519
-2.2222222222222188
2.272727272727269
-0.2469135802469171
0.24752475247525105
-0.7407407407407337
0.2487562189054585
-0.4962779156327438
0
0
-0.4987531172069896
1.754385964912288
-1.970443349753705
8.291457286432173
-8.120649651972158
0
0.2525252525252561
-0.5037783375314933
0.7594936708860688
1.5075376884422147
-2.2277227722772244
-0.7594936708860688
-1.5306122448979627
2.3316062176165766
-2.025316455696195
0.775193798449605
-2.8205128205128243
1.8469656992084509
-3.8860103626943006
1.3477088948787062
-2.9255319148936207
2.73972602739726
-3.7333333333333294
1.3850415512465373
-1.092896174863384
3.314917127071811
-2.6737967914438503
4.670329670329679
-5.511811023622051
5.555555555555555
-3.684210526315786
-0.27322404371585085
-1.91780821917809
0.27932960893855147
-0.5571030640668405
1.4005602240896358
-1.3812154696132595
-0.2801120448179311
0.28089887640449834
-2.5210084033613605
2.5862068965517406
0.8403361344537735
-5.8333333333333375
0
0.5899705014749347
-0.29325513196481356
-0.5882352941176554
0.2958579881656847
10.32448377581121
0.5347593582887776
-10.638297872340425
1.1904761904761862
-8.529411764705879
-1.9292604501607762
-6.229508196721307
-1.0489510489510514
5.6537102473498155
-2.675585284280927
2.405498281786939
1.0067114093959755
-4.318936877076414
1.7361111111111112
-3.7542662116041003
6.382978723404258
-3.800000000000002
-2.009702009702004
1.1315417256011324
-4.405594405594411
4.242867593269935
-5.9649122807017525
7.089552238805965
-1.602787456445996
1.3456090651558166
2.9350104821802927
-3.6659877800407394
0
-0.07047216349541781
-0.9167842031029549
-1.8505338078291926
0
-3.263234227701228
-1.799100449775114
-0.6106870229007639
0.8448540706605315
0.5331302361005217
-1.5151515151515098
2.6923076923076894
4.868913857677905
-3.4285714285714315
2.81065088757397
-3.3093525179856176
2.4553571428571437
-0.3631082062454534
-0.8746355685131267
-2.426470588235295
1.5825169555388159
-4.673590504451044
1.011673151750979
-9.63020030816641
0.7672634271099732
0.5922165820643002
0.925147182506303
-1.416666666666666
1.4370245139475903
-3.166666666666673
0
3.5283993115318433
3.325020781379887
7.803700724054711
1.044776119402976
1.5509601181683963
3.6363636363636362
-3.0877192982456108
2.3171614771904436
-3.0431705590941363
-0.36496350364962726
-0.4395604395604432
3.01692420897719
-3.0714285714285694
0.07369196757553269
-2.724594992636224
0.4542013626040781
0.8289374529012902
-2.7653213751868533
1.7678708685626474
0.6797583081570986
-2.4006001500375116
1.8447348193697173
0.30188679245282374
-0.9029345372460439
21.032649962034924
3.575909661229624
-10.357359176256818
1.8918918918918874
17.57294429708223
0.9588268471517098
-6.536312849162002
0.11954572624028435
1.7910447761194073
1.6422287390029182
-1.846508944027679
-0.6466784244562197
-3.609467455621299
0.49109883364028145
-0.6108735491753293
-0.06146281499691463
0.8610086100860824
-2.439024390243894
0.374999999999992
-2.801992528019921
2.5624599615631145
0.5621486570893183
-2.981366459627343
1.72855313700385
0.06293266205160344
-3.0817610062893093
3.828682673588578
-0.3750000000000031
-3.387703889585942
0.1298701298701271
2.1400778210116735
2.7301587301587285
-2.0395550061804704
-2.460567823343841
-0.1293661060802157
0.06476683937823696
-0.9708737864077578
-2.941176470588242
2.6262626262626303
-0.2624671916010559
-1.315789473684206
0
-2.2000000000000006
-0.13633265167007208
3.6860068259385605
-2.764976958525345
-0.06770480704129848
-0.13550135501354724
-2.713704206241522
2.161785216178525
0
