0
-4.903677758318744
0
-4.972375690607727
0
-4.844961240310077
0
-4.8879837067209815
0.42826552462527756
-3.8379530916844473
9.090909090909095
4.878048780487809
0
4.844961240310077
0
4.990757855822543
-0.17605633802816528
2.645502645502652
-7.388316151202758
-4.823747680890534
9.941520467836254
4.9645390070922035
-2.8716216216216206
2.6086956521739193
-6.440677966101708
4.166666666666675
-1.7391304347826024
4.424778761061947
-6.7796610169491585
4.909090909090901
0
4.679376083188917
-6.291390728476819
2.1201413427561855
-6.401384083044985
-3.88170055452865
3.461538461538456
1.301115241635693
-6.055045871559634
-4.296874999999995
-0.6122448979591887
-3.490759753593428
3.191489361702116
-4.123711340206171
0.2150537634408556
3.8626609442060023
-1.0330578512396658
-4.801670146137796
6.359649122807019
3.092783505154647
-5
4.210526315789477
0.40404040404039543
3.6217303822937748
-5.048543689320401
1.6359918200409014
-2.0120724346076386
-1.437371663244359
1.041666666666663
-1.0309278350515427
-1.041666666666663
-4.842105263157904
8.185840707964605
-3.8854805725971273
-0.21276595744680396
4.477611940298506
-0.204081632653075
0
-4.703476482617578
4.07725321888411
-5.154639175257732
-1.0869565217391266
1.5384615384615448
3.89610389610389
-3.541666666666665
3.6717062634989186
-2.500000000000002
-2.5641025641025665
6.578947368421069
2.880658436213985
1.999999999999993
4.901960784313726
-2.616822429906536
4.99040307101727
-6.7641681901279735
0
-1.9607843137254835
4.0000000000000036
-8.653846153846157
4.210526315789477
-7.676767676767674
-1.7505470459518615
2.0044543429844066
-0.43668122270743365
-3.9473684210526256
-0.6849315068493208
0.2298850574712799
4.357798165137603
-3.07692307692307
2.0408163265306087
-4.888888888888883
3.971962616822428
-3.1460674157303496
2.0881670533642867
-3.1818181818181945
-4.929577464788732
3.950617283950621
-1.4251781472683993
3.8554216867469697
0
-0.46403712296982774
1.6317016317016384
2.5229357798165006
-0.44742729306486745
-3.595505617977531
4.662004662004666
-2.895322939866367
-3.6697247706422047
0.9523809523809532
-0.9433962264150951
3.5714285714285587
0
0.2298850574712799
8.94495412844036
-9.263157894736851
3.4802784222737904
-3.587443946188344
1.395348837209314
-6.192660550458726
4.15647921760391
-1.1737089201877893
4.513064133016637
-5.454545454545459
5.7692307692307745
-5.454545454545459
-1.4423076923077043
2.4390243902439157
0
4.523809523809512
0
-6.605922551252848
0
0
-8.292682926829265
10.904255319148941
-6.474820143884892
6.666666666666672
-1.4423076923077043
2.682926829268301
2.1377672209026093
-3.4883720930232434
0.24096385542168158
3.8461538461538494
0.4629629629629531
0.9216589861751161
0.22831050228310015
-2.277904328018215
0
-1.1655011655011613
1.6509433962264008
1.1600928074246106
-5.504587155963307
4.126213592233008
3.729603729603733
-3.1460674157303496
0
0
-1.3921113689095037
1.4117647058823437
3.2482598607888766
-3.595505617977531
-0.9324009324009332
0
0
-1.4117647058823437
-0.9546539379474948
0.9638554216867478
2.6252983293555947
-3.720930232558143
1.4492753623188528
-2.3809523809523934
-1.219512195121947
-5.185185185185184
3.6458333333333366
5.025125628140696
5.263157894736858
4.318181818181807
8.714596949891076
1.0020040080160284
-4.9603174603174605
15.657620041753653
4.873646209386274
0
0.688468158347677
-5.641025641025642
-4.89130434782608
0.952380952380949
-0.943396226415091
-3.6190476190476266
-1.1857707509881346
3.5999999999999943
4.633204633204637
-5.904059040590411
-0.9803921568627417
3.960396039603964
-2.6666666666666607
1.174168297455961
0
-0.3868471953578254
-3.883495145631071
-0.20202020202019771
4.2510121457489864
0
-3.4951456310679725
2.213279678068417
1.3779527559055174
-1.1650485436893299
-4.71512770137525
3.298969072164952
-4.191616766467066
6.875000000000002
1.1695906432748635
-0.9633911368015551
-1.7509727626459117
-2.97029702970296
-3.877551020408171
-0.636942675159241
-1.9230769230769202
-0.21786492374727204
-0.6550218340611408
4.175824175824185
-2.742616033755272
2.3861171366594234
-4.661016949152537
8.222222222222225
-0.41067761806982467
-3.0927835051546286
2.1276595744680775
0.4166666666666763
-3.5269709543568446
3.2258064516128915
2.0833333333333446
-2.040816326530623
-2.9166666666666603
1.9313304721030011
-1.0526315789473646
2.3404255319148812
-4.989604989604976
5.470459518599562
4.771784232365135
-1.1881188118811805
-1.8036072144288549
0
-2.24489795918368
3.7578288100208708
0.8048289738430591
-3.193612774451101
-4.329896907216495
4.525862068965517
-3.0927835051546286
2.1276595744680775
-0.8333333333333341
-0.6302521008403227
2.5369978858350786
-0.6185567010309146
0
4.56431535269709
3.7698412698412778
-1.7208413001912186
0.1945525291828925
-1.5533980582524285
-4.930966469428007
0.41493775933609073
-0.41322314049585895
-3.112033195020754
-0.4282655246252585
1.2903225806451528
4.8832271762208155
-4.453441295546571
-4.661016949152537
5.555555555555555
0
-3.157894736842113
-1.7391304347826104
1.9911504424778927
-4.9891540130151935
0
1.8264840182648419
0.22421524663676654
-4.921700223713641
3.7647058823529447
-0.22675736961450763
-2.7272727272727293
-0.467289719626179
0.7042253521126819
3.962703962703961
-1.5695067264574054
4.1002277904328155
-4.376367614879653
-4.118993135011435
0.4773269689737368
0
-0.7125890736342102
1.9138755980861262
-3.990610328638496
1.7114914425427943
-1.6826923076923144
-0.9779951100244508
-0.9876543209876553
0.997506234413966
-3.7037037037037015
0
-0.5128205128205133
3.092783505154642
-7.499999999999996
-4.8648648648648685
0.8522727272727217
-1.4084507042253471
-3.1428571428571392
-4.719764011799414
6.191950464396291
-1.4577259475218736
-0.8875739644970356
0
0
-4.776119402985079
10.03134796238244
0
2.8490028490028516
4.9861495844875385
0
4.749340369393144
0
4.785894206549116
-6.730769230769236
0.7731958762886663
4.092071611253201
-3.4398034398034425
3.5623409669211226
-0.49140049140050274
-2.962962962962955
-2.5445292620865163
0
1.305483028720622
-1.2886597938144284
1.827676240208873
-6.153846153846149
0
1.6393442622950833
-3.225806451612906
0
-4.166666666666664
-0.8695652173913115
-0.5847953216374274
-3.529411764705886
-4.5731707317073145
2.555910543130993
-2.4922118380062326
4.472843450479237
0.3058103975535103
-1.2195121951219388
-3.703703703703707
3.205128205128208
-4.968944099378886
7.516339869281046
-1.8237082066869317
5.572755417956661
4.1055718475073215
-1.9718309859154886
4.885057471264366
-2.739726027397263
9.859154929577468
0
7.6923076923077
2.1428571428571392
9.790209790209788
-10.191082802547761
-8.983451536643033
20.779220779220786
4.731182795698919
-8.624229979466117
-4.269662921348323
-0.7042253521126611
-1.1820330969267305
-3.8277511961722523
-4.228855721393023
-0.5194805194805199
-0.7832898172323824
-3.1578947368420964
-0.8152173913043546
5.479452054794526
0
2.8571428571428537
0
3.030303030303033
0
-0.980392156862746
0
-3.712871287128711
-4.370179948586117
4.569892473118277
-2.313624678663247
0
-2.105263157894727
4.569892473118277
-4.113110539845762
3.7533512064343197
1.5503875968992262
-2.035623409669213
-1.2987012987013056
1.0526315789473695
-0.26041666666666113
-4.177545691906009
-2.9972752043596698
5.337078651685391
0
-1.0666666666666675
-2.695417789757415
4.4321329639889235
-3.713527851458889
3.3057851239669453
-0.266666666666661
0
-1.069518716577541
2.4324324324324285
0
-1.319261213720312
0.2673796791443793
0
0
-1.0666666666666675
-1.617250673854449
-1.3698630136986254
-2.7777777777777803
1.4285714285714235
-0.5633802816901414
2.832861189801702
-3.3057851239669453
2.5641025641025728
