0
2.183406113537118
-7.8632478632478655
0.8580705009276411
1.4486088756035898
0
-2.0398912058023573
-0.2776492364645971
2.969837587006963
-0.3830554303740398
0.09047726758651374
2.598870056497175
-2.621145374449334
-0.04523863379326973
-3.7338764426340805
0
-1.4339445228020606
0.16694490818029778
-0.7142857142857143
0.1918465227817773
-0.5744375299186295
1.0592200288878273
-1.3101476893758932
0.8930726526671466
-1.578947368421058
0.1458434613514883
0.04854368932038559
0.4366812227074264
0.966183574879227
0.8612440191387615
-0.8064516129032339
1.6260162601626045
0.09411764705881819
0.1410437235543072
-0.07042253521127027
1.0101010101010128
-0.16279069767441595
0.6289308176100602
-1.7824074074074048
1.8147537119962263
-1.9675925925925926
0.9681227863046099
-0.35079513564078574
-0.2581553625909464
1.0117647058823556
0.18634987188446572
-0.34875610323180656
0.32664489034063865
3.1162790697674367
0.24808299503834524
-1.4398200224971827
0.41086509929238857
-1.0911570811547977
-0.7124798896805384
-0.6944444444444444
-0.4428904428904376
0.8663076562865812
-0.18570102135562008
1.1860465116279122
1.0802114456446767
0.5457025920873072
1.0854816824966105
-0.35794183445190664
-0.04490345756623005
5.031446540880512
0.5132591958939215
0.8723404255319197
3.269352457287492
-3.737745098039218
-0.2758328028856379
-0.44680851063830274
1.218209019021168
-1.3935810810810858
-0.21413276231263384
-1.2017167381974299
-0.04344048653344671
0.738809213385492
0.5176876617773893
1.609442060085837
-2.6187961985216424
0.19518542615484216
1.6883116883116909
-0.5321413367390379
-0.7061844639417957
0.8836206896551773
0.3845332193975549
12.023834858480528
-0.5319148936170126
-1.0122230710466134
-2.7011383368705277
1.4277215942891113
-0.9970674486803563
1.1255924170616205
0.17574692442881804
-3.2358674463937667
2.336825141015315
-4.370078740157479
-1.1939069575957206
-0.2916666666666619
0.29251984956121546
0.4166666666666667
-1.597510373443981
0.08433480919248941
2.2751211291341926
-2.9866117404737382
-1.8895966029723943
5.258602034191723
1.9120065789473708
3.1067177728464865
-0.29348464097045585
8.653846153846157
2.1130576124254885
-4.3332154227095865
0.22185246810871612
-3.781590112525364
-0.30674846625767305
6.788461538461529
0.01800828381055695
-1.7464890169247267
-3.591717060656042
4.90401064436418
0.7428882043848565
-2.5899280575539527
-0.27695716395864106
-4.536197000555452
1.8037238169123262
-2.61002095637264
1.3302034428795015
0.19305019305019305
0.5394990366088545
-2.587198160214631
0.31477473932716227
1.196313002549524
-0.3682170542635615
-0.27232056020229084
-0.9557245952798974
-5.750295391886568
2.653572921019638
-0.895583146753518
-2.218114602587791
-0.021003990758248842
2.899159663865549
-1.4495712535728915
-1.5744769007665147
2.6520732477373112
-1.1482468730777047
-0.35262393694255245
1.6236469608659474
0.5735354362966021
-0.5906313645621135
1.5365703749231714
0.7667473769168592
1.581898277933527
-0.6702148630002038
-3.413375669775747
0
1.458804191493738
1.23531794248683
-2.6205241048209573
-0.1643385373870196
-1.0082304526748924
2.2448555393888907
-0.935149420613939
-0.14364867638005102
0.4110152075626798
0.2660663119115748
-0.2449479485609285
-0.532023736443619
-0.3291503805801322
-1.238390092879257
1.8390804597701174
1.6416991586291811
-2.261255804562889
0.3924808923776032
-1.1934156378600846
-0.041649312786336656
-0.6875000000000023
0.08391021606881353
0.3982393628170147
-0.14613778705636507
-1.0453690152623876
0.2746672300866282
-1.5802781289506953
0.02140869192891584
1.241438356164386
-0.2748414376321377
1.9503921984312038
-0.9149511332917399
1.4060860440713512
0.20695364238410596
-1.2185047501032584
1.1917206773991196
-1.1570247933884346
0.12541806020067364
-0.5427974947807981
-1.217464315701082
-2.8049298767530906
0.6558810668998688
-2.063423110338836
0.022177866489248778
4.966740576496669
1.2463033375580976
-1.1057792614229107
-0.8438818565400844
0.9999999999999976
-2.0012639561828522
1.2467755803955314
-1.2738853503184713
0.7096774193548412
-1.1103993166773412
-0.8205571150939346
-1.0015240583496674
3.562788651858366
0
2.038649394775966
-1.83142559833507
1.9927920288318919
-0.6443566826023742
-0.43933054393305915
-1.6600126076906867
2.0085470085470036
0.5446166736489365
-0.9375
0.08412197686645158
0
0.6724101702038339
1.5654351909830932
0
0.16440608302506257
-0.2667213787443485
-3.1063567167249584
1.4649681528662373
-4.373299853525838
1.0722100656455094
-2.5763152197445285
0.4444444444444444
2.013274336283191
0.4771199306007349
-2.26635009712929
-0.3754416961130717
-0.1551762358678886
0.0666074600355265
-0.4215664521854842
1.1809269162210363
-1.299273287822073
0.4016064257028138
-0.9777777777777727
0.08976660682225701
-1.2107623318385599
0.7262823422605512
0.7886435331230284
1.0507489380728792
-0.1769911504424804
0.31028368794327
0.7291206363234544
0.46062733055495125
3.165938864628821
0.8253968253968206
-6.276238455079761
2.463605823068309
-0.9836065573770492
1.3907284768211945
-2.111909427389503
-0.11120996441281138
-0.7125361834780773
0.022426553038803036
0.672645739910314
0.20044543429843592
-0.9335407868415179
0.06730984967467162
0.4260089686098604
-1.2726054922973853
4.115784712799636
-0.456125108601209
1.3746454287584575
0.6672406371071816
0.5131494547787117
-1.2975962561157248
-1.4008620689655173
0.5027322404371609
0.6089604175728602
-0.043233895373983026
-1.9896193771626274
0.19858781994705077
-0.19819423034574632
0
-1.1253309796999043
-0.2454809194376306
0.0894854586129703
0.22351363433169424
1.2934879571810909
0
-1.8053720827829125
0.38116591928250865
-0.29037301764574747
0.022401433691761365
-0.4927211646136593
0.270087778528019
-2.356902356902357
0.22988505747126436
-1.4220183486238507
1.7217310376919444
-2.6761207685269874
0
-3.901292596944776
0.5869405722670663
-3.792851932895702
0.8845084660096033
-0.07515030060120526
0.025068939583861305
3.2330827067669117
0.5098324836125329
-3.768115942028991
0.20080321285140848
-0.9268537074148269
-1.1125158027812838
-0.48580925594477986
-1.82425488180883
2.381575503794809
0.6901840490797517
-1.878649403401873
0.9055627425614489
0.15384615384615968
-0.38402457757296465
0.20560267283473516
0.8720184662734123
-1.2712941774726672
1.699716713881011
-2.6335781210432967
-1.6905071521456436
-1.0846560846560906
-0.5081572612998068
2.1236559139784883
1.8952355883127259
-0.10333247222940689
-1.2154124644427176
-0.20942408376963648
0
-0.8656873032528887
1.587721619476052
0.5470174524615845
1.0621761658031148
0.6664957703152949
0.07639419404125576
0.8905852417302799
0.151324085750321
-2.1657013346764096
-1.6473616473616415
-0.07851347814708488
-1.2310110005238315
-0.7159904534606325
-1.1752136752136693
2.027027027027027
0.29139072847682723
-0.6339144215530993
2.020202020202026
-1.198540906722257
0
1.687763713080178
-0.02593360995851212
-1.4267185473411155
0.1842105263157865
-0.7617546624638764
-0.026469031233462875
-0.6089489012443768
0.26638252530633993
-3.2146652497343164
0
-4.172385396651109
0.2864508736751647
-2.3136246786632455
0.029239766081877994
0.08769365682547632
-0.11682242990653542
-0.46783625730994816
-1.5569917743830655
0.7460459564309161
0
1.2440758293838827
0.11702750146283711
1.373465809468144
-0.2594407610262258
-1.2138728323699388
0.2633118782913918
-6.040268456375837
0.3105590062111801
-6.439628482972139
0.7279947054930472
-1.7082785808147138
-0.367647058823518
1.2411942301241154
0
2.021206096752805
1.3316011692107903
2.6602564102564137
1.1551670309085196
-0.8950617283950547
-0.34257240734974237
0.5625000000000036
1.8955873213175778
-1.1893870082342108
1.574074074074081
-0.3950167122455215
0.5186089078706494
2.5493171471927094
-1.5389168393015653
2.013826269912831
-0.38302887448437084
-0.44365572315882873
0.41592394533570326
3.0473372781065122
-1.7800746482916991
-0.5846243788365975
0.8526903851808224
1.428571428571422
-1.6671457315320364
0.11692487576731285
-0.145985401459854
-0.6140350877193049
-0.5589879376287077
-1.6272189349112427
0.7218045112781887
-0.1492982979994028
0.35885167464116197
-0.059594755661515335
-0.4770423375074436
1.3481126423007788
0.5320721253325484
-0.1470155836518671
-1.1778563015312131
0.14898688915375446
0
0.14876524843796488
0.35650623885917665
0.6808762581409151
-0.5586592178771049
1.8923713778829196
-1.4509576320371445
0.9128386336866802
0
0.02918004085206383
0.05834305717619272
2.68221574344023
0.5110732538330527
-0.45197740112994994
0.02837684449489862
-1.4468085106383044
0.5757052389176742
-0.4293073840870063
0.057487783845945814
-0.20109164033325064
-1.2377662636729865
0.728650539201399
0.0868055555555424
-1.9080659150043269
0
-0.8841732979664014
-0.6839131727624179
0.6287425149700667
-0.5058018446890942
1.2559808612440329
-0.1772002362669884
1.4792899408284024
0.23323615160350186
0.2036067481093626
-0.43541364296081275
-1.3119533527696794
-0.20679468242244864
0.6216696269982137
-0.7943512797881697
-0.11862396204032541
0.38598574821853066
-0.2957704821058858
0.6229605458320872
-0.589622641509434
