3.5705183623089187
3.0069093295248424
-8.845930450423444
1.6119998150079944
0.932031961161117
0.18789175430773164
-1.981916202402501
1.0229852802367407
-2.0202020202020203
1.0314432989690647
1.0438722251417196
0.723565618262328
-0.7414277120513407
0
0.8868642077565376
5.02760854438142
0.12440419447091776
0.9235412570634245
5.058938401233957
0.00044898215745886334
-4.006249803571184
1.4952947559446832
-2.4967626877295466
-1.3999234343023812
0.24062774121493394
1.7965503555323936
-2.8612363773017595
1.339046080787652
1.1548115557506753
4.489616847031299
-2.9300887153208874
-1.9999534894537336
0.7731188154054316
2.6114517693821995
-3.948980856346878
3.689403894397317
-1.9235377610647102
0.3373711364426576
-0.9660953451343977
-0.2250835788289137
0.46350491229900764
-0.9236764019077498
1.9131420191314341
0.9068440798172227
0.7875729234188283
3.7738709395859082
-4.8854340050288565
-0.391883086661085
0.45930716107990577
-0.46511411574829886
2.5784926238662575
1.9952714799174558
0.3939276191496929
2.7644685271442047
-3.7026775471330517
5.195961194378756
-4.828205128205125
-3.87378649495739
7.291836973023473
0.13627359209351622
0.5673962382281585
1.1573563680540275
-0.08205829558082198
0.7292932058103924
-0.7346290547914376
-1.82364189371286
0.6100217864923747
1.0822867042009592
-1.4563044400361673
-0.43478260869565216
4.040611353711787
1.5643034925058688
-2.9448714769815627
3.46002197109693
-3.461601777924103
2.2854682417540193
-0.6689451089901222
-2.644707856918071
3.8479109739593627
1.2658227848101267
-0.8028688524590224
2.4454534562326278
-0.7565736409098183
1.1768339266266743
-0.8735641416981283
-2.261704584591077
2.882395128159418
-1.2797369608664761
0.15632653061224192
2.6872277215618094
-1.0953380665695678
-2.8950673509431537
3.552863199477687
-1.0027932960893826
0.4724149189598839
1.091635607941934
0.39646003651083994
-3.1461109420149556
5.071422741000728
-1.2519130225367623
3.0524382136942765
0.0064889706584042766
-0.013358778625954198
0.9447826999790049
-2.060202692482224
3.438716253783895
-1.771196500160509
0.000380007068139762
-0.06574097296641096
1.8932926713336762
-0.3660994178235503
1.879548578727163
-2.148553109041649
1.400322370967078
-3.545649918482294
2.1078632866071767
1.2938396827666176
2.4354007807247915
2.7741720269476438
-1.2154033410361798
1.0357142857142858
1.0533757511488158
-3.89988806492235
1.8377977002959311
-6.679176495818145
4.930044083908801
-6.257368641979813
3.127068553317078
0.90729574518695
0.2709013081090844
-3.543548025972082
0.5868835208368683
0.7153818639159081
-1.5508227647492316
-1.3494957331264603
0.6365970564758768
-2.3595373915761564
-1.5045958199446983
2.6050109490089044
-2.1512316226692985
0.5964713499514465
0.9678431498748905
0.5167330677290866
-0.6329841417060081
2.1551655364978033
1.9043119369941028
-3.2822438501034505
2.000285245667823
-0.2256634933951618
0.44378352706690233
0.3914394896559208
-0.39802032181352953
-0.1093019019306014
0.6910627466348951
-1.9244701348747648
1.3488876490141801
-3.01699238967353
-0.06356008426708609
0.5400043200345603
0.8951732259655936
-0.26814091593782285
1.2972583999557254
-1.2978192732992713
-1.009989164564176
3.0021572387344198
-1.4873853433397328
4.271259842519691
0.43458725537947485
-0.8462406015037539
0.10995302351857257
0.2454182904798127
-1.0147834990007147
-2.0213663306628544
2.8417833700161665
-1.1886363636363608
0.8000398678228363
-1.1287359906293726
-0.006538939384020716
-0.33312304780662777
-0.03743757188400037
-0.4204616970590763
1.8099196625205467
-3.6887805621143976
-0.5108859838509443
0.23290752855700092
0.4004948689073231
-1.6986706056129928
0.0004017726207971362
-1.8569855924917065
-0.10439011609818402
2.801398240315392
0.45563807268682666
-0.413888888888886
1.2862761349553877
-1.5055963176426648
0.3862468944471546
-1.055605291952648
-0.22961974005920321
0.699311973752625
0.8497574408812297
3.1457499037541763
1.2755641918540892
-0.3354863221884471
-0.26723391926562967
0.8504831508776222
0.4392797177087771
4.062264150943396
-1.916486863815205
-1.4755249926057326
1.2338220339301031
-2.1425102955403905
1.36213669094724
-0.6068918095764756
1.5080704894179342
-0.5407807985776725
1.5861015939222458
1.1258198028440551
0.1982961754576789
-0.9182444093097945
-0.678816471249809
-0.12389705882353208
-0.0007362062555472317
-2.2888820993812113
0.7233191306608199
1.9733470973919436
0.13240952321567545
2.707326007326002
0.21719670032205549
0.3330960854092475
1.228647636343005
-0.42641906096706633
-1.3945239511160037
-0.47855256584111966
3.987750960093799
-3.9924137931034456
1.8705418393661395
-1.909882593519729
0.642313623015462
-2.553928571428566
0.7956781956320109
0.2694349501854358
-0.6458491229724238
-0.45623768158259725
1.1982546841198227
-0.8409481228124789
0.7022877333499005
-1.6926766787978185
1.5007344962241673
-2.7250909090909143
1.0967978288337512
-1.5940689247152735
1.0633940682901901
-1.750080867344096
0.36631700043897214
-1.2789382399517408
0.06569198099515991
-2.943129770992361
0.6728564743264496
-4.674218749999994
4.452658236147416
-2.270694389956843
0.8028517293426249
0.7773423810889194
0.6859924762115455
-1.1079277864992123
1.9537497470007155
-1.6154145581938497
-0.29673590504451036
-1.8599206349206379
-1.3395979992964353
1.5819672131147542
-1.4899540062938725
3.228937571416276
0
-0.5713129485699323
2.06176105597919
-2.318025787988012
-0.02041232904675297
0.3955195798204921
1.2696083513433822
-1.045005315588461
1.377548584252498
-2.0362825675686254
1.678753155174486
-1.2037985656868153
0.5862997307807358
-1.5476119669303485
0.6077521627760775
-0.35188009655685054
-0.20970424470316296
0.0950080515297848
0.5353207097926374
-0.7617005444718761
0
0.02821863800728041
-0.013299319316653862
0.2926239419588817
0.06992838368981319
0.0975903614457802
0.3438411510052468
-1.4946021591363425
0.16845130336659062
-0.20990610956450265
0
-0.23146362163413314
-0.5649418573888245
0.8121129262671928
0.6549322938871603
0.9931504086358128
1.4327368589231535
-0.8316696003496821
-1.3242797863680584
-0.027364185110661056
2.1591421394989285
-1.2687355198663495
-0.22987037864759013
-0.944
-0.5003230495881177
0.10511320976782342
0.5436633422524874
-0.11935435744210122
1.24139601542157
-0.26517266129675415
-0.8204226056014262
1.0477177168703171
0.5250097741181293
-1.0401701735865772
0.17765693363330193
0.2850280224179373
1.3803729961039761
-2.298696696460209
-0.052794480357238015
-0.016128967221906366
0.1770439706244186
1.0471014492753565
1.3940183505245058
-2.590569744597247
0.440891140629346
-0.4064257028112479
0.045566720970366605
-1.235383976686914
1.2096181785533615
-1.160483870967739
1.075382870570567
-1.1805875087787276
1.2763802265217516
-0.33876704925834217
0.9533906878495383
-2.1356934991221643
0.000409590982453871
0.027442483421875868
-0.0872185869770075
1.173355846902279
0.055091062285300994
-0.8234817813765241
0.2592196468081285
-0.5146558849515996
1.417304788059112
-1.7994350282485934
0.2625944662017558
-0.4389704074104375
1.502620322836947
-1.372085383214577
0.34008290291805415
0.024589861600062296
0.01516002015873249
-1.4207292093404313
1.5575650786262811
-1.4530648989278931
0.11294320866671824
0.10369098427629915
1.0847272230071676
-1.729727957240469
3.018990694434593
-2.5094438168810473
-0.05274327315616879
-0.1940480840348735
-0.3309810778742272
0.0969089390142052
-0.05508446284302901
0.2993736951983329
-0.18191884837459765
0.11302026857952517
0.6277832627233411
-1.6778579057617602
1.025241573861603
-1.2815703925981496
0
-0.1629620247820427
0
-0.09726022183787988
1.4946095009925906
4.717240804070392
0.019514837250245748
-0.6219638448674075
1.7717907828414392
-1.8956692913385826
-0.7961955976483394
-1.3199784790514573
2.222695930933273
-2.0047321142123895
-0.39286138131698595
-0.08709906697177534
0.004523230902707543
0.8992598684210557
2.6867763980976958
-2.7863322485911524
-0.18288774856201612
1.0052717464654062
3.494770598739107
-2.9166666666666665
-0.05883656732957966
1.386295912483515
0.22391294837275053
-1.5242063492063433
-1.2729741818753357
0.20367346938776104
0.000814667269508591
0.8851287774795333
-0.27132440223842924
-0.39878219609557813
-0.00650361560380861
0.7499969512319056
0.06213535824665904
-0.8032258064516158
0.0004064908458350248
1.2865382973793642
0.010434475507069536
1.1135634028892456
0.40678638753844626
-1.4889328063241136
1.7922987726344455
-0.42175798186834845
0
-1.6941772552745122
1.381115361385142
-0.8050679164349858
0.69869030602235
-0.06958305831457905
0.5773446918905241
-0.7856820717320696
0.4808842528350726
0.11944728842749645
-0.8295844150696576
0.6330884645206586
0.16442534533294725
0.09397303727200923
0.5387482817495058
-0.24271366485814325
0.7168784387454036
-0.9494266576730559
-0.465208353954271
0.3532219570405699
-0.10583143074581719
-0.9558727248919647
0.1554412448119452
-0.45360000000000583
0.04580778410872299
-0.6606956382038718
-0.025471526472190642
-0.5136044517777993
1.3808830822513667
-0.9723374993484336
0.5773887129819274
-0.717391304347829
0.1467857171820416
-0.4052959753826162
-0.39800145540880094
0.2612244897959184
-0.056993974922651035
0.036252545824853176
0.14984384479760604
-0.4789455067349141
0.49514051450490887
0.02561069307414869
