-1.1948529411764706
0.46511627906976744
-1.648148148148151
0.8472980606288835
0.35474234503361
-0.031007751937984496
-1.5446650124069536
-1.077436834477973
2.5796178343949046
2.1421918658801613
0.41337386018236805
-0.3995641118779458
-0.030391441769997567
0.20064449443667262
1.3774271844660222
-1.574190459089002
4.6095840428119645
0
1.4242529938379258
1.4271794577864312
-1.265822784810119
-0.33195970695970434
2.0845296887561706
0.7931597007369021
-0.2790490010045764
-1.947615849563463
1.7808219178082219
-0.11215791834903543
1.2968785088704193
-0.681704816272236
-1.071428571428574
-2.346570397111908
5.539510166358586
0.4871107219090412
-1.023965141612198
-0.8089368258859809
0.5547850208044383
0.8993103448275837
-1.6294838145231823
1.1006114508060008
0.3353859687706255
0.32330538659651836
2.026436530478487
0.4336420579260083
0.9381663113006348
-0.1795521757498872
-0.27510316368638477
0.24403183023872196
-0.979043183742591
-0.16567794345571638
0.9635974304068522
-0.843054082714745
3.871450724560189
0.4169884169884123
0.1384189480159974
-0.13310807351660825
-0.6049110575690754
1.170766929702399
-1.7638662316476301
0.9444732745199816
-3.3672630063746656
1.5055593977762385
-1.3784067085953855
-0.6217781793059491
-0.18181818181818668
-1.2107575270545328
0.8242950108459894
0.04302925989672733
-0.9946236559139785
0
0.14118924789573223
1.1441895775717226
-1.8121381085138297
0.9610134323468335
-1.0708491076257411
0
3.4550623223267025
2.3303741280913077
-3.1345210431190313
-0.650389167288626
2.2537025112685125
0.33585222502099554
-1.1767782426778242
-0.05292405398253506
1.7156473391580667
0.16138268519964125
-0.5457380457380457
-0.005226025607520723
0.7473607191387036
-0.9181926648337421
3.90575916230366
1.0228761463267249
2.7133522868971065
1.0051959403680772
-0.31730769230768796
0.8006173434937739
-0.6746411483253545
-7.827930054434221
10.395108184383822
1.3018984045826822
-2.145060286008042
-0.9503796742919953
-0.03857280617165776
0
-0.8392822689561855
-0.5545286506469544
1.5701428291919344
-0.7946063086925115
0.04854368932038835
-0.14556040756914118
0.15063168124392173
-0.1504051234777502
-0.8163265306122427
0
4.516950813247111
2.156182619293147
4.157107460769015
0.7048458149779736
-2.8433945756780403
-1.7739756866276493
0.5546387972130505
-1.00743036878333
0.3223429729231903
-0.32130726154411093
-0.2901086756308587
-0.24015148016442397
-2.8748669043099815
0.29075309818874684
2.756522978945868
-0.18963045187548722
3.109360518999069
-1.6853175138196037
0.37941122691534934
-0.10018671159890126
-0.2917445411861073
-2.523659305993703
0.10318465362789142
-1.040153680363598
-0.34089295014439747
-0.042757375647303475
-1.6730038022813603
0.5413766434648016
-0.05288461538461101
-1.7653566790129416
2.3455097443932944
-1.7511123869671266
4.962259556854156
0.7840772014475313
-0.60765087695071
0.12968366448984217
-0.6244507146491511
-1.5779184509402389
0.39252778434618973
-1.069342377991345
0.6190181419932385
0
-2.257347025696835
-0.363125786772538
1.6132951066621224
0.5260389268805892
1.203558346415498
-0.33374071636739255
-2.3581568645946325
-0.3960778631116395
0.2570195431841415
0.7787559253168186
1.1423086153107838
0.009490817633930532
0.6073546856465092
-0.45276611800218663
-0.16108400056851455
0.11863522042423953
-1.6636648023509508
1.2098134670072958
-0.3238403657491276
0.37267080745342485
0.9424980959634295
0.8771102518155196
-1.809087509349281
-0.33325398714591764
-1.0317649868640988
0.05309136541338429
0.5065123010130246
0
0.7199424046076314
-0.05718370264473758
1.988270633671855
0.04675081813931744
-0.39252336448598557
0.2861700131356685
-2.9938719184169904
0.04340068476636404
-1.1905909572929634
0
1.5512951851309686
0.004803766152681165
-3.1895475069651305
1.2206013694551905
-2.171568627450978
0.33572180187403144
-1.7329204954055155
-1.4077349189408976
0.819587628865984
0.01022547164987055
-2.821941618526651
1.4677258140880562
-0.585856491082536
-5.084745762711864
8.027472527472522
-0.20853466252987687
3.792048929663613
0.5745433117265674
-0.5322005761437364
0.1374435499705456
0.965686274509795
0.00485507598195678
1.7865812214778
0
0.04292664313651107
-0.44338498212158195
1.949047026146934
-0.41335901169618966
0.2028206216687978
0.2636038410845372
-0.7840375586854375
0.22240098424264504
-0.047214353163361665
-0.7416154936230429
7.876076714414886
-0.10587612493383143
-1.9387034092916484
1.3195226300382878
-2.5735620944083957
-0.2600483598704445
-2.255054432348355
-0.5896391969675656
2.15129689780162
-0.4470046082949225
0.7360088876544755
0.1746163036485701
0.009174311926597161
0.44950004586736
-2.095890410958908
-0.6529546196539341
0.20186845687996724
1.1384932533733005
-0.7272895724278418
-0.04666355576294914
-1.6013071895424922
-0.8397779570147469
0.09090909090909526
-0.7409532004397915
1.3870159892120846
2.408322249667503
-4.118929449417885
1.0062406269653226
-2.1648546386321206
-3.8870122876584956
-0.37182295115366754
-3.3691206543967325
6.719221205227237
0.14872837241584452
-1.212811246967972
-0.03507716977349259
-1.308336257456521
-1.3612352702153574
1.3954685890834144
1.4676755878320091
1.5015015015015014
0.5966469428007845
0.5587961374442474
0.4240799415062061
1.2814289874769484
0
0.44090865522861467
-1.3646340299647086
-2.0414086687306416
-0.14320987654321438
5.791009346718753
-0.3365744203440454
0.11257035647279977
-1.0447901049475348
1.5860991430330005
0.004660700969421563
-0.06990725637321155
-0.284488387277302
-0.26659183387118557
-0.22509848058526458
0.39481105470953615
0.4494382022471868
-0.3495525727069351
0.9634722417099252
1.7742159633112606
-1.3154301319981834
-1.2591670125916576
-0.6866591928251248
-0.49856544847372697
0.009454029780185209
-0.48210993997257734
-0.2564711469959673
-0.8571020427598686
-0.10085970894769267
-1.091346153846145
0.03888591843677281
2.0698702686944226
-0.11900794973104205
1.4774568677914404
-1.3667105015968397
4.618827674872625
-0.7782986664239183
3.6559633027522853
-0.06195512678672551
-1.5586945932781415
-3.0138095452296345
5.7232966931032925
-1.8161877604737922
2.479781957910728
-1.3733868154865714
4.283630255072724
1.3098770665536283
-2.598435080965727
0.5241000085917956
-1.5384615384615385
0.004340277777773831
-3.1769454450761607
-0.4930745439060469
2.765890355421419
0
-0.0832858457896853
1.2854259892954165
-3.070992333347756
-3.2978818482438186
3.151571164510158
-1.442523071409364
0.18181818181818182
0.5762250453720426
1.3714079487526545
-0.3026122557963476
-0.8659554523947726
-0.004502679094056871
-1.60302593659944
-0.6910122643236276
1.3778166904750975
-0.05454545454544628
3.015281062397659
0.13244448368725442
3.2582337639433927
-1.3620836891545727
1.7964590277477166
-2.6152406871916996
1.366752543557058
-0.06461617989144482
1.715591189275388
-0.9831758274356833
1.7718810186175944
0.7611758274107367
-0.48831385642737135
0.07549385563896016
1.7015213109257747
-0.2760951085836658
0.6322314049586852
-0.016425081098841658
-0.8912070310895837
-1.5208022542681843
1.0351357037660387
-2.5405022697930115
-1.465749326951828
0
-0.9497788186312816
1.580629624764653
1.7887931034482758
-1.1391065001058687
1.0922641994345927
1.2118130587686924
-0.5400427010507656
1.0143951511069915
-1.8584107671152925
-0.3099392858659271
1.516183986371376
-1.6907199194495608
1.6003072589937266
-0.6972446236559292
1.167413924371896
0.7065808177941146
-1.0046913272719649
-0.18452505766408434
-0.5630015545565351
-0.3549245785270477
-0.3349870669550138
-0.7275357385976816
1.332876183945481
1.4972085941465103
-0.45420451704309067
0.05023232450080866
-1.4518220994937374
-0.5646599303727682
-0.5550574270953418
0.3864153535700485
-1.4926649843890378
0.0043417853421484805
-3.4168367125428847
0.7821630854985208
-3.7332738626226503
0
0.6857248760598492
-1.1596337030049155
2.751524745099861
0
0.575441776166734
0.46402667027076555
-0.2914798206278027
0.026984483921740906
-1.2904096038847093
0.11842944338161196
1.242038216560518
-0.05841908956096624
1.1285971223021543
0
1.0804321728691557
-0.32550365091933187
-0.38393645189760894
0.8594338368847576
-1.453858655070932
-0.1069709395614232
1.8026057469212964
-0.6793478260869565
-0.5736728299721989
0.22191647064045095
-2.5685310659403924
0.44543429844098825
-0.5203855378071406
0.836972343522566
-1.673583543847003
-0.8074505665917286
3.538226724018316
0
-0.9202179933887211
0.5951307484219936
0.761921835783435
-0.9029445778845178
0.5700435387584639
0
-0.8836918682495639
0.013508645533128923
-0.2746386925397285
-0.009029345372452284
-0.0993317681054846
0.0632739763174587
-0.16260162601625605
0.018096272167937518
1.5514745793377838
0
-0.27170281947351604
0.5225547119249584
2.6302927977962534
0.865838347980432
0.2060174256405737
-0.9637212489827388
0.06487328085805727
-0.5013614556770501
-1.1511228877980975
0.9272279838284369
-0.7706709626855845
-2.0228170250109656
3.909713825070524
-0.6464959917248514
0.637688703800116
0.086210612526402
0.6718635600155006
0.02566844919785707
0.18818698943587062
-0.19637139807897158
0.312246032764435
0.03411222923418821
2.063086104006824
