-2.620979020979016
0.824404676413978
0.5441595441595416
1.2255249213680541
0.7656024745615606
-0.04722615773536178
0.1500833796553666
0.48842759615918047
1.2593206296603123
0.33818796705394893
0.03805381897254936
1.2091077056841648
-1.3799028161829872
0.1442765754729871
-1.7628030879634762
-1.0777680930837399
0.26573426573426573
-0.8229878644162366
2.1378340365682136
-0.9914624070503993
1.1070931849791428
1.3810938703642515
-1.2645861601085457
0.31882145998240735
-1.0863013698630162
0.12879637708255684
0.8686030428769043
0.6472136902150041
-0.34196185286104036
0.15174506828528572
0.2184002184002184
0.6265322800326887
1.0990795885219249
-1.301344186793764
0.07867607162235732
0.16536094770798637
2.2489851150202953
0
-1.1407850506868509
0.9370816599732262
-1.1100795755968145
0.18910183334897274
0.078978367958885
0.638016130973875
-0.2405635300372191
0.6474906406959907
-0.9252763253689805
0.9112043395772629
0.4700243618260777
0.12782836735500466
-0.050013161358254565
-0.05530536462036578
-0.5757575757575734
-0.42802432980401234
-1.8525419217460717
0.34170418180831774
2.3256756756756807
0.1175367467413219
1.522226619179523
0.5664986227327109
-1.0465116279069768
0.5353179266222744
-1.448051948051948
0.07247809184950912
0.7848301290492542
0.6062506532873371
-0.6740259740259693
0.024842771407272868
1.5960784313725538
0.3589763384413432
0.283333333333338
0.672453688907064
0.033017130811337114
0.5420639051451617
-0.36237373737373507
-0.016473838277599153
0.07097591888466874
0.05572724048836866
-5.615189873417726
1.0527868676573147
-0.882559821630015
0.42311606234267535
-0.014666666666671517
0.7067703263145262
-0.8355513182113039
-0.5675141544706762
-0.7278782751164984
-1.2459247033995802
-1.9150684931506874
-0.7010977347001455
-0.565400843881854
0.05940762114911056
-1.1506926774102295
0.3918428052512604
0.7991452991453043
0
1.3877700993485085
-3.766221094740948
3.8469894700250493
-0.27197790702539854
1.3957651534222846
-0.5517241379310345
-0.16504854368931535
0.5820980536530422
-0.49861878453039177
-0.8523161065533896
0.672033601680084
0.020860858076628887
-0.3031145717463874
-0.2663802962260391
0.44049167260980826
-0.008353521009110403
-0.6307435254803702
0.046239858758252164
0.8837535014005653
0.012494620371779319
2.0724597445863435
0.3087049351991598
-0.30911062906724757
-2.2969591470380193
2.016897958047404
0
-1.6209136058505729
0.6878952623987624
-1.545454545454543
-0.10912448585579033
1.3921568627450929
0.533193358565632
-0.138774388568293
0
-1.6799900934245031
-0.081166559377539
0.29411764705882354
-0.2932551319648094
2.014005602240899
-0.32400669979956015
1.081237431475717
-0.19894531729052087
0.43554839502463966
-1.031810766721039
1.7994258320627463
0.6058479847795825
-0.9146995708154482
0.48999702211754265
-0.7408405172413793
0.8250780295833924
0.31225604996096556
0.523279216422917
0.8916177255739479
0.5450600624437717
-1.6631578947368373
-0.8349389852280098
0.7987910189982704
-1.6116941529235334
0.20952380952380456
1.0495017242783853
-6.0152901500799425
0.12866333095067906
0.6496287835522558
-0.13617987091283587
0.12500177559340592
1.281087292692272
0.06863706401456277
-0.1119836503870435
0.3377289479953526
-0.13268156424581007
-0.0950982448779831
-0.24637092823046117
1.321901180168673
-0.5678434414082517
1.7174376331954393
0.005477501163964015
-2.244283171299461
1.6654760403972437
-0.468448608432075
0.22148394241417496
-0.5552486187845279
0.15139309425261308
0.4521058981791
0.23193848107906867
-2.2809603173510054
0.1155824934808629
1.5670097286947244
-0.06099251455502684
6.392865068797154
0.19555439671468614
-1.6082232776006813
-0.7815496105476065
0.7690462227435066
0.4457377157595373
-1.3707829659476898
-0.22830135779229066
-8.63910076274589
0.18455048774058008
-3.5628654970760207
0.05760805299941152
-0.3999939394857736
0.704321767041395
-1.1132930513595138
0.6675526633365385
-0.5311077389984825
0.6849733028222675
0.7894059000894008
0
-1.0823812387251954
-0.0015197568389113039
0.0060791197434694405
0.030393751044785193
0.03798064506327575
-0.07593245049204228
-0.6930301832882514
0.12090232928285859
1.0531786429433918
0.43866283466949024
-0.6204819277108407
0.019700551615447988
0.14545234163117912
-0.6914080820612103
1.8159658744667857
0.03291836246109376
0.9782511143686324
0.047401789417547815
-0.09327805744744125
0.32751900647628623
0.5391592070666784
0.6405829892893269
-0.13722828070482251
-0.5350486075579324
-0.6334602213436331
0.08726777896106432
-0.4448253949487853
-0.010390998426516753
-0.3518460784750341
-0.4782336640743639
-0.09131599826350449
-0.05843572070721661
-1.3882850332079033
0.13074876472824573
-0.4949818557264597
0.007629510948348211
1.8614586512053708
0.2995805871779509
0.20459976105137123
0.4515850187042667
0.6424332344213677
0.010319461029289845
-0.8475825471698113
-0.39247751430907063
-0.780585364397549
0.4843707692770513
0.21407185628742786
-0.06423375110168623
0.17339312406577526
0
5.0107437029962885
0.18472731406485352
-0.802791330988305
-0.6520060625125162
0.6577243026970988
0.1515606457055486
-2.0201299164822615
-0.04371266210112196
1.329446064139939
0.2690182989987314
-1.1707485042826935
0
-0.9392738411509345
1.1196435898938923
-1.0840579710144953
0.04248959737444391
-1.1818807574581616
-0.08003082668879326
0.6763571640462824
0.005893099180853854
1.175604007071305
0.4673985846996047
0.28116349512312566
-0.27892994956137446
-0.4101449275362345
1.284980426968584
-0.5962643678160919
0.31076100310761
0.9538904899135421
-0.0884930490137281
-2.4785714285714286
0.0014648795136653306
-3.1333313801892673
0.955736688493351
0.4179211791668621
0.24165398729078758
-0.8095238095238041
0.2160345655304794
0.18862275449102342
0.617099483011076
0.5910393679739852
-0.007381490175236577
-0.261324041811844
-0.5240174672489029
-0.55951548340055
-0.03741114852225964
1.3697604790419162
-0.02215166506682419
-0.8774002954209695
0.02086251601942652
-0.5810488676996425
1.597482391727864
-0.12537612838515547
0.09008875958115305
-0.6271026382576875
0.0059393885399579155
-1.4877284672833473
0.001507181720905572
1.1559909570459657
-0.1743224518378327
-2.4731343283582063
1.1707451448510169
-12.735221153264364
-2.0835861256045316
-1.635774603005995
0.4985331965516588
-1.5329512893982873
0.03455550705660821
1.8253549806374132
0.34459978217008913
0.47686832740213847
0.4090812495572617
-0.8501031764228615
0.7150861838945483
-1.9922640809622085
0.02162512839919659
0.5927607516710742
0.30090270812437636
0.8089285714285747
0.2958213026765596
1.5930766513599404
0
-1.6237265741803073
0.6556160316674817
1.8838111624150737
0.18782740556935046
0.3560310280180908
-0.013710838417772363
0.20740486801509023
0.40368792870459713
-2.0989147656609335
0.40720438527798897
1.0554775646025156
-0.18522329697468926
-1.7972508591065355
1.4784616999685063
-2.55866480456559
0.11324427143235666
0.5532087877127588
0.01581944737398133
0.5641377128697115
0.5714585299360354
-0.9209543171905681
0.0035076027289276837
-0.1490678872696024
-0.02810172825629415
-0.33907238229093783
0.30320658592909583
-1.2056450904233722
-0.023126323092526317
-0.8096085409252669
-0.0807247286752175
-0.6050269299820434
-0.005418781496670735
-0.40101156069363836
0.1487177627044836
0.5577689243027921
-0.5888920904768732
1.4709878444231048
0.8676557227786309
-1.2336501531000517
0
0.3171929321529662
0.5019739545186653
-1.503732669747607
0.6568737142238522
0.03944207393595715
0
0.3960573476702574
0.39092483175951226
-0.20448079658605975
-0.042761692650327594
0.8466872248266519
0.3658795248868746
-1.190497155838902
-0.509740317607419
0.9906665950090336
0.43637137687587124
-0.18544683857294242
1.0687428116429203
0.6285124039286498
0.003479592191791957
0.5062630480167077
0.2215644527530988
1.0328330368400178
0.18291536318101473
-0.7013173162241393
0.27322873885174565
0.3376062517137342
0.1229739192812982
9.587008068780811
-0.12608770100092406
-0.7839775561097285
0.06754952322604242
-0.7001569858712773
-0.26243399626900205
3.671062642657866
-0.15289584734878603
2.3398260443464443
-0.49527172611921616
-3.648065442624928
0.6913772922356641
0.1813447410025081
-0.0046414481318199415
-1.196001980443127
0.31318999671150505
0.6915499773646199
0.21239651483674643
-0.3511811754513501
-0.012420045954172855
0.4906527544873046
-0.217861557478374
1.161368246643646
0.4439069938312235
-0.8381718709520108
0.6608369576910664
-0.23359135253972232
0.3871698344198462
0.025915029192529273
0.43282126310655383
-0.44764795144157815
0.8139623504306018
-0.6183945932052138
0.38034383082306406
2.4946953622309844
0.2883506343713956
1.0232818743456986
-2.211194628913377
-0.6626865671641736
-0.08413967185528523
-0.20000000000000273
-0.4008016032064046
-0.8638295941059948
-0.4410193804364358
0.5073496727517888
0.016775452937234855
-0.3628989219767345
0.6947738924171648
-4.062371768567901
-0.31682666413205335
-1.5430823506976505
-0.2501815834073118
5.681229773462789
-1.2402198710783787
4.987519573339945
-0.35293422723648876
0.3556662072644823
-0.17720285296593277
1.5932188345981557
0.03640281903430601
2.2183083215673665
0.39159843360626556
-1.309219858156031
0
-0.5734653693030691
-1.121743907022469
0.9268734832314924
0.007242598064777797
2.1059949884850977
0.43123625789062536
-0.6751507789657943
