0.5844636251541262
-0.5700345698384289
-0.32548792365828255
1.5746180963572178
-1.7828003604568992
-0.026037146328755603
-0.8941748415661127
-0.28906797477224266
0.18448563647544355
0.5599539008869046
0.9978199937714153
0.004933642508259364
3.795017266896901
-1.2868804734009183
-1.4240315862965462
-0.5482897998559126
2.609218830578828
0.015556379910721604
-0.8805934434075181
-0.40558157500845404
-0.44844136326174433
1.0664978450899751
-1.2070253210301747
0.5669901965566014
1.4113025449519214
0.8488659867768199
-0.21813612168201485
0.6546508726697938
0.1900422578436739
0.5737579377702462
-0.044514209404225236
-0.23907744234014203
-0.9362811897936999
-0.11502840134240191
0.3371720289682968
0.4389805239368669
-1.4949637745184619
0.08491197856869934
-1.7649097231350235
-0.0827149981753956
-1.5059287575174785
1.2941103763673534
2.9602694260054485
-0.5878309511957921
-0.730788488591129
0.8106258031200086
0.2430191556275569
-0.5276417740172035
2.4180445378954367
1.2877939529675422
4.8691726552422985
0.417307269931913
-2.7537182852143403
-0.21142124558603145
-0.5364347375301504
0.036257336445429625
1.965114962056858
1.4751457928353153
-0.6206692719450803
3.0555371973652283
0.9961522017956469
-0.7587943952927308
2.2863236470274555
0.23040273564153468
0.4108591637195756
1.2886517843269243
-0.26386033810940257
0.9679966366218521
-4.480779972579096
0.01807491520739081
0.31147018177951813
0.18545404448777594
-0.12270198227166373
0.29442290991505443
-0.09292502639914754
0.641567665835189
2.897530954956465
0.34905795178510207
-2.2975996745321363
-0.0020820103892394163
1.8176329131054911
-0.39364040693216096
0.15294600698008248
-0.2142073814428726
0.35538208709942853
0.3633349026671852
-0.9443101742792788
-2.300921398054254
1.5268703898840847
2.000020757869835
-1.7929097643371803
-0.014505667571540256
2.4113989637305773
0.9845487569186484
-1.1102204408817562
1.3050703197827511
-2.2474494898979867
-1.4703324363316272
3.0780094707983676
0.8734636308684337
-0.9627772728634779
0.5213638151326677
-1.6663322632423792
0.9722604801110101
-0.17378652548196183
0.22267206477732793
6.777418703292267
0.7708240724101729
0.04692808739886997
0.6604375398701605
4.06150978564771
1.4902649160830523
-2.2819929051728733
1.9361363964744946
-1.6114457831325268
5.34751172778923
0.6111111111111112
0.9217177080236164
-4.270202020202014
-1.7823384068866734
1.2990152193375144
0.7264628682026576
1.3011853684644705
1.7521826496673993
-1.6964734122694207
-3.0168158911036804
0.6669523758504214
0
1.5902580067229075
0.9236786506259649
-1.8356401384083108
1.3412291369252254
0.480869565217385
0.2994296989260371
-2.5919119233125363
-0.7927720448204083
-1.9178571428571363
0.35320249062374165
-1.0422714078374422
-1.8709151075707469
4.3026623073330255
-1.1060758042559289
-0.7924217313735612
0.012780019352597413
-0.9529025191675761
0.5916178259427081
-0.7851004965279587
1.56785255907147
-2.026382058018706
1.7129071170084473
-1.7205517442709126
0.0556947925368978
2.4362185731515016
-2.3175988987103286
2.2854334906403846
-0.7822555791229409
0.47049580208114455
0.296433702511506
-1.7425203989120646
0.011072357858612705
0.07011716948058275
1.192078623716181
0.6796709153691303
-0.9094611103569974
0.6584474885844782
0.168751871240511
-1.0923220447978874
-0.5677603684947939
2.1440215138928473
-1.6887718760425148
2.114897831908731
-0.26315316771749286
-2.3530153355725787
0.9655464974731538
-0.5471169039942241
0.5161456228647068
-1.0516601794492293
0.7276420887390855
0.2511848775703039
0.1316788134275779
-1.4547812348745772
-0.3224969418393379
3.2986240238006626
0.46981315476834007
-1.4646600376242946
-0.04909314059729657
-1.4280386752894734
-0.9476705022561454
1.3303025786257368
0.6168866987827616
-1.0087442778432576
0.5787389582698819
0.2955050199144587
-4.381084840055626
0.5119617224880383
-1.8984148141095791
2.6931027455090693
0.7399637105919641
2.1979568288633207
1.8881606726514926
-3.6621951549113057
0.09725625151962553
0.29335376221530163
0.4461956926745625
-0.6167057710676892
0.11850773566242007
-0.5620124332435413
0.7582716280813538
-3.0167722490441706
-0.858463781461019
2.393552693956131
-0.9779373553172391
1.3979007633587786
-0.3698301416270576
0.5818346682786624
0.2610622793178677
2.9204053724968553
-0.6743474937206542
1.2323282299368719
0.8426254434870789
-0.46221919062278427
0.1244319411382916
-0.7033374759100193
0.41900581347891735
-3.374186031809096
0.860852253077463
-1.248285576602281
-0.14921031146479138
0.782880021052229
0.694735860493309
0.5760325986293825
-0.22283199204435208
-2.4114064230343235
0.5834680889292264
0.0611109021849498
0.3701998515442186
-0.5972496559729579
0.3908273296604982
-0.37242026266417194
-1.5837594041599476
2.4100420011289563
-0.3307174887892343
0.3646214123690047
-0.11767452720056375
0.5301592347754606
-0.2315934372558469
-0.11093812635760723
2.2398924851607123
-2.396209880600285
-1.2373390196683527
0.8011363636363671
-0.1587659470529624
0.21547465585215647
0.4638236343492351
-1.201869158878508
-0.8191914032200122
-0.7839920647031791
-3.6731201814930916
1.0338805448829935
-2.213530091563698
5.068686868686862
1.0402045799765496
-0.49666983824929334
0.19889460498385025
-0.6432156967533796
-0.702128477024746
0.4701057254234372
0.5535925751201055
-0.2824534191225752
0.010561994104472954
1.5524491637704327
0.13141101394469049
-0.5107917744585264
0.11103413587921696
-1.0730874964451675
0.00383295961978435
0.853759031064933
-0.45129354982755837
1.0374315218843722
0.19269824776838082
1.1256823388548929
-0.6712473080186085
0.9892719371521494
-0.054834242590420315
-0.21759750041845335
-0.07269067322745912
-0.7703355529442519
0.39473684210526316
-0.32859015165699645
-0.0798354450591252
0.8770115806888357
0.04379548440600192
0.04284490145673004
0.013034168140765629
0.2671656240691161
0.3490822664351864
0.10084468992570463
1.6664202003770867
-3.6718515622869266
0.03869384673462027
2.2584692597239613
0.004612758891092763
0.39298892988930223
0.47690809181629057
-0.2377795052357218
-2.530137049090159
2.2722783917234928
-0.1682897894998307
-2.6557232078704405
-0.25266146202981526
0.01992258652095063
-0.20108319342874265
1.3657488808842573
0.10126202486546301
5.984338997021409
-0.23773541550670904
-0.37295582998175403
0.5228479206124725
1.0703323337667738
0.17066489291871975
1.02661331189823
0.3173944252739428
-0.166385047760277
0.3031009559337873
2.766155276615537
-0.3074551592986397
1.2260504201680642
0.20089823093335266
0.8483773953819739
2.278907373177241
-4.976746801179129
-0.08537399727816324
1.8654506691934145
0.13952677169931377
0.9164420485175202
0.16436554898093358
-2.3900557925828623
1.1196382190018987
6.991745567294826
-0.551627690156165
2.4429687500000057
-0.8602347342652625
3.701566935130276
-0.00964313001165403
-4.362082523479577
0.5251400114801713
-5.9207531154751285
0.8841718475746728
3.8284552845528426
1.7931390896491242
0.23077100593081487
1.3039240516043842
-0.5939483931574694
-0.7720212782172579
-0.9462292916337104
0.7521187262055222
-3.412370419966289
0.33464802199115573
-1.4937462775461614
0.21040920963529364
-2.641084429427612
0.9089256498818397
0.8319549303155741
0
2.119573161818448
0.35944905684385225
-2.2369255150554617
0.7829660309457884
-2.3579936144374747
0.6630371218423372
-0.7028539634745011
0.3658627026047087
-2.116567187461524
0.3464096692752329
3.325086094486603
0.7539599074538542
-1.3063446437460915
0.45233039643993495
-0.0688398461226969
0.5049031526055537
0.6402554570891879
-1.831628033684011
3.6091772022755193
-0.9673633047903333
-0.8399952272998478
-1.841824497228442
0.2819479744694066
-0.622616292336275
2.124745784950472
0.0987674147829869
3.6106788172439828
2.183355399159176
-3.240667075822661
0.46906078213340147
0.3795761529528134
-0.0031058794297577122
1.4784445272704656
0.2318499020568154
-0.13207014222351987
-0.16511489244598257
-2.8583023230884756
0.22937045298694217
-0.5198175526895279
-0.009486240997943925
-0.5107244222726475
0.47281887461161304
2.6645891992786837
-0.0038519317437695003
-0.7812018489984563
-0.09938968521423983
-1.4293708902672173
0.614261269998972
-0.699070518346674
0.2872792132969207
-1.1773038482726086
0.36392883877236315
-0.978330728154193
-0.15945768361672172
1.1083556047801377
-0.6921733608509345
-0.8504651980688657
0
-2.528941343394271
0.1604539025862823
0.17836351475215204
0.23244887361209812
2.6513375932367835
0.5431691274845268
1.1649309567254358
0.11184360798028345
0.24782660005507257
0.612148799246586
0.3767550702028024
0.24711888905295254
0.1689909380547381
0.6105913217096529
3.3567165097532574
0.013395647902831485
-2.305231043976481
0.4630899064680199
1.7786201667930277
0.6867988617910322
0.8426550662878896
1.8282259898611142
3.5490169237530558
0.08627587406505226
-0.3169990754193659
-0.20712308132195373
3.930927489237994
0.20171999919312
-1.0213325638668425
0.11932284286673377
0.34873878449297446
0.2085160942033851
0.818860733068912
-0.4461810773803512
0.39786107737827175
0.02673082063619353
2.8554249064671273
-0.7697104329864765
-0.5131931216411683
0.5526861203408231
0.6157369540323924
-5.209214000494257
4.1466560553253355
1.3168642951251623
-1.5429229058706446
0.08849206873324024
-0.8016627078384798
0.1370181914929021
-0.3334418237009434
0.6337929609660868
0.8556291390728525
0.031518398865332864
-0.5244847052645375
