0.5714285714285762
2.2727272727272747
-7.037037037037051
3.5856573705179406
-7.500000000000011
-0.2079002079002035
4.1666666666666705
0
5
4.952380952380948
0
3.085299455535389
-0.17605633802816528
0
-4.938271604938276
0
-4.823747680890534
1.5594541910331399
3.262955854126678
4.089219330855014
-7.499999999999999
1.5444015444015458
3.231939163498098
4.972375690607744
0
3.684210526315789
1.1844331641286003
4.849498327759183
0
4.944178628389163
-8.35866261398176
-2.6533996683250436
3.577512776831345
0.3289473684210456
2.1311475409836196
-3.370786516853946
1.9933554817275767
0
-2.442996742671001
2.8380634390651074
-4.545454545454549
4.591836734693885
-4.715447154471545
0.8532423208191096
4.06091370558376
3.089430894308935
-5.520504731861193
-0.6677796327212026
-0.5042016806722731
-2.8716216216216206
2.2608695652173894
0.5102040816326573
-0.6768189509306266
-0.5110732538330536
1.1986301369863062
0
-0.6768189509306266
0.8517887563884127
-1.013513513513507
2.5597269624573284
-5.823627287853571
0.3533568904593564
3.345070422535218
-3.577512776831345
4.240282685512371
3.389830508474564
-7.868852459016387
0.533807829181499
3.0088495575221224
3.951890034364253
-4.297520661157021
-5.8721934369602735
6.055045871559634
-2.249134948096884
0.1769911504424741
0.7067137809187285
-4.912280701754391
3.3210332103320983
-1.6071428571428548
-1.996370235934654
1.296296296296285
5.85009140767825
-8.117443868739201
0.9398496240601469
-2.234636871508382
3.809523809523813
5.871559633027512
0.5199306759098831
-2.0689655172413812
-5.633802816901398
7.276119402985069
-0.8695652173913012
10.877192982456142
4.272151898734171
-4.097116843702573
2.84810126582278
-2.923076923076929
1.4263074484944651
8.4375
2.3054755043227555
7.4647887323943705
0.1310615989515044
4.842931937172777
2.372034956304613
-7.195121951219501
-2.628120893561106
-2.4291497975708465
-3.872752420470266
-1.1510791366906485
-1.0189228529839924
-3.9705882352941115
0
-3.06278713629403
3.7914691943127994
-6.544901065449019
2.1172638436482067
2.711323763955356
4.968944099378873
-3.254437869822482
-4.892966360856273
2.2508038585209094
2.8301886792452784
-2.140672782874613
-4.3750000000000036
8.169934640522875
1.2084592145015116
3.7313432835820897
4.316546762589925
-6.20689655172414
2.941176470588238
-4.285714285714283
-3.7313432835820897
-0.6201550387596905
-4.056162246489857
5.6910569105691
0
-4.923076923076928
-4.854368932038832
3.40136054421769
-0.49342105263158303
0
-0.8264462809917327
-0.8333333333333304
-0.8403361344537785
2.372881355932198
-3.807947019867557
0
4.991394148020655
-3.770491803278681
0.340715502555359
0.3395585738539977
3.891708967851092
-2.1172638436482067
-0.16638935108152725
-3.6666666666666625
0
-0.8650519031141838
0
-1.5706806282722643
0
-4.255319148936159
1.8518518518518452
-1.6363636363636338
-4.621072088724584
-0.38759689922481516
1.167315175097286
0.5769230769230816
4.206500956022939
-2.935779816513764
-0.18903591682419257
2.2727272727272747
1.8518518518518452
-0.727272727272728
3.1135531135531123
-2.66429840142095
2.0072992700729824
-4.830053667262962
-1.3157894736842157
2.285714285714288
-1.3035381750465602
0.7547169811320762
0.18726591760299227
-4.112149532710276
0.3898635477582936
0.7766990291262142
0
3.853564547206152
0
2.0408163265306185
1.6363636363636338
-3.9355992844364893
-2.9795158286778425
3.262955854126678
2.973977695167289
-3.7906137184115516
-3.189493433395871
0.968992248062012
-2.879078694817665
2.964426877470363
-1.1516314779270558
1.5533980582524285
-1.529636711281072
0.19417475728154923
-1.1627906976744282
1.5686274509803937
-1.5444015444015458
0.588235294117652
1.1695906432748635
-5.973025048169566
-3.6885245901639285
5.531914893617016
4.435483870967737
-8.494208494208484
2.1097046413502034
1.0330578512396658
4.703476482617596
0.19531249999999584
2.1442495126705716
-4.580152671755729
-2.7999999999999936
-0.8230452674897126
-1.4522821576763543
2.7368421052631557
0.6147540983606609
-1.0183299389002
0.8230452674897126
0.20408163265305687
-4.2769857433808545
6.382978723404252
-2.599999999999998
4.517453798767962
-1.7681728880157144
4.0000000000000036
2.8846153846153744
-2.616822429906536
1.3435700575815794
-0.5681818181818229
0.1904761904761864
-2.8517110266159595
2.5440313111545967
-0.9541984732824393
0.19267822736030416
1.1538461538461462
-1.1406844106463805
-0.9615384615384581
0.9708737864077635
-1.5384615384615399
0.19531249999999584
0.3898635477582936
-1.747572815533995
1.1857707509881523
-0.9765624999999966
1.9723865877711961
1.3539651837524234
-4.19847328244276
0.9960159362549943
-5.917159763313623
0
-2.7253668763102707
-4.956896551724128
8.84353741496598
4.1666666666666705
-0.19999999999999574
3.0060120240480854
-6.0311284046692535
1.4492753623188463
3.469387755102039
1.77514792899408
-1.5503875968992262
2.362204724409451
-3.0769230769230798
-0.5952380952381001
-0.39920159680637873
-1.2024048096192483
2.4340770791075075
-0.594059405940599
0.7968127490039848
1.1857707509881523
0.7812500000000007
-0.19379844961239898
-4.466019417475736
3.455284552845527
-5.108055009823179
2.2774327122153273
-0.2024291497975845
-2.636916835699795
-1.249999999999992
3.3755274261603403
1.4285714285714162
-1.40845070422534
-0.8163265306122456
0.8230452674897126
-1.0204081632653206
-2.0618556701030855
1.684210526315791
-0.41407867494824974
1.6632016632016648
-3.680981595092019
2.760084925690019
-0.8264462809917363
3.750000000000013
1.405622489959827
-3.168316831683171
-1.6359918200409014
-0.2079002079002035
4.583333333333329
-6.972111553784854
-1.2847965738757947
0.6507592190889232
3.017241379310357
-6.066945606694561
3.1180400890868523
-2.5917926565874754
4.656319290465631
-5.08474576271185
-2.9017857142857313
1.3793103448275978
-1.360544217687086
1.8390804597701167
1.5801354401805934
0.2222222222222175
3.5476718403547705
-1.7130620985010723
-2.8322440087145946
0.896860986547086
1.999999999999997
-2.6143790849673225
-5.592841163310962
9.952606635071088
2.370689655172421
-5.2631578947368425
3.111111111111104
-2.3706896551724017
0
-0.6622516556291446
-1.1111111111111072
3.595505617977531
-1.0845986984815772
-0.21929824561403044
-1.098901098901095
4.444444444444448
-1.9148936170212736
1.3015184381778657
0.42826552462527756
-2.9850746268656834
4.615384615384615
-5.042016806722693
4.646017699115063
-3.171247357293876
0
-1.3100436681222816
-6.8584070796460095
7.125890736342039
0
-1.330376940133029
0.8988764044943828
-0.8908685968819606
0
0.674157303370792
0.44642857142856185
-1.1111111111111072
1.1235955056179734
0.8888888888888897
-2.2026431718061596
1.576576576576563
1.7738359201773852
-4.357298474945538
1.5945330296127629
-1.793721973094172
1.5981735159817416
-2.2471910112359668
5.74712643678161
-9.130434782608695
0.4784688995215422
-0.238095238095233
0
-1.1933174224343843
-0.966183574879228
-1.463414634146332
2.4752475247524663
-4.106280193236703
-1.7632241813602085
2.8205128205128176
4.738154613466344
-5.714285714285719
0.25252525252525837
-3.526448362720406
0.5221932114882512
-3.1168831168831197
-1.340482573726537
-1.3586956521739202
8.539944903581269
-5.83756345177665
9.433962264150933
0.4926108374384351
4.166666666666665
5.411764705882363
0
-7.142857142857149
-0.24038461538461026
10.120481927710841
9.190371991247263
-9.819639278557117
-1.1111111111111072
0.2247191011235907
-9.865470852017946
8.955223880597023
-3.1963470319634633
5.188679245283013
1.345291479820619
-3.761061946902654
1.3793103448275978
-1.1337868480725584
-1.1467889908257043
-2.5522041763340937
1.1904761904761862
-2.8235294117647083
-3.1476997578692467
0.7500000000000062
0.7444168734491156
3.44827586206898
3.5714285714285587
-5.057471264367811
4.1162227602905554
-9.534883720930226
4.884318766066836
1.225490196078427
1.6949152542372952
-0.9523809523809532
-1.4423076923077043
2.4390243902439157
0
0
4.761904761904766
-3.6363636363636394
-9.198113207547173
7.532467532467521
1.4492753623188528
-1.9047619047619064
0
-1.2135922330097044
0.9828009828009836
-0.7299270072992761
1.715686274509811
-0.24096385542170298
0.24154589371982307
-2.40963855421688
-0.9876543209876553
1.745635910224446
5.637254901960773
-6.264501160092798
2.4752475247524663
1.2077294685990512
0
-1.1933174224343843
0
1.6908212560386544
-1.4251781472683993
-1.2048192771084507
0
-0.24390243902438508
-1.9559902200489017
0
-0.24937655860348598
-0.24999999999999467
0.25062656641603476
0.24999999999999467
0
0.7481296758104801
