0.8259911894273128
-2.5122883670125584
-5.602240896358543
-2.077151335311573
6.545454545454552
-1.1945392491467706
0.6332757628094547
-2.1739130434782674
3.2748538011695874
1.2457531143827956
2.572706935123039
3.0534351145038134
0.582010582010579
-0.6838506049447569
2.1716101694915224
0
1.8662519440124388
-1.272264631043257
0.8247422680412342
-1.8916155419222846
1.5112037519541457
0.4620123203285304
-1.635155850792023
0.7792207792207793
-2.7835051546391782
-0.3181336161187669
3.0851063829787293
0.30959752321981127
-1.851851851851849
0.9433962264150854
-2.1806853582554457
0.6369426751592296
2.267932489451483
-1.9597730789066587
1.5781167806417675
0.7250129466597648
-1.6966580976863812
0.41841004184101016
1.6145833333333304
0
-0.6663249615581666
0.20639834881319774
-0.10298661174046789
0.3608247422680354
-0.1540832049306538
0.6687242798353822
-0.15329586101174397
0.20470829068577567
-0.05107252298264695
-0.15329586101174397
3.0194472876151512
-1.4406358668653778
0.9576612903225835
-0.1497753369945139
-2.0999999999999943
0.051072522982632436
0.05104645227156422
0.816326530612242
0.7591093117408907
1.5067805123053741
-0.04948045522018522
1.4851485148514851
3.317073170731713
-0.566572237960348
1.377018043684713
-0.4215456674473095
-0.14111006585135605
0.518134715025904
0.7497656982193038
0.0930232558139482
3.299256505576219
0.5847953216374192
0.044722719141321254
-1.609298167188196
1.044979554747847
2.967625899280573
-4.7161572052401795
-2.3373052245646173
1.5016424213984125
-1.756819232547393
5.600000000000002
0.04456327985739497
-1.4253897550111307
-0.5874378671486721
2.590909090909086
-2.259636685866192
1.4959202175884005
-1.1165698972755693
4.110207768744352
-0.6941431670281971
-0.5242463958060363
-0.08783487044356111
0.6593406593406593
0.5676855895196556
0.5644811115935662
0.3022452504317863
-2.3245802841153704
-4.583516967827238
2.9561200923787556
-0.40376850605653014
2.342342342342337
-0.6161971830985816
3.1000885739592556
0.6013745704467256
1.4944491887275833
0.8413967185527976
2.795160617438472
0.9740259740259763
-2.934083601286178
-0.7867494824016587
3.5475792988313857
0.6449012494961687
2.803364036844213
1.129723412543839
-1.2711864406779703
-0.11705033164261075
3.867187499999991
1.1282437006393382
-0.2975083674228169
-1.5292801193584566
4.962121212121221
0
-2.5622518946228876
-0.22222222222223065
-7.4610244988864025
0.2807862013638141
6.440000000000009
0.3757985719654265
4.567577686259823
0.10741138560687839
-3.719599427753946
0.297176820208028
5.81481481481481
0
-6.580329016450826
-0.2622705133008575
-5.108940646130727
1.2668250197941477
-0.07818608287725451
-1.40845070422535
-2.5793650793650795
2.7698574338085584
-0.4756242568371054
-1.1947431302270013
2.740830310358731
1.8830914083954424
-5.621871390065459
3.5903712770297886
-2.4025206774320575
0.8071025020177562
4.323458767013615
1.1128165771296918
-1.9354838709677507
-2.0123839009287883
2.3301737756714194
-1.1192589733693685
-0.5074160811865663
0.7453903491565342
-1.5965732087227502
-2.374356944994064
1.0133765707336846
1.9261637239165375
-3.070866141732288
1.056051990251837
-1.607717041800643
0
1.838235294117647
1.123144805455268
-2.9750099166997224
-2.616516762060509
4.575986565911001
-1.0839020473705294
3.7743506493506422
0.19554165037152915
-0.23419203747072379
-0.5868544600938967
1.1019283746556408
0.5060334760607285
-0.07745933384972449
0.6976744186046556
-2.078521939953813
0.9827044025157121
-0.3503308680420309
0.6250000000000089
1.125776397515519
0.5374280230326208
-0.42000763650246886
-0.8435582822085845
1.3534416086620262
0.7249141549027002
0.07575757575757146
-1.9303557910673603
1.0806638363566015
1.489117983963358
2.2949586155003634
0.036778227289453014
-0.7352941176470589
1.444444444444436
0
2.409638554216876
-2.6381461675579243
1.2083485902599613
-2.1707670043415344
2.0340236686390534
-2.972091337441098
-0.336197235711609
0.5247376311843992
0.18642803877703207
1.19091924078898
-0.3310040456049935
0.9594095940959494
-0.21929824561404337
-1.208791208791213
-2.6696329254727433
7.961904761904753
0.9174311926605585
3.6713286713286712
1.4502529510961253
-2.327127659574468
0.06807351940094916
6.190476190476186
1.8257527226137056
-2.736709657124879
0
-2.393272962483822
-0.3313452617627568
3.7566489361702162
-0.9932713873758483
5.048543689320396
0.12322858903264856
2.0307692307692378
-2.4427020506634567
2.102009273570328
-1.2715712988192518
3.2812020852499195
1.0095011876484492
-0.6760728982951238
-0.08878366380584626
-4.058056872037928
1.60543377585676
0.0607718018839224
0.21257212268447878
-2.060606060606064
1.2685643564356506
-2.047051634586003
0.062383031815342674
-0.21820448877805132
0.062480474851605315
-4.402123009678434
-0.6531678641410843
1.545036160420772
-0.4208481709290886
1.592977893368003
-1.4720000000000073
6.755440077947389
0.2738059020383432
-3.7317961165048574
0.09454774661204265
-7.840050377833764
-2.97232661428083
8.661971830985923
-0.842514581983157
5.228758169934641
4.968944099378882
-2.6035502958579917
0.2430133657351189
0.7575757575757576
0.45112781954887216
-0.38922155688623095
1.833483618875871
0.1770956316410761
1.0901591043017225
-1.2532789274264096
0.76741440377803
-1.581722319859396
0.8928571428571429
-0.11799410029497855
0.29533372711163614
-2.7385159010600737
2.2403875264910615
-4.856381403612668
0.6847183317771517
0.5873261205564072
-3.2267977873386604
-2.159415687519833
0.03245699448229986
-4.964308890330958
0.1707067258449983
1.840490797546024
0.4016064257028074
-1.7000000000000075
-0.8816547982366789
0
-0.752651385562774
1.9303688383315978
-0.3043625295907938
0.5427408412482924
0.10121457489878927
-0.7751937984496162
0.23777173913045024
2.1687563537783725
0.16583747927031509
-0.26490066225165937
0.3320053120849934
-3.904698874917277
0.5509641873278316
-3.8356164383561606
0.8547008547008466
0
-0.24717514124293385
2.725663716814155
3.549276361130259
-4.858569051580706
0.664568030780005
0.1389854065323062
-1.5267175572519005
1.620859760394632
0
0.797503467406384
-0.24079807361540717
0.9310344827586168
0.4441407584557607
-0.10204081632653447
-0.47667688117125545
1.9500513171399207
0.10067114093960113
1.1733154542406972
-7.223326706428101
-3.142857142857147
0.8112094395280195
-2.414045354791502
-0.037481259370323365
2.5871766029246475
0.4751461988303927
1.3823208439432564
0.1435235019734604
-1.8631314940881567
2.884264330047475
-3.6195883605393853
0.9204712812960235
0.145932141554169
-1.202185792349731
-0.29498525073746734
-1.2943786982248522
-0.8617459722742431
-0.3401360544217816
-5.0436101630640815
-1.5974440894568689
-3.368506493506498
-1.0499790004199916
4.244482173174873
0.6921824104234597
1.091791346542656
3.159999999999991
-3.9162466072120847
0.9685230024212983
0.27977617905676144
-1.8333997608608985
3.857084855866829
0.0781860828772434
2.695312499999991
0.9889691898060187
0.715630885122402
-1.8698578908002994
2.0579268292683057
0
-2.875280059746075
0.7304882737408601
-3.435114503816794
0.9486166007905161
-1.4878621769772948
0.874403815580293
0.039401103230888225
0.8270972823946413
-0.15625000000000222
-1.40845070422535
0.07936507936507485
0.11895321173672141
-0.9504950495049528
-3.1587365053978433
2.7663088356730046
-1.526717557251913
3.1007751937984476
-1.0684606252473243
0.32000000000000456
-0.3189792663476919
-1.5200000000000045
0.36555645816409654
-0.9307972480776945
-1.0620915032679832
3.468208092485552
-0.2394253790901813
0.5200000000000046
0.8356545961002763
3.235990528808215
-1.3379204892966359
3.0220844633862667
3.1966904851447917
-2.186588921282799
-0.5588673621460507
-1.2738853503184628
-3.9089184060721105
-2.330173775671397
-1.4961585119288383
2.5041050903119846
0.3604325190228297
2.67358339984039
0
5.207928488146123
-2.4750646472109303
2.840909090909091
2.394106813996317
2.8417266187050276
0.03497726477790233
0.34965034965034963
0.13937282229964365
0.48712595685457
0.6925207756232686
-0.27510316368638627
0.4827586206896473
-1.681537405627995
-1.6404886561954586
1.2065294535131217
0
-1.0869565217391186
0.6026231832683405
0.10570824524313296
0.7743752199929561
1.5368494586098418
-0.20639834881319777
1.3098931402964338
-2.68798911194283
3.6713286713286712
0.3709949409780852
-0.9408602150537672
-2.0013568521031324
-0.4499826929733315
-1.8776077885952829
0.9567682494684581
-2.8782028782028743
2.5659559089266435
0.4580690627202295
2.420203437390381
-0.6164383561643875
-0.861474844934528
-0.03475842891900101
0.8692628650904033
2.757669769045157
2.247567930224753
-0.8202099737532809
1.455507773734693
0.09781545484186872
-2.2475570032573216
0.9663445518160536
-0.6600660066006601
6.046511627906973
-6.296992481202997
0.9027081243731155
-0.5632869449966827
0.0333222259246804
-0.36642238507660424
0.8024072216649873
-1.9900497512437811
-1.1844331641285957
3.0479452054794445
-1.5952143569291974
3.3096926713947834
-0.032690421706428864
0.22890778286461366
2.3817292006525324
-2.8680688336520075
0.03280839895012004
1.5742866513611058
3.099773974814344
0.18791105543375067
