-1.1705575028106487
-0.695931477516066
-2.0822102425876072
2.2572431353657825
3.3918837068443275
0.7810974419058778
-4.340244138732807
0.027006954290736004
3.1859601754978093
0.6214430561915353
1.5862696658431845
2.2654550108793097
-0.43178973717147
-0.6913456099553769
0.09493070058857035
-0.3603945371775302
-1.5737039152230585
0.6511507962091507
-1.3387138098898341
-1.1361423099396222
-0.28237457315471204
0.9351333552848236
0.5937234944868474
-0.23349331949668628
1.3392276687036737
0.34000513215293526
-0.9206572469790847
1.4906110860166424
-0.07629704984740879
2.4370068719776143
0.024846263743081156
3.0863814196112553
-0.5843373493975931
-1.2119008665091195
-0.28829049868122714
0.6274606299212627
-1.5099645433427098
-0.6889702687604686
-1.65625
-0.47028916428345036
-0.529978928548621
5.9186031583001695
-4.47272727272727
2.448927801040471
0.6750061927173701
1.1871809066863477
2.370820668693009
-3.6698337292161494
-2.7925040069042013
0.14585579301160215
-1.025835866261401
0.28790786948176583
0.9314194577352414
-0.12641425952847482
-0.61388519713941
-0.6431482424859994
0.8652182272639877
-0.11437285550895632
0.10814249363867974
1.2835991612124322
-1.6814103770625624
0.14038670155063784
1.3254317211495543
0.09433368970505
-0.42724302588589813
-0.20822816759212232
0.006323110970591783
0
0.13277693474962926
-0.2336301067121327
-0.34177215189873994
0
-1.994157246284762
1.7366511145671302
-1.1019108280254748
1.8226315450505541
1.8216318785578718
0.10560318051932199
4.517530251318645
2.0008312058421924
-1.5832363213038443
0.32528980364324583
-0.4008724871779729
-0.6274045575614033
-0.9172672583239079
0.3125939284640845
0.2516929346197666
-1.052065275868261
-1.7398658853380025
1.4448201660006148
0.8787878787878788
-0.27035145689396217
-0.018072289156623768
0.614568897993616
0.06587220791663627
0.0059844404548120315
1.017293997965412
-5.218885137136421
4.631249999999994
0.3643748879995303
-1.511724794667307
-0.35049552816050006
0.31534263189812284
-0.5803409503083143
-0.5533260367262501
1.498012840110058
-0.8253012048192798
0.3158598068395824
3.796548592188922
-1.995099754987752
1.755952380952381
0.8423515647850301
-1.3573873194500894
-0.13525433695971506
1.2189376987398448
1.774390598638664
0.42300217217330877
1.8214936247723132
-1.5988372093023204
-2.511078286558348
2.342657342657345
0.6092700148046946
4.606938706208606
0.633014121084242
-4.16129032258065
0
-2.3504992707281422
0.3849026253805966
0.6237839075197358
0.1819939714496983
-4.200965086573943
1.0725925925925872
-0.527673545966229
0.48331958033714756
-2.334584702017829
-0.3003003003003003
-2.8554216867469933
-0.09921865310677844
0.8069522036002483
-1.4039408866995047
1.186610042468149
0.4258733489692546
-0.5777149529838279
0.14217716511095718
0
-0.37037037037037035
-0.09293680297397769
1.4201550387596955
0.2201296318943322
0.24405125076266015
0.426049908703591
0.7818181818181873
1.359071501593596
-0.9492732126965292
-1.5513626834381606
-2.652713555609632
3.4625000000000057
-0.6222061133260953
-0.5531578627439007
0.23838630806846522
0.9817671809256606
3.260869565217391
-2.5906432748537984
-1.254727742090418
0.1580739299610978
0.03642102707295793
-0.552184466019412
0.42101409481968777
-1.1848341232227488
0.2275102994527483
-4.12269938650307
-0.46071154338367326
1.1056826947801521
8.030264496439468
7.857100818080161
0.8403361344537865
2.472943722943725
0.46469873792047073
-1.7608409986859395
0.588550026752274
-1.0797872340425507
1.0861966983922162
-3.957657322197994
-0.08307947936859596
0.19401330376940132
0.2544951590594694
0.082776888692677
0.9042787825319857
-1.4316939890710407
0.3326311120966848
-0.2652226765388416
0.15512465373960968
-1.2169487775196373
0.16239220517415673
-2.1971264046514203
-0.05716245569909683
0.017158544955385182
2.247383770801164
1.7002237136465375
3.2776066871975313
-2.6198083067092677
0.44291338582677914
2.1721378409276424
1.9820971867007697
-4.6760710553814
-0.10961907371882708
-0.22496570644718294
-0.016498020237581495
-0.060502722622513015
-0.14859658778206083
-1.2732183211155768
0.5471192496650265
-0.5885619100499672
1.0165326184092838
0.11611190976446624
-8.764566189871323
10.865617433414043
0.5623805623805599
-1.7157128895645515
-1.4473538835487816
2.4551569506726434
0.716708611445461
4.73681351512846
-0.05186452984803693
1.878470240257384
1.1205623185453064
3.7576184959452044
-0.033982232147204854
-1.5054390054389946
0.08874864411793484
-1.0591133004926108
-0.3634553149116233
0.6646012392564439
-0.29784065524944153
-1.7724670151854574
-0.7552334127426676
2.288049029622061
1.3231475933692831
-3.483959986202141
-1.6644542019810022
1.495327102803736
1.2891344383057113
-0.29292929292929065
0.815520210718261
0.3567301411847529
-0.14018223690798948
-1.6243858417727797
-0.44847620018346523
-1.1108835875908696
-0.5590930268675236
3.13915352178666
-0.01514233797698135
-1.6053309101923459
0.2616592273357004
-3.8123017091392897
-0.9097196361121528
-1.1650381187587147
-0.14666739095008122
-4.286802306604284
1.1083323860406957
1.4615773792793298
0.44323785251260456
-0.6950190302829795
-0.01110925956785233
-0.4777512360424371
-1.758303097962601
0.32386363636363896
2.372996545279485
0.315335251161764
-1.7702531296531137
0.48282057040197107
0.8045591686221976
0.42678195322026635
-0.7450742314697278
-0.08896797153025669
0.7179430097951965
-1.8235066585621926
0.1575955422975153
-0.6069120539477356
3.46582235540227
-1.8415300546448112
0.3173189333630265
-1.2930077691453914
0.2080170911339768
3.2764811490125596
-0.04889178617991436
-1.581607696070446
0.3037331566158604
-0.7432692837086384
0.7987574883514583
-0.19260400616332818
0.46865523515465624
-0.8561080013170967
0.3044392782021477
0.849842723911489
-2.9274965800273596
4.1488162344983035
2.1866204806235165
-3.5911016949152517
0
3.4831337215690508
-0.22828626035251406
0.7928484010003773
-3.9172209903917246
0.7582417582417558
-0.01635947213436332
-2.3779656394873143
0.18436784177886778
2.7660049074280564
-0.7705665291947063
-0.28437055671004147
-0.18646484589229412
-2.109890109890115
1.1450381679389365
0.6270810210876778
-0.2040478685269975
-0.29840848806365294
0.09976720984369551
-0.7032115171650081
0.04461049461885655
-0.4626275012541082
-2.7886661440250844
3.605990783410133
-2.9244968308684482
4.896907216494846
-0.2184002184002184
-0.8153214774281855
-0.5516936996579499
0.32730500388328476
0.552944429084877
0.4289249381358237
-0.11498658489842353
0.8606512443811011
0.19022772976792215
0.08679613757187311
-0.005420054200537076
-0.5095127107160329
-0.24516480523018253
0.5789186237028896
2.953953084274549
-2.689873417721519
0
-1.3550135501355014
0.6428571428571453
-1.4412840530654631
0.5151498365922537
-1.405268378706051
0
-2.509641719300199
-1.2670565302144328
0.6097206898554092
0.1500634883989459
-0.32272936837252975
0.06938020351526628
0.5431014559741213
0.21261923916791434
-1.089512013303515
1.4551568206852519
-2.2285714285714286
0.5260081823495032
0.2558139534883774
0.32475063790303343
-1.1213872832369995
-0.5728983982228432
-1.6404045155220992
0.29888218064439
-5.286369867095776
0.3523785552479177
-1.6365688487584593
-0.2932364378147598
1.6047567291094007
-0.07550969041027218
2.0214105793450825
-0.09875933584346085
0.25332097621253685
-1.6393442622950765
-1.1842105263157952
0.7925940016485956
-0.05032712632108421
1.170694864048347
0.46659201194475547
-0.9350424174871593
0.537567195899496
-0.14921661278289547
-0.08717310087173667
-0.8662595039262037
-1.1567234550826737
-0.19080328181644726
-0.7073217358057675
0.47490694390963056
0.5812468063362377
0.9398615609322382
-1.176470588235297
1.171377641965883
0.6670022652907066
-2.9753719214901806
6.416698879010431
-0.7083181983290983
-0.03658313517467893
0.6770356816102415
0.4846722403974313
2.4960810321958333
-3.4470588235294066
0
0.536127695869377
-0.2787540904132915
-2.02965483714146
-0.13645949634040724
-1.2360248447205024
-0.16351172882208095
0.1637795275590494
-0.2326897679391119
0.9833585476550623
-0.4369538077403246
0.7210031347962382
-0.19919078742608437
0.21829975675169963
-0.37341299477221807
3.4357821089455274
-0.6582920642589603
1.1733236062982524
0.3905780555221728
0.3112467827856614
-0.3460827018318624
3.724327884557814
1.264215205218501
2.4797628548626154
-0.3170718139845383
-1.5904017857142858
-3.8332860788205223
-2.441181673447732
1.8071925052886124
-1.9354072666825062
0.34507809662186983
-0.5007541478129686
0.048508367693424356
-0.5878787878787907
-0.22556849356825248
0.256629597946966
0.3534861043393439
0.42511842584720033
0.9917755200774124
-0.688622754491018
-0.42206813385589387
0.1695428398425646
-0.15716617300368188
-0.42986014409397205
-0.3952328833758969
0
0.30523167083816616
3.712494674700262
0.11149580423684591
-1.9109026963657625
0.6155133261623016
0.02375720140166678
0.350335490766587
1.6863905325443787
-0.2385801571137567
-1.3824078394773707
-1.2775773348317345
1.8153495895991962
-0.4413322349064375
-0.42555706602045307
0.9378524366356
-1.4525139664804496
1.4739229024943339
-0.7115554248750314
0.4382847666429675
0.011793843613636366
