-0.7085020242915009
0
-9.327217125382255
0.3934794828555304
6.438969764837626
-0.9994739610731225
1.4877789585547352
0.20942408376963648
0.05224660397073893
1.3054830287206267
7.938144329896909
1.241642788920723
-3.2075471698113263
-0.09746588693956562
0.3414634146341408
-1.4098201263976555
1.3806706114398337
-0.2918287937743163
-1.5121951219512166
-0.14858841010401752
0.7440476190476191
-1.3293943870014715
2.3952095808383147
0.877192982456146
-0.5314009661835721
0.7770762506070881
-0.8674698795180777
1.0695187165775484
0.28860028860028586
0.6714628297362137
0.6193425440685959
0.37878787878788417
4.52830188679245
0.722021660649817
0.13440860215054273
1.4765100671140992
-2.6895943562610327
0.0906207521522506
-0.6790402897238569
-0.09115770282589655
4.288321167883215
0.6124234470691189
-1.5652173913043455
0.6183745583038894
-1.2291483757682227
0.1777777777777803
1.4196983141082469
1.4435695538057793
0.5174644243208231
0.9867009867009916
-1.699235344095157
0.17286084701815285
-0.4314063848144952
-0.1299826689774746
-0.17353579175705236
0
-1.6079965232507556
0.7067137809187254
1.0087719298245663
1.780286582718191
0.17064846416382495
-4.982964224872239
3.092783505154642
-0.6086956521739155
0.21872265966754156
1.5277171540811874
-4.299226139294927
1.7969451931716083
-3.662842012356568
0
-1.465872652313338
-0.6508600650860091
1.3570425830603676
-0.738688827331484
-3.4418604651162816
1.1560693641618525
0.28571428571428303
0.0949667616334364
0.28462998102466525
1.229895931882684
-1.7289719626168172
-0.4279600570613436
0.668576886341932
0.5692599620493305
-1.0377358490565984
0
-2.478551000953297
-3.616813294232652
-2.4847870182555667
-2.236089443577749
3.6702127659574497
-0.410466906105701
1.3910355486862531
-1.0162601626016259
-0.30800821355237307
-0.5149330587023687
-0.6211180124223544
-0.9375000000000059
-0.4731861198738051
1.109350237717905
1.619644723092996
0.05141388174806906
2.261048304213775
1.1557788944723675
0
0.7948335817188248
-0.689995071463778
1.0421836228287813
3.192534381139489
-0.5235602094240811
-0.23923444976076555
0.09592326139088184
1.1020603737422192
1.2322274881516562
-2.3876404494381998
0.4316546762589955
-0.8595988538682002
0.6743737957610818
-1.1483253588516773
-2.6137463697967114
0.9940357852882704
-0.24606299212598426
2.1213616181549146
-0.28985507246376535
-0.8236434108527214
-1.9052271617000378
0.5478087649402362
0.24764735017335313
3.2114624505928853
0.765916706558159
-1.092636579572452
-0.048030739673388244
0.28832292167227025
0
-2.9228557738380423
-1.2833168805528106
-4.25
1.723237597911233
-0.410677618069821
-0.7216494845360854
-1.2461059190031183
0.9463722397476401
0.10416666666666075
-0.05202913631633419
0.05205622071837289
-0.8324661810613915
-1.6789087093389239
0.37353255069369723
1.1695906432748628
0.26274303730951126
4.979035639412998
0.5991013479780273
0.5459057071960269
0
-0.34550839091805957
-1.0896483407627622
0.55082623935905
-0.5478087649402503
0.701051577366052
-0.6961710591745429
-0.6009013520280364
0.806045340050375
-1.9490254872563748
-0.8664627930682919
-0.2570694087403599
0.15463917525773782
0.514668039114771
0.10240655401945142
-0.2557544757033248
-0.10256410256409673
0.10266940451744795
0.2564102564102564
-1.3810741687979482
1.1410788381742678
-0.30769230769230477
0.10288065843620814
-1.6443987667009192
1.097178683385577
-1.4470284237726156
0.6292606187729508
-4.064616988014596
-2.227050516023897
-1.3333333333333366
0.7882882882882916
2.9608938547486097
0.3255561584373273
-1.56841535965387
0
0.6593406593406531
0
-0.8187772925764193
0.33021463951569774
1.7553483269336196
0.2695417789757412
-2.3655913978494656
-0.8810572687224638
-0.44444444444445075
0.502232142857146
-0.27762354247640203
-0.3340757238307318
1.0614525139664837
0.4975124378109484
0.7700770077007575
0.2183406113537149
3.0501089324618706
0
-1.2684989429175357
0.16059957173446623
0.16034206306788423
0
-0.480256136606193
-0.2680965147453083
0.7526881720430139
-0.10672358591249576
-0.4807692307692186
0.21470746108426045
2.8923406534547436
-1.8219677251431547
3.499469777306466
-0.5635245901639315
0.5151983513652757
0.8200922603792897
-1.6776817488561175
0
0.5170630816959669
0.10288065843620814
0
-0.8221993833504596
3.7305699481865227
0.09990009990010842
-0.29940119760478756
0.0500500500500472
0.4002001000500165
-1.0463378176382634
-0.9566968781470321
0
0.8134214539908606
-0.050428643469502134
-2.37134207870837
-1.8087855297157622
0.7368421052631609
0
-1.3061650992685474
0.1058761249338214
0.9518773135906988
0
2.252488213724454
0
4.661885245901651
2.790014684287806
1.8095238095238149
0.4677268475210477
-1.0242085661080154
1.0348071495766777
-6.657355679702054
0.04987531172069542
-2.4426719840478595
-4.2922841083290635
-0.8542445274960078
-1.884760366182014
5.762897914379803
2.6466009340944594
4.145601617795747
0
-2.0873786407767048
-0.34705007436786744
5.223880597014926
0.2364066193853428
-0.8490566037735903
-0.6184586108468045
0.8137865007180415
-0.047483380816711454
0.14251781472684624
-0.6166982922201192
-1.7183770883054865
-0.5828071879553264
-0.5862237420615479
0.8845208845208901
-2.4354603019970775
0.049925112331499905
-0.249500998003992
0.10005002501250056
-0.5997001499250318
0.9552538964303698
-0.5478087649402503
1.5022533800701052
-1.2826837691169188
-0.04997501249375028
-0.45000000000000284
-0.45203415369161515
-0.1009081735620528
0
2.0202020202020203
0.04950495049504669
-0.890648193963376
-0.1997004493260138
-0.5502751375687815
-0.40241448692153486
0.15151515151515726
-0.9077155824508377
0.5597964376590302
-0.3036437246963534
-0.3553299492385729
-0.15282730514519172
-2.346938775510201
2.5600835945663563
-4.533876719307186
-1.1739594450373623
-2.8617710583153255
1.0005558643690844
1.9812878370941238
2.2665947112790006
-1.424802110817936
0.6423982869378954
-3.1914893617021276
1.6483516483516483
-3.8378378378378346
-0.3372681281618855
2.594472645234063
0.7696536558548684
-2.945990180032736
0.5059021922428363
0.16778523489931932
0.5025125628140735
-1.6111111111111143
0.3952569169960571
3.0371203599549927
-0.6004366812227043
-1.5925315760571146
-1.1160714285714286
2.1444695259593747
-1.4917127071823142
1.458216489063373
0.552791597567717
-0.2748763056624519
0
-0.6615214994487415
1.1653718091010117
-0.9873834339001707
0
-0.16620498614959078
0.9433962264151039
-3.1335898845519607
-0.11350737797956223
-3.238636363636357
0.11743981209629396
2.4046920821114335
0
-4.066437571592208
0.9552238805970116
-2.720283855706679
-0.06079027355622755
0.8880778588807834
0.04823344989749432
2.048933349403402
-0.5550962560529099
0.8788598574821792
0.5533317635978324
2.5875190258751997
0.2853229856197215
6.8055081370205865
0.010655301012259049
-2.3119539740038375
-0.7416294034245748
1.3734754422590922
0
-3.4901365705614555
0.4267744833782518
-1.1071348691567824
-0.4184100418410093
-0.011355893708840695
-0.05678591709255782
0.40909090909090845
-0.3395201448619253
-0.6018623665682502
-2.3192048440534685
-1.6608187134502943
2.2716460513796344
-1.8490522153738682
0
1.4691943127962024
-0.15179822512843935
0.26897438896034354
-0.8047585724282689
-1.3168724279835278
0.3336113427856391
-3.1706448165300887
-0.527348540593582
-0.9739859450129531
-0.38595617529878995
5.036870391201101
0.2022846263683811
1.389383683648025
0.46849379245725664
2.518069480065279
0.9779395042074135
0.48423423423424194
3.608651798722401
-3.093564088696592
0.18975332068311385
0.2673796791443793
-0.2333333333333264
1.158258157924036
1.728503798304533
1.6774891774891743
-0.9473124002128798
-0.9026434558349489
-1.8542615484710407
3.0825323168710552
0.964630225080392
-0.7855626326964003
-0.21399529210356158
3.6242762170276595
0.7864238410596079
-2.0328542094455893
1.1318381890588958
-3.202072538860107
-0.9099668129750501
-0.03241140881590442
0.18372419755755073
1.402373247033438
0.010638297872345869
0.12764599510689323
0.18060129607989134
-1.7815482502651037
-0.032390412437919604
-1.0152284263959366
-7.124931805782871
7.777255639097733
-0.7957270547198494
3.5051093286452013
-0.21231422505308156
1.1702127659574408
0
-1.1461619348054566
0.010637166258898951
1.3401403956605034
0.7451721242653166
-3.6357953953536777
0
0.31351351351352025
-0.30175665481194214
0.3350989082261248
0.4524886877828073
-2.734877734877732
0
-0.452089535781229
0.3433761630482967
-0.6402472679103635
-0.23330741028775465
-0.4565701559020007
0.682402953350486
-1.0000000000000062
-0.10101010101008889
2.9097854173688225
0.2183406113537149
-2.2222222222222134
-1.2811942959001845
0.46270172666741516
0
0.415636935520113
-0.9285154939031193
0.6210478771454349
-0.11222085063404143
0.4044489383215362
0.011189437171300106
-0.346833743566796
-0.07858987313348285
-0.3483146067415756
-0.766715525989393
1.5452789455743658
-0.3468725523106213
-0.32562317538738633
-0.2928917427058589
1.2427974240198782
