-3.2091097308488554
0
-5.561497326203211
0.4530011325028377
4.847801578353999
0.7526881720430139
-3.948772678762009
1.6666666666666667
1.8579234972677627
0.965665236051493
0.8501594048884287
0.5268703898840885
5.3459119496855285
0.0995024875621834
-1.6898608349900484
0.3033367037411498
0.3024193548387068
-0.5025125628140703
-1.0101010101010102
3.6734693877550963
-4.1338582677165245
1.0266940451745379
-0.40650406504065617
0.10204081632652481
0.40774719673802823
1.5228426395939085
-1.5999999999999943
0.7113821138211266
-1.0090817356205852
0.9174311926605563
-3.0303030303030303
1.2500000000000029
-1.7489711934156407
-0.1047120418848108
-0.9433962264151002
1.5873015873015872
-0.9375000000000059
2.8391167192429054
-3.3742331288343532
0.5291005291005291
0
-1.0526315789473684
5.212765957446814
0.8088978766430709
1.4042126379137327
0.6923837784371938
-0.3929273084479288
-0.5917159763313693
-2.281746031746029
0.6091370558375577
9.889001009081747
1.9283746556473775
0.810810810810816
0.3574620196604034
-0.8014247551202062
-1.2567324955116748
-0.8181818181818233
0.6416131989000943
-3.1876138433515484
1.3170272812794033
-0.46425255338904364
2.61194029850746
-0.1818181818181844
-0.7285974499089227
2.5688073394495388
-0.7155635062611782
-0.18018018018018275
0.9025270758122744
-0.7155635062611782
0
-0.9009009009009009
2.6363636363636416
-2.4800708591674145
0.4541326067211626
4.430379746835448
2.077922077922083
-3.6471586089906793
-0.9683098591549246
2.577777777777783
-2.8596187175043424
1.9625334522747573
1.9247594050743682
17.68240343347639
3.6469730123997084
-0.422237860661502
-1.4840989399293245
0.1434720229555155
-2.5787965616045807
-0.36764705882352944
3.542435424354252
-3.492516037063439
0.6646971935007427
0.8804108584005785
2.1818181818181817
-1.2811387900355953
1.3698630136986343
-4.196301564722622
-4.083147735708983
-0.8513931888544849
1.7174082747853374
-0.23023791250960196
4.461538461538471
-4.4182621502209125
1.232665639445296
-5.479452054794522
-3.2206119162640903
5.9068219633943375
-1.6496465043204984
2.5559105431309925
-2.102803738317759
0.39777247414478917
1.426307448494451
-0.78125
0.07874015748031049
-2.439024390243898
5.806451612903216
11.661585365853668
1.4334470989761052
-7.806191117092864
-2.18978102189781
-1.492537313432836
0.7575757575757576
3.684210526315794
-1.5228426395939045
-0.8100147275405174
-3.0438010393466923
2.5267993874425816
-2.0164301717699904
0.685975609756102
-0.30280090840272955
-0.5315110098709102
-0.305343511450386
-0.9188361408881996
-0.30911901081916976
-2.945736434108525
-0.8785942492012847
-6.043513295729251
0.34305317324185736
0.8547008547008547
0.847457627118644
0.1680672268907587
0.671140939597313
-4.166666666666667
-1.391304347826082
4.056437389770718
0.6779661016949129
-2.5252525252525255
-0.4317789291882556
3.4692107545533393
-0.8382229673093043
-0.1690617075232484
-0.6773920406435201
3.7510656436487686
-0.1643385373870196
-3.8683127572016485
-0.1712328767123312
-3.687821612349912
0.8904719501335708
-0.2647837599293885
0.08849557522123391
-1.3262599469496021
1.7921146953405018
1.4964788732394392
7.979184735472682
-6.265060240963853
0.5141388174807149
-0.2557544757033224
-1.7094017094017093
0
-0.34782608695652667
-0.087260034904009
-0.5240174672489033
0.5267778753292311
1.5720524017467223
0.6018916595012922
-0.8547008547008547
-0.34482758620690146
-1.3840830449826942
5.614035087719303
1.9933554817275676
1.3029315960912122
2.0900321543408316
13.622047244094498
0.2772002772002614
-2.2805805114028908
0.0707213578500667
-3.392226148409902
-0.43891733723481663
2.571638501102131
0.5014326647564592
-1.9957234497505425
3.1272727272727354
11.988716502115654
2.329974811083116
-0.18461538461539162
-0.36991368680640835
3.8985148514851558
2.441929720071468
-14.825581395348838
-2.252559726962465
0.13966480446928567
0.4184100418410002
1.6666666666666705
-2.254098360655745
-2.0964360587002098
1.3561741613133518
-0.1408450704225272
0
-0.7052186177715091
0.2840909090908929
-1.2039660056657144
-1.9354838709677338
1.6812865497075897
0.6470165348670063
2.2142857142857104
1.6072676450035022
0.06877579092159168
-1.2371134020618635
-0.27835768963116025
0.2093510118632121
2.298050139275774
0.06807351940094916
3.333333333333337
1.1849901250822796
-3.122966818477543
3.2236400268636554
-2.537410540012998
4.138851802403196
-0.9615384615384616
0.970873786407767
3.8461538461538463
2.1604938271604937
-3.5045317220543875
0.2504696305572985
-3.0605871330418526
-1.8685567010309134
4.464871963230455
1.3199245757385256
-5.2729528535980155
-1.6371971185330716
1.7976031957390262
-0.5232177894048472
-0.7889546351084739
1.5904572564612363
-0.7827788649706569
-0.0657462195923697
-2.565789473684214
0
-0.6076975016880525
-0.27173913043476716
1.0217983651226157
-0.5394470667565822
-0.6101694915254275
0.9549795361528006
-4.054054054054054
-1.1971830985915413
-4.205274411974345
-2.9761904761904763
-6.74846625766872
-0.8223684210526316
9.12106135986733
6.306990881458976
7.576840600428874
2.0598006644518234
-2.2135416666666705
-1.3981358189081188
-1.012829169480081
0.40927694406548043
1.358695652173913
0.9383378016085829
1.9920318725099602
0.06510416666666297
-2.6675341574495737
1.1363636363636478
-1.7845340383344461
-0.33647375504710636
3.8487508440243197
0.9752925877763329
-2.382485511912438
0.32981530343007914
-0.3287310979618672
-0.32981530343007914
-0.3309066843150232
1.1952191235059837
-0.45931758530184846
-0.7910349373763934
-1.3953488372092986
0.8760107816711475
1.2024048096192461
0.3960396039603923
-1.2491781722550992
-0.46604527296936665
0.7357859531772537
4.515272244355917
-4.828462515883096
0.5340453938584665
0
-0.531208499335978
-1.7356475300400684
0.8831521739130512
-0.8754208754208831
1.9701086956521778
-0.8660892738174437
-0.1344086021505491
-3.028263795423957
0.3469812630117974
-4.080221300138317
-0.14419610670511077
-0.36101083032490977
-0.07246376811593791
5.438723712835388
-0.8253094910591589
-3.8834951456310645
0.07215007215006805
-2.0908435472242086
7.511045655375543
-6.8493150684931505
0
1.397058823529416
5.8013052936910805
-6.648389307745043
-0.8076358296622572
1.6284233900814338
-0.21849963583394855
-2.8467153284671576
-0.3005259203606354
15.448379804069331
-5.87467362924282
-11.581137309292641
0
-1.5686274509803921
0.637450199203185
-1.6627078384798055
10.789049919484695
-7.267441860465117
-1.0971786833855732
1.1093502377179012
-1.2539184952978013
-1.8253968253968231
-0.4042037186742118
-0.3246753246753293
-0.32573289902279434
-0.7352941176470634
0.16460905349794472
0.24650780608052356
0.4098360655737705
-1.3877551020408188
-0.5794701986754991
-5.911740216486257
-2.477876106194688
5.898366606170598
0.4284490145672665
0.460750853242314
1.4948190929166003
-2.092050209205021
1.9658119658119635
0.7879295892707441
1.4637391882900908
-1.754098360655738
3.454029701318205
-2.693548387096777
4.425658876181007
-2.22222222222222
2.2727272727272703
-3.5079365079365092
-1.7930580687613034
-2.1775544388609784
-1.1130136986301347
-0.4848484848484868
0.9048199060379383
-0.775995861355411
4.275286757038583
-5.8666666666666725
3.5764872521246516
-1.931623931623936
-4.131078961129506
3.454545454545452
5.448154657293499
-1.466666666666671
4.871447902571046
-4.499999999999998
-1.1991217699712902
0.8205128205128152
3.424889793150226
-6.836065573770495
1.6540559563610855
-5.41803704344816
-1.0431918008784777
3.7543924542260054
1.818181818181811
-2.4509803921568603
1.6152189519023665
2.5079477216531294
2.2915230875258414
5.524675762169448
0.5267358339984011
0.46046363925056566
-0.1422475106685687
-0.3956948401392846
1.652629906245033
-1.7664530248553938
1.24124761298535
-2.436340773341712
-0.9183180280328666
0.8943089430894263
-0.11281224818694648
0.5808325266215014
-1.3955726660250314
1.2689116642264537
0.7228915662650648
4.752791068580549
-0.2740560292326535
1.7099236641221442
1.0957670369258328
-1.6035634743875253
1.056284895126004
-2.896819471405103
-0.04613255420575294
6.707692307692307
0.12975778546713296
-2.663786897048248
-0.10355029585797808
0.2073152672886133
1.551647702083637
-2.2991850989522677
-0.20851951146857398
1.6268656716417962
-1.4539579967689955
0.07451564828615703
1.2956068503350562
-0.867391943546
-0.6228681595728929
0.5372332487688396
0
-1.5437138192073716
1.1457862204130937
-1.8929795796691165
0.27347310847767675
-1.1666666666666607
0.6745362563237739
-0.8832038982792726
2.1201413427561766
-1.7150594253046496
0.3826725853359865
-0.7319304666056785
-0.10752688172041965
-1.891434722435805
-1.8025078369905934
3.8627294493216198
0.6608268019056507
-1.7557251908397034
-0.5283605283605116
1.249804718012806
0
-1.913284986884743
-1.6831838917728492
0.7200000000000045
-2.70055599682288
-5.126530612244899
1.462743073481331
2.5101763907734003
-1.1250827266710783
0.43507362784472076
-0.14995001666111862
-2.519606207241779
1.5063334474494958
1.4839797639123147
2.9411764705882404
-2.776432606941091
