2.9177718832891095
0.5154639175257806
-3.8461538461538463
1.3333333333333333
0.7894736842105189
0.7832898172323872
-1.813471502590681
10.8179419525066
-8.571428571428575
0.5208333333333408
2.8497409326424905
2.7707808564231593
1.9607843137255008
-1.6826923076923144
0.9779951100244464
-1.4527845036319476
13.022113022113016
3.4782608695652204
-5.042016806722686
-1.5486725663716876
2.9213483146067354
-0.4366812227074143
-3.289473684210526
0.9070294784580466
-8.08988764044944
0.24449877750611596
-1.7073170731707386
1.4888337468982666
0
2.444987775061125
0.2386634844868769
1.904761904761898
-1.4018691588784915
0.4739336492890894
2.358490566037736
0.46082949308756416
-0.45871559633028175
0.23041474654378208
-1.8390804597701085
0.46838407494144196
-2.331002331002331
1.4319809069212446
0.23529411764706218
0.23474178403756202
-4.68384074941452
2.9484029484029377
0
1.1933174224343677
-1.650943396226405
0.4796163069544262
0.4773269689737538
0
0.2375296912114048
4.028436018957335
-2.9612756264236837
0
3.755868544600942
1.1312217194570136
5.145413870246078
1.0638297872340425
-0.631578947368415
2.542372881355923
-5.785123966942143
0
0.4385964912280608
3.0567685589519775
-2.754237288135602
0
-2.396514161220047
0.4464285714285778
0
0.22222222222222537
2.660753880266066
-1.9438444924406018
0
3.0837004405286312
-5.128205128205125
3.6036036036036068
1.7391304347826024
-5.982905982905978
2.272727272727273
0.44444444444445075
1.9911504424778728
-0.6507592190889463
1.310043668122274
-0.6465517241379249
1.7353579175704927
0.21321961620469387
-1.9148936170212736
0
0.21691973969631545
1.0822510822510822
1.4989293361884277
-0.8438818565400814
2.553191489361708
0
0.6224066390041434
-3.0927835051546393
2.3404255319148968
1.2474012474012504
0.8213552361396275
0
-0.20366598778004363
2.0408163265306123
-1.5999999999999943
0.20325203252031362
0.608519269776885
-0.2016129032258093
-2.8282828282828256
-0.20790020790021085
3.9583333333333304
0.20040080160320928
-1.5999999999999943
1.6260162601625958
-4.799999999999997
0.8403361344537785
-1.4583333333333393
-8.033826638477796
6.896551724137931
-2.5806451612903287
1.766004415011047
0.8676789587852464
1.7204301075268755
2.7484143763213624
16.666666666666668
19.92945326278659
0
9.999999999999996
0
9.893048128342254
-14.355231143552308
-1.9886363636363715
6.376811594202906
-0.2724795640327014
-9.69945355191258
-2.2692889561270806
-7.894736842105255
-2.0168067226890805
-8.061749571183526
-2.798507462686567
7.8694817658349345
4.982206405693945
0
0
-2.2033898305084696
-1.0398613518197597
-3.8528896672504427
1.0928961748633905
-3.423423423423421
0
4.2910447761193975
0
4.830053667262975
1.1945392491467504
0.8431703204047218
0.8361204013377926
-5.306799336650076
0.3502626970227596
-1.3961605584642185
-0.1769911504424804
1.0638297872340452
0.8771929824561403
-2.0869565217391353
1.4209591474245191
-1.5761821366024493
-0.17793594306050073
3.2085561497326154
-0.1727115716753047
0.17301038062283983
-2.5906735751295336
0.35460992907801925
0
0
-0.5300353356890535
2.4866785079929055
-1.0398613518197597
0
-0.8756567425569176
-2.4734982332155453
-1.086956521739133
1.2820512820512742
1.8083182640144666
-1.9538188277086934
-1.9927536231884082
0.5545286506469448
0
2.205882352941182
-1.2589928057554007
1.4571948998178585
-0.7181328545781072
3.435804701627497
-0.1748251748251773
-0.350262697022772
-1.405975395430575
0.7130124777183575
0.1769911504424804
-2.4734982332155453
0
-0.36231884057971525
0
2.727272727272727
2.8318584070796486
-2.0654044750430343
-2.1089630931458627
0.5385996409335676
-0.7142857142857117
-1.7985611510791366
0.18315018315018575
-0.7312614259597909
2.025782688766117
-4.512635379061372
-1.7013232514177667
-2.3076923076923133
4.133858267716539
0.5671077504725979
1.5037593984962352
-2.2222222222222276
0.18939393939394208
4.15879017013233
1.6333938294010864
-1.4285714285714235
0
-0.18115942028985763
3.0852994555353823
-2.8169014084506943
0
2.173913043478253
-0.35460992907800665
0.7117437722419904
2.4734982332155453
0.34482758620690146
0.8591065292096219
0.6814310051107301
1.3536379018612472
-3.0050083472454046
0.6884681583476739
2.9059829059829108
0.33222591362125536
4.635761589403981
0
-3.7974683544303884
0.3289473684210573
-2.131147540983602
0
-1.5075376884422205
-0.3401360544217615
-0.17064846416382495
-0.3418803418803467
-1.2006861063464764
-0.17361111111111358
5.043478260869564
4.966887417218543
0
0.31545741324921583
-3.930817610062893
0
-2.94599018003274
-4.384485666104544
-0.5291005291005366
-2.8368794326241162
0.7299270072992805
2.717391304347826
2.1164021164021087
0
4.835924006908471
4.942339373970346
-2.1978021978022064
1.444622792937409
-6.329113924050633
1.3513513513513464
-0.4999999999999953
0.16750418760468058
-1.8394648829431344
-0.5110732538330567
-3.2534246575342443
-0.8849557522123894
2.85714285714286
1.0416666666666692
-0.3436426116838537
2.0689655172413843
-2.195945945945953
0.5181347150259141
-0.6872852233677074
-0.3460207612456674
0.5208333333333284
1.2089810017271208
-3.7542662116041003
1.773049645390071
-3.1358885017421554
-0.5395683453237486
-1.4466546112115681
0.7339449541284377
-1.8214936247723132
0.927643784786642
-1.4705882352941124
2.61194029850746
0.7272727272727247
-0.36101083032490205
-1.086956521739133
4.945054945054936
0
2.9668411867364797
-3.7288135593220386
0.35211267605634305
-3.1578947368421004
-1.6304347826087058
-3.1307550644567144
-1.1406844106463905
-1.730769230769228
1.565557729941286
0.19267822736031104
0.5769230769230714
-3.441682600382404
0.19801980198020083
-1.3833992094861716
0.20040080160320928
-2.5999999999999943
2.4640657084188824
-2.4048096192384687
1.642710472279255
-1.6161616161616104
2.0533880903490758
-2.615694164989948
0
-4.132231404958678
1.2931034482758652
-2.553191489361708
-9.825327510917031
0
-8.958837772397084
-1.0638297872340388
-4.838709677419366
0
-4.802259887005638
8.308605341246281
-2.1917808219178005
7.28291316526609
4.438642297650138
-1.5000000000000036
0.7614213197969651
-5.541561712846354
-0.26666666666667044
3.7433155080213867
0
3.608247422680427
0.9950248756218869
-2.216748768472903
0.5037783375314754
-4.511278195488715
-1.3123359580052494
1.0638297872340388
-1.2631578947368338
0.9061833688699261
2.4828314844162644
-2.7319587628865856
0.6889242183359777
-0.5263157894736917
-2.116402116402109
2.0000000000000053
-0.10598834128245667
-0.7957559681697726
0
1.176470588235307
-0.15856236786469943
-2.0645844362096377
-2.4324324324324285
-2.6038781163435036
-0.45506257110351706
-3.1999999999999926
0.35419126328216477
-0.8235294117647092
0
1.1862396204033172
-0.9378663540445495
1.1834319526627388
0.2923976608186968
-1.2244897959183516
1.5348288075560683
0.05813953488373002
-2.3823358512492745
7.499999999999988
-1.107419712070871
3.13549832026877
-0.5971769815418185
5.188421627525958
0.2076843198338481
-4.92227979274611
-1.9073569482288903
-3.111111111111104
0
-2.178899082568822
-0.8792497069167561
0.35481963335303796
4.242781378903962
0.508762012436404
-0.16872890888639558
0.7323943661971775
-3.2438478747203487
4.797687861271666
-0.7170435741864258
1.0555555555555627
3.078614623419454
0
-1.9733333333333387
4.080522306855277
-0.6795608991113383
0
2.0526315789473712
2.8880866425992715
4.160401002506275
0.7699711260827725
4.345749761222541
-3.340961098398171
0.3787878787878707
-3.06603773584905
-2.5790754257907595
0.6993006993007022
2.5793650793650773
-0.14506769825919313
-2.372881355932196
0.14880952380952944
0.04952947003466077
-0.2970297029702907
-0.4468718967229387
3.3915211970074797
-2.074288470815242
-0.7881773399014785
-0.6951340615690197
1.1500000000000021
-1.5818091942659431
6.6800602712204835
-0.18832391713747246
3.3962264150943513
4.927007299270064
-8.086956521739127
3.1220435193945133
-1.1926605504587227
-1.9962859795728864
-0.2842254855518651
2.0902612826603217
1.8147975802698957
0.5484460694698401
-3.4999999999999982
-0.04710315591145343
-2.309142318567382
-2.3154848046309717
4.197530864197538
4.976303317535531
-1.1286681715575622
-0.9132420091324169
-1.6129032258064417
-0.2341920374707293
-3.333333333333337
0.6313744536182565
-0.5791505791505669
0
-0.8737864077669889
-0.09794319294810541
-0.49019607843136215
0
-0.5911330049261132
0.39643211100100023
-0.7403751233958643
-1.5415216310293323
2.8282828282828216
0.4420432220039286
-1.0268948655256767
-0.19762845849801952
-1.7821782178217793
-1.713709677419354
-1.2820512820512822
-0.10389610389610168
0.4680187207488292
0.6211180124223654
-1.0288065843621546
