-3.568965517241387
0.2324333988914837
-8.687120941848027
1.5042000390701398
2.5404157043879776
0
6.90690690690692
0.42134831460673755
-2.762237762237754
-0.5393743257820928
-1.4280549530007394
1.2286814597469367
2.101449275362323
-0.638750887154014
-0.8035714285714286
0.612061206120608
-3.345857935229904
-1.5179563124768687
-0.9774436090225649
-2.429764616552763
4.51361867704281
-2.0476545048399104
-1.4063093880653916
-0.15420200462605138
1.0810810810810854
0.3819709702062643
-0.9703196347032006
0.09606147934678194
1.765834932821506
1.0184835910976946
4.68633308439134
1.3197788478687313
1.2849850378454417
-0.2433090024330861
-1.1846689895470304
0.45839210155146487
-1.2636012636012517
-1.0842516885886992
0.07187780772686024
0.05386963548214549
2.7099784637472912
2.8831032675170367
-2.0889945652173836
-0.0520381613182922
-0.8330440819160132
1.9950997549877454
-1.1496225120109698
0.01735809755251219
-1.4404720583130974
0.4226096143687229
-1.753463089601964
0.6603605211493925
3.280141843971631
1.1845493562231721
-2.069901594842201
-1.1434511434511474
1.1566771819137789
0.31185031185030393
4.991364421416231
0.8883039973679845
0.3097994456220595
1.4304291287386142
-1.5544871794871868
-0.01627869119321326
0.5861282969716556
2.201359663321467
-3.785239151092806
2.05761316872428
-4.064516129032265
1.9838601210491038
-1.1374876360039528
0.9671502417875528
-0.990916597853014
0.08340283569641367
0.8166666666666629
3.9841296081997064
-4.085850556438799
0
-0.7790485662191169
3.1072502505847015
-1.101749837977976
0.7044560943643624
0.5043110460387032
0
0.3561022984784794
0
-1.8709677419354875
-1.0190664036817771
-2.2749916971106017
-1.1045029736618521
3.5051546391752537
1.029216467463487
5.422280644101216
0.7169576059850409
-0.8047044258743493
-0.3588143525740959
5.808673868795977
-4.379994081089066
4.069947384710608
1.1152416356877324
5.117647058823523
-0.41969781757134866
3.020511379601012
0.3681985544797553
-5.0271739130434785
0
-3.204577968526463
0.20691693762931973
-2.197640117994097
-0.19604886140854594
2.1456633423995233
0.34023668639052584
1.2089046144773767
-0.27676620538965435
11.49576394975167
3.2621511856413066
-3.9076376554174153
0.5017163982043924
9.090909090909081
-1.734104046242772
7.267156862745092
1.4052324917171335
-3.4700315457413327
-3.1279178338001814
-3.771084337349392
0.43821209465381245
-0.012465719272004828
0.361550928811866
-0.6956521739130463
1.5761821366024547
-3.977832512315265
-0.6027959471591696
0.47741935483871556
-1.0016694490818117
1.5177065767285052
-0.35778175313059907
-5.809181841497814
0
6.249149081007485
-0.7560225525371576
4.222078760490645
0.9786917740336939
3.508771929824564
-0.3081664098613278
-1.9141600285340652
-0.10909090909090634
-2.7545200825142633
2.308460194659346
0.6098304671301379
1.5880712813674414
-0.14319809069212952
0.3824091778202731
-1.7142857142857115
-1.574612403100775
-0.6399212404627178
0.8174386920980955
-2.14987714987715
-0.06277463904582549
0.402010050251262
0.2252252252252195
-1.3358302122347123
1.7588257623687324
-3.668241730912708
-0.6066864592745638
1.935064935064932
1.121161931456245
3.3135945571374514
1.2195121951219512
2.7951807228915717
-0.02344116268167434
3.048065650644783
0.3981797497155859
-6.118980169971671
1.1466505733252867
0.3460620525059639
0.35676061362825545
1.0309278350515518
0.6333567909922563
-3.4149184149184095
-0.3861469771931996
2.798304058146581
1.3433891114777252
0.5348837209302352
0
-1.341660883645619
0.8909730363423238
-2.405298628863589
1.7144898202166898
-2.317686995200744
0.7070101857399613
-1.3326987148976597
0.2170767004341479
-2.2262334536702766
0.20923076923077483
2.3090149840334013
0.8403361344537815
-0.22619047619047347
1.2051067891659732
6.6493751473709
1.017024099049296
3.7754432042022326
0.29526521143098894
-2.0082010303858713
0.8583690987124464
1.2127659574468062
-0.1471515661130941
-0.6947368421052655
0.487598049607804
-2.5843881856540083
0
1.7650243638332381
-1.0427750585230853
0.7634408602150562
0.3201365916124213
0.7658759706414139
-0.3378021746014918
-1.790064611799595
0.733390854184637
0.032119914346890203
0.13914160333940578
-0.7588713125267232
-0.9046849757673643
-5.890664058254543
0.2425222312045297
2.3847926267281156
0.3713289073928158
-0.5493273542600872
-0.34945327471536725
-0.42986425339366
0.011361054305829248
-3.385209587640572
-0.7172251616696088
-0.5921364282330649
0.11913271384322136
2.3441218467396534
-0.0930124404139133
-0.372396136390077
0.2219366896390582
-1.2937062937062964
-1.1571614122092284
-0.5136781746505875
1.0206532180595582
3.8868417924640495
0.6521739130434835
-0.4433329544162886
-0.9020324274948593
-1.3250374467104507
-1.9033162073797238
5.011308177597907
0.011335298118330202
-1.3374135781480172
0.5858701895462404
-1.3933302878026548
0
-4.042158906648133
-0.4103802051900999
-2.6784632165798112
-2.2415940224159403
-5.707006369426746
-1.7833018103215408
8.803301237964236
0.6321112515802781
1.1557788944723675
0.571286636860396
1.4694986416399225
0.5233053425824454
-2.3244552058111436
0
0.08676251859197391
-0.3839009287925725
0.9696668324216893
-0.7633587786259598
-0.049627791563272614
1.0178748758689091
0.1966085033177713
0.31886190826588456
0.9046454767726133
0.07269202810758696
-2.9903147699757926
0.12479720454261825
-0.34899663467530284
0.06253908692933083
-2.674999999999997
-0.07706139224248944
1.6195372750642703
0.41740450290917713
0.8691270940924521
0.3996003996004053
0.02487562189055292
-0.27356379010197035
1.546134663341643
0.6876227897838928
0.28048780487804326
1.1431351088410666
3.607069856919562
0.18567947081349762
-1.9576045407158553
0.425330812854445
1.7176470588235322
-0.4163775156141595
-1.3704994192799018
1.224682053697595
-1.663564448580743
-0.6151662131787451
-1.9521485537435992
2.1124195702318778
-4.303887766020693
-0.12423903590508138
-0.6095285483269035
-0.11264080100124872
5.011903270266884
0.2982937596945472
-1.55841065905306
2.3081570996978877
-1.31112686038271
0.7899461400359093
-0.8668804180026206
2.0603737422137094
-2.171361502347418
0.275944811037787
-0.8016271835367231
-0.8442889880593414
0.9609536552730783
-1.9397590361445811
0.9706352131711484
0.511073253833055
-0.39951573849878386
1.701713868968032
-3.298673359627109
-4.832529971573356
-5.168831168831163
-0.041084634346763654
-2.8360049321824814
0.8178228990411667
-4.5034965034965095
-0.4100761570005792
0.941176470588232
-0.3350815850815785
6.402572723286062
1.126528369281501
2.757777475886422
-0.8461131676361684
-3.360000000000006
2.635209713024286
-0.013442667025140844
0.02688894864211421
0.06720430107526881
-1.1417058428475486
-0.8016304347826056
0.808108478290642
0.47554347826086957
0.0676132521974307
-1.7027027027027057
1.1685455045367061
-1.1958146487294408
0.4125979920231055
1.4107656485412894
0.09454349000540863
1.0524895425718466
1.8026438776872746
-1.4428121720881428
0.6121905775885045
0.14550264550264852
-0.013208294809143142
0.1453104359313108
0
-0.9629336499142683
-1.5716568993073994
0.2706359945872801
-0.10796221322536498
-1.0402593893542347
-0.3412969283276451
-3.452054794520554
0.1986379114642581
1.1045029736618457
-0.12605042016806403
2.0053288458841614
-0.19246631839427789
0.537190082644625
-1.0823400465817203
0.8033240997229854
0.013740038472110847
0.7281219947795121
1.1729405346426498
-4.0981396602857885
-0.8574641551869585
-1.7722954771019426
2.612586605080835
-1.2800675200450167
0.48446850954689247
1.8009075439591506
-0.4736035659562582
-0.5038488453463993
2.841468560979047
-1.3267678840104016
0.5822012752980379
1.0474090407938288
-0.01363884342608057
-0.054562815441273664
0
-3.3574450661935336
1.0732947323824351
-2.403241581668303
0.2147458840372226
1.0285714285714351
0.11312217194569492
-2.0480225988700567
-1.0670511896178771
0.9473837632998104
-22.17730291654635
4.990723562152129
0.7245096306768021
-1.8596491228070215
0
-1.8948873793350058
-0.692419825072878
-2.3302752293578064
0.3193687770054566
2.3033707865168456
0.6772835438403891
-0.8727272727272645
0.8804108584005785
0
0
-2.145454545454537
0.7060572277963497
0.8671586715867242
-0.2926650813974799
3.0269675288937807
-0.28490028490028896
7.732142857142849
2.403447704293055
-0.9226286824214847
-0.94755758862932
-1.0390895596239411
0.7666666666666705
-0.777373470062859
0.10001666944491128
-1.3988343047460412
-0.8106738726566574
1.907032181168065
-0.13366750208854714
-0.2509620210808097
1.5598792351559803
-2.295623451692812
-1.3353617308992523
-0.9936611272914284
0.01730403183942252
0
1.0207612456747366
-1.5242336016441134
1.4608695652173873
-2.4682893383613265
-0.15817223198593625
0.651293786305216
1.0668065757257823
0.32877660494894917
1.414280786478104
-1.870748299319728
-1.195840554592717
0.36835642869672386
1.223348479552604
-1.2776243093922808
0.472193074501582
-4.160139251523059
1.3258263712313756
-0.08962179602079226
0.4664513814137106
-2.124999999999996
