-1.2962962962962987
1.9804044194288097
-9.178250204415368
2.160702228224165
4.802820004406259
1.2823207904141314
-5.520963055209635
3.2513181019332187
-0.7446808510638298
2.272240085744914
3.8356738629218095
6.984255147355677
-7.094339622641514
1.0966693744922897
-0.642828445158696
-1.2737565709664398
2.334630350194548
2.0612367420452293
-4.921568627450985
-1.1342544854609198
0.5423445974134382
0.7261410788381742
0.14418125643666088
0.8432743726861421
-0.5710789312665738
-0.6974358974358927
-0.867589341045248
1.6461762867264085
-1.4145141451414585
1.226866292368483
11.072308956450295
0.7397817643795079
-0.7343491830365338
-0.6842981320510533
3.0167597765363214
1.5184381778741822
-2.6353276353276476
0.3840526700804724
-1.1113135361632398
0.8290346352247606
-1.5713502649369469
1.670688695006497
-2.957823626072676
3.0856067732831565
-1.8799050921700957
1.1904761904761862
1.7463235294117647
0.8130081300813008
4.086021505376336
1.4979338842975287
-3.0873621713316446
0.07001575354456345
-3.673255203778205
0
-1.6161249319048647
-0.8859357696566915
0.24208566108006602
2.0620471855842513
1.5289406625409496
0.41233416995340055
3.392251383681485
1.8476946986703386
-1.085113597829769
-0.034281796366117896
-0.08573388203017832
-2.6771923802986137
-1.6399224122729796
2.8504840444603965
-5.8392888269130205
2.221399481673454
-0.1267656646142784
-1.867633726201261
2.5129342202512763
0.5227108868060727
-2.976510668818365
2.1992238033635143
-2.2965641952983806
-1.16601887840088
1.7602996254681604
0.2944423997055618
0.20183486238532528
0.2563633034242771
-0.6575342465753466
-0.20224305938592071
0.1842299189388357
2.243471864656132
-4.586330935251799
5.183788878416588
-8.118279569892465
-0.9947337624341763
2.1473601260835258
0.27000964320153853
-0.40392383150606326
-1.834685206643481
2.419830808577614
0.825970034575481
1.0859211278338818
-1.9977384093479122
-0.36538461538461103
0.3667245705462222
3.6538461538461537
-2.782931354359926
4.484732824427481
0.42009132420090495
-1.9643506729719817
-0.9276437847866419
0.2996254681647983
-0.2613890963405484
0.6364657431673487
-0.5022321428571513
2.2994952327537987
0.6396198830409356
-0.9624114763028996
-0.14668133480013834
-2.0014689680499407
0.7682218474798405
-1.0412792859799014
-0.4133784291619777
-0.7169811320754631
-1.5583428354238018
-0.5019305019305064
0.8731082654249127
0.7886131948451669
-0.744274809160301
-4.153047490867145
0.5416248746238693
-0.5985634477254589
1.0638297872340448
3.4558093346573937
-0.1727778844307885
-1.0769230769230813
-0.27216174183514336
1.4814814814814858
-0.499423741836347
0.1351351351351439
-0.8868324657798385
-3.715230499902747
-0.10101010101010101
3.4378159757330637
-0.8602150537634364
-0.8873989351212778
2.049343414245912
-3.8604016377461408
-0.22307848306631975
1.768292682926827
-0.3195526263231408
-1.422560609096378
-0.38617886178861327
1.7751479289940804
-1.904570970328789
5.456774984671978
0.6395348837209214
0.3851338340073176
1.0934202954153167
-1.7647058823529325
-0.4056403322387527
1.3576415826221877
-2.0091848450057403
3.7102128490529194
-0.2636038410845372
-0.6041155370964783
1.0446343779677112
-2.725563909774436
0.6956521739130479
-1.3816925734024266
-0.3697217357462497
0.21484375000000444
0.8965114012863034
-1.7577747730345803
2.182461659457338
-3.7136809697902766
0.739408473221432
-2.3804800634794683
-1.9914651493598885
3.7943188886585135
0.07990411506192115
-0.1796407185628697
0.7398520295940789
-1.766574037316402
0.5455647605576976
-3.5168810289389065
0.6456988127473372
-1.2624172185430393
-0.6497589603856682
5.126582278481014
-0.4415011037527571
-0.5442451118726155
-1.965950547223346
1.7572875749431467
-2.072328321820396
0.9128630705394144
0
0.4523026315789567
3.151862464183376
-2.9166666666666643
-0.4087471898630697
0.08208495793145439
0.7176542956735699
-1.0382736156351722
1.008023040526636
1.5274949083503055
-1.7652958876629912
2.40963855421687
-1.7946161515453638
5.705583756345182
0.6530925854782899
0.305343511450386
0.5898021308980256
-0.17022886324949704
1.1557408109132292
-0.8241243678591454
-0.15108593012274874
-2.7804047664081795
1.4591439688715953
-0.11505273250240129
0.11518525628719961
1.1121764141898283
-1.0999431063910403
-0.2492809204218513
0
1.0572856593617839
2.6060490774205687
-3.4853540971449677
-0.1920860545524395
0.5773672055427251
0.7654037504783773
1.0824154956323455
0.2442231824159437
2.2863568215891927
0.40307805056798196
1.2408759124087507
0.8832011535688701
0.01786671431122191
-0.2679528403001072
-3.4210997671502614
1.1127596439169138
-1.430667644900966
2.3446222553033165
-4.363636363636363
0.26615969581748616
-2.4080394387561497
2.312026423159117
-1.9749335358906146
-0.4261913986826899
1.49805447470818
0.3066896683917786
0.5159564303458907
-1.7490494296578034
7.643188854489165
2.085205824195582
5.176967776016901
0.11719403984598117
-2.3411371237458196
2.380136986301366
-8.195350393042315
0.23683731098562003
-3.9985459832788073
-0.0946611132146914
-8.754974417282554
-1.9522326064382092
9.87079008684601
3.2003084634663406
4.520829441434718
0.4110813226094646
-2.6521893912424312
-1.4262205156335628
7.085883880541631
-1.229863156071351
0.9119607155383955
4.257907542579075
-2.367061176862799
-2.6464060099026803
2.2623640827779683
0.08574858514834505
-0.616860863605213
3.0689655172413715
-4.884576781532274
0.035174111853663696
-0.6153305203938115
1.8751105607642002
5.886438617815589
3.2469662184322843
-3.478398983481572
3.9657725851571346
-3.3080088635644156
0.7366181044360779
-1.8037049073773193
0.8935958960781221
0.5412497949811308
2.2185970636215373
-3.989786147462496
-0.09973404255319526
-0.5990016638935146
0.4686976899899679
1.1496167944018623
-2.3060451325975952
-1.9558253245658443
0.17196904557179707
-2.1630901287553685
0.05264081417793792
-2.806032970887408
0.5954529050884074
-0.5560538116591969
0
-2.03823953823953
0.6628613515006486
-3.6948966526431395
-4.273504273504273
2.619047619047628
0.4253673627223379
3.4655371582595302
0.8187569780424223
-4.263565891472852
0.3470213996529698
-0.6147934678194131
0.425285134351449
-1.2897016361886517
-1.6965678627144953
3.3326720888712464
0.9790746784411639
-1.8821292775665357
-0.9494284053478074
1.3888888888888822
-0.09646922631680495
-2.1823097721127764
-0.11846001974334111
1.2255386440007998
0.4491310290958708
-1.3802488335925285
0
-1.478415138971023
-0.8003201280512204
4.154901169826536
2.013942680092947
-1.87927107061503
-0.17411491584445296
-0.46511627906976305
0.4283489096573076
-0.9112058937572571
-1.7804734885541034
0.03984063745019694
2.409398645957779
-1.9443904335990558
1.7449930596866967
-3.0793217696355506
1.3472752865473534
-1.0912698412698412
-0.5416248746238693
-3.5296490520371115
1.818942086556552
-2.607802874743324
-0.906599198819315
1.8085106382978724
0.7105538140020851
-2.8429134675243803
0.7902605724049527
-0.8688281415554071
0.2565198802907201
0
-1.9616204690831531
10.026098303610258
0.019766752322597895
-3.260869565217391
-1.7364657814096016
2.3908523908523907
0
-3.1472081218274113
0.20964360587002095
0.2510460251046001
-2.0868113522537564
-1.278772378516624
-0.6692573402417888
-0.6085633557922215
0.5904220424229146
-0.7826086956521788
0.350569675723055
-0.4585152838427997
1.55735906997149
1.3174946004319703
-0.17053933063312968
-0.42707666026051677
-0.021445421402535435
1.88760188760189
-1.0526315789473684
-1.5531914893617045
-0.19451048195374482
-4.634040710264191
0.4314259763851122
-1.4017635089305875
0.48154093097912537
3.8566864445458773
1.8457481872115968
-0.4962243797195278
-0.06504770164787757
4.187459318724238
3.269471053727611
-1.0284331518451233
0.24449877750611015
-3.2723577235772403
2.899768859003995
0.306309985705534
1.1197068403908794
0.12079726192873419
2.6342248139955693
-0.13714733542319527
-0.03923876790268563
0.39254170755642787
-0.6842619745845552
2.8740157480315007
0.2104860313815581
0.5346572465151718
-0.5318138651471899
2.2722932976895125
1.8857356235997054
-0.9162543522081729
1.3501017199925938
-0.4562043795620438
-1.9615032080660029
1.925953627524321
0.4402861860209094
0.25570776255707345
0.20040080160321055
0.7636363636363719
0.6134969325153332
-0.28694404591105144
-0.3417266187050319
0.3428983937917302
-0.19784172661870914
-1.189403496125432
-6.966988874703618
10.056851597725927
-3.8118988243676486
5.407407407407415
-0.9135628952916452
0.9397163120567296
3.6360442648867113
-2.7966101694915255
0.48823016564951255
-2.8977962866562437
-0.1429592566118778
-0.3221188260558258
0.5385996409335727
-0.5178571428571388
-0.5564530604918367
-2.0577617328519815
0.5160339107998442
-0.07334066740006917
1.2844036697247707
-0.7427536231884099
0.01825150574922846
-1.6240875912408717
0.09274717121127805
-2.335063009636772
0.4174573055028549
-2.0975056689342444
-0.4632310364794397
-0.44599573395386233
0.5453837164004808
-1.1235955056179907
-0.6857366771159875
1.5584927993687074
0.2913752913752914
-1.4913809800503453
-0.29492725127801805
0.6310392427529065
-1.4697236919459142
1.9291964996022253
0.8780487804878049
-0.2901353965183752
-2.812803103782735
3.7524950099800307
0.44247787610620787
-0.7278299176403118
-0.443758441057294
3.662790697674414
