-2.8923766816143446
6.672823828215187
-11.558441558441555
5.702398433675955
1.4123639731419364
1.3926940639269458
-1.1709074532762993
0.979722032353614
-1.7599277978339376
2.0211299954065254
-0.517784781629899
1.6745870106358982
-0.7789895392833296
-1.9739793629430262
2.7917620137299743
-0.9127337488869025
0.17973489103571208
0.7176496972415443
-0.868403473613902
0
0.08984725965858807
-0.3590664272890536
20.427927927927936
3.983542173181214
-10.161870503597122
0.6806806806806761
-0.43746271624577227
0.2596365088875597
-2.151394422310759
0.6514657980456003
-2.52831715210356
-0.24901431832330123
1.685042646141049
0
-1.452536824877255
1.2040689225659147
-1.6615384615384663
-0.08343763037129272
-1.3152400835073093
-1.8404907975460099
3.2974137931034506
2.6288337158355866
-2.012604187843053
-0.37344398340249196
0.9579341940858024
0.04125412541253891
0.2680412371134044
0.7197203372403865
-1.3474887709269137
0.889900662251658
0.5128205128205128
0.44897959183673236
-1.828524989841528
0.9726821192052957
-4.365648698503783
0
1.8859837119588414
0.8203618005889849
-1.210098059670355
-3.6536430834213327
5.282770714598866
-3.352071621902982
5.450236966824646
1.30745658835546
-2.4400080661423607
-0.744109136006619
1.332778009162856
1.7057131113851118
-1.35380885027278
0.36870135190495934
1.0816326530612268
-1.0700585503735134
-0.44897959183673236
-0.18450184501845718
-1.0474430067775655
-0.3528435035284327
0
0.14580295771713989
0.24958402662229381
0.8921161825726165
0.0616903146206069
-2.9593094944513014
4.066073697585766
0.9157509157509158
-3.3676144383948357
-1.4607679465776293
3.8331215586615888
2.365898429532932
-4.941223351265183
0
-1.194718088451068
0.12728044123886778
0.06355932203390072
5.01799703578234
-4.838709677419355
1.5254237288135568
-2.525041736227038
-7.300363947762796
4.387990762124711
1.7699115044247788
-0.3913043478260894
0
0.5019642077695354
-1.541802388707931
1.0586678429642726
0.37101702313400015
10.08914981517722
-3.6144578313253035
-0.3893442622950773
0
-1.440032915038058
1.1271133375078224
0.3302373581011399
0.74058835630528
-0.6738819685521772
1.0896381578947392
-1.3626194834248502
-1.7938144329896883
-0.8817971866470687
-4.109298877356499
2.3856858846918514
-1.8122977346278268
2.548890353768395
-0.707092350546392
-1.0789814415192058
0
-0.5890052356020918
1.799429449199032
-1.1424876050872936
-1.6354121238552115
1.4630902238971326
-1.2453572208870414
2.146017699115042
-2.0359540827377036
0.9949148795047534
-0.5691768826620015
-2.7300748568912323
2.218198279764602
1.7271922054915754
-0.3482803656943766
0.45871559633026776
-0.2826701456838344
0.5451373746184038
-3.6217740186510614
2.9927992799279957
0.48066419051780396
-0.2826701456838344
2.202354993458344
-1.2588009387667969
-1.5341400172860895
6.056616194865048
-1.386302503620937
1.0700797314309622
-3.6537263857172446
2.046972635207929
0.10557432432432431
-2.805315334317657
1.9748263888888815
0.2340923600766169
0.4670912951167704
1.3947590870667843
0.3334722801167082
-1.142501038637308
-3.0888842193738157
2.797051170858637
0.27420375448216716
-1.051745898190997
-0.08503401360543734
-0.14893617021276354
0.02130833155763177
3.2168726033233965
-0.37151702786377944
-2.133830536565157
-1.4606265876375906
2.964554242749734
-0.5424577508867146
-1.0908328088944805
-0.02120890774125615
-1.654645736105209
0.34512510785158884
-1.4617368873602776
2.2687609075043706
0.6399317406143344
-0.6570580754557064
-0.25602730957968606
-3.165775401069521
1.59045725646123
-0.0217438573602883
0.32622879512831665
-0.04335573379579203
0.08674907829103823
-2.0368364030335813
7.852245078522451
0
-1.8867924528301978
-0.4180602006688963
-0.8396305625524769
-0.06350550381032061
2.9442914636729456
-1.7283950617283903
0.5234505862646566
-0.5415538429493902
1.0890052356020918
0.26931841723638106
-3.1404958677685926
19.98720136518771
-3.6088888888888806
-0.22132054592402164
-3.142329020332717
-0.3816793893129771
-1.5325670498084292
-1.1089494163424103
1.5738736966358338
-1.4913809800503453
2.2021234762091884
0.4232397075798472
-2.3371647509578524
-1.7653981953707336
1.2779552715654907
-1.1829652996845426
0.5586592178770973
-1.210317460317465
3.0327374974894603
2.5536062378167688
-3.402394981942603
1.5348288075560825
2.5775193798449525
-4.326468921216698
3.2780410742496096
2.8680688336520075
2.7509293680297313
-0.1989869753979575
1.1781765452238535
-5.034037979218922
4.6029051122429685
-0.6492335437330969
-2.4686876021056494
1.8983807928531633
-2.2283105022831133
-1.8681113394358306
2.170188463735026
0.2049562138997408
-0.5020453700260193
1.9435619510371849
-0.934922089825852
-0.01850481125092945
-0.42568943179714136
-0.929368029739777
-0.3189493433395958
-2.032749858836807
1.5946205571565715
-0.018910741301041804
-0.359372044637808
-0.17084282460136244
-1.0268111808328537
-0.8453410182516767
-0.13563262933540893
-0.2716336825766351
-1.2062256809338499
-1.1027963765261959
1.5730784547988916
-0.17643599294256695
1.9049489395129593
-2.871458855270761
1.567460317460313
-1.5237351045125913
0.3570720095219112
0
0.33603478948409676
-1.0047281323877113
0.2786069651741248
0.01984520738242166
0.23809523809523583
-0.514647664291363
-1.2335853561480392
-0.08058017727638543
-1.2096774193548387
-0.22448979591837198
-1.3090611577009568
1.2849740932642464
0.26601186822181533
0
-1.2040816326530566
4.895682710183844
-4.233950374163056
2.097470697100553
-2.940584088620347
0.39427267067857114
-0.4340636626705297
-1.162549304546391
1.3652593992858642
1.4711976792374566
-1.3681846028180495
-1.428571428571424
1.0712035286704402
1.724854530340817
0.10214504596527069
0.08163265306121985
-1.3254486133768353
2.0252118206240985
-2.2078185132671617
1.9884009942004899
-1.2591389114541
-1.99506375976964
1.3641133263378804
-0.1449275362318817
0.7256894049346879
0.45286125977768393
-0.5532786885245878
0.5563568926437231
0.04098360655737472
0.36870135190495934
-1.6326530612244898
0.4356846473029093
0.47510844866762125
0
0.3495065789473778
0.28682646998565403
-0.0817160367722119
1.5743201799223039
-1.5700483091787463
-0.5930470347648216
0.26743468422134425
-0.14361920393926728
-0.30819806862543664
-0.6183017312448476
1.3272501036914215
1.8624641833810818
-2.3508137432188043
2.181069958847741
-1.3290374546919095
1.6326530612244898
2.8915662650602365
-0.07806401249023756
-0.3320312499999978
1.8812463256907634
-2.000384689363335
-1.805691854759566
1.0193883669798052
4.808072813612993
-4.134415707003971
-0.05907837731390535
-0.453201970443352
-2.117973079968327
2.2042467138523714
0.9101701622477291
-0.6078431372549065
-0.9666600907476776
-0.9960159362549801
-2.5955734406438586
2.933278248295804
0
0.7224563515954175
0.4184100418410087
0.039682539682537425
-0.4363347877826237
0.4780876494023859
-1.9032513877874635
1.6168148746968471
-1.988862370723946
2.090097402597405
0.5764261578215021
-0.43478260869564994
-0.754267566494643
0.47999999999999543
0.7165605095541446
-0.7312252964426855
0.6171610591280043
-0.9299564701226729
0
-0.3195526263231408
-0.8014425966740132
1.6764290042415582
-0.6356773937226835
-0.5797680927628903
0.44238890006032344
1.141141141141139
-0.039588281868564654
1.0099009900990144
1.0782199568712016
0.058184639255227794
1.9189765458422132
-2.1681247622670177
-0.05832037325037996
-0.40848084030344733
-0.78125
0.5905511811023622
-1.037181996086108
0.6327862368993452
-1.7488701120062837
1.8
0
0.11787819253438561
-1.844583987441137
3.2586965213914456
-0.0968054211035818
0.1937984496124031
-1.3539651837524178
1.0784313725490196
-0.8535402521823429
0.6652318528663622
0.07774538386782842
-0.5826374053214216
-1.0939636647782705
1.4418329053920622
-0.29205607476635514
0.21480179652412082
-2.0070148090413227
2.2469675879896736
-0.8168028004667532
0.19607843137254902
-0.5479452054794542
1.14128295946478
-0.35019455252917403
0.4099960952752653
-1.2249659731674032
1.279527559055118
-0.44703595724003004
0.23428348301443414
0.40903778730035506
-0.2909796314258002
-0.09727626459143969
-0.1168451801363238
-0.1559758237473103
-1.2888107791447028
1.6221562809099992
-1.615729024722614
0
-1.4444004748713801
-0.4216020879341543
0
0
1.0685483870967765
-0.37901456213844686
-0.5806968362034396
-1.4300100704934589
2.697180220678391
-0.5173099880620817
-2.0799999999999956
3.819444444444442
-2.085382648042499
1.446654611211571
-1.6636957813428357
-0.725075528700911
1.0549807263136632
0.020076289901619332
1.6258530710558055
-0.05925340707090882
-0.039525691699602496
-0.9687623566627193
0.9782391694949161
0
-0.21747726374061344
2.1795125817317333
-3.9363971301144205
0.6055712555510698
-1.9863563402889202
0.3070624360286592
4.020408163265304
-1.9030802432803589
4.7
0.3629417382999001
5.5196041111534075
3.174603174603179
0.36713286713287113
1.0276955234279703
-1.896551724137931
4.727592267135321
-3.020641047155563
