1.532686893963101
-0.8009858287122682
-3.6024844720496967
-1.546391752577305
2.42146596858638
-2.204472843450472
1.5354459327017276
1.1904761904761867
1.3990461049284506
1.505174035747887
3.7689218412109944
2.411431973801734
-1.4244186046511562
-1.3565319964612275
3.318385650224222
-1.0416666666666732
3.2748538011695874
0.7078142695356738
1.4900196795052043
0.554016620498615
-0.08264462809917669
1.7369727047146435
2.520325203252036
1.3217023526301876
-2.348030263501174
3.0724018167245526
-2.0476931052358824
2.6726647261180267
5.541237113402062
2.075702075702076
-0.3588516746411483
1.776710684273704
0.35385704175513094
-1.034320639398208
-2.375296912114014
-1.28953771289538
1.8486566428395366
0.3872216844143327
-0.3134040501446508
0.36275695284159615
12.048192771084338
2.408602150537632
3.9689206215875754
0.16158351848110572
-3.186126235128041
1.7912934805248835
-2.8033558420298728
1.4105263157894712
-1.162549304546391
0.8191556395715138
0.5416666666666714
1.4919187733112285
-3.3278889342588833
-0.9081309398099284
1.7050298380221653
-0.5238893545683152
-0.18959342742784438
2.61713803292528
1.0078157136980737
0.895947872123799
4.2986881937436845
1.0061919504644052
-7.126436781609193
0.8869636963696393
-4.273154774074839
0.29901751388296327
0.04258943781941836
0.6598552575563997
-3.4891097483611757
0.43821209465381245
1.4397905759162355
3.1827956989247337
-4.168403501458942
0.04349717268377308
-2.5652173913043503
3.1236055332440875
-0.2596278667243593
1.9522776572668112
-1.4680851063829738
0
4.448283308140782
1.3024602026049228
-3.122448979591839
1.537813355803668
-1.9294605809128653
-0.2327057330230518
0.7209499575911741
-3.7684210526315742
2.318967403194042
-1.7746418644430215
7.858075750979544
-1.0090817356205852
1.243628950050973
0.6242448650825545
8.22493496097658
1.5902366863905368
3.9497633782308057
-2.293818945893893
-0.8064516129032258
1.897018970189702
-2.0567375886524863
0.9051412020275164
-5.615357014711151
1.4826078692263742
3.8771305487919174
0
0.7933645870897903
0.17889087656529518
-3.232142857142861
-2.2697914744417704
7.930513595166163
1.9419174247725721
-0.46336021966707486
-0.034482758620697496
-2.5698516729906826
1.5046910957691628
-0.3313568189745339
0.08748906386701662
3.5664335664335622
0.6076975016880525
-1.4093959731543586
0.918992511912862
3.861720067453622
0.8280565026790101
-7.48792270531401
0
1.4795474325500435
0.5145797598627787
-2.269624573378832
1.2048192771084296
-1.432022084196009
-1.1202520567127565
0.9559214020180523
-0.40329651060844374
-2.658450704225356
-2.2065472960752275
-5.418901424079909
-3.3242080563159955
8.454692556634319
0.24244684819096501
2.381395348837201
-0.34526621842630884
-0.6929248723559362
-2.0198310686742564
5.153673163418291
-0.01782213509178805
-3.1729055258466943
-0.20250368188512935
3.2281866814240914
1.8406004288777615
0.24565713283031712
-1.8729214073166345
2.479486264716371
-1.8102697998259316
0.904095018613725
-1.4406184118060514
-2.477718360071297
0.8590751233777978
-0.6161652772743706
-0.6746900072939336
0.5140444281255653
1.4794520547945247
-3.7077033837293056
0.5420560747663509
-0.9109499907045877
10.656660412757965
-9.121736181756521
-0.261194029850742
0.7295173961840585
0.05571030640667679
-1.8002969561989481
2.060102060102056
-3.1481481481481484
-1.6252390057361377
1.6715257531584107
0.45880328809022697
-0.5328258801141683
0.11478859766594778
-0.36308045098413483
1.3617184503260498
-4.10596026490066
0.47355958958168454
-3.436763550667714
-0.7118161480577588
-0.245800901269969
-1.0266940451745379
2.987551867219912
0.2417405318291792
-2.431672025723477
-0.24716786817713463
-0.49556060293207393
0.33201909109774286
-0.9720785935884154
0
-0.8563074352548085
-0.14746155466610253
-1.2658227848101267
3.1196581196581246
4.330708661417318
2.4826216484607744
-2.5775193798449636
-0.35806644121742814
-0.9183469754441936
0.362683860568207
-0.3412969283276542
0.4431909750201542
-0.7821901323706446
-0.10107135637760259
1.6794819910967242
0.577114427860692
-0.7716660071230663
-1.7547357926221359
3.0241526283742712
0.847123719464136
0.9181480757960628
0.6775067750677507
-1.9803883868486851
0.8238524911730067
2.859922178988336
-0.49177227160961273
3.4214027751378064
0.3675794890645102
-4.065189525727897
1.164344340523005
-1.0377358490566038
1.2392755004766445
-1.3935969868173215
1.2223071046600413
-0.5660377358490566
0.5692599620493358
0.8867924528301973
0.355339442678133
-1.4163250093179318
0.17013232514177265
0.24532930741650655
1.7319277108433606
-2.4426350851221192
-0.9484066767830045
-0.8808885484488744
-0.6955177743431264
-1.0700389105058365
0
0.05899705014749486
-0.9433962264150966
-0.11904761904762357
1.0329757647993734
-1.4942980731419626
-0.4391217564870237
0.7818765036086562
0.2983887010145216
-1.765172550575164
0
-0.8075913587724611
-1.058416446163238
-0.8228759514503188
0.47707944409872527
-4.851362510322048
-4.295942720763714
-4.14871911131263
5.368968779564804
3.0527497194163913
1.3286865606621576
1.5477214101461714
-1.4182895850973727
0.9662873094266695
-0.2552105487026773
0.6609808102345465
1.5886464732048293
0.18765638031692602
-1.7689906347554631
2.7330508474576223
-0.10311404413281089
-2.023121387283228
1.8752633796881535
-1.2823164426059956
-0.5028284098051611
-0.3158559696778269
-0.8449514152936206
-0.1917341286748993
-0.25613660618996553
1.2197731649903678
0.16913319238900876
-2.279442802870412
0.32397408207343414
0.7534983853606028
-0.021367521367526225
-1.4960461637101945
0.6292037318290375
0.30185424752047807
0.4299226139294927
-1.0488013698630088
-2.4443002379407335
0.7095343680709509
5.239982386613828
-1.7573221757322128
-0.31942078364565585
-0.06408886989959653
-0.021376656690898405
0.1924310455420214
0.49082373026034026
-1.7413463580377977
-2.528636265398744
2.0399113082039886
1.738374619730552
-3.6522853481418127
1.0197295499889083
-0.08777704630238693
1.801010322864043
-4.746494066882416
1.0192525481313703
0.8071748878923818
1.4679715302491028
-0.8110477860587437
0.5303867403314867
1.0991426687183996
-2.239617308110449
0.556049822064057
-3.118779031187795
5.136986301369863
-0.15200868621063815
2.174858634188778
0.6172839506172791
-1.1423735984768304
2.011555745773588
-0.4195510803440319
0.44238466399831955
1.5520134228187872
0.37174721189591314
-7.448559670781891
-3.957314361938642
0.046296296296293664
1.6427579824155536
-0.29592533576144125
-0.0684931506849341
1.4393420150788236
-0.7657657657657606
0.2723558783477051
4.6853779990946105
5.794594594594597
0.14306151645207207
9.632653061224499
-0.03723008190618866
0.8938547486033435
-0.4798818752306957
-2.7448071216617334
0.49580472921434454
-0.07590132827324046
-1.1393847322445878
3.2270457164809745
-2.474879047264599
1.3737836290784071
-1.4869188782232219
-1.089033244172704
-0.714699632992089
-1.5953307392996088
1.4827995255041406
2.5326319890902007
2.9640889226676848
-2.8049455619117794
0.24681982153027424
0.11363636363636795
0
5.01324252743095
0.7025761124121739
-0.8407871198568955
2.868482771062618
-6.980007015082439
0.2828054298642534
0.4324121075390239
1.8345189067764796
-1.4705882352941178
-2.611940298507463
2.7203065134099704
0.2051473330846529
-1.3958682300390843
3.775009437523594
-2.346307748272095
-1.9742968895511313
3.1540946228386897
0.792042733468423
-1.5350877192982622
1.224944320712699
0.6600660066006643
1.4754098360655779
-1.777059773828752
-1.6812865497076106
2.41635687732342
-0.9255898366606212
-1.4288331196189696
0.037167812674211445
-0.2600780234070179
0.2421307506053396
-0.3158677071720634
0.6896551724138016
2.9618659755646055
-0.719165767709457
6.77290836653386
-0.33921302578018997
-2.4166099387338402
3.2961283571677673
-6.668917778152964
2.803907380607815
-3.1321485131092657
0.36330608537693004
-1.2307692307692226
-1.0262048744731578
6.184039992593959
-0.7497820401046128
2.0906535488404736
-1.9445878506281307
1.7550017550017551
0.5691617799241235
-0.5144915108900703
0.6378210653335514
0.034258307639610394
-0.684931506849315
10.396551724137924
1.9834452600343662
-3.920367534456359
-0.25502072043353885
-1.6778523489932886
-0.6988460913375516
2.062193126022917
-1.3951250801796096
1.5612294682062162
3.730984787830257
-3.565915405989489
-0.30414599007525067
-3.5484906872189965
-1.7646079573830566
-0.13557024233181972
-0.28847785508228946
3.3356024506467024
-1.4822134387351777
-0.60180541624875
1.5640766902118994
2.2685875144891616
0.1457253886010326
-2.1180274858528736
-0.8919722497522262
0.5666666666666629
-1.508120649651976
1.6153457849570962
0.49677098857426727
1.6806722689075706
0.4699400421325518
-1.661290322580638
1.6729539117598706
-2.484271656718822
2.0512820512820475
1.9776300859134457
0.0158957240502341
-0.22250476795932786
-1.4017202930869632
3.7641357027463576
-1.2766619959520369
-1.1670083583031032
-1.0690920695707746
-0.7419354838709714
0.5687357816054599
4.087897883341423
0.26389320086928464
-1.672085462145836
-0.14170996693433746
-0.5203405865657629
-1.3948327785702892
2.7969779778170674
-1.8608287724784953
5.449330783938803
-2.704744635841641
-7.470104053424448
0.8224236320913212
2.680206425836509
2.2859922178988366
10.3661436043747
