0
-1.464435146443506
-2.335456475583867
-3.9130434782608634
8.597285067873296
0.20833333333333628
-4.158004158004158
3.03687635574837
-2.3157894736842137
-4.094827586206893
4.044943820224713
3.6717062634989266
-2.5000000000000058
-1.7094017094017033
1.9565217391304317
1.2793176972281481
-0.631578947368415
-0.211864406779664
-1.4861995753715558
0.6465517241379403
0.4282655246252585
0.21321961620469387
0
4.893617021276589
-5.476673427991877
4.93562231759656
-2.453987730061341
-2.935010482180305
1.5118790496760321
1.4893617021276657
-1.2578616352201286
-4.458598726114652
4.444444444444445
0
0
-1.9148936170212736
1.0845986984815619
0.6437768240343287
-1.0660980810234542
2.1551724137931036
-1.4767932489451387
1.9271948608137013
-0.21008403361344835
-0.42105263157895334
1.4799154334038116
1.8749999999999971
-3.067484662576687
-1.2658227848101296
2.3504273504273536
1.0438413361169103
-0.20661157024793683
1.4492753623188466
-2.4489795918367405
1.6736401673640258
-1.6460905349794326
0
0
4.393305439330547
-5.210420841683369
1.4799154334038116
-0.41666666666667257
1.0460251046025104
3.3126293995859246
3.4068136272545146
-1.937984496124031
0.7905138339920921
-4.705882352941174
2.469135802469127
-3.6144578313252955
1.6666666666666607
-0.61475409836065
0.618556701030922
-1.2295081967213
-1.8672199170124597
-1.0570824524312896
2.5641025641025705
-1.8749999999999971
4.8832271762208
-4.858299595141697
4.893617021276589
-5.476673427991877
0
1.7167381974248865
3.1645569620253164
-3.067484662576687
-0.2109704641350241
1.4799154334038116
-1.6666666666666607
0.21186440677964896
-1.9027484143763185
1.93965517241379
3.38266384778013
-3.8854805725971344
1.702127659574462
-1.0460251046025104
1.9027484143763336
-1.0373443983402488
-1.8867924528302005
-0.21367521367520154
2.5695931477515965
-1.8789144050104356
-2.127659574468085
3.0434782608695623
-2.3206751054852353
1.7278617710583246
-1.4861995753715558
4.310344827586207
2.4793388429752126
-2.2177419354838737
4.948453608247419
-2.9469548133595285
0
-0.4048582995951331
0.6097560975609698
-1.8181818181818152
-1.6460905349794326
2.092050209205021
1.2295081967213144
-2.0242914979757085
-0.20661157024793683
-2.277432712215309
4.23728813559322
-2.439024390243908
0
-0.41666666666667257
-4.602510460251037
3.947368421052625
1.2658227848101296
-2.0833333333333335
4.893617021276589
-4.056795131845842
-1.4799154334037965
-1.9313304721030011
0
0.8752735229759269
0
-4.121475054229932
0.9049773755656075
-0.896860986547082
0
0.22624434389138984
1.5801354401805934
0.22222222222222537
-0.8869179600886886
1.1185682326621924
-0.6637168141593014
-1.1135857461024499
1.8018018018018114
0
0
1.3274336283185715
-1.7467248908296882
1.7777777777777715
0.4366812227074298
1.9565217391304317
1.0660980810234542
-1.898734177215187
-4.516129032258068
7.432432432432443
4.402515723270428
-8.032128514056225
8.733624454148472
-7.831325301204817
1.3071895424836633
-1.075268817204301
-3.0434782608695623
2.0179372197309386
3.076923076923074
-3.624733475479735
0.4424778761061852
-1.3215859030837036
1.3392857142857175
6.167400881057279
-6.224066390041493
7.300884955752205
0.618556701030922
-2.8688524590163906
-2.7426160337552683
3.9045553145336163
-3.757828810020871
3.03687635574837
0.21052631578947667
-1.050420168067227
0.8492569002123111
-1.4736842105263217
0.42735042735043344
0
1.276595744680854
0.42016806722688177
-0.2092050209204902
-1.4675052410901526
-1.702127659574462
3.030303030303027
-0.21008403361344835
-1.4736842105263217
-1.4957264957264866
2.386117136659439
-0.423728813559328
-1.276595744680854
-0.4310344827586115
0.8658008658008627
0
-3.2188841201716736
-0.2217294900221761
-0.6666666666666603
1.7897091722595013
-1.758241758241752
-1.5659955257270757
1.5909090909090973
0.8948545861297507
1.9955654101995532
0.4347826086956584
0.4329004329004236
0.2155172413793134
-0.6451612903225745
-0.432900432900439
-0.2173913043478292
0
0
0
0.21786492374727978
0.4347826086956584
0
1.948051948051945
-1.910828025477704
0.8658008658008627
-0.42918454935622924
0.8620689655172383
-0.8547008547008517
-0.4310344827586115
0.6493506493506431
-0.6451612903225745
0.6493506493506431
1.5053763440860277
18.220338983050834
7.526881720430113
-13.333333333333334
3.461538461538456
-4.646840148698885
5.847953216374269
-3.499079189686922
1.5267175572519165
3.195488721804503
1.6393442622950793
-5.555555555555546
-3.795066413662239
1.77514792899408
1.3565891472868135
-0.7648183556405327
0.3853564547206221
0.5758157389635262
-2.0992366412213768
15.399610136452253
-2.0270270270270316
-9.999999999999996
-0.3831417624521127
-5.9615384615384635
12.883435582822095
-15.217391304347835
-0.4273504273504183
7.510729613733905
-2.9940119760479043
3.4979423868312667
0.5964214711729707
-2.5691699604743166
1.4198782961460505
5
-0.9523809523809523
4.038461538461541
3.5120147874306813
2.4999999999999973
0.8710801393728224
0.5181347150259141
-0.3436426116838537
-3.793103448275867
0.5376344086021582
1.426024955436715
-0.8787346221441125
1.5957446808510614
0
-0.5235602094240789
-0.17543859649123056
-2.4604569420035123
0.5405405405405355
1.2544802867383564
0.8849557522123894
-2.982456140350882
3.9783001808318317
-3.130434782608691
-0.5385996409335804
-1.6245487364620914
0.1834862385321127
2.0146520146520173
4.129263913824052
-6.72413793103448
2.0332717190388196
-2.5362318840579814
0
-1.115241635687722
-0.18796992481203273
-0.37664783427495824
1.1342155009451822
-6.1682242990654155
-0.3984063745019977
1.5999999999999943
0
-2.1653543307086505
-2.4144869215291807
1.6494845360824684
9.533468559837734
-8.70370370370371
1.8255578093306404
-3.3864541832669377
-1.0309278350515463
2.2916666666666696
1.0183299389002036
-5.040322580645161
6.157112526539276
-6
1.702127659574462
0.41841004184101016
-0.6249999999999941
5.0314465408805
-4.191616766467068
2.2916666666666696
-1.425661914460291
0.20661157024793683
0.2061855670103122
-2.4691358024691414
0.2109704641350241
-2.1052631578947367
-0.6451612903225745
1.2987012987012863
2.5641025641025705
-1.2500000000000029
0
-0.4219409282700332
0
-1.271186440677969
-0.21459227467811462
-0.21505376344086327
0
0.2155172413793134
-0.6451612903225745
0.4329004329004236
1.2931034482758652
-3.4042553191489393
1.3215859030837036
-2.1739130434782608
1.5555555555555618
-2.625820568927796
-0.8988764044943788
1.3151927437641684
-0.40286481647269407
-0.5393258426966336
-1.9430637144148204
1.7972350230414773
-0.18107741059302465
-0.49886621315192486
1.1850501367365451
-0.9009009009008977
0.8636363636363694
-2.298332582244261
-0.8302583025830246
-0.13953488372093553
-2.14252445272472
-5.283198476915768
-9.246231155778895
5.64784053156146
0.8385744234800847
-0.2598752598752451
-0.9900990099009968
0.5263157894736917
0.7853403141361182
-1.2987012987012987
-1.3157894736842106
0
0.7999999999999924
0.8465608465608474
0
-0.10493179433368087
-0.7352941176470619
1.7989417989417984
-0.2079002079002035
-0.5729166666666637
0.5762179151388132
-5.989583333333326
0.38781163434903204
-5.463576158940408
-0.7589025102159895
2.9411764705882355
-0.5714285714285795
10.91954022988507
-0.9844559585492294
3.2967032967032917
4.863221884498485
-3.526570048309181
0.6509764646970584
-0.6467661691542416
0.1502253380070162
-0.9500000000000064
-1.3124684502776276
-0.1534526854220007
1.9467213114754047
-1.0050251256281373
-2.5380710659898478
1.5104166666666623
-0.46177526936890645
1.8041237113402135
1.2658227848101267
-0.7499999999999929
0.755667506297222
-1.25
0
0.10126582278480797
0.9104704097116829
-2.5062656641604013
-0.25706940874036355
-0.10309278350515245
0.6191950464396336
1.025641025641022
0.5076142131979767
-1.9696969696969724
3.0396702730551253
-0.5499999999999972
2.061337355455003
-2.7586206896551837
1.3171225937183464
-1.5499999999999936
7.668867445403747
-11.226415094339618
1.8597236981934189
-2.973395931142411
0.8064516129032181
-1.5466666666666622
1.0292524377031296
-2.25201072386058
0
-2.4684585847504072
5.7367829021372305
-5.372340425531923
1.4614952220348598
-2.9916897506925157
1.0850942318674912
0.9039548022598879
1.343784994400907
-1.8784530386740321
0.2252252252252204
-0.337078651685406
0.3382187147688967
3.7078651685393265
-1.950162513542792
-2.099447513812169
-0.6772009029345228
1.306818181818164
-1.289960740325277
1.2499999999999933
1.2906846240179597
0.05540166204985047
0.49833887043189296
-0.8264462809917278
-0.27777777777778173
0.27855153203343014
4.999999999999992
-3.9682539682539684
3.581267217630866
-3.191489361702135
-0.5494505494505377
1.1602209944751232
-1.419989077007089
-0.16620498614959078
-2.885682574916757
2.857142857142857
-0.11111111111110875
6.729699666295889
