6.20250061289532
-0.2770083102493049
-0.9490740740740793
1.659266183687783
2.7011494252873565
0.27979854504756574
-8.77232142857143
0.562759970638613
0.32846715328467707
1.1155571723050723
-0.2878042930807024
0.34876728803367135
-0.5033557046979784
-0.024090580582997526
0.795180722891569
-0.5498446091322045
1.0697115384615357
-0.10702818408847393
-1.7857142857142858
0.13333333333333608
2.360489044909817
0.7568590350047276
-0.962441314553996
1.6828632377340658
-2.9603729603729576
0.31227480182560924
2.46647509578543
0.2570694087403652
0.09324009324008795
0.20959478341873175
-0.22077620264931178
-0.6055665540934022
2.3901581722319833
-1.5104703055269404
0.15103985128383343
-0.24361948955916737
-1.255959995348291
0.7537392533270495
-2.3027469316189415
1.6989710457047196
-1.6117647058823583
0.9207222288652452
0.5450236966824672
-0.47136460051850104
0.16575893914278678
0.9101654846335752
-0.5973995548787656
0.3299552203629454
2.6427061310782243
0
1.018423160544682
-0.3171726325328449
0.6022727272727221
-0.372754998305654
5.510204081632655
-0.5910165484633569
2.097070586963569
0.5823186871360508
-0.2631578947368421
0.23218997361478053
-0.5264820469621986
0.6668783740870069
-0.6098843322818038
0.37029200169276344
-0.7167703172762799
0.02123367661111004
-1.0614584439019212
0.8475485462933137
-0.1170212765957471
0.9692192991798938
-0.33755274261603857
-0.6138865368331874
0.04259850905218075
0.06387055567383679
-1.1382978723404304
0.04304315075864532
2.032913843175215
0.664136622390887
-0.02094460152894877
1.393107782549487
0.4235537190082668
1.1727188560847626
-2.064056939501775
0.6852159468438443
-1.1858115075273252
1.367004069706775
0.030883261272397388
0.9982504888339951
1.783166904422254
-0.8209029932926151
-1.8673665085293225
0.8228759514503188
4.478677820852873
1.5525827555902834
-2.1153846153846154
0.6286836935167084
-0.9468957438500629
-6.908445846062877
6.817700614016513
0.1090188305252748
-0.6732006732006799
-0.32891458187979217
0.23999999999999772
-0.02992817238626841
3.4926654026544144
-0.10606498891137876
-1.3803088803088759
0.06851326221003541
0.2934272300469595
-0.8386970938170603
1.2785208497246263
0
-0.8059817440279622
0.7342143906020558
-0.7774538386783285
-0.40156709108717165
2.2519421772052293
0.8655510675129833
1.172768878718531
-1.489020827443215
0.8992633693676544
-0.3318479188394804
-1.074961948249615
1.09625925569765
-3.367259583372965
-1.161531646815627
2.051588487202472
0
1.8639601834683233
-1.2454493197930638
-1.3096623981373692
0.06880959402339973
2.3379174852652214
0.777500479938581
-3.352700257167353
-1.0150783482802865
-2.508960573476696
0.5004084967320238
1.2295498424956837
-0.05019072475406545
-0.4921160992266838
0.06055712555510928
0.9582408714948558
-0.09991008092716555
1.7701770177017748
-0.26533018867924973
-0.5616316878510131
1.6845025762980579
1.442213993373607
0.2881844380403458
0.8620689655172413
-0.0949667616334283
2.813688212927748
-0.9338017751479206
-0.17732151189921522
-0.3365744203440454
-0.6378986866791703
-0.2171450151057359
1.977481313274658
0.01855631842642842
-0.3246753246753247
0.8934388087482465
-1.1991513697998342
-0.2147325179721739
-0.8046407185628658
0.0660252782493912
0.8294844000376995
0.028045246330742686
-1.2149532710280373
-0.4162724692526103
2.7740832224966794
-0.06470696986504396
-2.617704190176668
1.4247720364741643
-1.2923768495972987
0.3130929791271304
-0.7566442826066396
0.06671114076051134
0.5333333333333247
0.3694581280788264
-2.1991505427088205
0.20266357845974803
0.7127034575748908
-0.20082241560678363
0.05749329244922734
0.6033326948860328
3.550690147548782
-0.8365508365508282
0.9919347362566093
0.34881586194234937
1.1251372118551002
0.009045680687463505
-0.11758321273516233
0.11772163361405004
0.36179450072358904
-0.4235760634462706
1.3666395148882169
1.3035714285714204
-2.846818261942531
-1.6148054068765267
-7.376671277086215
0
-1.00547536087606
0.010056315366052166
-2.95625942684766
0.09325458501709431
-0.031055900621113304
0
-0.6730868799834316
0.010425354462042227
0.5941832586260863
0.8186528497409303
0.12334258402714005
1.4269582178421083
-0.2429149797570827
0
-2.1814123376623376
0.11409604812778992
0.7148777455449624
0.020574015019023947
0.42168055127018644
-0.6042605489553439
0.8140133951571331
0.01022076860180118
0.45988758303525806
0.762970498474059
-0.1514386673397274
0.0910010111223435
-0.697040105061115
0
1.0071210579857555
0.11078658475173962
-0.07042253521127217
0.46310278868418636
-1.2025253031365868
0.344862562125974
0.5155160214292958
-0.1508447304907482
-0.04028603081881129
0.07052896725441264
0.33225936367297165
0
1.2042147516307076
-1.140307387208726
1.6950852557672995
0.3057500739717943
-0.9341199606686332
-1.0024813895781661
0.26067776218167465
-0.8
2.1975806451612856
0.2170053264943821
0.9055118110236265
0.18532969176744668
-1.5869925031642447
-0.46497823506133085
0.36775668422621327
-0.8813626460685262
-3.3569787191527647
-1.7057789723973948
3.8704249053428765
-0.16200891049007926
-0.8823529411764752
-0.06139363552644112
-0.7269376471792794
-0.5775577557755799
0.6431535269709591
0.999793856936707
-0.6633329931625677
0.2671049928087141
0
0.20491803278688525
-0.5214723926380391
-0.503648884777467
-1.0227272727272705
1.1898549211982024
-0.6085611139762741
-0.9858862598588626
0.5135730007336733
-0.5109489051094867
0.5345351640289302
-0.8548790658882449
-0.6203995793901133
-0.5184636546397182
-0.3297170814720296
0.8323551381922905
-0.021166260979990664
-0.4763416957764369
2.339927674962774
0.39492828933693147
-0.10351966873706005
0.7046632124352284
-0.6277011730808715
-1.2012012012012034
1.7817838800964259
-0.32952322108949084
0.6302303957020376
-0.9445585215605796
0.4042288557214025
-0.8981108702384686
2.010416666666662
-0.5412029000306295
-2.7618069815195048
-0.823566677225221
-0.7345895879910548
1.7589017589017566
-4.669055649241142
-0.9397457158651189
0.5357142857142806
1.5541740674955595
1.114997813729782
0.01081081081081327
-1.7727813209382743
0
0.34114669307801354
0.8993200263215668
-2.749999999999995
-0.6594389180731073
3.5328532853285433
-0.42382090849816245
-0.06548073774963539
-0.2839357868297502
0.7337641003175919
1.0980647966949362
-1.2904613399290246
-0.5882993790173197
1.1835616438356114
0
-2.8159861366836347
0.23403543965229276
-0.10006671114075798
1.2020033388981586
-0.538876058506541
0.2321981424148632
0.7391064533921727
0.19710906701707778
-0.6775956284153055
-0.4071302816901334
-0.4971826317533974
0.06662225183211445
-1.531291611185094
-0.06761325219743326
-1.1840324763193506
-0.5934040853588876
0.6199058661462492
0.182544209925844
-1.1502106821546547
-0.3917050691244213
-1.1450381679389285
0.4563004563004536
-0.17470300489168414
-0.29168125072920315
2.8434355253919907
-1.1264080100125131
1.7031070195627105
0.32812853586785373
-0.8909439494755939
-1.0013654984069134
0.9425287356321891
-0.25051241175131467
1.5068493150684983
0.31488978857399397
-1.0313901345291532
-0.577707294970538
-0.4671299988606611
0.3434065934065934
-2.087611225188235
0
0.29127344751252476
0.8364312267658046
-2.3156682027649795
-0.10614459252270048
2.7744982290436835
0.6318207926479035
-1.4726027397260248
0
0.7067547213532641
-1.2770363552692157
0.2447267218272955
-0.6975122064636131
1.1355654413486223
0.1041787243893943
-1.1100832562442078
-0.7834424695977602
-1.2021213906894572
-0.2743647858761726
-2.0334928229665072
0.6593406593406566
-3.6875303250849076
0.2518891687657431
2.022613065326636
0.012313754463738792
2.3393252893376015
0.10827718960538706
0.6850138204542641
-0.4296968250178932
0.8391273076000959
-0.8202567760342476
1.3184705741340046
0.5560156157577245
-0.011764705882355616
-1.1177785621837864
2.1894336030461656
0.2328830926874709
0.871282527881041
0
-1.2553265000575813
-0.09330534173080879
-1.3308428671491919
0.402271651680073
-0.1649776101814727
1.2983947119924457
-2.0274994173852354
0.17840152235965748
-0.9853971269143957
-0.011990407673863638
0.2758124475356839
0.2630949533604319
0.3339694656488631
0.08321445553969707
-0.22568000950231348
0
0.05952380952380952
0.09518143961926884
1.7472958516581536
0.4322429906542109
0.4187507269977793
0
0.7760917409938661
0
-0.2068965517241327
0.9214466712739
-0.15978087194705443
0.3657978966620994
-1.9931662870159452
0.6275421266705378
0.42730107402702916
0.11499540018399264
-0.4479669193659519
0.011538017768536869
0.21919704660822462
0.24174053182915956
0.08038585209003737
-0.4934021801491629
0.26522140221401685
-1.0580793559517017
4.300825293502267
0.9584308480998577
-1.688928137763545
0
-0.988097911520331
1.5649807212519924
-4.7900848593121905
0.6215550603963825
-0.7226107226107279
0.7865696172810572
2.6441467676179435
0.8624602814343972
0.5288028802880339
-0.4476776720761052
-1.3265879707700905
0
0.4785234134670083
0
0.9751672525229644
-0.9545199326221224
1.4625850340136028
-0.10056989607777152
0.1565995525727044
