-4.915254237288136
-4.991087344028525
0
-4.878048780487801
0
-4.930966469428007
0
-4.9792531120331995
0
-4.803493449781654
0
-4.816513761467888
0
-3.6144578313253093
-1.2499999999999956
-1.2658227848101333
-3.589743589743593
-1.3297872340425485
-3.234501347708898
-7.799442896935927
4.531722054380662
0.5780346820809253
9.19540229885057
9.210526315789489
0.7228915662650448
9.808612440191391
0
4.793028322440082
0
0.623700623700629
-5.578512396694206
-4.814004376367628
0.2298850574712799
-1.1467889908257043
1.1600928074246106
0.22935779816513271
-5.0343249427917565
-2.1686746987951984
-1.231527093596055
1.995012468827932
-1.9559902200489017
-0.49875311720697196
-0.5012531328320806
0
-1.7632241813602085
-2.307692307692304
0.26246719160104426
-1.5706806282722527
-2.1276595744680753
0.5434782608695656
4.324324324324316
3.6269430051813507
-5.000000000000004
0
-1.8421052631578907
1.6085790884718514
-3.4300791556728205
-4.098360655737714
-0.8547008547008492
-0.8620689655172358
-2.6086956521739215
-4.464285714285712
2.4922118380062326
-1.2158054711246211
-1.8461538461538478
0.31347962382445865
3.437499999999996
-0.6042296072507558
-3.951367781155012
0
-2.848101265822794
-2.280130293159604
7.33333333333334
-3.105590062111804
8.333333333333327
-0.8875739644970356
-0.5970149253731348
-0.9009009009009084
-2.727272727272723
0
-4.984423676012465
-1.6393442622950762
0.9999999999999934
-0.6600660066006607
1.6611295681063212
0
-2.2875816993463998
-0.33444816053512477
-4.362416107382547
-0.3508771929824642
-2.8169014084507067
-1.8115942028985443
4.428044280442808
0
4.9469964664310995
1.6835016835016774
-2.3178807947019813
2.711864406779648
1.9801980198019822
1.9417475728155358
-5.3968253968253945
0
-0.671140939597316
-0.33783783783783067
-2.372881355932213
-1.3888888888888902
1.4084507042253533
-1.0416666666666599
0
0
-1.4035087719298258
0
2.846975088967974
-1.3840830449827002
-0.3508771929824642
-0.7042253521126767
1.0638297872340514
-1.052631578947377
-0.7092198581560291
1.42857142857143
0
3.8732394366197296
-4.745762711864411
-0.3558718861210047
0
-1.0714285714285645
0.7220216606498201
1.7921146953404954
-1.4084507042253533
-1.42857142857143
1.0869565217391395
0
-2.8673835125448055
0.7380073800738014
-1.831501831501825
-1.119402985074636
1.5094339622641524
0
-1.8587360594795472
-1.1363636363636458
4.5977011494252915
-1.831501831501825
6.71641791044775
0.6993006993006999
4.1666666666666705
3.333333333333336
1.2903225806451624
1.2738853503184724
-5.974842767295595
0
1.0033444816053445
-0.6622516556291397
5.666666666666664
0.946372239747642
3.7499999999999893
4.81927710843374
0
0.2873563218390871
-2.578796561604593
-1.4705882352941124
-2.3880597014925393
0.9174311926605445
-3.9393939393939363
-1.5772870662460512
6.410256410256401
0.9036144578313329
2.0895522388059655
1.461988304093575
-3.170028818443813
2.380952380952383
-6.976744186046505
0
-0.3125000000000072
0.31347962382445865
-0.9375000000000078
0.946372239747642
-5.000000000000004
-1.3157894736842117
-1.6666666666666607
-1.6949152542372972
-3.103448275862064
-0.3558718861210047
4.28571428571429
1.0273972602739811
3.0508474576271136
1.3157894736842117
-3.571428571428567
-0.673400673400674
0.6779661016949158
0.673400673400674
0.6688963210702198
-0.3322259136212554
4.6666666666666705
1.5923566878980835
-0.9404388714733481
0.3164556962025249
-1.89274447949527
-0.9646302250803797
0
-0.6493506493506499
4.248366013071892
0.6269592476489034
1.8691588785046747
-0.6116207951070342
-2.153846153846149
3.144654088050303
-6.402439024390243
0
-1.3029315960912065
1.650165016501659
-3.8961038961038996
3.3783783783783816
-2.6143790849673225
0.671140939597316
-0.9999999999999934
2.020202020202007
-1.9801980198019675
0
-1.0101010101010184
2.040816326530614
-3.6666666666666625
0.34602076124566733
0.6896551724137937
0.34246575342466545
-3.0716723549488156
0.35211267605634616
-0.7017543859649129
0
-2.1201413427561855
1.4440433212996402
-2.4911032028469693
1.8248175182481685
-2.508960573476697
1.8382352941176403
-2.8880866425992804
1.8587360594795639
-2.189781021897812
0.373134328358201
-2.973977695167289
0.7662835249042153
-0.7604562737642593
-1.9157088122605297
1.1718749999999925
0.38610038610039504
9.230769230769223
3.8732394366197296
5.762711864406777
3.205128205128208
-7.453416149068329
0.671140939597316
0
0
0.9999999999999934
0.6600660066006607
-4.26229508196721
2.739726027397263
-2.333333333333328
2.047781569965872
-2.341137123745829
-0.6849315068493157
-1.3793103448275874
0.34965034965035774
-2.7874564459930338
-1.4336917562724028
2.181818181818184
-1.423487544483987
-0.7220216606498201
0.3636363636363559
-0.36231884057970243
0
-1.0909090909090837
0
-1.8382352941176567
0
6.3670411985018704
1.4084507042253533
-4.1666666666666705
0.3623188405797185
0
-2.5270758122743624
4.074074074074069
-0.3558718861210047
-0.35714285714284955
0.3584229390680927
-1.7857142857142796
0.3636363636363559
0
-0.7246376811594049
-4.379562043795624
-1.5267175572519096
-0.38759689922481516
2.334630350194555
-1.1406844106463805
-1.5384615384615399
-0.7812500000000007
1.5748031496063006
-0.38759689922481516
-0.3891050583657505
-1.5625000000000013
-0.39682539682540596
0
-1.593625498007952
1.61943319838055
0
-5.179282868525893
0.8403361344537823
-1.249999999999992
-0.8438818565400851
-8.510638297872347
0
-5.116279069767436
0
1.960784313725492
4.3269230769230695
-4.60829493087558
1.932367149758456
7.5829383886256
0.4405286343612241
9.210526315789494
4.819277108433721
4.5977011494252915
2.564102564102558
2.142857142857145
0.6993006993006999
-0.3472222222222148
-1.3937282229965169
1.7667844522968135
4.1666666666666705
-7.33333333333334
0
-3.597122302158261
-1.119402985074636
-2.2641509433962286
0
1.5444015444015458
0
1.5209125475285186
0.7490636704119857
-3.7174721189591113
-0.7722007722007729
-3.891050583657574
0
4.048582995951402
0.38910505836576775
0
0.7751937984496131
-3.461538461538473
0.3984063745020013
0
0
0
-0.7936507936507944
0.8000000000000007
0.7936507936507944
1.1811023622047168
0.7782101167315183
-1.1583011583011509
-1.9531250000000104
-0.3984063745019836
0
-1.1999999999999922
-0.809716599190284
3.265306122448964
1.1857707509881523
-1.5625000000000013
-0.7936507936507944
1.1999999999999922
-1.9762845849802302
1.2096774193548308
0.7968127490039848
-1.1857707509881346
-0.3999999999999915
1.6064257028112285
0.3952569169960566
-0.7874015748031503
0.39682539682538837
-0.7905138339920956
-0.7968127490039671
1.2048192771084258
0.7936507936507944
-0.7874015748031503
0.7936507936507944
0
0.3937007874015664
-1.9607843137254835
-1.999999999999993
0.8163265306122456
-0.404858299595151
0
0
-1.6260162601626031
0
2.0661157024793497
0.40485829959513303
-1.612903225806453
0.40983606557377994
-0.8163265306122456
