-1.396396396396394
1.8044769301050656
-3.948844514247244
2.6395701938799236
-0.6144742831133339
1.1678497824593594
-3.0330466274332353
0.5135387488328771
-1.5791918253599655
1.3685700802265246
0.1396648044692658
1.9525801952580275
-1.185590515275888
-0.32302722658052085
-1.0879629629629604
0.046805523051717444
1.1461988304093513
0.18501387604070568
0.46168051708217916
1.2178308823529438
-0.7718501702610618
1.5785861358956708
0.18018018018018275
0.5845323741007118
1.1175681716584713
0.5305039787798485
-0.13192612137203666
-1.210920299427565
3.3875640739915287
0.5604656175900028
-1.307609860664528
-0.7602085143353606
0.9411249726417185
-0.021682567215950976
-1.7566688353936288
1.5452538631346577
-1.2391304347826062
-0.15408320493066005
2.314814814814815
0
-1.659125188536963
0.7887817703768675
0.6739130434782659
-1.3172101058086856
0.30634573304157053
7.635253054101222
-7.924604783137407
1.2326656394452928
-0.4783648619265033
1.37644745466463
3.2974137931034506
0.7302315877321093
-5.198840099420054
-1.3982958269608865
-1.7504985597163825
-0.04510599909787746
3.36191335740073
1.156952630430027
-0.5826499784203687
1.1504232689385743
-0.3218884120171674
0.27987082884822634
2.2327179046801153
-0.04199916001679728
-0.3991596638655414
0.4007593334739458
0.7983193277310948
0.8753647353063753
-1.528925619834706
0.7553503986571477
-1.665972511453561
-0.04235493434984935
0.06355932203390072
0.7834003811136965
-3.17226890756303
0.34714688652636644
2.1621621621621623
-0.31746031746031744
4.904458598726119
2.2667476219388765
-2.355036611913721
0.7093635995135793
-1.7106057556852485
0.7166257166257166
0.8741614149217344
1.0882708585247953
-2.153110047846892
-0.733496332518342
-1.7036124794745509
-1.0231781165170135
2.17299578059072
-0.10324179227751394
0.16535758577924997
0.49525381758150583
-0.9445585215605796
0.0414593698175882
0.20721094073767093
-1.3234077750206852
-0.041911148365462836
0.3773584905660401
1.190476190476188
-0.4334365325077446
-0.5182421227197347
0.9585330277141119
-1.9607843137254901
1.747368421052634
-3.3105731429753775
0.021399529210350075
-0.6632434745400013
0.387680379065262
2.531645569620243
0.08369951872777445
0.12544428183147938
0.8352474420547088
5.259888175605723
0.41314184536690257
-1.018808777429465
0.5542359461599389
-0.05905511811023846
-1.516643687216858
1.5799999999999954
0.80724552077181
-1.3867187500000044
-0.3961180431768667
-2.6247762974746447
-0.3675719828466431
-2.2955523672883764
0.33564086427523027
3.6796989337235972
-1.0485985077636597
-1.5691868758915812
0.2070393374741201
-0.7231404958677686
-0.04162330905306735
-2.6858213616489763
0
-5.00641848523748
2.6801801801801752
1.1844702785698693
-0.4985909386516391
-0.5446623093681917
0.32858707557502737
0.2183406113537118
1.198257080610022
-0.4951560818083986
0.8005192557334463
-2.5971238463189454
1.7188188629352161
-3.2279029462738373
0.7387508394895929
0
-0.15555555555555303
0.4006231916314292
0
-2.2833074706273577
0.2722323049001789
-0.9954751131221669
-0.4798903107861112
0.8266360505166528
0
0.43270325666134757
0.11337868480725624
0.9286523216308092
0.022441651705557876
-1.0320843616782513
1.8136476989344819
-2.6942774437764467
0.6178489702517136
-0.7505117125312739
-0.22914757103574704
1.9522278364722097
0.3379139445821131
-2.155365963179157
0.3212482790270714
1.3952424519670683
0.1579066095195102
-1.4414414414414363
0.2742230347349151
0.5925250683682693
-0.09062075215223772
-0.2721088435374124
-0.22737608003638016
3.030993618960805
-0.8626410086264176
1.2048192771084414
0.30864197530863696
-0.6153846153846179
-0.1547987616099046
-0.19933554817275245
-0.04438526409233144
0.133214920071053
-0.08869179600886413
2.130492676431417
-0.4563233376792625
0.43658589827548566
1.1953923060204303
0.47250859106528964
2.4796921761436437
-2.6908635794743385
-0.08574490889602943
4.312379317742966
0.390785684903339
3.4624052448268747
0
-3.762376237623762
0
-1.6666666666666714
0.2720234358652462
-1.0434056761268782
0.1687051876845237
-0.989473684210524
4.188815649585369
-2.7551020408163267
0.1259181532004245
-0.2724795640326999
-0.02101723413199301
9.606895101955011
1.265822784810131
5.70075757575758
-0.3404407812219991
-2.0136641495864875
0.07339449541283986
-2.071873854052064
0.11233851338701042
0.8789975687301163
1.223581757508347
-3.2051282051282053
0
-0.15137180700093747
0.4358537047564818
-1.4150943396226414
-0.8229665071770248
3.0876109610189113
0.29951329090226675
-0.5225830533781177
1.2945590994371439
-0.9816632709760983
1.1036288814066548
-0.8880666049953663
0.018667164457701894
1.586412840612169
0
0.8451221752709945
0.0728730187647982
-0.345894775168392
-0.23748629886736475
-1.5015564914850843
-1.375720394125298
2.3374175306314755
-1.62092466384232
1.8535854708855977
0.036764705882361304
0.01837559720689251
0.018372221201547446
-1.6531961792799412
-1.755696675382887
-1.692015209125471
-1.7404757300328755
-0.05904349537492843
-1.929893658920837
5.421686746987952
0.133333333333342
-0.7038234734639615
0.7088122605364072
-2.5680045653414494
-1.0933229207340927
1.5594157125937578
1.5354713313896944
1.052833078101072
0.4167455957567808
1.9618939822674923
0.27752081406105455
0.4797047970479747
0.4223283143591543
-1.590784421283586
2.0995912300260042
1.0555050045495822
-1.2965964343597933
0.529100529100525
2.5589836660617102
-1.2210228278180812
0.8957362952346828
0.372869318181802
-0.26534583407040513
-2.1284143313231643
0.6524102935846363
0.5401512423478574
-1.146131805157589
-2.2463768115941987
1.5381764269829419
1.6608870231794166
-0.41292639138239756
-0.8833603749774817
-0.3092033466715045
0.07297938332420675
0.43755697356426204
-2.7591214376474738
0
-0.42934478252754676
-0.14998125234344856
3.060458129928643
0.5647658954272222
-2.21014492753624
1.130048165987407
-2.1432496794284543
-0.03743916136279398
-0.5805243445692927
-0.9041250706347627
1.7297091807641176
-0.9529147982062822
1.452556121486499
-0.7065823726292219
-1.0674157303370873
-1.552148400529989
0.615266294943267
-0.6115039174469582
-0.03845414343396375
0.03846893633391912
0.07690828686790564
0.6724303554274735
-1.6030534351144994
-0.6982156710628438
5.039062499999991
-1.7106731126812815
-1.816118047673103
1.7341040462427746
0.7007575757575844
-1.8243370321610015
1.8390804597701194
-1.7870579382994731
5.822639341122386
-0.09049773755656108
-2.4456521739130435
1.00278551532033
-2.059202059202047
0.9386146048432513
2.2131299981402224
0.2911208151382865
-1.197387518142239
0
-1.1935365405802423
-1.1150343802267235
0.45104303702311166
-1.5528531337698699
2.9076396807297518
-1.366574330563246
4.493540535480247
-0.7883891775667402
0.34314610800071826
0
1.8718502519798375
0
1.325088339222615
0.43591979075850046
-1.6493055555555556
0
-2.171226831420998
-0.01804402742692579
5.558563436202843
-1.7096939647803044
0.8697164724299878
0.7587515088808376
-0.9412972787951396
-0.3109882515549334
-2.339688041594454
-0.6211180124223602
-0.7857142857142817
1.4398848092152627
-0.21291696238467803
1.333570412517781
-3.2461835409721007
-1.577801958650695
1.087156808549839
0.9660955158585407
-2.581693446470474
-1.4084507042253562
1.3533834586466251
1.7247774480712081
-0.43755697356426204
0.9155832265152902
-2.358918526583197
1.0964504738896073
0.8272058823529411
0.27347310847766637
-1.6545454545454588
-1.423553337030862
0.7689422355588726
-0.4466778336125028
0.22434099831745102
-0.018653236336508623
-1.0820895522387974
0.33949453036589106
-0.545112781954883
-0.20790020790021219
-0.7007575757575844
2.803738317757018
-1.46567717996289
-0.18828845791752966
2.5844180343331318
-0.3310040456049935
-0.7749077490774992
0.5578281889178134
2.4408284023668725
-1.1913357400722062
0.1644135915235618
0.9301477293452531
-0.09035056017347308
0
-3.3640803038524187
-0.7673591615197285
0.3772161448509996
-0.35700864336717225
0.16971525551576297
-0.5835843373494018
-0.11361484567317226
-0.606635071090056
0.45775319473585563
0.09493070058857034
0.2655538694992369
1.0026485054861813
-0.4869825810076836
1.3363448146056887
5.423476968796442
1.2861169837913944
-1.7568272743085793
0.3895184135977418
0.3703703703703744
0.24600246002459625
-0.4557405784399689
-0.3345659447085715
0.03533568904594443
-1.7838219710349739
1.2048192771084214
-1.1904761904761785
0.32368279086494417
2.1688474637031767
-2.9298245614035165
0.12651364540033355
-1.3176895306859124
0.2560819462227871
2.517788724685268
-0.33813845880049426
3.125
0.06926406926406532
-0.7094653054161659
-1.655629139072848
0.708842814105972
-1.2669364772127278
-0.285154161468548
0
1.8945487042001827
1.0173653744956945
-3.52491752040284
0.017998560115194875
1.6555695519164892
0.8851124092759781
0.40357957536411093
1.5029709891646117
-0.34435261707988984
-1.8832066344160294
1.531959852086643
-0.5376344086021545
2.4237140366172585
0
-0.5277494041539025
-0.034228991956175216
1.831878103064532
-0.4203093476798924
2.4143170690528564
0
-0.9561490273656558
0.049933422103872874
1.280984861087994
-1.0348226018396773
0.28215767634855526
