-0.5560307955517585
-2.150537634408602
0.9230769230769206
2.52613240418119
6.881903143585381
-1.192368839427663
-1.769911504424781
1.064701064701074
-0.9724473257698564
0.28641571194762216
0.2855977152182852
0.8136696501220504
3.188054882970128
-2.1118498240125056
5.433479824210933
2.235695339143628
-5.744996293550778
2.0055053086905095
-0.501156515034678
-1.1235955056179907
-1.1363636363636276
1.0305192231470448
3.5700274617497034
2.1590909090909047
-3.5224323322209865
0.6917755572636477
-2.5954198473282486
2.586206896551733
-0.649350649350645
-0.07689350249905631
2.808772604848023
-0.4865269461077887
1.1658518239939915
-0.18587360594795538
-2.8677839851024167
1.3420245398773005
-1.8917896329928112
0.7327419976860691
-1.1868300153139226
0
0
2.053467648198355
-1.8223234624145614
0.2706883217324008
-0.19282684149633628
1.1978361669242525
0.2672775868652331
0.6854531607006681
-2.6853252647503654
0.9327633113097463
-0.8471313053523253
-2.1359223300970873
3.2936507936507984
-1.767191701882452
11.419632381697298
0.03510003510004309
-0.31578947368420257
-1.3375571981696626
-0.17838030681412773
1.0364546104360175
-1.556420233463027
-0.7545813869924624
1.8102824040550327
-1.2802275960170577
2.917867435158489
-1.8900945047252284
1.3556903317873747
0.2463921154523015
-1.1235955056179734
1.4914772727272685
-1.1896431070678914
-0.7436260623229342
-3.531930074919741
2.7736686390532546
1.0075566750629765
-0.8906305664410403
-0.8267433501078402
1.341065603479538
-0.4649499284692458
-0.8623787279913885
-1.5585357013410492
1.4359351988217883
0.9074410163339383
0.07194244604316138
5.068296189791525
-0.30790283954842085
-1.3383665065202395
-1.9130434782608696
-0.921985815602845
1.5748031496063115
0.3523608174770965
0.24578651685392858
2.136602451838887
-0.17146776406035663
2.679491583648215
0.6691201070592172
-1.2961116650049775
0.7744107744107782
-1.303040427664562
-0.6093432633716841
1.3964577656675632
-2.149815250251924
1.0641949879848835
0.47554347826088117
-1.386071670047337
-2.8111073020226223
2.2222222222222263
1.7943409247757034
-1.5254237288135593
-1.4457831325301165
3.2134125043660453
1.3874788494077912
2.1695594125500666
0.2613524991832586
0.0651678071033058
0.5210029306414737
0.58309037900875
0.35426731078905727
-0.8023106546854941
-0.03235198964737067
-0.19417475728156075
0
-0.3891050583657551
-0.9765625
0
-3.0243261012491747
2.711864406779661
1.2211221122112175
-2.1519400065210195
1.4995001666111296
-2.1667760998030277
0.033557046979873405
-1.2747400201274777
0.6455997281685277
-2.363268062120189
-2.4896265560165936
1.9148936170212685
0.7654836464857501
-2.624309392265201
-0.6382978723404296
1.7130620985010747
0
-0.49122807017543063
-0.5641748942172153
4.361702127659578
0.16989466530750932
2.611940298507459
0.03305785123967694
-0.6278916060806458
1.9288327236448326
-0.619902120717774
-0.2298095863427595
-0.7239223428759424
-3.6791514749751295
1.9614590502408769
-0.7087411407357485
0.9517335146159115
0.6734006734006734
-2.441471571906358
0.4113815563935511
-1.02424035506999
0.689893066574681
-1.4731072285028965
0.4867872044506179
-0.9688581314878932
0.6638714185884117
1.0413051023950017
-0.1374098248024851
-0.8255933952528302
0.27748872702046873
-0.7955724662746493
0.3835425383542419
-1.8756512678013122
4.141592920353978
-0.713800135961919
-1.4036288942143178
1.4583333333333295
2.600958247775504
-4.336224149432955
2.0223152022315243
0.683526999316473
0.6109979633401067
1.3832658569500753
0.6322795341098094
1.388888888888904
-0.09784735812133442
0.3917727717923567
-0.5528455284552809
1.1445389143230869
-0.4526349822179224
1.2341669373173145
1.1870388193776031
0.9511731135066582
0.37688442211056705
-0.15644555694618273
0.28204324663114294
1.1875000000000036
3.211859172328591
-2.3040095751047245
2.1439509954058193
-0.02998500749625869
0.20995800839833398
-2.57407961688118
-0.39938556067588676
-2.652683528685986
0.09505703422051791
0.031655587211149964
-0.2848101265822713
1.4281180577594415
0.5632040050062436
-2.1157436216552443
0.127145581691029
1.841269841269845
0.9039900249376488
0.895891257337051
0.3061849357011635
-0.732600732600743
-0.2767527675276683
0
0.6475485661424502
-0.7659313725490197
1.0497066995986521
-1.2221203788573174
0.958861738323528
0.21446078431373944
-0.580862121675339
1.476014760147605
1.0606060606060606
1.829085457271371
0.32391048292107355
0.3228646903434173
0.5851375073142189
-3.8685282140779553
1.059001512859304
-1.5568862275449067
0.060827250608269046
-0.4255319148936101
1.1904761904761834
-3.1070889894419342
0.8094645080946522
-0.55589870290303
0.7763975155279503
-0.9861325115562368
1.3071895424836566
0.12288786482334171
1.1966861000306948
-2.9108550636749615
1.186758276077455
-0.5246913580246878
0.6205398696866273
-2.343509096515579
0.757814966845606
0.34471952366028386
0
-0.9681449094315946
-1.6083254493850592
-2.532051282051275
-2.3347583031897474
-4.814814814814818
0
4.103289706402555
1.4950730547060744
-2.042182792099085
-0.8202323991797792
1.1371467953135808
0.13628620102213876
-0.47635250085062175
1.0256410256410255
1.5228426395939085
0.7000000000000076
4.766633565044679
1.5165876777251222
-2.178649237472767
0.47725103404390706
-1.4566181127295827
-1.863753213367613
2.652259332023583
1.08452950558213
-3.439570842537071
0.7189542483660094
-4.996755353666443
2.219945355191257
0.2338790511192745
-1.5666666666666629
1.1513714866237648
-0.3013056578506787
-0.06715916722632258
-2.3857526881720506
2.134251290877793
-0.6066734074823092
-0.1356391997287139
-0.0339558573854067
-0.5095108695652174
0.6145442130419978
0.7465218866644007
3.4355001684068864
-3.7772712471507726
1.1844331641285957
-0.5016722408026756
-0.47058823529411
-0.8105369807497582
0
-0.17024174327545114
-0.44338335607094526
-2.535114765330585
-1.5114235500878774
2.212705210563879
-2.479050279329597
-1.1815252416756217
0.8333333333333375
0.862378727991368
2.6718916993231208
-1.83900069396253
0.10604453870626065
-0.7768361581920864
-0.24911032028469346
-4.459507670353193
-1.605675877520542
6.944971537001902
-0.7097232079488999
4.21729807005004
-1.0973936899862982
-0.3120665742024887
-2.226086956521731
4.126645321949471
-0.5466347796378428
-0.3091721058055768
-0.9648518263266752
-1.5657620041753655
1.343230823612588
-1.5347052668294305
0
-1.7003188097768371
1.4054054054053973
-1.2082444918265733
-4.999999999999992
5.56607345702385
-3.084648493543767
4.367135455218361
-1.4184397163120568
-0.9712230215827298
1.634580457682528
-5.396711937097935
1.8133736305251271
5.083487940630794
0.9533898305084706
0.8744316194473593
-0.7628294036060987
-3.0398322851153003
2.6666666666666585
-2.5623025623025466
-1.1167146974063482
1.1293260473588425
-0.5763688760806998
1.9927536231884058
-0.6394316163410342
0.25026814444046785
0.392296718972904
-1.5985790408525755
-0.36101083032490977
0.47101449275362733
-0.36062026685899745
-0.4343105320303976
-0.9087604507451835
1.3206162876008678
-3.982621288921072
-0.6033182503770611
16.08497723823975
-13.071895424836601
0
1.7669172932330783
-0.775766531215355
-1.005212211466882
8.461827754795037
-6.622746185852971
-1.3367991088006026
-1.9570944674444821
0.8445297504798421
1.6368481157213595
-0.07490636704119424
2.7361319340329877
-0.2918642831083587
-0.7683863885839819
-0.5899705014749137
-1.4465875370920007
-8.129469326307865
5.6534207292093335
-5.118262892594025
2.8197793216183107
7.273449920508737
-7.484253427195254
-2.042450941129353
4.865085854456257
0.1949317738791423
0.8171206225681023
1.0420686993438781
2.7501909854850988
0.37174721189591076
3.7777777777777737
1.2134189864382705
-2.1156558533145273
0.03602305475503094
2.2686352178610054
-1.232394366197183
2.8877005347593663
0.17325017325017322
-2.801798685575933
1.0320284697508817
-2.4656569214512154
0.3250270855904782
0.6839452843772416
0.4647836968180234
0.7473309608541007
-1.2009890498057343
0.9295673936360468
3.9674105561459396
-3.8500851788756427
-0.7795889440113355
0
0.6071428571428531
-4.8633297834575755
0.5970149253731428
1.0014836795252182
-0.4406904149834699
-1.0697159719660767
1.640566741237895
0.770359501100501
-3.130688023298131
9.582863585118377
-5.10973936899864
5.457173834477782
1.4393420150788172
-2.364864864864865
3.0449826989619417
5.540631296171927
-1.877187400572712
-1.6212710765239948
-1.1206328279498936
-0.7333333333333295
1.0409670920080476
2.392821535393834
-0.03245699448231831
0
-0.1948051948052022
0.13012361743657583
-0.42235217673814535
0.5546492659053797
2.2712524334847504
-1.9352791878172482
-0.1941119378841872
-0.1620745542949757
6.4935064935064934
-4.2682926829268295
1.2738853503184713
-1.6666666666666703
1.0233450591621327
-1.7410572966128524
-0.03221649484534984
0.2578150177247861
-0.1607200257152041
-2.7366387636831937
0.6289308176100553
-0.5592105263157857
0.6946741647370049
0.09855453350854514
-2.6583524778470515
1.0451786918408514
-0.9009009009008971
0.4040404040404002
-1.6431924882629032
0.40913740197749354
-0.8488964346349746
-0.5479452054794598
-0.03443526170797724
0.9300723389596929
