0.8902439024390189
0.03626254079536664
-5.751570807153216
-1.0256410256410255
0.6217616580310822
1.184346035015454
-0.3816793893129771
-2.337164750957849
4.851575781352152
-0.09977550511348897
-0.14981273408240267
0.03750937734434461
2.2997125359330055
0
0.2076970067196146
-0.024384296513051143
0.4878048780487805
-0.4854368932038835
-1.5853658536585367
0
-0.7558859975216881
0.7491571981520789
4.2012640971619755
0.3805899143672747
-1.6587677725118484
2.0722891566265114
-3.281397544853643
0.8176714669270253
-1.1257716983416133
0.14691478942214073
0.4645476772616081
0.8761255779995188
-2.7744270205066344
0
1.2531017369727075
0.7229506187967133
-0.5717761557177671
0.08564786492108718
-1.5158924205378945
0.5461767626613676
1.209876543209871
0.02439619419371133
-0.37804878048780766
-0.11017260374586575
5.575980392156863
0.2901915264074289
3.2175925925925872
0.1345593182327927
-1.4669652855543138
1.147857711103537
-3.382022471910115
0.7093848121874663
0.23094688221709006
1.2903225806451666
-4.526842584167432
-3.49058851560638
1.3084804345142602
0.5848665773120452
1.5626892792247096
1.2881679389313059
2.225624116815824
4.757516415159539
2.2982186056740685
2.9667849080941657
-1.419772418832866
-0.6671608598962147
-7.21748400852879
2.723198896932098
-5.078299776286351
-0.05892057506481263
-1.1201509255983964
1.359408538039587
-0.5529411764705936
1.7390275641784037
-2.604651162790695
0.047755491881563666
-0.7517899761336462
0.03607069856919015
2.1995192307692255
-0.03528166529459656
-1.8941176470588261
0.7075188871567307
1.738509168849729
0.16385767790261907
0.023369946249128942
1.623831775700932
-1.2415220140245953
0.7100453963450148
-2.3347202958853495
-0.591715976331361
6.190476190476191
3.1390134529147984
-3.2499999999999973
0.5504999438265338
-0.5251396648044744
1.5275749747276226
-3.529151454806945
-6.720183486238534
5.015982296533079
0.6204635916647102
0.4188481675392697
-2.4215038813578933
3.3839943006411777
-0.08039508441484386
-0.19540229885057994
0.8752735229759326
0.9704304144308711
0.6331976481230238
-1.707865168539331
1.257430269775949
-1.5353352901332027
0.45861041045631734
-0.26249714677015157
0.46916123126216075
0.6264236902050114
6.123372948500285
-4.266211604095563
1.38146167557932
1.1978021978021953
-3.355413182755997
10.43820224719101
1.322616746362804
-2.9320212872778324
1.7895934622943988
-4.156504065040648
3.276428798642771
-7.926078028747438
-0.267618198037464
1.7441860465116306
0.7912087912087962
-1.8207588312254737
-0.9328151027207082
1.2890931509920411
-0.05533421868083223
-1.8381131657623766
-0.6880992667794724
-4.759200363471147
2.0035778175313004
-1.4380918975797914
0
-0.29655990510083036
1.511005353955984
-1.2423816221284603
1.2936150011868
1.0427650849443442
0
-1.8089053803339545
2.503542749173364
-2.3156682027649795
2.747965561976656
-0.9871441689623534
-0.3941571991653115
-0.41899441340782384
5.189340813464233
-5.17777777777778
0.9139910944457544
-1.6604737575476158
0.36604085488251537
-2.0117647058823556
-0.3001560811622044
-0.49373795761079275
5.288636088587686
-7.5172413793103425
-1.5659955257270721
2.638888888888886
-0.6027801697625756
0.0371287128712815
3.6743783248793824
-2.5656324582338903
1.0655235762400546
-1.3936015511391178
-1.044611036008357
-0.26080476900149313
-4.607147304196239
6.905103772353476
-1.0500610500610528
-0.23445212240868427
-0.4329004329004329
0.7204968944099323
1.1223482979773092
-0.2683254055372523
1.8955607190901307
-1.2001920307249159
0.7288629737609329
-0.602990834539315
-5.411307934967243
1.0518214468958353
0
-1.4089870525513974
-0.8626239217201036
-2.792207792207792
0.20040080160320642
-3.9733333333333274
0.19439044709802517
5.723392461197332
1.4549744396382256
-2.7906976744186074
0.6379585326953839
-0.9508716323296414
0
2.280000000000003
2.4507886846564926
2.964753785468898
1.8042511122095783
-3.010439427045394
-1.1264080100125156
0.36708860759493384
-0.36574599571194066
-0.4430379746835443
-1.691036236490776
-0.19399896533885153
1.0625890890242233
-0.6154635209642204
-0.6450780544445878
0.3635891442669724
-2.1865700608099337
1.5211640211640212
-1.758957654723127
1.246684350132623
1.8862981399004424
0.1285677552069941
1.4381099126861898
-0.20253164556962314
-0.8117706747843706
0.1023017902813241
-0.7409299948901322
0.6306306306306277
-0.24299782580892407
-0.8076923076923018
3.14075222954633
-3.2581453634085213
-1.0362694300518134
0.5366492146596888
1.0285119125113888
-0.45103092783505155
-1.009708737864072
-0.8107754675036021
1.7798286090969018
-1.6709844559585463
2.1999736530101344
-1.2116524877545731
-1.0699373695198242
1.305724083355312
0.481708110923048
1.2049753822233829
0.32006145179874534
-2.6671771311893795
-2.4518159171364946
1.1962365591397819
-0.3320494089520521
0.13326226012793177
1.144530210274158
-2.223684210526313
2.1665993809716086
-1.6201264488935812
0.053554692729947416
-3.238324635353932
2.3095007606140134
-8.110300081103002
2.85378052368345
-0.7723112128146583
1.643124819832818
-1.5598411798071468
-1.152405646787669
1.8507723695715435
-2.0460723994848986
1.679813029506281
3.7207297802039903
-3.102493074792241
0.0714694110920526
0.014283673760894549
2.3993144815766856
8.577405857740585
2.4020552344251827
-0.3135975915704967
-1.3464200327167541
-1.5816326530612217
2.3846552617936725
-0.1392405063291168
1.2802636582583373
-1.4142678347934863
1.2060429097372096
-3.2865027596588114
1.1673151750972763
-2.282051282051276
0.9183941222776174
-0.7020280811232568
0.7069913589945132
-0.23400936037442382
1.120667187907222
0.27061855670103385
1.4265518570877809
-6.322858590978217
1.3391045583660344
-4.284570208222107
1.7989122855947535
-2.7123287671232816
0.9856378484933821
-0.20914668153931956
0
-0.47505938242281553
-0.8142636529552092
1.132342533616419
-3.70888733379986
3.0668604651162825
-0.9448596812861437
0.6691343963553595
2.672889266016119
-1.9008264462809854
0
-0.5756809884863834
-0.6778703572941771
-2.1896772358879537
1.9334205553132822
-2.167712492869373
1.4577259475218658
-1.8821839080459803
-6.135598184214377
-1.0608424336973408
2.1602018290759903
-1.5588825436024114
1.160238319222341
-0.49597024178549987
-0.9345794392523364
0.7547169811320683
-0.827091136079893
-0.031471282454767185
1.5583189044546029
-0.2169869807811672
0.8387698042870598
-4.852125693160813
3.4482758620689578
-7.10485133020344
0.13477088948786295
3.7012113055181697
-2.6443867618429517
7.7820363272787745
1.298701298701313
5.3418803418803416
1.7096493769921695
-4.031339031339025
1.5288704170995924
-3.9766081871345094
-1.0353227771010893
4.846153846153846
0.9537784299339692
-1.9186046511627972
-1.304090100770592
-2.1771771771771773
2.1949347659247818
-2.8837488735355863
1.0207237859573186
-2.4035517452541404
1.145098039215679
0.3566997518610528
2.4880234894143136
-1.975271411338966
0.4768497154283991
-2.5872627066748453
0.01571585730001929
-0.015713387806414635
0.11001100110011716
1.6797488226059727
0.046317739694295895
4.074074074074071
0.23724792408066767
-3.8461538461538463
1.1076923076923146
1.1716372489348648
-0.7219130696345247
-0.8635055294652394
-0.6723716381418059
0.19999999999999302
0.09212344541686208
-0.10737843227487832
0.12285012285011586
-1.5030674846625698
1.0900031142946123
1.6943930991990142
0.030293850348368945
1.6807995154451882
-0.07446016381236038
-0.7600596125186323
-2.057365970866486
-1.487273842379645
-0.07782101167315175
-3.707165109034261
-0.5823358136525433
-1.7246989912138013
-1.6390728476821155
1.582225214610331
0.08285004142502071
-2.0198675496688816
3.0753632984116335
8.180327868852457
0.6213062585240222
7.665662650602407
-2.0842075814799244
2.971428571428565
-0.9295227524972159
3.6409466461279933
1.175516822051065
1.9097222222222314
0.3014021753374334
-2.0120198588973057
-1.3333333333333333
1.4189189189189189
1.0526315789473655
-0.6197257383966155
-3.144487196497286
2.1095890410958873
0.8451837939361508
-1.1706797924704093
0.9422533315385652
0.12001600213361478
-2.757059136920609
1.3696753869332967
-0.013511687609785534
0.7837837837837777
-0.4156610351300495
1.4810825366904536
-0.4113042324532337
-1.7452704503064245
-2.088135593220336
0.8170613488436473
0.01373626373626686
-0.7279219887378201
1.0653016048699566
-0.5886379192333956
-0.4406499586890726
1.1341632088520117
0.6564551422319412
-0.4891304347826118
0.9148006553795802
1.8130158300635877
-2.9767441860465085
0.7396247089439771
0.027192386131889255
-1.9029495718363463
2.1615629763059316
-1.057914010579134
0.6305688827964391
1.253235254052572
-0.39015202475447025
-0.013506212857917713
0.48628934215858743
0.2554106734776149
0.33521051220166265
-1.0289990645462959
-1.0126924115581961
2.3052789523939405
-1.0533333333333303
-0.2695054574855141
0.28374543980543476
-0.821880894637567
-1.833989947018068
1.051757542208694
-1.3831826896740649
0.3471740036106096
-0.6365900913368423
-1.1838440111420614
-0.042283298097245174
-2.749576988155668
0.5219660722052935
-1.5144958892254436
-0.10251903925013647
-1.14352734203197
-0.13347174847990173
-1.9453519453519488
