-3.0456852791878246
-1.6579406631762579
-5.767524401064773
3.57815442561205
0.9999999999999948
-1.7101710171017026
-2.930402930402933
4.905660377358493
-2.6079136690647533
3.04709141274238
-1.4336917562723963
3.6363636363636362
1.9298245614035112
-2.9259896729776296
4.698581560283686
0.25402201524133056
-0.3378378378378426
2.7118644067796636
-2.7227722772277203
1.6963528413910092
-0.6672226855713189
0.755667506297234
0.916666666666662
-0.1651527663088263
-2.4813895781637716
0.33927056827819463
4.0574809805579015
4.467912266450041
-5.1321928460342106
0.819672131147541
0.5691056910569129
0.2425222312045248
-3.064516129032256
2.246256239600668
-1.383238405207488
2.392739273927386
-1.6921837228041856
-0.9836065573770515
1.1589403973509982
-0.572831423895256
0.08230452674896652
0.7401315789473731
-0.734693877551025
0.24671052631579884
0.0820344544708731
1.065573770491801
-0.40551500405515006
2.361563517915314
-1.0342084327764496
0.16077170418005515
-1.2841091492776842
0
-1.6260162601626016
0.8264462809917356
-2.213114754098363
-0.16764459346186325
5.373635600335858
0.398406374501992
0
-4.5238095238095255
12.801330008312545
2.726602800294781
-1.8651362984218036
0
1.3888888888888722
-0.5046863734679082
-3.6231884057971016
1.278195488721796
-3.711952487008167
0.693909020817275
0.8422664624808532
-1.366742596810921
0.23094688221707693
0.9216589861751284
-3.7290715372907197
1.976284584980237
2.2480620155038804
-0.9097801364670334
-2.8309104820198843
-0.6299212598425175
-0.5546751188589563
0
-1.4342629482071692
0.5658852061438988
0.40192926045016075
0
0
-0.48038430744596355
-1.769911504424781
2.1294021294021364
-1.6038492381716118
3.422982885085577
2.679275019700556
-0.23023791250960196
-1.0769230769230813
0.8553654743390314
-0.23130300693907707
-2.7820710973724947
-2.7821939586645468
-1.7988552739166008
5.911740216486269
-4.559748427672954
3.4596375617792328
-0.6369426751592334
0.24038461538461312
2.238209432454046
0
3.1274433150899137
-4.245640636846102
-0.07917656373712931
0.7923930269413629
-1.6509433962264217
1.358912869704239
0.9463722397476363
1.953125
5.440613026819919
-3.4156976744185967
0.8276899924755412
-4.104477611940299
0.2334630350194641
1.7857142857142723
0.6102212051868889
-1.0614101592115281
0.4597701149425244
-2.2120518688024453
1.8720748829953244
-2.7565084226646204
1.3385826771653453
0.38850038850038854
0.38699690402476783
-2.081727062451803
0.9448818897637705
-1.560062402496089
-0.07923930269414305
-0.23790642347343155
1.7488076311605747
-8.281249999999996
1.3628620102214601
-1.3445378151260456
2.214650766609876
-2.5833333333333286
0.6843455945252328
0.8496176720475785
-1.8534119629317631
3.004291845493562
0
-3.0833333333333357
3.1814273430782483
-2.000000000000005
1.95578231292518
1.1676396997497844
9.645507007419623
-8.421052631578949
-1.2315270935960592
-0.24937655860348892
-0.3333333333333381
-1.0869565217391282
0.5071851225697451
-0.42052144659377627
-0.5067567567567639
0.0848896434635047
1.7811704834605548
-1.7499999999999953
-0.763358778625959
2.4786324786324836
-3.0859049207673084
2.1514629948364887
-2.1061499578770007
1.5490533562822695
0.2542372881355908
-0.9298393913778481
0.767918088737194
-1.7781541066892417
2.3275862068965543
-0.42122999157540014
1.3536379018612472
-3.0884808013355616
1.5503875968992347
-1.6115351993214635
1.6379310344827636
-1.017811704834608
0.856898029134533
-0.5947323704333074
0.8547008547008547
-0.9322033898305037
-0.7698887938408945
0.08620689655171923
1.5503875968992347
-1.6115351993214635
1.6379310344827636
-1.6963528413910092
1.725625539257981
-0.4240882103477523
-6.30323679727428
7.2727272727272725
0.08474576271185959
-0.2540220152413185
0.9337860780984792
-1.5979814970563546
0.3418803418803467
-1.1925042589437866
-4.913793103448278
-2.0852221214868516
7.31481481481482
-13.201035375323563
1.5904572564612411
-1.8590998043052893
-0.7976071784646034
-0.9045226130653323
-0.40567951318457557
20.46843177189409
1.7751479289940901
-10.880398671096353
5.312208760484625
-4.601769911504427
1.0204081632653141
-1.3774104683195592
0
-0.18621973929236763
-1.0261194029850826
5.372290292177194
0.7155635062611782
-1.4209591474245065
0.7207207207207181
-0.4472271914132379
4.851752021563348
-5.569837189374464
-0.18148820326679024
-1.6363636363636338
1.3863216266173752
15.679124886052874
-0.6304176516942563
0.39651070578905634
-1.8957345971563915
1.5297906602254359
0.6344171292624992
-0.6304176516942563
-2.379064234734338
-2.437043054427295
-0.08326394671106938
-1.4999999999999976
3.4686971235194535
-1.3900245298446468
0.08291873963516462
2.734051367025681
0
-0.080645161290318
-9.120258272800655
7.815275310834824
0.9884678747940597
-0.3262642740619833
-6.628477905073657
4.732690622261179
2.6778242677824293
-1.2224938875305624
1.980198019801973
0.8090614886731392
-2.0064205457463884
5.978705978705988
0.7727975270479134
-2.5306748466257756
1.4162077104642103
-3.413498836307219
1.044176706827307
0.7154213036566023
0.47355958958168454
-2.278083267871164
3.93890675241158
-2.5522041763341154
0
-0.317460317460322
0.3980891719745223
-0.15860428231561352
-2.06513105639397
2.1086780210867873
0
0
0.23828435266083967
-0.9508716323296378
0.07999999999999545
-2.4780175859312505
-2.3770491803278735
0.8396305625524769
0.7493755203996717
-0.7438016528925667
-0.9159034138218105
-1.428571428571431
0.5967604433077603
-1.5254237288135568
0.34423407917383086
-0.5145797598627739
-1.7241379310344827
5.526315789473682
-0.581878636741482
20.652173913043494
2.425502425502425
7.5101488497970195
-2.9578351164254353
-7.26329442282749
0.7692307692307653
-2.428868841082582
1.280227596017078
-2.036516853932588
-0.43010752688171633
-5.83153347732181
0.9174311926605417
-3.3333333333333375
-1.2539184952978013
-0.5555555555555578
2.7134876296887405
-1.243201243201239
1.494885916601106
3.6434108527131697
1.7202692595362838
-3.89705882352942
0.22953328232594597
1.3740458015267263
1.2801204819277021
-1.2639405204460883
0
-3.8403614457831385
1.8010963194988232
0.6923076923076967
-2.2154316271963372
1.3281249999999911
1.0023130300693996
-1.2977099236641134
-0.07733952049499052
-3.6377708978328087
1.2851405622489913
-2.220459952418713
-2.351987023519863
1.4950166112956786
1.4729950900163642
1.9354838709677464
-0.7911392405063291
-1.036682615629993
-1.6116035455278002
0.5733005733005756
1.058631921824102
-1.6921837228041856
-1.2295081967213115
-1.7427385892116136
0.25337837837837596
-2.190395956192088
0.7751937984496173
0.8547008547008547
-1.8644067796610193
-0.8635578583765112
0.7839721254355451
-1.4693171996542806
1.4035087719298196
0.5363321799307998
0.7055584236792354
1.9309637730690283
1.2908633696563339
-0.7116848725587549
-1.9836639439906731
0.37414965986395576
0.9827177228058256
-2.1308724832214816
1.5086576375792946
-0.3208917412599185
-3.083700440528635
1.8006993006992902
-0.5667181865018003
-1.5544041450777177
1.0701754385964903
-4.252733900364525
1.9216823785351747
-1.6364283173247984
1.0307414104882464
-2.4342223017719697
0.7521555677857342
-1.6569555717407205
-1.870024069616734
-0.9245283018867962
1.3711673966863434
0.563591959421387
0.9340556697179152
1.277068295391445
-0.9137426900584795
2.5636296569531547
-0.3776299226757793
-2.617328519855588
-1.7238183503243738
0.2640513013956874
0
-4.495861550037611
1.280283632066178
-0.09723842862700167
-0.7202647459606725
5.450980392156865
0.9669021941242023
2.099447513812156
1.1363636363636411
3.1746031746031766
1.9360414866032798
-2.204510768187209
-2.3755852262875057
1.3854351687389008
-1.7869656622284444
2.443810203353545
0.5920250740031402
0.1904102475333208
0.7774706288873457
2.262986456368936
-0.7544006705783667
-0.033783783783789066
0.6590064210882064
-0.06714789323484832
1.1758777087182861
2.390835131994031
-1.5728879520025925
1.8780889621087322
0.8570504527813616
-2.276735610068935
2.1821164889253457
-1.3326910725754628
0.6183889340927509
-1.973152191492801
-0.016498927569704686
0.42904290429042574
-0.23003614853762827
-0.1482213438735117
2.0451921491010965
-2.2628091158881505
0.926079047461555
-0.39324922169425197
1.1186050337226514
0.7646006181877321
1.226993865030683
-1.2121212121212201
0.20988052954472483
0.8538746576445967
-0.6709265175718877
-0.5146349308459316
0.032331070158427296
-1.5029088558500319
0.5250205086136182
-0.5875632446548172
-4.7775406337218795
3.913793103448281
0.21569603451135796
-0.6125827814569494
-0.13326669998333882
-1.5012510425354557
0.9314140558848506
1.2248322147650954
0
-0.5304160450853643
-1.5164139310114924
-1.2013536379018626
1.010446994348341
-0.5595116988809737
0.8866155157715313
-1.9773533885414933
0
-2.293103448275859
0.6881948120698792
-1.9277953031896273
-0.14295925661186257
0.44738725841088045
0
9.584892214502041
7.299626077060644
-4.999999999999996
0
-3.1419457735247303
-2.2723530380372066
4.56613310867734
-2.4170157911698356
0.7100396301188898
1.5248401377274958
-0.5329457364341058
