-2.2387034747974273
4.32705816240518
-11.392405063291141
1.8389057750759914
1.4923145799134456
-0.20585208057638246
-1.090319728893486
1.8918516311634213
0.3801169590643308
-0.9612583745994789
15.573529411764703
1.5396360860160354
-4.360902255639092
0.8778825995807038
4.247304844785043
-1.906304510341399
-0.40645243236376627
2.461420737150868
-0.6223549912870301
2.1793587174348668
-1.054179946065201
-0.32210109018830807
1.6157096694009445
0.2813111545988203
-3.2077082571045197
-0.5796370967741964
2.1546261089987326
-0.1736972704714612
0.32314193388019175
-1.0034687809712615
-0.20022525341008918
-1.153605015673987
1.6744894075859502
-1.4348097317529631
1.8860759493670858
-1.8387377313951987
0.49360840399949085
-2.0025188916876546
-1.4137000385554555
-0.6518055012384304
1.6664479727069847
2.2328342798141545
-2.0704456508016635
0.05156632718834307
1.765236438603264
-1.2281590276019159
1.2690680681963822
-1.0126582278481013
-1.1892583120204545
-0.0776497994046878
-1.5671545136640361
-1.2894736842105203
-0.3732338043188574
0.18731602890018428
-0.6276709401709311
-0.7257089100927264
2.8699065926627765
0.447427293064874
0.5109393423293713
-1.3686131386861313
3.2773886612924477
2.36724248240563
-4.5625
4.780615586116569
-4.087500000000006
0.8471262869803207
2.9206513310933087
1.443997990959317
4.827330115113257
0.9210060219624594
-2.6559026559026613
2.512019230769228
1.887677336147265
0.943613348676645
-4.160966712266301
1.1062210063042648
-2.2000000000000055
1.0465535907614636
0.8690476190476136
4.343207836657626
8.743354824114913
1.5290201789057671
-1.6494211658641555
-0.46875
12.380952380952378
2.9986962190352067
3.182640144665465
-0.9814230634419948
1.407079646017707
0.29671000959942956
-4.341773253284597
3.874840822266682
-1.3660245183887836
5.628551136363623
-4.572197007900476
-0.17614937466971992
1.305805540850534
-2.4560181153109255
0.08928571428571429
-0.09812667261372962
4.902223412804702
1.974804221995237
-0.5676126878130179
1.3179986568166593
-4.242273593504022
-0.49320757982175695
-0.2608695652173913
-0.3836094158674883
-2.0129529144057416
0.33047516970346963
-0.5430428202617208
0.25062656641603603
-1.4553571428571388
0.4077194889915738
-2.301028695181375
0.646531818601644
-0.47719555841057587
-0.29506685108345276
0.8878202164061904
0.8341736181134759
-1.4636363636363554
1.2455023526155549
-0.8839074175323532
0.21145536453065683
-4.577981651376155
3.836169599077021
-6.712962962962963
2.2431761786600406
-1.0872730802834611
-0.36313671606633935
0.29550827423167847
0.5499901787467991
-1.328384450087899
-1.5838447832112452
-4.828002414001207
-1.7121116043119895
-1.3548387096774217
0.6322214955308555
1.4839688041594379
-0.8645533141210399
-1.6042204995693343
-0.24072655651602273
0.4826148952506282
0.2947276498198812
-1.3387026556377835
-0.9597352454495361
1.8712408108710257
1.6837961950579463
-3.3010752688172094
0.16679639719782052
6.560834813499114
-0.7292426294405667
-2.4661559450099695
-1.8506563374219853
-1.447051085288319
0.06674082313682121
-1.6229435304579838
-0.5423728813559271
2.0109066121335983
-0.5679919812896784
0.34722222222222476
1.4398928451836117
-2.9159330985915495
1.6774339793721034
-3.0542860327722634
1.5752558353455135
0.36223681231605676
-0.6880216557635938
0.29528676888132
-1.4720869663684746
1.1148143891506646
-0.022732439190717414
-0.4661209640745819
8.45231296402056
-7.003686150605582
-0.237825594563989
-4.62027471903734
0.1904308497976564
0.4038964124495238
1.0766682442025448
-1.311014865972133
0.5811884711184886
-3.089622641509439
-0.2190313944998728
-0.6951219512195177
-0.2333292398378948
-2.2895125553914357
-1.73847316704459
4.833333333333339
2.629326158737923
1.8708293612964646
-1.7428939057199646
1.4285714285714286
0.9389671361502347
-1.581395348837212
-1.3823251417769296
1.4136815622379242
1.0986414648552811
-1.4606216405702268
-0.05929088106249259
-2.657807308970097
5.314480741101904
-5.057870370370376
4.839692795318792
-4.941860465116279
0.08562691131499027
-1.0510877536054781
1.0746047430829955
-1.6131003299523319
0.6086200471991029
2.555555555555561
-1.6371734681593864
-1.260555623546698
1.4501735250371897
-1.2828344532681735
0.7425742574257426
1.9410319410319354
0.9520366353338264
4.846603796108381
0.19355573266538148
-3.3295454545454493
0.4702010109321735
4.87890487890487
4.785809906291832
-5.184712019589048
3.885021333932183
-4.626026805015139
0.7479601087942003
6.760404949381329
-0.6005689600674371
-0.540597837608652
0.5861664712778429
-1.4515787243059899
0.2687883023330825
-3.3347630280935046
-0.1885745978924066
-5.12336074683262
2.623872554761623
0.8446524369364201
-0.6338426711941169
-1.1276910809887206
0.034562211981561584
-0.04606702752504633
8.768291277796983
-7.817796610169487
1.0917030567685588
-1.5687166079345307
1.5821688416676343
-2.26239199636198
-0.19774339886007275
1.4801864801864855
-1.4700815435856285
-1.352138943932862
0.16542597187759553
-4.3529550548543225
1.9856931425752373
-4.5591970008465275
-1.3431322858591006
-2.157718982789631
-1.5489629824100755
2.5066666666666606
1.5738813735692019
3.3679088231527814
-0.33448959365709185
0.049720323182097854
0.6336190831159179
0.5308641975308586
0.5034999385975713
0.19550342130987572
0.8902439024390189
-1.0757887102622963
0.6598240469208183
-0.10924981791696739
-0.012152144853569418
-1.9445794846864366
-0.3346554288547263
-1.8530033577913165
1.55854029396857
-1.958827199001877
-0.01272588444895763
0.7763777523227579
1.2755746400606243
-0.6359895248784166
0.6902610441767069
-1.3710582076529978
-0.15164918488562262
0.01265662574357964
0.012655024044534174
1.2653422750854106
0.3248781706859956
-1.1707560094656841
-0.4410838059231254
0.9240506329113867
1.9064342154772416
-1.612307692307695
0.08756567425569746
-2.149731283589557
0.9068846595989299
-1.1139240506329056
-0.02560163850487013
0.1024327784891107
-0.02558199027883497
-1.4201637666325515
-0.7397793640493245
-0.889121338912128
4.947229551451187
-8.29666876178504
-0.06854009595613433
-0.15089163237311698
0.28850116774282497
3.8493150684931536
-0.40891702941564734
-1.9735099337748314
1.1079583840021525
-7.470265936121875
4.737146158290016
-1.3375620518477722
0.6289308176100629
0.30555555555556185
-1.813901966214348
1.5371597800028172
12.777777777777779
6.403940886699507
6.74768518518518
-7.589721348801909
-1.4314208611991004
-1.1546244494703066
-0.38535645472060837
-0.2055125725338546
1.2113870381586918
-2.2262118491921035
-0.8324152283021122
1.1356622639180263
1.1717319663127088
4.88599348534202
-0.6441223832528207
-2.257467006251447
-0.26057088712542126
-1.5793848711554528
0.02413127413127962
2.545235223160437
4.50535231149276
-6.168392615938761
-1.247600767754316
-0.12147716229348882
-1.7027487229384577
-1.4724078198465838
0.5399974883837836
-1.4863852110916784
0.9382528210980065
-0.2637859565381262
0.15113350125945157
3.1061368209255447
-0.03658982802780272
0.5490483162518301
0.9950248756218822
0.8290279947134557
1.4299332697807434
1.080827067669165
0.7322175732217653
0.7268951194184786
-0.011454753722797565
-2.073547943636158
-1.497426298549363
0.9026128266033281
-1.0593220338983051
-3.675945753033545
-0.08645177226133696
2.7564894932014776
-0.6736436906050655
-2.264745064793514
-1.4374225526641913
3.9728438521498646
-0.7376058041112482
2.9236204166159094
-1.2072434607645794
-2.2642865700251695
2.6354498651630305
0.8001910904096555
-0.023696682464460363
-0.5925574780753733
-0.5603242727706166
6.066418894616954
-1.6615801966768446
-4.425287356321839
-1.142513529765484
-0.30413625304136255
-0.7321537522879805
-3.712354025814388
6.715179369334868
-5.39538222275392
-0.24026302478502495
3.7013563189250913
0.2689157804669272
0.5120078020236555
-0.667070952092177
1.086691086691084
1.8118130208962435
-2.657491991932611
-8.104814137720902
10.172413793103454
0.638016130973872
0.3588516746411483
-0.3575685339690107
-1.578947368421058
0.7049100631988415
2.172338884866039
0
-1.8308528230569336
1.3355793526651454
0.16623129897886216
0.5097202465623464
-0.1887014978181416
-0.9807396904171044
1.1933174224343674
-0.4716981132075472
4.4549763033175385
0.19283121597095415
-0.7811615532661584
0.7759014148790585
-2.0833333333333437
0.3353376503237848
-1.6941339172525118
-0.7385697538100767
2.9053974252982058
-0.16067944450820354
0.2069203356707746
1.617528966387508
2.0659291036351397
-2.676695055856658
1.3978861234231241
-0.022416498542932692
-0.15695067264573737
0.4940489557601591
0.5586592178770949
-0.6666666666666666
-1.129753914988817
0.5430478560923259
-2.160459097558236
-5.186889016676253
6.6229985443959265
1.0466439135381167
1.9702769646476017
0.6955945677376564
-1.853070175438594
0.46922131605406453
-0.7227843878572223
3.057795698924739
13.172481252037814
-0.691443388072606
-0.5608741901170056
-0.03889915394338846
-4.115186302169478
0.6899350649350603
-0.32245062474807856
0
0.21229276182773038
-0.1210531625138638
0.6362993637006317
7.286230429546369
-6.220767072029934
-0.6384039900249354
3.9353478566408926
0.019318072056413164
-2.366006760019314
3.857566765578635
-3.733333333333338
-0.7815591610605439
-1.1267324758201172
