0.7563025210084021
-4.920767306088406
4.8245614035087625
0
-4.016736401673629
-2.9642545771578015
0
-1.1680143755615524
0
3.3636363636363567
0
1.31926121372032
-0.5208333333333223
-1.3961605584642245
0
4.15929203539822
-8.581138487680542
4.553903345724909
0.17777777777777398
-2.9281277728482706
-2.102376599634357
2.054154995331455
-5.306495882891126
3.6714975845410707
0
0.4659832246039043
2.0408163265306185
5.000000000000006
-1.5584415584415712
4.925241864555853
0
4.6940486169321085
0.24019215372297326
4.952076677316302
0
4.946727549467265
0
4.931109499637429
0
4.975812024879052
0
4.0157998683344385
-8.354430379746837
-4.9723756906077385
0
-4.941860465116277
0
-2.0642201834862353
0
3.200624512099923
1.6641452344931835
4.687500000000006
0.28429282160624836
4.748405386250886
0.20297699594046778
2.6333558406482025
-4.144736842105257
2.7453671928620476
-4.208416833667339
4.951185495118556
-6.112956810631229
0
-2.760084925690025
-4.657933042212522
2.824427480916038
-3.489235337787681
3.0769230769230798
-5
6.205813040062837
3.4763313609467503
-6.504646175839887
3.211009174311926
-3.037037037037038
0.458365164247521
4.486692015209124
4.9490538573507985
-8.599167822468795
-2.124430955993925
-2.4031007751938023
-2.3034154090547987
0
3.6585365853658476
0
-3.9215686274509802
0
0.816326530612242
0.16194331983805324
3.476151980598234
-2.10937500000001
-1.1173184357541803
0
-1.372074253430185
1.8821603927986794
0
0
4.819277108433747
0
-1.1494252873563244
1.7829457364341117
-2.513328255902514
-2.3437500000000053
0
1.2000000000000028
3.557312252964421
0
0.3816793893129825
0
-4.9429657794676825
3.5999999999999943
3.320463320463332
0
-0.3736920777279575
-1.0502625656414146
-2.198635329795293
0
-4.651162790697671
4.796747967479673
-4.8875096974398815
0.16313213703099164
-4.560260586319208
6.825938566552891
-1.3578274760383382
0
-8.906882591093115
10.577777777777772
-8.199356913183276
1.7513134851138292
-5.335628227194486
7.454545454545457
-3.384094754653133
3.7653239929947437
-4.050632911392409
7.299912049252419
0
-2.8688524590163906
-1.2658227848101296
-4.017094017094007
1.5138023152270697
0
0
0
3.947368421052625
4.8101265822784836
-2.657004830917875
0.9098428453267116
9.59016393442623
-5.759162303664919
0
-5.873015873015875
8.768971332209114
-4.883720930232564
5.786471067644669
3.775038520801234
0.22271714922048522
9.703703703703708
1.2829169480080993
3.999999999999998
3.653846153846167
4.514533085961638
4.733727810650892
-2.542372881355928
-0.8695652173912961
-3.040935672514638
-2.895054282267774
-2.0496894409938
1.0779961953075456
-4.579673776662475
-3.8132807363576595
0.3417634996582292
-1.226158038147137
-1.3793103448275814
-4.545454545454548
0.3663003663003585
0.656934306569342
-4.278462654097171
-4.469696969696969
1.3481363996827909
1.3302034428794987
3.552123552123559
2.1625652498135657
2.773722627737232
2.201704545454549
-0.3474635163307902
1.2552301255230105
1.5840220385674961
-2.9830508474576236
3.354297693920326
-2.9749830966869473
3.6933797909407744
0.8064516129032205
1.3333333333333286
1.3157894736842175
-3.896103896103894
-1.0135135135135158
-2.730375426621163
4.561403508771932
-3.0201342281879264
0.34602076124567965
1.3793103448275814
0.6802721088435472
0.6756756756756732
-2.013422818791951
-0.34246575342465024
1.0309278350515365
0
0.3401360544217736
-0.6779661016949129
9.556313993174063
0.31152647975078324
5.590062111801233
4.117647058823525
4.802259887005658
4.8517520215633345
4.884318766066834
0
4.901960784313726
-9.345794392523365
-4.896907216494842
0
-4.878048780487798
0
-4.843304843304852
0
-4.79041916167664
0
-4.716981132075472
4.290429042904292
3.7974683544303662
0.9146341463414764
1.81268882175227
2.9673590504451037
4.610951008645516
0.2754820936639158
-3.021978021978026
8.215297450424947
4.712041884816746
-8.249999999999993
0.8174386920980848
0.2702702702702741
-0.8086253369272351
0.2717391304347865
-3.2520325203251916
-1.4005602240896358
3.4090909090908967
-1.6483516483516523
2.234636871508392
-5.46448087431694
-1.1560693641618456
-3.216374269005852
-2.114803625377652
-2.160493827160492
-1.8927444794952615
0.6430868167202549
-0.6389776357827454
0.9646302250803767
-0.6369426751592334
5.448717948717947
4.8632218844984845
-1.1594202898550683
-1.1730205278592334
-1.7804154302670663
0
-0.9063444108761458
-0.3048780487804705
1.8348623853210835
-1.201201201201197
-2.127659574468072
-1.242236024844727
2.201257861635218
-1.8461538461538505
0.9404388714733677
-3.72670807453417
-1.2903225806451568
1.9607843137254832
0.6410256410256387
0.6369426751592447
-2.531645569620255
-0.3246753246753293
-1.6286644951140066
0.6622516556291367
-3.618421052631572
3.7542662116040884
-1.9736842105263088
7.7181208053691295
-5.295950155763249
-3.9473684210526296
2.0547945205479503
4.02684563758389
5.483870967741945
2.752293577981647
-0.29761904761905184
2.089552238805979
-2.046783625731002
-2.985074626865672
-2.1538461538461515
0
9.748427672955968
7.163323782234957
-4.545454545454534
-2.8011204481792715
12.391930835734861
-2.5641025641025643
-5.526315789473688
8.635097493036215
-11.794871794871797
-0.8720930232558057
4.692082111436954
-0.5602240896358622
0.28169014084507443
-1.4044943820224718
5.698005698005698
4.582210242587589
-10.051546391752575
-7.736389684813741
9.627329192546565
-0.2832861189801539
0
-2.215909090909094
-1.220220801859389
4.411764705882353
0
-2.2535211267605555
-0.2881844380403499
-1.040462427745663
11.156542056074766
7.7246452968996255
-8.19512195121951
-1.1689691817215668
-0.5913978494623816
-2.3796646836127517
-1.4958448753462579
-0.4499437570303816
-4.745762711864407
3.795966785290632
-0.857142857142849
-1.3832853025936713
-0.8182349503214528
3.71243370654097
6.022727272727265
9.967845659163984
-14.717348927875241
2.571428571428567
6.963788300835655
9.895833333333346
-1.8009478672985901
9.797297297297304
0.17582417582417206
4.958315050460739
0
4.974916387959857
0
4.978096375945839
0
4.969650986342953
-9.468738706179982
-4.99001996007984
0
-5.000000000000005
0
-4.997788589119854
0.5586592178770996
-4.861111111111114
10.36496350364963
-0.8377425044091767
-4.135171187194308
3.4322820037105846
-4.843049327354268
-0.5655042412817975
1.5165876777251197
-2.894491129785252
0.5769230769230816
3.9674952198852687
0.9655172413793143
4.508196721311468
-8.801742919389977
-0.38222646918298275
4.940047961630683
0
-4.387568555758672
4.445506692160611
-6.407322654462252
-4.645476772616133
10.051282051282056
2.6561043802423123
1.2256014525646826
3.3632286995515694
-2.950108459869847
-0.3129190880643732
-1.0762331838565111
-0.04533091568448781
0
-4.6258503401360525
2.9957203994293815
2.585410895660197
-4.320432043204309
0.1881467544684814
-1.549295774647896
4.864091559370528
-4.774897680763971
-2.4832855778414498
1.3712047012732496
0
-1.1111111111111132
-2.247191011235942
-0.19990004997502597
4.1562343515273
-2.1634615384615348
3.8329238329238207
-5.96308566019876
0.4026170105686879
4.260651629072689
4.759615384615377
0.22946305644791515
1.6483516483516458
3.243243243243254
2.3996509598603715
2.300809544098861
2.249062890462304
-4.2362525458248435
2.722245852828571
-2.608695652173909
-4.336734693877549
9.244444444444436
1.0170870626525632
-5.678614579138126
4.013663535439785
-6.034482758620685
-1.8348623853211083
0.13351134846462456
-0.22222222222222537
-0.5790645879732695
-2.5537634408602163
-2.344827586206904
