1.7067307692307747
-1.6780902859844062
0.1201923076923077
-0.4801920768307323
1.519903498190594
0.2376425855513308
-0.1896633475580871
0
-0.9026128266033281
1.629913710450626
-1.4386792452830242
1.124670973917216
0.14197823000472454
-0.7561436672967837
0.11904761904761904
-0.11890606420927467
0.7380952380952435
0
0.14181044670289905
0.04720320981826496
-2.5713611700872794
-0.24213075060532688
2.257281553398061
0.26109660574411725
1.3731060606060634
-0.09341429238672987
-1.5427769985974806
1.1396011396011423
-0.21126760563379748
0.23523876734885907
2.698896972541657
0.594149908592314
-1.4084507042253496
-0.4608294930875576
-1.203703703703701
0.6560449859418958
-0.37243947858473525
2.523364485981311
-2.073837739288975
0.954154060972777
-3.457814661134163
0.11938872970391595
0.2861912711662267
-0.11890606420927467
-0.023809523809529224
0.309597523219817
-0.6410256410256383
0.35842293906810035
0.9999999999999973
0.6129184347006182
-1.6166822867853876
0.02381519409383728
-0.9761904761904816
0.33661937965857996
0.1917086029235589
0.45443673762257286
0.28571428571428303
-0.2849002849002822
1.6190476190476217
1.8275538894095622
-1.518637827887718
0.4672897196261682
1.906976744186044
0.27384755819260354
1.2972234865726093
0.29206919793303854
0.11200716845878136
0
-1.1635712687402078
-0.20375820692777388
1.4065335753176018
0.6711409395973155
-1.4666666666666717
-0.3608479927830325
1.1090991398822945
0.06715916722632893
-0.3131991051454088
-0.5385996409335804
2.7978339350180583
0.9657594381035947
-0.5434782608695652
-0.32786885245901637
0.15350877192982207
0.2189621195533173
1.026873497924402
-1.0380622837370144
-0.32779720279720276
-0.6577504933128699
-0.28691238137276787
-1.0845506861443193
1.700604162004928
-0.8800880088008801
1.7980022197558319
0.021805494984728717
-1.3516459559625003
-0.11049723756906077
2.035398230088493
-3.1656548135299145
1.6345723242274863
0.24234412866270605
0.9230769230769206
-1.5679442508710777
0.06637168141593172
0.06632765863365274
-0.9279717189571466
-0.022301516503114606
-0.22306491188935978
-0.06706908115359074
0.6711409395973155
-0.8888888888888888
0.6502242152466317
0.2895967921586125
-0.37760995113282736
1.1817168338907496
-1.7408550022036213
0.022426553038803036
0.4484304932735426
-0.1339285714285765
1.3187304425570037
-1.544231193470108
4.190006721935915
-0.129032258064521
2.3686477174849268
-0.2734539335296497
-0.5905927019616138
0
-1.124549119456824
0.4291845493562232
-0.6196581196581148
0.043001505052674395
-2.6864388566516224
-0.8833922261484098
-1.9385026737967888
-0.5226084980686233
-7.446322521699411
-1.2339585389930898
0.5747126436781638
2.757763975155285
-0.9187620889748577
0
1.4153245485602761
0.19249278152068203
0.14409221902017838
-0.3597122302158273
2.1179302045728066
0
-0.6599104407259041
1.2336892052194517
-2.2732599015701873
0.1918465227817773
-1.2446146481570102
-0.6786233640329644
2.147388970229383
-1.6005733397037853
1.4566642388929352
0.047858339315636635
-0.3587658454915092
0.5760921747479542
2.911694510739854
-0.02319109461965814
-0.8350730688935334
1.5906432748538037
-2.1183513700207204
-0.2587626440837503
-0.047169811320752035
0.11798017932987258
0.11784115012962526
0
0.6826741996233467
-0.7715688566752423
2.521206409048079
-1.4019765571133125
1.1421911421911368
0.6222631942844078
0.18323408153915585
-0.32007315957932725
0.20642201834861865
0.09155413138018634
2.3782300480219476
-0.3127094036184895
1.5908581671521322
0.13233348037053877
0.4845814977973543
1.1398509425690462
1.9072388383181647
0
-0.7868991918332601
-0.3429796355841421
-1.8928801892880092
-0.46042534531901397
-0.37444933920704593
0.22109219544550077
0.5956320317670392
0.9868421052631579
-4.99457111834962
-0.8228571428571481
-1.0601521087808172
0.9783368273934285
-1.2456747404844237
-1.0044382153702431
-0.3067484662576714
-0.591715976331361
2.8095238095238124
-0.13895321908291403
0.7421150278293109
0.023020257826892897
0.5293440736478737
0.09157509157508636
-0.16010978956998825
-0.7789232531500521
1.1082890787346928
-0.5480703356930754
0.04592422502870003
0
-1.2393848978654987
0.5112712061352518
2.034682080924858
-0.02266032177657438
-0.022665457842240683
-0.2720471548401826
0.681973175721755
-0.20320614134115542
-0.769230769230764
0.04559963520291578
2.0966271649954393
0
-0.9374999999999974
-1.3068949977467352
0.31963470319634185
-0.2275830678197542
1.1861313868613244
0.09017132551847999
0.653153153153148
-0.04475274110539016
-0.9626147302440142
0.022603978300185974
-1.5819209039548023
0.1148105625717566
-0.38990825688073133
-0.7137923094635097
-0.02319109461965814
0.20876826722337677
0.13888888888889414
0
1.2713823393435044
0.1141291942478886
-1.41358869129048
-0.7169287696577165
-0.6289308176100602
0.14064697609000607
2.4344569288389595
0
-0.7541133455210264
0.06907667510937401
-0.5752416014726185
0.06942837306178072
-0.601295097132277
-1.2098650535132593
-0.5652378709373608
0.1657981999052555
0.14187751241428773
0.2833530106257352
0.0941841299741074
-0.47047753469771814
1.9380761049397277
-0.5100857871551098
0.5826147751106968
-0.23169601482854493
-0.6734788666976391
0.0935234977788249
0.4905395935529002
0.20920502092051002
0.023196474135923427
-0.37105751391464886
-1.722532588454384
0.5447655139744224
-1.6254416961130689
-0.09578544061303498
-0.19175455417066428
0.38424591738713326
0.04784688995215039
0.0956480153036906
1.1944577161968466
0.09442870632671795
0.09433962264150407
0.3770028275212118
0.28169014084506777
0
0.14044943820225253
0.14025245441794434
0.676937441643332
-0.2550428935775615
1.5341701534170207
0
0.4349816849816798
-0.02279462046956141
0.6611947104423113
0.45300113250283125
0.6538895152198371
0.11200716845878136
0.6712911165808906
0.8890864636585909
-2.6437541308658297
-0.06788866259333662
-0.6567028985507323
0
-0.09117848187827154
-0.9582477754962329
-2.4418336788758404
0.6139315230224375
1.5489321755456384
3.073723133810957
-2.869955156950675
-0.7156048014773698
-1.0462683096954195
0.42293233082705695
0.538137576041182
-0.1629043518733974
1.2121212121212095
0.2533394748963664
-0.3675626005054038
-1.9829375144108752
-0.2587626440837503
0.542452830188682
-0.18766127140511643
-0.3525264394829612
0.8726415094339596
0.07014262333411536
0.8411214953271081
0.3475440222428174
-0.7157700300161678
-1.1860465116279122
0.9884678747940799
0.6991377301328361
-0.6942837306179125
-0.6525285481239831
0.28149190710766797
1.7309941520467782
-0.8047827086686595
0.6026889197960182
0.02304147465438312
-0.06910850034554512
-1.083448593822035
0.5593101841062637
-1.1587485515643106
-0.25791324736225624
1.0813352139163195
0.4883720930232611
1.5274242073593995
0.34191930704353773
0.9768287142208113
-0.4499437570303712
-1.084745762711867
-0.15992689056431086
0.7780320366132671
0.04541326067212659
0.7943713118474807
0.8781805899572117
1.361607142857148
0.022021581149519024
0.3742844561866994
0.1754770783066487
-1.0948105977665865
-2.0367500553464666
2.3954802259887056
0.3310527477378062
-0.5279366476022952
-0.06634232640424842
-0.3761894224385901
0.06663705019991367
1.3762486126526057
0.1751696956426563
1.4207650273224044
0.4525862068965566
-1.3516412786955612
-1.2831665941713863
0.24234412866270605
-0.6373626373626323
-1.37137801371379
0.022426553038803036
0.5156950672645766
-0.11153245594467989
-0.8262617239839188
0.13510470614725645
0.04497413986957244
0
-1.0564171723982891
0.4089050431622016
0.5429864253393614
0.22502250225022502
-0.1122586439155815
0.26972353337829746
1.1880744227751523
0.6202924235711147
-1.1008366358432409
0.4007123775601094
0.0665188470066544
0.2658985153999532
-0.4861878453038649
-0.2442815900510821
1.9590382902938583
0
0.982532751091703
-0.4756756756756732
-1.2817727568976829
0.68221830985916
1.049180327868855
0.5840363400389332
1.6989247311827909
-0.19031507718333207
-2.4364406779661016
-0.8469055374592784
0.744634253175641
0.10869565217391304
0.2388707926167259
-0.021663778162916536
0.3033586132177632
-0.19442644199610656
0.3679653679653655
-0.02156566745740045
0.40983606557376556
0.2792696025778757
2.2065124250214248
-0.04191993292811685
-1.0903753407422916
-0.29679881280474396
0.7016797788645569
0.5067567567567519
0.8613445378151309
-0.24994792751511047
0.06264355815410554
0.1669449081803029
-0.5624999999999977
0.0838047349675209
0.8792128951224595
-0.16600954554885963
1.745998752858029
-0.04085801838610595
-0.5722460658082998
0.7194244604316546
1.102040816326526
0.12111425111021856
0.24193548387096545
0
-2.7755430410297692
0.12412081092263608
0.4958677685950366
0.16447368421052866
-1.3546798029556582
0
-0.6866416978776553
0.20951183741881416
-1.6098682835040745
-0.021249468763285748
-0.6163655685440972
0.4491017964071783
-0.21290185224611455
0
-0.12801365478983698
1.0467848750266988
-0.2536997885835071
0.9325985587113135
-0.08399832003359456
0
-0.27322404371584935
0.31612223393045313
-1.4495798319327684
0.6395224898742272
-0.40245710654523065
