-0.09643201542913069
2.799227799227805
-7.276995305164319
0.25316455696202533
4.848484848484846
2.360308285163779
-1.74117647058823
-0.14367816091954566
-0.8153477218225366
1.2088974854932302
4.634495938843759
3.835616438356167
-1.495162708883028
-1.7857142857142858
2.0454545454545454
-1.55902004454343
0.4977375565610834
1.1706438541197632
-3.9163328882954977
0.5094951366373295
1.705069124423958
0.6343452650657027
-1.8460153084196282
0.09174311926604983
-1.6040329972502292
1.4438751746623302
-1.5610651974288363
1.4925373134328306
-1.0110294117647007
0.8820798514391855
0.5062126092959016
0.73260073260073
-1.1363636363636365
0.22988505747126436
0.09174311926604983
1.5123739688359357
0.361173814898425
1.0346378767431321
-1.513802315227073
0.9945750452079644
0.6714413607878245
0.4891062694530877
0.7964601769911555
-0.17559262510974788
2.5505716798592712
0.7289879931389439
-0.5108556832694836
0.04278990158323609
-0.34217279726262245
0.25751072961373145
0.3424657534246624
0.2559726962457314
3.659574468085104
-0.6157635467980296
-2.6435357290375903
1.0606703436571914
0.9235936188077318
0.6655574043261208
-1.3223140495867722
0.5443886097152357
-1.7492711370262344
0
-0.25434506146672076
0.297492562685928
-1.694915254237288
0.21551724137931033
-2.4946236559139834
1.6762240846934324
-1.9956616052060714
0.6640106241699867
1.5391380826737027
1.1260285838025095
0.342612419700219
0.682885189927441
-0.6358626536668079
-3.156996587030719
2.9955947136563927
3.5072711719418255
-3.1404958677685926
-1.8771331058020502
1.47826086956522
0.5998286203941755
-0.5962521294718933
1.028277634961442
6.658184902459706
2.465208747514906
-6.519208381839341
0
-1.9925280199252848
-2.117746717492588
3.504976200778881
0.33444816053512183
4.458333333333329
0.4786597526924679
2.3818975784041174
1.512214036448249
-0.07639419404124852
-3.058103975535179
3.588328075709777
0.5329272934906868
-0.9087466868610503
-1.413832632785628
2.3255813953488373
-0.15151515151514292
-1.1380880121396053
1.2663085188027452
-2.6904130352406086
1.2071651090342546
-2.9242016160061435
0.039635354736422636
3.0903328050713084
2.2290545734050773
3.9473684210526314
0.2531645569620212
-1.2626262626262628
1.5710632078918567
-1.6906474820143844
-0.3293084522502869
-3.964757709251085
0.3058103975534994
-1.6387195121951048
-0.8136381247578546
3.90625
1.278195488721796
-4.4543429844098
-0.5439005439005351
3.164062500000009
-0.7951533510034163
-0.3435114503816707
1.0723860589812158
-2.6904130352406086
0
-1.01246105919004
-0.472069236821396
-1.9367588932806346
-2.1362353889560595
-1.441515650741351
0.9193480986209731
-0.6211180124223602
-0.3333333333333381
-2.2157190635451434
0.8978195810175265
0.8050847457627143
-2.101723413198823
1.3310433662516077
-0.042372881355929794
-3.3912674862229757
1.7551557700745941
-1.5523932729624814
1.138852387209809
-0.1299263750541409
1.3009540329575022
-1.455479452054797
-0.3040834057341393
-0.17429193899782383
-0.0872981230903486
0.5679335954565238
0.7384882710686435
-1.2936610608020698
0
-1.13586719091306
0.9721608484312808
14.048140043763686
-1.4581734458940947
5.529595015576319
-0.6273062730627265
-0.8911994058670754
0.44960659423006577
-3.4315553897799496
-0.15449980687523263
2.3210831721470018
1.1720226843100274
2.7279521674140335
1.3459439796289727
4.414931801866459
0.06875214850465641
4.397114393679132
0.032905561039823214
0.6907894736842181
1.306762495916367
-4.2244437278297395
0
5.959595959595956
0.06355258976802944
-2.762781835503331
0
0.685826257348146
-2.6597469996756367
6.131289570143277
0.7221350078492972
-3.273067331670823
0.7089912987431481
-2.24
0.16366612111292964
1.241830065359481
-0.4196255648805718
0.2269043760129623
1.4877102199223877
2.03951561504142
1.748906933166778
-4.818907305095147
-1.289906481780071
2.0254818686703655
-1.2167787383925748
-0.6807131280389053
0.5221932114882581
0.5194805194805269
-0.29069767441861566
-3.9844509232264373
-2.091767881241562
8.270158511371468
-2.1323997453851016
3.4471544715447227
1.980509273813252
-3.267570900123294
0
3.1548757170172013
-2.5949953660796963
4.154773231842679
-1.18757612667478
1.0169491525423764
0.06101281269066157
-1.2500000000000069
0.030873726458790596
-0.7716049382716049
0.7465007776049696
-2.500771843161459
-0.8233058898036804
0.22349936143039228
0.286715514495073
-1.0165184243964385
-0.5455712451861506
-0.2258793159083539
0.3234152652005175
-1.5473887814313383
0.8513425016372046
0.0974025974026011
2.7570548167369444
-6.723484848484851
0.033840947546539
1.285520974289565
-1.5698062792251133
2.477095351204619
0.4966887417218543
-2.7677100494233864
1.6265672653337697
-5.035011670556841
-2.3174157303370864
1.6175413371675054
-1.4149274849663955
2.1528525296017222
0.3512469265893924
-1.3650682534126628
1.1710432931156889
-0.4209049456331271
-1.3737231419513833
-3.428571428571437
0.96153846153847
-0.1465201465201382
0
6.089508437270713
-2.109266943291828
5.369127516778519
0
0.5698960777740492
-1.9333333333333371
4.62270564242013
-2.566601689408718
6.7355785261754075
-0.5623242736644833
1.5708451146716933
0.15465511908444168
-0.8338480543545363
-1.4637184677670647
2.844500632111252
0.12292562999386421
-1.9643953345610907
1.440200375704453
-2.006172839506173
0.2204724409448783
-3.174104336895024
-0.06491398896463663
2.468333874634629
0.34865293185420687
-1.389766266582449
0.8968609865470889
5.238095238095238
0.9653092006033148
-2.420077681505816
0.3674219228413927
-3.63026235509458
2.08926875593543
-3.0387596899224842
0.44771346338344553
0.6367398917542183
-0.03163555836761238
0.5063291139240579
2.7707808564231593
-4.1360294117647065
2.237136465324385
2.875898718349499
-0.8811911273169353
0.5824647455548848
-0.27430661383725513
-2.628361858190699
-0.15693659761456372
0.6601697579377447
-2.43597751405372
0.41613316261203953
2.6458399744979317
-2.670807453416156
0.5105296745373398
-4.095238095238088
-0.5296259516716394
-1.663893510815308
0.27072758037225425
-0.5737428282146435
-1.7990495587236968
2.9726927065329987
-0.33568311513930854
-0.6736274840013473
-0.23736859952525896
1.4276002719238574
-2.0442359249329645
1.6763599042079975
-0.10094212651413573
0.9767598518019651
0.1667778519012675
-1.7982017982018095
0.4408273991183491
-1.012829169480081
-0.7503410641200507
0.1374570446735317
0.8579272477693892
-4.2871725076556535
0.24884464984002438
-0.7092198581560284
1.4285714285714286
-2.816901408450704
0.36231884057971014
-0.32490974729241057
-2.028250633828331
0.48059149722736094
2.9433406916850626
0.3931379556826182
0.4271982912068514
-2.0914569301666197
-0.21723388848659156
-1.3062409288824464
-0.110294117647063
2.465955097534041
-0.14367816091953206
1.2230215827338047
2.3454157782516076
-1.250000000000008
0.49226441631506124
1.0846745976207017
-0.9691934925579628
3.7749038797623045
0
-2.3240148198046406
0.5862068965517202
0.4799451491258259
0.2729443875810148
-0.9527050017012435
0
-0.7901064926142257
0
-1.4889196675900316
0.5272407732864675
-0.06993006993006595
-0.17494751574527642
-3.8906414300736145
0
0.14587892049600076
0
-2.5127458120903254
-0.4856182293612295
0.15015015015016298
-0.41229385307347177
1.2420022581859282
3.2342007434944198
-4.357220021606038
0
-2.1084337349397675
0
-2.5
-0.11834319526627668
1.0268562401263914
0.5473025801407261
0.9720062208398135
0.038505968425114646
-1.9630484988452743
0
5.810757754220656
-0.8905380333951678
9.17259453388244
-1.7832647462277247
-0.20949720670389874
-2.0293911826452105
10.464285714285717
-0.1616553507921112
1.2629533678756402
-0.38375439718579746
-0.32102728731942215
-0.4508856682769653
-1.5852474927208133
3.1886916502301084
5.1290219815227855
-0.7575757575757576
7.389312977099234
-0.45493318168892977
-0.4570122822050907
-2.2381635581061725
-0.05870267097152587
0.851688693098378
-0.14560279557367503
2.041411490230388
0.22863675335810557
-0.570287995437696
-0.43016919988528823
-0.2592165898617446
1.4149581287900599
-1.9931662870159454
-1.1621150493898897
0.6760728982951238
0.6423357664233543
0.029010733971576077
1.0440835266821247
-0.45924225028701665
-2.0472895040369155
-0.5004415660877212
1.153846153846147
-0.6142146826557373
-1.0005885815185502
0.47562425683710546
-1.8934911242603483
0.5428226779251973
-0.5698860227954341
0.12066365007540793
0.7532389273877674
-0.8074162679425804
3.5875791377751085
-0.20372526193249285
1.6914552347623248
-0.45884714654429765
-3.1114952463267103
0.6541778174249149
0.029542097488928432
-0.5611340815121187
2.494802494802505
0.40567951318457757
-2.2222222222222188
0.3837072018890234
1.3819464863275472
0.31902552204175344
0.9540329575021717
-2.691867124856809
1.0300176574455562
-0.4951937081269993
1.229508196721308
-1.677270098322733
0.02941176470588904
-1.1173184357541932
1.3678263455248187
2.6400704018773835
-2.9722777936553237
-0.05891016200294216
-1.4736221632773356
