-0.6524317912218235
1.552238805970146
5.408583186360974
-0.8365867261572782
-1.4623172103487192
2.739726027397267
-5.444444444444451
1.821386603995313
-0.9809578765147241
0.8158508158508192
-0.7514450867052089
1.4560279557367501
-0.5166475315728917
-3.808424697057139
3.539292141571689
-1.2166859791425229
0.9970674486803452
-0.34843205574912567
-1.1655011655011656
1.3561320754717048
-1.0471204188481742
-0.5291005291005325
-0.4137115839243432
4.332344213649859
-3.9817974971558585
1.8364928909952571
-0.3490401396160525
0.40863981319322157
0.058139534883717627
-0.46484601975594597
0.46701692936367944
19.69785008715863
-16.844660194174754
0.35026269702276375
0.058173356602672664
-0.058139534883717627
-1.221640488656192
1.2367491166077704
-0.8726003490401396
-0.23474178403756202
1.8235294117647025
1.3864818024263466
6.381766381766376
1.231922870915914
16.137566137566136
-1.5034168564920325
-2.9602220166512385
0.2383222116301239
-2.2824536376604905
0.3406326034063205
3.928225024248314
-1.8198786747550189
2.99429657794676
0.09229349330872962
-4.195481788842782
4.908565928777665
-4.3577981651376145
1.6786570743405276
-1.22641509433962
1.8147086914995143
1.313320825515953
1.3888888888888888
-3.835616438356167
1.519468186134861
-1.6838166510757824
0.8563273073263613
-4.339622641509429
1.5779092702169568
-0.6796116504854397
0
-0.6842619745845581
0.984251968503937
-1.7056530214424952
0
-1.289043133366383
-0.552486187845301
0.8585858585858528
-0.10015022533800132
1.6541353383458703
0.9861932938856015
-1.269531250000011
0.49455984174085066
-1.2303149606299213
0.2491280518186348
0.7952286282306277
0.19723865877710908
-1.1811023622047132
-1.3944223107569778
-1.0101010101010102
-0.25510204081632654
0.8184143222506365
1.4205986808726594
-1.700850425212609
0.6615776081424994
2.3255813953488342
0.7905138339920921
-1.4215686274509831
-2.3371456986573786
1.1201629327902183
-0.25176233635448136
-1.5143866733972742
1.7426960533059999
-0.5541561712846319
0.3039513677811521
-2.0202020202020203
4.639175257731959
-2.5123152709359577
1.5159171298635674
-0.4479840716774543
-0.15000000000000568
1.402103154732104
-0.04938271604937991
-1.0375494071146216
-1.1482775836245687
0.7575757575757576
0.2506265664160401
0.20000000000000284
4.790419161676644
-4.33333333333333
0.24888003982080636
3.2770605759682194
0.6250000000000054
0.47778308647873863
-0.2377555872563005
-1.9065776930409912
-2.818270165208946
0.6500000000000057
1.9870839542970689
-0.34096444227959916
-0.3910068426197375
0.09813542688910139
-0.9803921568627451
0.14851485148515414
0.7414730598121602
-1.8155053974484872
-1.0494752623688128
-3.585858585858583
2.147721320062857
-3.3333333333333335
1.1140583554376629
-3.2528856243441706
2.603036876355739
-3.594080338266376
5.098684210526306
-1.721439749608755
0.2653927813163482
-0.9528851244044528
1.2292891501870717
-0.6863780359028571
-2.179691653375861
4.3478260869565215
0.46875000000000294
-0.31104199066873733
-1.7160686427457157
0.4761904761904792
0.36861506055818255
-0.8394543546694619
9.841269841269838
-9.633911368015415
-0.7995735607675907
0.053734551316493455
6.229860365198723
-5.5611729019211324
-3.5867237687366256
2.77623542476402
-2.3230686115613093
5.420353982300875
0
-1.8887722980062929
0.1604278074866371
-2.509343299519496
-1.4238773274917822
-1.3333333333333366
0.33783783783783466
3.535353535353542
1.3550135501355014
-3.6898395721925166
0.7218212104386516
-3.0871003307607463
1.706484641638225
0
-0.44742729306488327
1.404494382022472
-0.6094182825484733
0.8918617614269756
1.3812154696132597
-4.468664850136234
1.0268111808328482
-1.5245623941276052
1.6055045871559535
-0.620767494356656
-0.6814310051107261
-1.7724413950829012
1.105937136204876
-0.2302820955670566
-0.11540680900174094
0.05777007510109435
2.540415704387994
-2.815315315315315
1.2746234067207516
-3.7757437070938344
-1.9619500594530221
3.1534263189811935
-1.2345679012345645
-0.952380952380949
2.043269230769234
-3.7691401648998855
1.5299877600979193
-3.1946955997588975
2.0547945205479525
-1.2812690665039623
1.2360939431396785
-5.616605616605627
0.9055627425614526
-5.769230769230769
-0.06802721088434988
-0.13614703880191767
3.6128152692569953
-0.06578947368420679
-1.2508229098090886
-2.1333333333333258
0.20435967302451152
6.526172671651934
-0.12763241863432587
-3.2587859424920094
1.4531043593130704
-0.5859375000000038
-1.6371971185330716
5.0599201065246495
-5.576679340937903
12.01342281879195
-0.7189934092270923
-1.6294508147254005
4.294478527607362
-7.352941176470588
9.396825396825404
-8.87986070806733
4.45859872611465
-5.609756097560969
-2.8423772609819156
4.920212765957451
-0.5703422053231975
1.2109623964308514
2.644836272040295
-4.355828220858892
2.501603592046187
-4.255319148936177
-0.6535947712418301
1.8421052631579022
-1.937984496124031
-0.3293807641633728
-0.727032385988118
1.997336884154461
0.5221932114882581
-2.6623376623376585
-0.40026684456303824
-0.40187541862024295
-1.008742434431742
-5.978260869565206
-2.3843930635838233
4.293116210214665
1.0645848119233499
4.634831460674153
-1.0067114093959733
-0.474576271186433
0.47683923705721293
-0.8813559322033976
-1.436388508891925
2.220680083275515
0.06788866259334304
-1.085481682496604
2.812071330589845
-2.6017344896597767
1.3013698630137025
-2.7721433400946545
0
-1.321279554937417
0
-1.3389711064129708
1.3571428571428612
-2.3255813953488453
-0.36075036075036077
-2.67921795800144
-3.1994047619047703
14.450422751729448
1.2760241773002052
-4.045092838196301
-0.13821700069107715
-1.9377162629757865
1.4820042342978283
-2.920723226703767
1.146131805157589
-1.4872521246458885
1.9410496046010188
-2.186177715091694
2.090843547224229
-2.0480225988700607
-1.9466474405190979
2.500000000000004
0.5738880918220824
-1.7118402282453478
-1.9593613933236698
-2.294596595114726
2.1969696969697012
-1.7790956263899227
0.5283018867924443
-2.5525525525525357
-1.3867488443759717
1.5625
1.5384615384615385
0.9090909090909005
1.5015015015015016
-3.2544378698224685
2.2171253822629793
-8.750934928945393
4.918032786885246
-5.078125
-0.7407407407407455
-3.316749585406302
1.0291595197255599
1.2733446519524618
-0.2514668901927889
3.4453781512604995
-1.8683996750609237
-0.1655629139072871
0.3316749585406349
0.6611570247933861
0.32840722495895375
-1.4729950900163642
4.651162790697669
-5.63492063492063
8.410428931875526
-9.23196276183088
2.5641025641025643
0.5833333333333357
-0.16570008285004378
-1.1618257261410836
-1.8471872376154397
0.3421727972626103
1.619778346121062
-2.265100671140942
-0.1716738197424917
-2.1496130696474633
3.1634446397188123
-2.896081771720618
1.0526315789473708
-1.2152777777777828
0.175746924428825
-0.17543859649123056
1.1423550087873438
-0.2606429192006926
1.4808362369338004
0.15450643776824619
-0.15426808364758898
-1.270386266094424
2.5734654842636133
-3.559925411086627
1.0722446827210397
0.7478260869565212
-0.7422751596754699
-0.886956521739127
0
-0.3333918231268728
-0.7042253521126736
0.8865248226950355
5.448154657293499
-7.683333333333333
-0.16248420292472182
0.36166365280289847
-0.09009009009008496
-2.452660054102794
-0.5361434645960551
1.1710037174721237
0.03674444240309228
0.6795224977043112
11.273257935060197
-9.60655737704918
-0.07254261878853673
1.8148820326678765
1.0695187165775426
1.022927689594353
3.439245810055864
-4.337552742616034
5.857445306986591
-8.083333333333336
0.9972801450589379
-5.74506283662478
-0.19047619047619319
-4.16030534351145
2.150537634408599
-2.124756335282644
0.2788289185421242
-0.9533267130089453
1.1630238620413182
0.753221010901874
-0.7475900059020174
2.973240832507433
1.7516843118382994
6.167234203556561
-2.7975766215253035
-0.7149404216315318
-1.5878877400295413
-1.4821763602251392
0.4570557988954523
-1.3649289099526045
0.6150297905054781
1.0124164278892094
-1.6641452344931968
0.9423076923076962
7.25852543341588
-5.2042628774422734
0.28105677346825125
-1.6629297458893881
1.5200456013680355
2.6015347183230406
-0.49252097774535414
-1.8698441796516885
-1.9241546796189073
-0.3428571428571423
1.5099388379204877
-1.2427038222556894
0.7626310772163938
0.20813623462629977
-0.2265861027190284
-0.5488266464799513
0.570884871550912
1.1542100283822128
0.6359895248784069
0.5576208178438741
5.360443622920515
-6.807017543859653
5.421686746987956
-2.964285714285708
3.974972396025021
-5.132743362831857
1.6791044776119377
-1.4311926605504608
1.265822784810126
-1.4522058823529396
0.4476776720761089
-1.5413184772516217
0.6224066390041462
-0.16869728209935034
-0.11265490048816217
-0.48872180451128777
-0.3588968643747596
2.2369668246445493
0.7046170962358661
0.9390535812925759
-0.2188982123312613
-2.614259597806215
1.8396846254927668
-1.2350230414746575
2.6502426278462146
-4.56363636363636
1.9241760335301923
-2.878504672897195
0.8660508083140795
-2.8429688990650543
0.15710919088766356
-1.4901960784313686
1.3136942675159167
-0.5697445972495072
2.548903378778896
-2.6782273603082865
2.5539497129281314
-1.7953667953667949
0.6487124041674964
-1.3085937500000033
-1.3457352068078363
1.3440320962888699
0.5740300870942184
-1.4957685494981403
0.8991008991009048
0.11881188118812332
