-2.555966860567601
-0.8683068017366055
-4.297445255474444
0
-3.842120316522077
-2.0027761253222334
1.3759611493322566
-0.1996007984031936
-0.12000000000000455
-0.6908289947937503
0.9275128541183633
2.2874837678553566
1.7773437500000044
0
-1.3049318748800744
-0.25277075636786983
-1.76413255360624
0.5952971524952873
1.6668310484268642
1.7268141249514897
-2.956322716002278
1.2185534591194946
-1.941747572815534
2.950495049504946
-1.9619157530294267
1.8246027074749875
-2.8323699421965296
0.28752726551655533
0.8502224419179459
1.9507891383197702
-2.173076923076925
0.05897385492431912
-2.5147347740668
-0.2418379685610618
1.5050505050505028
-0.4876107075330856
1.3399999999999976
0.05920663114269022
1.272189349112435
-1.0614470737170212
0.42322834645668844
1.5289620699794313
0.05792064871125678
0.3376748673420164
-1.1634615384615297
0.39887148555306046
8.13953488372093
0
7.356630824372751
-0.10015858442532495
-4.169103517420009
0
2.223190932868352
-1.1002132196162124
-2.725077612969982
-1.950354609929078
1.2748643761301908
0.7767163646103068
2.6754075124025554
0.9663503019844732
0.46145957955903805
0.7995916978564216
-2.042194092827008
-0.5858028945554751
-0.779896013864818
1.502183406113541
-1.1271726036826826
0
-1.6447654686276099
-0.1858078216245033
0.1506958602960771
0.8762612851832263
0.4913573747477326
0.41037282807998304
-0.4782608695652174
0
1.450415028396672
1.0937903711997283
-1.9424092690407186
0.08688097306689835
1.7447916666666587
0.8446378295367368
-0.2791878172588794
0.0339356918639063
2.841150029683657
2.0946726043213006
-1.0662358642972574
1.8941868060091482
-0.6891025641025568
-1.2425367113119323
1.2908496732026107
0.33876431682529806
-0.056270096463026165
0.5388884420493883
-1.4160000000000037
0.01622981416863146
-0.4381338742393583
-4.001303887213749
2.0882852292020297
0.44902710793281986
0.21523178807946267
-0.3799768709730637
-0.2902155887230514
1.4220374220374146
-2.935388652017051
-1.5712113532691256
2.49742533470648
-0.8121912417315621
1.2156002026000416
0
2.043369474562135
0.8827135267674666
-1.6122498582192226
-0.4034914361001392
-0.49607275733774286
0
-0.6231823847112589
-0.08361204013377926
1.3472803347280258
-2.460573032780114
1.913146533480076
-1.1545809452612419
-0.8235294117647021
-1.2031859006948014
-1.397941680960545
-0.8436983560928977
-0.8157894736842065
0.6456177589104054
-0.492091388400695
-0.21193924408337078
-1.1238938053097385
-1.2977714132283182
2.7838229960101604
1.2527569475077234
-2.1695565043129816
0
-2.529390808692542
-0.3929093567251628
-0.5687551600770405
0.36903773410831253
-1.6729478812390886
0.9535383752454001
0.08334105009721858
-0.5551443375277573
-0.29772981019725026
0.7745427398283112
-1.5371793684600552
0.02821405059719313
1.1940579165099705
-0.4831366719316218
1.5591448044066891
-0.8365508365508282
1.9931398906090665
-0.3817487729503768
0.7390510948905027
-0.19925731364910954
0.34485888011615884
0.6602152482590173
0.197663971248881
1.1208751793400287
0.8956282699299378
0.7294779398839827
-1.3873134979495563
-0.09732790656522176
-1.7004694004073881
1.3154338228669167
0.32014228546019646
0.6914280648878808
0.08803591865481115
-0.721259565485095
1.0188712678302472
0.2280301701455805
-2.5463773188659355
0.10774894495825137
-1.56067808772088
0.22779043280182232
-2.436363636363632
1.2765560939247154
-0.9200478424878092
-0.11143095923484496
-1.0690713024077345
-0.10336402931781022
3.696735960869174
0.6894049346879453
-1.5585585585585544
-0.6497666331106559
0.8198231392778271
-0.7217907720420367
2.1535063500828358
-1.0270270270270352
3.240487893682882
0.22041967906894727
-3.1670625494853524
-0.5905332969928228
-1.0966916468652896
-0.2032895952689009
0.6944444444444444
-0.6804597701149508
0.35181927599298046
0
-0.18451886705415627
-1.1553748035862832
0.5891153918084865
1.701217811657521
0.036563071297997345
0
-1.0964912280701753
-0.18477457501847744
4.794520547945201
-1.227698286521824
-1.430743092193508
-0.480812845867727
-1.1577028258887918
0.2028958775246745
1.7947537965945697
-0.13562386980108498
2.8157537347215853
0.8277562522014875
-1.9126637554585233
0.026711779894949866
1.1037920598183961
-1.8489170628631801
2.780767850735558
-1.6407750043637594
-0.8606921029281318
-0.46540767922671133
-1.1869436201780252
0.10010010010009182
-1.2000000000000042
0.5888847994111236
-0.6494694474936092
-0.9299327870361762
0.9665427509293765
-0.5798969072165115
-0.0370336079992467
0.9447068630175091
-2.926874025139929
0.0661625708884731
-3.0414659488051425
-0.2338041889917283
0.5761156137096076
-0.0970873786407767
0.6219630709426717
1.7867490824802008
-2.2772559066325075
1.0389358190115368
1.1627906976744318
0.49396789208701863
-3.3462520086964824
0.1466992665036675
-2.0703125000000044
0.2193857199840492
0.06965174129353686
2.2074177190016946
0.2237571748224491
-0.019413706076494414
0.04854368932038835
-3.444929645803008
-1.919597989949751
-1.629265293575159
3.093750000000005
0.272809942406783
-0.9068923821039904
0.7728289607484262
1.5035317860746698
0.20876826722338432
3.0158730158730247
1.3867488443759497
-1.8237082066869346
-0.9191176470588236
1.5721120984279013
1.9034800999807684
-2.358490566037736
0
-0.7053140096618313
0.8952028802179668
1.726299546725804
0
-1.9529768676526271
-0.8605685554051529
2.50658343899347
0.18078020932446157
0.09497578117580016
0.5788025429357537
-1.8018867924528217
-0.01921414160822802
-0.9993273758047555
-0.40764825778899794
1.7931975440990247
-0.7946385830540885
0.23161551823970888
1.0976314269208638
-0.6380952380952424
1.5911051471293145
-2.3681479384847752
-0.07730962504831412
0.6673114119922718
-0.6532808146796216
0.5802146794313897
-0.38457840592250747
-0.42466943345235636
-0.087234661238741
0.21342646488164974
-0.6679574056147233
0.03898255530650921
-0.6234778373112496
1.0489167728653987
0.1067132324408359
-0.6492877216784616
0.15606710885679956
2.9703934553954032
-1.6267852076042795
0.6537832900682802
-1.213105358678006
1.3730419648037173
-0.7344524990461698
2.5175362736619626
-0.6467335270409683
0.8396226415094425
-1.2068481616615296
1.4772727272727186
0.40126913027250677
3.9222976113021484
0.1699311331723541
3.857142857142861
-0.1031636863823973
0.017211703958695822
1.1185682326621924
-0.689244383934661
0.24847913632080296
-2.940170940170948
0.026417752729850467
2.4738093142001856
-1.0137457044673501
2.8467279986113483
-2.033755274261596
3.342234473253506
0.02500625156288693
1.7083333333333333
0.4916018025399426
-1.20668569099062
-0.5281835437814716
-2.182029370281254
-0.5852417302799059
1.8940363450217599
2.1351419241396634
-0.38530906706017753
-0.7324500041148765
-1.7907478030177528
-0.227925037987491
-2.732887723157643
0.03479471120390492
1.426086956521747
0.13717421124827753
0.6078767123287593
0.07658922644882062
-1.3860544217687036
-0.8278002931792823
4.921311190331288
0
-1.2347725200961375
0.7887229400906269
-3.055278055278059
-0.14598540145985792
-0.9717922256621908
0
0.08684324793747286
-0.38177874186551763
1.2368260604477002
0.07743267658952861
2.3985557083906346
0.9570984803962801
-0.38253638253637495
0.1753067868770272
-2.5750000000000077
0
-0.12830382345393893
-0.24837273038710722
1.1333390572679698
1.8592410221580662
0.03333888981497674
0.8081986335610769
-2.272915116951814
0.5581867388362575
-3.036164844407057
-1.6306704831295151
-2.0368574199805933
-0.8100810081008101
-0.6805807622504537
-0.7674737322978612
3.636865850290029
0.2221037668798863
2.0476908075525344
0.0694927032661531
0.2951388888888968
0.21637528128786565
-0.7168149235685449
1.417884481558819
-1.6896817908911608
0.33153027394869605
0.8434782608695691
0.3707855479865443
6.005154639175266
1.3048058999918881
-2.8560000000000034
-1.1611628098492885
1.0664889185135773
-0.7337180544105598
1.5696370733327873
-0.9730171708912585
1.1229460820741588
0.9145096758389847
-0.0728214256816968
-0.8016194331983879
0.6203575218349634
-0.12168410805548795
-0.6416504223521841
-0.2615875091964396
-4.089828702565352
0.6580071782601303
-1.7403854317004839
0
1.9699326075686843
-0.14404338247755002
2.6644039032668725
0.8430448797421124
-1.8686992869436896
0.06681700492775032
0.05842584091478554
-0.8925592258925631
-0.648093594815236
-0.8725855642155355
-0.5127766857533544
-0.3436130916587922
-0.7757951900698217
-0.6168013204760585
1.1013986013985935
-0.7349126750821373
-0.7751937984496006
-0.24578651685392858
-1.0735656458993352
0.5159224337306488
0.6814159292035439
-0.17579326711786938
-1.9195210002641503
0.017954933117857806
3.4377524459204905
0.03471017007982155
0.5464954892435769
1.0266586144422476
-1.426131511528612
1.3081521268301253
-1.9240636223704461
-1.3689074897549955
1.1934229137199435
0
0.6464575871407237
-1.041576252061453
1.7191474432067484
-1.4745192722255873
-0.6476457202870527
0.0088090204369194
0.83678322910244
-0.28825995807127486
0.8234778799824871
-1.633504214093334
1.8991255189470897
0.20804438280167226
1.055363321799312
