-5.810397553516808
-0.432900432900439
-8.369565217391306
0.5931198102016607
5.306603773584905
-1.455767077267634
-1.2499999999999936
1.495972382048328
0.9070294784580466
0.7865168539325874
-0.7803790412486096
3.4831460674157237
3.365906623235623
-1.4705882352941235
0.10660980810235451
-0.8519701810436755
0.7518796992481234
0
-1.1727078891257936
-0.10787486515642775
-2.3758099352051714
9.513274336283178
-5.858585858585856
-1.5021459227467873
0.10893246187364763
0.10881392818280121
2.9347826086956554
5.596620908130937
-4.400000000000006
12.970711297071135
-14.814814814814815
0.652173913043472
-0.21598272138227714
0.10822510822510206
1.6216216216216217
10.531914893617028
-2.5986525505293576
8.695652173913041
-7.7272727272727275
8.374384236453203
-9.72727272727273
10.271903323262842
-6.301369863013703
3.313840155945425
-4.245283018867925
5.517241379310339
-3.4547152194210913
4.448742746615081
-4.166666666666667
4.3478260869565215
-5.3703703703703685
5.67514677103718
-5.648148148148143
5.986261040235519
-7.777777777777783
2.5100401606425704
-0.5876591576885352
11.330049261083744
-8.938053097345128
2.0408163265306065
-2.095238095238098
2.1400778210116758
-2.285714285714291
0.877192982456146
1.8357487922705369
2.46679316888045
-5.18518518518518
4.980468749999994
-4.558139534883726
0.1949317738791451
-0.3891050583657505
-0.19531250000000278
1.565557729941286
-2.986512524084773
1.6881827209533296
4.8828125
-4.46927374301677
-1.6569200779726985
0
0.09910802775024213
-1.3861386138613918
1.1044176706827395
0.3972194637537155
0.19782393669634307
0
1.3820335636722663
0
-1.752677702044788
0.594648166501481
4.433497536945813
-3.0188679245283048
2.4319066147859925
8.926875593542265
-1.220575414123806
-2.8243601059135064
3.2697547683923784
-1.3192612137203166
-9.001782531194303
8.716944172380027
2.612612612612618
9.130816505706752
-3.2984714400643558
-1.996672212978374
0.8488964346349746
-0.673400673400671
1.0169491525423753
5.201342281879197
-3.1100478468899566
3.950617283950615
2.2961203483768737
-2.4767801857585052
-0.158730158730161
-1.4308426073131932
-4.7580645161290365
4.911092294665548
-0.6456820016142142
-2.274573517465473
3.0756442227763947
0.6451612903225784
-3.0448717948717925
1.4876033057851217
3.0130293159609143
-3.636363636363632
-0.4922067268252736
-1.8961253091508634
-3.6974789915966433
1.5706806282722614
9.5360824742268
-8.627450980392156
3.8626609442060085
-5.371900826446281
1.4847161572052427
-0.8605851979345955
-3.993055555555563
-0.2712477396021674
-1.9038984587488617
-4.251386321626625
1.7374517374517484
-1.0436432637571238
3.0680728667305877
-4.186046511627907
5.145631067961163
-3.785780240073864
-0.5758157389635399
3.8610038610038613
-1.858736059479554
-1.2310606060606035
3.93096836049857
-0.830258302583031
0.0930232558139482
-0.6505576208178333
4.022450888681007
-0.44964028776978415
4.607046070460699
-7.599309153713297
7.102803738317752
-5.846422338568926
16.682113067655237
-16.918189038919785
6.500956022944562
-4.937163375224416
-0.6610009442870659
-0.570342205323202
-2.963671128107069
0.9852216748768473
11.21951219512195
-7.894736842105263
-1.2380952380952355
2.0250723240115662
3.49716446124764
-2.6484018264840237
-1.969981238273916
-0.3827751196172303
0.6724303554274763
0.09541984732825241
1.4299332697807434
-0.6578947368421079
0
-2.6490066225165534
3.012633624878517
-4.811320754716975
4.261645193260651
-3.802281368821293
4.64426877470356
-1.3220018885741318
-5.933014354066988
3.4587995930824067
6.194690265486723
-5.648148148148143
4.02355250245338
-1.6981132075471672
2.591170825335895
-2.52572497661366
1.247600767754316
-0.9478672985781991
2.3923444976076556
-2.990654205607479
4.046242774566477
-5.462962962962968
5.190989226248787
-5.865921787709508
-2.967359050445104
2.3445463812436405
7.569721115537843
-7.407407407407407
3.5
-5.410628019323666
0.5107252298263534
0.10162601626015681
7.614213197969543
-10.377358490566039
9.368421052631584
-4.619826756496642
-0.9081735620585182
1.4256619144602765
-0.6024096385542111
0.9090909090909148
2.1021021021020965
-2.254901960784311
0.6018054162487405
-1.8943170488534313
7.723577235772352
-7.264150943396229
2.746693794506615
16.73267326732674
2.2052586938083074
-6.307053941908709
-0.6200177147918536
-0.17825311942959254
-0.44642857142857145
-4.843049327354265
0.1885014137606059
-0.4703668861712136
0.4725897920604915
4.139228598306684
1.4453477868111964
-2.938557435440781
1.4678899082568755
2.4412296564195324
1.5004413062665516
-2.5217391304347876
0.3568242640499605
-1.7777777777777777
0
0
-0.6334841628959301
-1.2750455373406115
1.2915129151291433
0.18214936247723393
0.9090909090909091
4.504504504504505
1.7241379310344827
-2.0338983050847506
1.7301038062283738
-7.057823129251699
-0.8234217749313737
-3.136531365313658
0.47619047619047616
-9.099526066350705
0.10427528675703265
7.395833333333328
0.38797284190107245
4.637681159420287
-0.5540166204986098
-0.18570102135562008
1.4883720930232505
1.7415215398716826
-0.7207207207207181
0.18148820326679024
1.2681159420289778
-2.1466905187835343
0.18281535648993474
-1.459854014598535
0.09259259259258733
0.2775208140610651
-0.9225092250922509
-0.7448789571694705
1.9699812382739292
1.7479300827966802
2.802893309222431
-3.0782761653474053
-1.1796733212341173
-0.2754820936639223
-0.46040515653775327
3.2377428307123037
-1.7921146953405018
-1.459854014598535
-0.09259259259258733
0.0926784059314127
2.129629629629627
-2.6291931097008083
0.7448789571694573
2.8650646950092367
2.425876010781674
-3.1578947368421004
-0.8152173913043529
-1.5525114155251167
1.762523191094625
-1.276207839562448
-2.031394275161591
0.7540056550424236
0.37418147801683016
0.2795899347623459
0.27881040892194364
-4.541241890639486
-0.38834951456311234
-2.046783625730989
1.1940298507462714
-0.6882989183874167
-0.49504950495049505
1.293532338308455
3.1434184675835
-3.428571428571423
1.77514792899408
-0.7751937984496097
-0.8789062500000056
-0.788177339901475
-4.170804369414104
8.601036269430049
1.145038167938934
11.886792452830184
2.8667790893760587
5.983606557377058
-1.778808971384386
0.6299212598425175
-0.07824726134584845
-5.090054815974941
2.7227722772277203
-5.461847389558231
4.41801189464741
-7.07892595606184
5.07880910683012
-4.166666666666667
0.9565217391304298
-0.8613264427217916
-4.257167680278012
3.2667876588021727
-0.7029876977152875
9.29203539823009
1.7004048582995905
1.353503184713378
0.4713275726630075
-2.580140734949188
0.6420545746388534
1.8341307814992003
3.3672670321064975
-7.651515151515147
0.0820344544708731
4.508196721311475
-2.9019607843137276
3.554119547657505
1.3260530421216983
8.468052347959969
3.6195883605393853
-2.041095890410952
-1.734023213536581
-0.469617190835347
2.073205604804122
-7.017789606387456
-1.4763482976800089
8.088685015290507
0.7921912576036246
1.038596491228063
-2.764272815668836
11.91428571428572
-0.3063569057952631
-2.9577464788732244
0.9367990500065888
6.954248366013063
2.542165729650468
-0.226460071513721
-0.9676263289929377
-3.1483715319662235
1.8806825258438047
6.699266503667488
1.7415215398716728
1.5765765765765831
-2.9933481152993378
-0.38857142857143245
-0.4703992657182155
-3.0317002881844326
-1.6286257727056639
-3.6858006042296036
-1.8820577164366372
8.132992327365729
-3.855250709555351
-1.672816728167281
0.45033775331498554
-3.9103362391033634
0.7646448937273244
-5.864951768488749
-0.12296761852712586
3.3105335157318767
0.03972457627118795
2.210456651224357
-3.522403522403521
2.5637583892617406
0.1832220913493006
-1.241018941868064
-0.26455026455024955
-2.002652519893906
0.08120178643930474
-1.9607843137254939
-0.5517241379310424
-0.3190013869625378
2.8941143731737835
-1.879648411088574
-3.528114663726574
6.657142857142852
0.7232788641843105
5.890957446808501
1.7078990330277528
-3.1855784664773408
1.1988266802703709
-2.6212980466288576
-0.34942409732107677
5.142857142857134
0.17292490118577147
0.9124537607891605
0.8675464320625534
-3.900666262870986
-0.6680952981217713
-2.4111675126903447
0.7412223667100041
0.9035755776429623
-1.483945247537414
0.15582391897154957
1.6854660962012336
-1.950784138722429
0.520156046814033
-1.099611901681752
-4.512753433616746
3.493150684931503
-0.6618133686300464
-3.5443037974683502
-1.6438734631855196
3.272471910112357
-0.24479804161567634
-0.6543967280163461
0.5900919445587932
-1.7871759890859513
6.959299902764281
-0.5194805194805269
1.3054830287206267
-2.6159793814433008
1.0983194389308093
3.5078534031413513
0.7840161861406229
-3.1618569636135456
1.3345426276237196
0.9078123002173738
0.9756715661429245
-0.9787928221859721
1.5080471423140258
-1.1610486891385676
0.6694454970317053
-3.387703889585951
3.6233766233766316
-4.211054016794083
-0.5626063064241879
-1.3289473684210593
0.10668089078543579
0.7592913280937891
0.46271813855102367
-2.421371233056967
-0.33715441672285906
-1.2584573748308616
0
0.13704262025489147
