-0.1337255950788981
0
-6.909480449919646
1.17951668584579
11.202729599090144
-1.534134492457172
-3.323811996883929
1.6116035455278002
-0.2379064234734428
1.0333863275039836
6.635195384211909
-0.14756517461879554
2.586206896551724
0
0.792316926770711
-0.9766555502620349
2.261246090930968
0.8233356857210068
-2.5664955669622023
0.2873563218390777
-2.459407831900671
0.024479804161572274
0.3181595692608797
1.0002439619419428
-1.8357487922705369
0.07381889763779807
0.6638800098352566
0
2.955544699560338
0.9252669039145853
-0.893276915843901
-0.2846299810246787
2.14081826831589
-1.7699115044247709
0.5215742057847294
-0.9433962264150944
1.7619047619047565
0.4211511464670125
0
2.0503261882572255
-2.1004566210045637
-1.096082089552236
3.91417118604102
-1.0437939641479388
0.7796376977757342
2.3890784982935154
-2.311111111111106
1.000909918107365
-1.2387387387387387
0.34207525655644244
0
-0.6136363636363611
-0.4802195289275149
0.5514705882353019
-0.8455210237660067
0
1.6363217331182354
-0.9750566893424062
1.534234027936796
1.3306269733874683
2.4482528377476074
-1.2383228329350398
-1.4738231412230631
-0.44652824291136417
-0.1794124243103733
0.31453605931250894
-0.7614781634938359
1.9860076732114542
-0.9736667404292936
0.379888268156422
-0.6010685663401578
0.17917133258678866
-0.8942544153811759
-1.78208887886308
0.597152044097387
1.7808219178082219
-1.794526693584567
0.8222932846048345
-1.2233801540552736
0.45871559633027525
-0.6164383561643809
1.0797151389846056
4.136363636363634
0.4801396769969421
2.0851433536055652
-0.02127659574468569
2.532453713556083
0.7056870070568654
-1.504534212695798
0.7532956685499106
-3.115264797507788
1.607717041800643
-1.3080168776371284
0.6412997007268063
-1.1469838572642383
1.1173184357541999
-1.50871228219295
-0.4962243797195278
-0.6071118820468369
0.19633507853403886
0.21772262138036141
-2.41147077992614
2.51558325912734
0.6948968512486403
-2.199698080655594
1.6538037486218302
-1.149674620390458
-1.2288786482334795
1.6218618084869927
-1.3992129427197153
3.436807095343681
2.0364415862808145
-0.9663865546218535
2.057700466694961
-4.406568281022666
1.087192868014786
0.17208001720800417
0.5368262830148164
-2.541648868005121
0.372561911023447
-1.3973799126637505
0.08857395925597371
-0.30973451327433127
0.26631158455392556
-1.8149623727312945
-0.8115419296663712
0.40909090909091167
0.5432322317790804
1.125619090499775
-0.1780943900267167
-1.070472792149856
-2.8854824165915263
3.481894150417827
-0.38133692238671796
-2.251745102454402
-2.5570145127850776
-2.2931442080378224
1.0887974836680376
-3.350885591191958
-0.569588905398715
0.07471980074720085
1.6177202588352413
13.421503796228265
-1.166054847765069
-3.9982521302163017
1.7068730086481567
0.850302081002464
0.2662524961171486
-1.5268864793095769
0.24719101123596016
2.1519838601210415
0.06583278472679643
-4.013157894736844
0.022846698652049975
4.271356783919595
-0.10952902519167579
0.06578947368421302
-0.9204470742932256
1.94647201946471
0.5207203297895496
2.050507230736024
2.6649746192893327
-5.274000824062622
-1.2179208351457205
-1.5411712901805372
2.0348837209302375
-0.17532325224633166
0.41712403951700927
-1.5085264538696934
-0.06659267480577388
4.131497112394497
-0.23464163822526082
-1.389779773358991
-2.0598438855160452
1.9481957051140162
0.0868621064060754
0.5424170101974398
0
3.193785066896852
-0.9410288582183187
6.206459784673852
1.9677996422182422
0.5653021442495082
0.2907540220973057
-1.2176265945110079
0.05869692819408227
-2.5224872897927213
-1.223671013039122
-0.2030869212022746
-0.7326007326007257
6.785567855678549
0.11518525628719961
-2.205177372962608
-0.9215686274509781
-1.2072036414011522
0
-1.5024038461538463
0.46776489729510096
-0.4453441295546536
-0.16266775111834308
-0.36659877800407564
-0.7972199509403061
2.4108798681228083
-0.08048289738430126
-1.4498590414820873
-1.328156926849203
-0.6833712984054576
0.06255212677230078
1.1669097728693525
-1.1122554067971118
2.1870443657571337
-1.6306563391765185
0.7666804807293801
-0.43183220234423664
4.564229657166465
-1.2048192771084383
-0.05997600959616381
-1.1802360472094373
0.10121457489878542
0
0.5864509605662239
-0.6835544833132242
-0.30364372469635625
-0.8730964467005099
2.8062269561655038
-1.1157601115760045
3.1634092282893387
-0.15625000000000222
-0.6651017214397452
-0.2560063016935824
-1.4807502467917077
-1.3827655310621196
2.3369233895549684
0.07942811755360946
-1.4682539682539637
-0.6846556584776549
-2.453365774533651
1.267927665765946
-3.386699507389163
-1.1684724877841512
-5.116079105760965
2.401449932034441
-0.30973451327433127
0
0.2885042166000787
-0.28767426421773723
-0.5326231691078638
0.31236055332441637
-3.425266903914598
-0.460617227084293
-2.2906062008329426
0.40255742363248603
-1.5330188679245282
0.5988023952095808
0.6666666666666694
1.6083254493850547
1.0009310986964512
0.4148421295229342
-6.151021344962132
0.04891171435559929
4.644341236861403
1.3781826676010225
-1.8202764976958472
-0.023468669326454524
-1.408450704225352
0
0.21428571428570886
1.0928961748633934
-1.8566392479435905
-1.3170498084291187
1.4802232467847527
-0.04782400765183851
0.6220095693779959
0.3328578221588153
-1.2085308056872093
0.26385224274406877
0.8851674641148298
-0.8299739151055253
-0.3108560497369707
0.28783881026626185
0.5022721836881047
-0.047596382674914
-0.14285714285714826
0.524558893657617
-0.5218216318785687
-0.7629947544110608
0.14416146083614195
0.6957773512475953
-2.382654276864427
1.4400781059311776
-0.457170356111654
1.5228426395939114
-0.38095238095238637
1.8164435946462771
-2.746478873239434
1.2792662321988924
-2.693040991420403
1.371540533921128
-1.1355399855037422
0.04887585532746545
-0.8549096238397655
-1.4535599901453504
0.125
-0.6242197253433208
-0.12562814070351758
1.6855345911949657
-3.587333003463632
-1.206055940467023
0
-1.9220779220779163
6.011652542372879
0.4246814888833346
-3.9303482587064704
-0.4401864319005667
0.7282184655396648
0.3098373353989126
1.0553410553410612
0.10188487009678483
-1.3994910941475827
0.6709677419354897
-2.742886439374531
0.3426462836056962
-0.2626740215392698
0
-0.3950487226757967
0.5552617662612435
-0.9466210886142579
0
17.17547119723918
-0.8608971454462969
-8.272394881170028
1.1210762331838566
-3.646218280364611
0.28125799028380616
5.4054054054054035
-0.9433962264150889
-1.221001221001221
-1.5574783683559978
-2.7624309392265194
0.02582644628099761
0.903692228246837
-0.20470829068577567
-2.076923076923083
0.5236973029588898
-0.729356603282093
0.4985568092364149
-1.0182767624020828
-0.07913479293062815
-2.50791974656811
0.5144868670457561
2.8286637931034484
0
1.388525019648942
1.2919896640826873
-3.3418367346938833
0.818157825283722
0.9947643979057621
0.025920165889052847
0.051826898160156905
-0.31080031080032255
-0.9093270979475189
0.07865757734662071
-0.5501702908042877
0
-1.5806111696522656
0
-2.1680942184154235
0.3283173734610092
-2.263430597218438
-0.6417410714285587
-4.914349901713002
0.4134672179562839
-0.7058823529411697
-0.5331753554502403
1.5187611673615145
-1.9360516280434046
-1.6452288363745138
-0.060827250608269046
-0.6390748630553934
0.45941807044410415
-0.6707317073170697
0
11.817065684468998
-2.168542410101574
-3.030303030303018
0.6944444444444379
-2.9885057471264305
0.20734597156397766
5.882352941176464
-3.0988274706867576
2.564102564102557
1.1235955056179776
-0.30555555555556185
1.9225410977988393
-1.8316019682886793
-0.5291005291005386
1.67973124300112
-0.1927312775330365
1.4068965517241443
1.196953210010875
-1.8010752688172011
0.16424856282506595
0.3006285870456471
0.7901907356948167
2.811570694782383
-0.18406521167499043
-1.3435194942044317
-1.308411214953265
1.6233766233766234
0.3727369542065967
3.501326259946947
-1.7939518195797028
1.800626304801679
0
-0.23071007433992158
-1.104830421377187
0.9872694206287378
1.5693336763570935
-0.45592705167173536
0
0.10178117048345478
-0.3558718861209907
1.60714285714286
-0.27617373838815534
-2.34138972809668
-0.8507347254446905
0.8320332813312502
0.07735946364105502
0.6441638752898737
-1.4592933947772773
1.4549233567160362
-0.9731113956466099
2.094647013188524
-1.4437689969604834
-0.5397070161912163
-1.2403100775193827
1.282051282051291
1.3174890209248167
-0.5354411014788286
0
0.7690335811330428
2.7473925209870145
-2.9710324337707354
1.5310028068384793
-2.136215129429505
2.1828454031843862
-0.6785624528776046
0.02530364372470211
-1.3913483430306097
0.564391995895328
0.025510204081638455
0.02550369803620655
-0.10198878123405845
-0.025523226135789365
-0.7658922644881286
0.8232570105479775
-5.537126818065831
-0.5672609400324057
0.8149959250203749
0.026946914578271596
-0.32327586206896247
-0.5405405405405406
-1.65760869565218
-1.5750207239568912
2.6108927568781617
0.13679890560875513
-0.6010928961748603
-0.1924134139637132
1.3770311209033324
