-4.0657834627683895
-1.2380952380952355
-3.5197685631629754
1.549225387306344
6.643700787401575
-1.2459621596677382
-1.1214953271028063
-2.835538752362949
-0.875486381322949
6.62414131501472
-0.6902899217671422
0.13901760889711906
-0.5552984729291942
0.9306654257794322
-0.184416781927158
-2.9561200923787556
1.3802950975725872
2.4882629107981273
-0.13742556115437993
-3.532110091743114
0.9985734664764594
0.7532956685499032
-0.5140186915887824
0.7045561296383278
-3.031716417910448
0.2405002405002405
0
2.687140115163145
-0.9345794392523364
0
0.28301886792452563
1.8814675446848543
-0.7848568790396993
-0.41879944160074717
0.9345794392523364
0.9259259259259259
-2.3853211009174258
-0.37593984962406546
-1.084905660377364
3.004291845493568
-1.4351851851851825
-0.9394081728511038
1.2328117591275458
0.234192037470726
4.252336448598128
-0.6723442402510086
-1.0830324909747318
-1.459854014598535
4.259259259259254
-1.9538188277086934
1.4492753623188352
-1.0267857142857193
-0.27063599458727755
0.40705563093623054
0.9009009009009009
-0.9821428571428521
2.2993688007213677
0.48479506390480137
2.061403508771925
1.4181349376880152
2.372881355932201
-3.352649006622514
0.8993576017130597
1.3582342954159665
-2.386934673366841
1.3299013299013276
-1.058425063505504
4.40735986307232
-6.065573770491808
0.8726003490401396
-2.3356401384082948
2.347209920283429
-2.726092600605791
-0.800711743772247
1.4798206278026957
1.5024304021210682
0.2612102742707979
4.906643508467209
-8.23675496688742
3.6986919260261693
-1.4354066985645981
-0.529567519858777
1.2422360248447128
1.1393514460999223
-1.3864818024263506
4.569420035149387
-4.32773109243698
0
2.5911286780852025
0.29965753424658265
-0.5121638924455898
0.600600600600603
-2.1321961620469083
1.0021786492374778
-3.1924072476272674
2.0499108734402824
-1.091703056768559
-3.3112582781456954
2.374429223744287
2.319357716324718
-1.569311246730599
-0.35429583702392
1.0222222222222273
0
0.7919049714034241
-0.4801396769969421
10.921052631578949
0.6326611308817692
-3.6935166994106114
-4.8959608323133414
6.949806949806958
1.764941837143994
-2.9168309026409056
1.299228583028822
-2.324649298597199
-1.4772260976610565
1.1245314452311608
1.7710049423393668
-1.578308377175235
-1.3980263157894643
2.293577981651376
3.587443946188334
-2.400629673356944
-0.24193548387096545
-3.7995149555375933
0.8823529411764682
-2.3740108288213198
2.34641638225256
-1.8757815756565235
0.042480883602376514
-2.292993630573251
8.996088657105615
-8.17384370015949
-3.5171515414676606
0.7200720072007304
-1.385165326184103
-0.543724512913452
0
-1.5945330296127562
6.203703703703706
-6.102877070619006
2.460538532961923
-3.1717263253285
-0.1871782873186604
1.2658227848101211
1.8518518518518519
-1.7727272727272754
1.5733456732994011
-0.3644646924829209
3.109282121627806
-0.975609756097556
0.31347962382444633
-1.4732142857142907
-0.271862256456726
-0.0454338936846862
0
2.9545454545454546
-1.9426048565121439
0
1.3507429085997298
-3.1541537094624585
2.201834862385326
-1.7953321364452424
-0.7769652650822747
0.5066789497927197
1.3290559120073353
-3.1659882406151065
5.418028958430638
-5.228178998670794
0.9350163627863487
-1.8063918480778165
0.9433962264150944
-0.4672897196261682
1.0798122065727753
0.5109150023223382
-0.41589648798521517
0.46403712296983757
0.23094688221709006
-1.3364055299539197
-0.8407286314806086
0.706547338671691
-0.8419083255378912
-1.1320754716981158
0.7633587786259515
1.0416666666666747
0
-1.0309278350515543
-0.37878787878787074
-0.3802281368821347
-0.7633587786259515
-0.19230769230769504
0.7707129094412304
1.0038240917782135
-1.561760530052064
0.9134615384615412
-0.8575512148642265
3.2676597789524324
-2.3731968357375495
-4.28979980934223
-0.249003984063745
-0.9985022466300548
-1.1094301563288034
0.10198878123407296
2.0376974019358123
-1.4977533699450822
-0.6082108464267699
1.223865374808774
-0.2518891687657431
-2.1212121212121153
7.223942208462332
-4.090471607314726
1.856497742097335
0.049261083743839564
0.3446578040374284
-1.5210991167811692
5.082212257100158
-2.5130393551446235
-1.7509727626459117
0
-2.4257425742574283
2.841197361745304
2.220029600394672
-2.2200772200772176
0
0.6910167818361331
-1.0294117647058796
0.44576523031203846
1.0848126232741562
-1.2195121951219512
5.0864197530864255
-6.3909774436090325
-0.5522088353413627
1.3124684502776347
0.3986048829098213
-2.33250620347394
3.7601626016260044
-2.546523016650337
0.30150753768843935
-0.751503006012024
-0.05047955577990627
-1.4646464646464674
0.5125576627370579
-1.5808261091279932
0.8808290155440356
1.9003595274781804
-0.25201612903225806
-4.295098534613441
1.7423442449841515
3.2693305656460883
0.6030150753768787
-0.8991008991008906
-0.7560483870967741
-0.45708481462671696
-0.20408163265306412
-3.834355828220859
0.7974481658692185
-2.848101265822788
-2.280130293159603
-9.944444444444446
-2.282541640962362
15.277777777777771
-6.626506024096384
6.510263929618766
0
0.8259911894273128
0.4369197160021908
0.7612833061446469
1.2412304371289709
10.554371002132202
-1.6875602700096433
-2.844531633153512
-2.0191822311963654
2.009273570324578
0
-2.878787878787873
0.8840353614144506
-0.5670103092783476
0.5702436495593542
-0.5670103092783476
-1.503369621565581
0.9473684210526375
1.094890510948902
-3.5069623517277004
-3.5809727418492723
5.598669623059863
-0.8398950131233566
-0.4235044997353157
0.8506113769271634
1.3178703215603584
0.6243496357960547
-1.1892450879007297
0
3.6630036630036633
0.4543160020191851
-4.371859296482406
-0.052548607461914205
0.26288117770767616
0.367068694284225
-2.4555903866248783
-0.05356186395286252
0.6430868167202664
0.5324813631522897
-0.9533898305084806
0.7486631016042811
-1.8046709129511707
-3.189189189189192
0.44667783361251334
1.3896609227348526
-4.331140350877196
0
2.5787965616045847
0.6703910614525076
-4.550499445061037
-1.860465116279063
-2.1919431279620953
1.1508176862507606
-1.137724550898207
2.0593579648697795
1.4836795252225519
-2.3391812865497075
2.5149700598802327
-1.285046728971956
1.3017751479289874
-0.23364485981307084
2.34192037470726
-4.919908466819234
4.452466907340558
-1.1520737327188941
4.487179487179497
-0.7250418293363141
-4.15730337078652
1.2309495896834668
0
-0.2316155182397089
0.17411491584444744
-0.28968713789107764
1.8593840790238334
1.197946377638331
-1.8602029312288677
-1.3210798391728793
1.688009313154818
-0.9158557527189436
-0.28885037550548814
-1.9698725376593313
0.5319148936170247
-0.35273368606701605
-0.41297935103244166
-0.7109004739336593
1.5513126491646745
-1.4688601645123385
2.564102564102571
1.1860465116279024
6.3893357848770425
-2.2467055519550643
-0.13259668508287795
1.34985616286789
-4.432314410480337
1.5535755083390443
-1.0461192350956205
1.1708537001250439
-1.8426966292134839
1.4766483516483588
-0.2481669486745616
-5.009612122582841
6.345238095238092
-0.9179446994290755
-2.9488193424471802
0.5820721769499417
-1.1574074074074074
8.89929742388758
-9.935483870967737
0.04775549188155687
-0.3341288782816243
2.4904214559386952
-2.686915887850464
-1.0204081632652993
0.9217707701637246
-0.012017786323748234
-2.451923076923084
-0.1971414489896459
-0.09876543209876333
0.09886307464161924
-0.4197530864197573
-0.8182494421026489
-2.8749999999999964
0.45045045045044313
-2.0371556694426696
0.3792832853779836
-5.602605863192179
0.3450655624568668
-1.2517193947730352
2.590890096113664
-6.856754921928053
2.0408163265306207
10.942857142857138
2.2405356682977198
-2.1158690176322503
1.6340710241893928
3.6840106342575147
-0.6715506715506854
-1.3890596189305415
3.266018449264528
-1.026074360212468
0.07317965605561931
-1.2797074954296126
0.7407407407407337
0.477941176470589
0.012196609342608997
-1.682926829268287
1.686926321012155
-1.134423030007327
-0.9253547193090685
3.5367372353673767
-0.5292278085157538
-0.2418379685610675
-0.848484848484852
8.435207823960887
0
-6.0202931228861365
0.3478886756238079
-0.7650926479378368
-0.43368268883267
-0.931639443436189
0.45188080117245305
0.36474164133738257
0.666262870987277
-1.949458483754501
0
0.8713794796268945
0.07300158170093962
-1.6534954407294826
0.9395475336877304
-0.5388854868340623
0.46792266962197965
-1.4585120725579086
1.3805970149253723
2.748129063918531
0.29850746268656714
-2.2738095238095197
0.9867218906078722
-3.3293124246079673
1.048165710007491
-2.8031612743887506
0.3684411129462664
-0.48101265822784234
0.48333757313660064
-1.645569620253161
1.0038610038610052
0.2420998980631979
-0.025422651582555002
-1.5384615384615485
1.3429752066115783
-0.7390417940876635
0
-1.2708600770218343
0.9881679885580615
1.0042487446890707
1.8228170809432664
-1.4396594892338401
1.2320589356026912
-0.16311166875785402
0.5152695739600488
-1.5253813453363325
-1.5363128491620213
-0.41263700838168044
0.9970218826880693
-0.07692307692307984
0.6928406466512782
3.0453618756371057
