2.8135048231511255
-0.703674745895235
-4.251968503937013
0
4.769736842105273
-1.9623233908948194
0.7205764611689283
1.271860095389514
0.15698587127157662
3.0564263322884058
-0.8365019011406801
3.37423312883436
-2.2255192878338277
0.9863429438543118
-1.427498121713002
-3.124999999999996
0.07867820613690679
0.4716981132075427
-4.616588419405314
-0.7383100902379045
2.148760330578508
0.32362459546926026
-1.6129032258064515
1.8032786885245924
-1.288244766505643
0
-2.1207177814029317
2.000000000000005
4.166666666666662
0.39215686274509803
-2.6562500000000044
-0.16051364365970197
4.501607717041796
-1.461538461538466
-0.5464480874316852
0.4709576138147522
0.5468749999999911
0.9324009324009457
-3.8491147036181674
-0.400320256204964
2.9742765273311806
0.07806401249023756
3.1981279251170225
-2.040816326530625
4.783950617283964
1.620029455080993
4.057971014492749
0
-0.4874651810584879
0.20993701889431976
0.3491620111731844
0
-2.783576896311761
0.35790980672870437
0.07132667617690638
1.1404133998574442
0.9161381254404389
0.41899441340783716
1.7385257301808066
2.529049897470942
-3.2666666666666706
-0.4135079255685695
2.3529411764705923
-0.7437457741717338
-0.3405994550408719
0.47846889952152327
-3.333333333333337
0.2814919071076747
0
0.7017543859649122
0.13937282229964365
0.9046624913013301
-1.3103448275862108
0
-3.074772886093645
0.7930785868781708
-0.1430615164520866
1.0028653295128982
-4.042553191489354
0
16.11234294161122
-0.7638446849140602
-1.8601667735728067
0.5882352941176507
6.23781676413255
1.0397553516819502
-2.7845036319612557
-0.37359900373598653
-2.1875
-0.19169329073483155
0.19206145966710075
0
5.94249201277956
0.12062726176115116
3.2530120481927747
1.3418903150524988
-2.1876799078871523
-6.356680400235439
5.531112507856701
0.7147111375818872
2.838557066824371
-1.2075905692926936
2.7939464493597104
1.359003397508497
-2.5698324022346335
-0.17201834862385973
3.67604824813326
0.6094182825484733
2.2577092511013186
-1.4001077005923503
1.8569087930092878
1.5549597855227912
-3.0623020063358033
-0.6535947712418239
-5.043859649122816
0.4618937644341867
-0.8620689655172413
1.3913043478260902
-2.801600914808465
-0.7647058823529479
-1.2448132780082954
1.3805522208883623
-3.0195381882770835
0.7936507936507832
-7.02604482132041
0.3257328990228013
-1.0389610389610353
1.7060367454068204
-3.354838709677412
0.8010680907877094
1.5231788079470274
-0.587084148727988
3.2808398950131235
0
-2.7318932655654455
-1.959503592423253
-3.1312458361092532
0.7565337001375476
-1.3651877133105803
-0.4844290657439368
0.9735744089012358
1.584022038567501
-2.0338983050847457
0.2768166089965437
7.384403036576941
-0.19280205655525898
-4.636188023180951
2.1607022282241846
4.16391275611367
1.0152284263959355
-0.314070351758794
0
-1.9533711405166947
-0.5784061696658135
-1.6160310277957337
0.06570302233904254
-2.889034799737364
1.0818120351588874
3.2107023411371314
-0.6480881399870382
-3.1311154598825905
2.356902356902357
-3.6184210526315788
0.06825938566552513
0.20463847203274993
1.7699115044247749
-2.20735785953178
1.0943912448700566
1.6238159675236652
-0.7323568575232985
1.6096579476861206
0
-1.1881188118811956
1.3360053440213762
-1.3183915622940015
0.40080160320642805
2.8609447771124303
-0.3234152652005175
1.427644386761854
-0.4478566858605355
0.8997429305912633
0.6369426751592356
-1.4556962025316527
-0.32113037893384716
-0.32216494845360827
-0.5171299288946238
4.938271604938268
-1.6718266253869898
0.3148614609571788
0.9416195856873822
-2.7363184079602023
0.06393861892582757
-1.533546325878598
0
1.6872160934458107
0.06381620931718107
-0.38265306122450427
0.7682458386683848
-0.6988564167725504
2.3672424824056226
3.4375
0.1208459214501442
-0.30175015087507545
0.060532687651345486
-0.4234724742891815
-0.4860267314702205
-0.8547008547008581
0
6.8349753694581254
0.9221902017291034
-3.7692747001713274
-0.8902077151335311
-3.23353293413174
-0.3094059405940594
0.9931719428926098
-0.18438844499077012
-2.216748768472903
0
2.8337531486146093
-0.48989589712186854
3.2615384615384686
0.0595947556614984
0.9529481834425219
0.2949852507374631
-2.0000000000000036
0.9003601440576231
-0.11897679952408605
-0.3573555687909436
2.5702331141661583
0.6993006993007093
1.3310185185185086
0
1.5419760137064633
-0.2249718785151888
2.7057497181510612
0.9879253567508296
-2.065217391304354
-2.108768035516084
-4.9319727891156555
-0.7751937984496022
-0.06009615384615043
0.12026458208057042
-0.4204204204204136
1.2062726176115801
0.4171632896305057
0.8308605341246325
-1.0005885815185502
-0.6539833531510074
0.5984440454817475
-0.11897679952408605
2.5610482430017765
-0.11614401858303638
0.23255813953488702
-0.17401392111369568
-5.229517722254504
0.9196811771919068
-4.4349939246658465
-1.6528925619834853
-4.072398190045238
0.404312668463608
4.697986577181208
1.153846153846161
1.5209125475285026
-0.12484394506865708
0.7499999999999929
-0.12406947890818154
0
0.06211180124223249
0.6207324643078833
1.4188772362739122
1.2773722627737192
0.24024024024024365
0
1.4979029358897542
-4.7815820543093235
0.7439553626782323
-4.184615384615392
0.1926782273603156
-1.025641025641022
1.2953367875647668
-1.278772378516624
1.4896373056994707
-2.6164645820038257
0.8519003931848044
-0.12995451591943927
0.9759271307742355
-1.1597938144329787
0.39113428943937045
0.1948051948052022
1.2313674659753577
-1.920614596670935
0.06527415143604617
0.9784735812133072
0
-1.1627906976744258
-0.5228758169934715
0.5256241787122282
0.19607843137255646
-1.5003261578604117
0.19867549668874926
-2.3132848645076005
1.0148849797023003
-2.7461486939049045
-0.5509641873278119
-1.3157894736842144
-0.07017543859648724
-4.564606741573034
0.07358351729212238
1.7647058823529453
0.9393063583814906
3.2211882605583395
-0.1386962552011017
-3.263888888888881
-0.215362526920324
0.5035971223021501
0.21474588403723077
-3.357142857142849
0.07390983000738678
-2.58493353028065
2.0470053070507874
-4.903417533432388
0.9374999999999911
-1.0061919504643833
0.2345582486317302
-1.7940717628705016
0.07942811755360946
2.9365079365079274
-2.158828064764829
-4.885736800630419
0.08285004142501601
-7.450331125827815
-1.6994633273702966
5.004549590536851
0.17331022530328302
0.08650519031142606
-0.6914433880725991
-2.436901653611846
0.17841213202498024
-3.2947462154942144
0
-0.18416206261509083
-1.8450184501845017
-0.37593984962406546
0.18867924528302155
-0.18832391713747912
-0.7547169811320728
13.307984790874524
0.08389261744965966
2.095557418273261
1.1494252873563264
-6.574675324675332
-0.08688097306689342
4.2782608695652184
0.5503669112741799
-1.40985238016255
0.016823687752363925
2.876366694701419
0.7194244604316626
1.3636363636363575
-0.016015374759766193
2.6749959955149683
0.5304212168486793
-0.9466170080695212
-1.895660347798842
0.5908655381667272
-1.079536434354659
-4.525758305247954
0.6723819129265398
-4.107530472532979
0.9925126240640785
-2.6724137931034435
0.9211691762621719
0.4212743549236475
0.5069043873448683
-0.504347826086955
0
-2.342247858765956
1.9151601933058893
-1.721109940288017
0.08934953538241093
-0.49991073022674726
-1.1125067288713395
-0.7984031936127703
0.6036217303822906
-6.0727272727272785
0.2903600464576185
-4.613009071607799
1.1533791987049782
-5.801160232046406
-1.0193246973879888
2.7247371808624825
0.27151211361736727
1.7288064986461267
1.7403767403767285
1.5898571141074647
0.07923930269414868
6.967537608867767
0
1.4618800888230925
-0.4924311508298304
2.2910557184750733
0.01791793585378608
1.7198136868505927
0.3874603733709032
-2.4912280701754415
0.7556675062972323
2.374999999999997
0
-0.3314146171288989
1.1375568778438896
0.622945146219068
-0.2579535683576932
-0.5517241379310349
0.27739251040222557
2.541493775933608
0
-4.080256280559773
0.9843557743012872
10.583115752828542
0.7398079647410654
5.968749999999989
-0.42760247714537314
4.546127646971706
-0.14164305949007694
1.6170212765957455
0.48855388051367155
1.1251562717044066
-0.9065934065934019
1.5248128638757892
-0.9967231021299697
-0.9240104813129246
-0.13919821826281809
0.09757457485364844
-1.044422782342292
-3.869969040247678
0.8637095593617382
0.3773584905660245
-0.2313475997686475
-19.797101449275356
-4.7705095771593795
5.351043643263757
0.8645533141210318
3.214285714285709
0.34602076124567965
-2.5344827586206877
0.05306916681408303
-0.22984441301273437
0.886053517632465
-0.12295801861935761
0.24621878297573085
-2.01754385964912
1.5935541629364378
-3.6658442016214403
0.18294914013904395
0.21913805697590313
-1.31195335276969
5.354505169867071
-0.017525411847187373
1.2795793163891394
0.2769124264451308
8.508802209181912
0.3340225862891695
2.837666455294874
-0.10790812394019945
4.182098765432111
0.7406310176270182
-1.6909278047346061
-0.8375710439724832
0.10558069381599908
