-9.91596638655462
-0.2798507462686541
-12.909260991580927
0.42964554242750347
4.919786096256678
0.9174311926605563
-1.212121212121215
1.0224948875255624
1.5182186234817814
1.4955134596211366
3.8310412573673926
1.229895931882684
0.7476635514018665
0.5565862708719931
0.3690036900368925
-0.3676470588235216
-0.46125461254612543
0.2780352177942513
-2.5878003696857643
-0.8538899430740091
-1.6267942583732085
0.8754863813229627
-0.8678881388621077
1.070038910505845
-0.09624639076035468
5.0096339113680175
-5.871559633027529
1.1695906432748566
0.8670520231213927
2.5787965616045874
-2.0484171322160174
0.9505703422053232
-2.4482109227872018
0.9652509652509653
14.340344168260039
-1.3377926421404636
-1.949152542372879
0
-4.926534140017288
1.545454545454548
-2.1486123545210436
3.0192131747483963
2.9307282415630653
11.475409836065557
-12.538699690402469
6.725663716814155
-4.063018242122713
-0.6050129645635288
-0.43478260869565216
1.222707423580791
-1.2942191544434858
0
1.311188811188811
-1.9844693701466878
-1.0563380281690042
0.7117437722419904
-1.8551236749116682
1.2601260126012652
-1.066666666666669
0.26954177897573867
0.8960573476702509
-0.8880994671403197
10.125448028673846
0.2441008950366128
-0.8116883116883117
-0.16366612111293194
-2.131147540983602
1.8425460636515816
-2.960526315789469
-3.389830508474576
9.736842105263154
1.0391686650679548
0
-0.3164556962025361
0.6349206349206327
0.6309148264984205
0.07836990595611953
-0.7830853563038371
-3.3938437253354357
11.111111111111107
6.617647058823529
6.827586206896556
-0.7746933505487521
-0.19518542615483603
-2.020860495436763
3.59281437125747
-0.44958253050737873
-2.1290322580645236
-2.0435069215556982
-3.970390309555859
5.185704274702177
0.3331112591605596
9.030544488711817
1.6443361753958692
-3.2953864589574593
2.4783147459727384
-4.8972188633615445
-1.1443102352193333
-0.9003215434083638
0.6489292667099287
-0.9671179883945842
0.39062499999999634
-1.4915693904020644
-2.1724818959842076
2.153432032301492
1.3833992094861622
-3.963612735542556
6.29228687415425
-6.556333545512401
0.20435967302451152
-0.20394289598911147
-3.8828337874659513
5.669737774627924
0.335345405767941
-2.1390374331550728
3.8251366120218537
-1.8421052631579022
-0.4021447721179587
0.20188425302827145
-4.49966420416388
2.8129395218002817
-2.1203830369357006
1.0482180293501049
-1.6597510373444024
-2.2503516174402174
0.21582733812950458
-1.5075376884422274
-1.2390670553935779
2.5830258302583027
2.0143884892086414
-1.6925246826516258
-0.8608321377331543
-0.21707670043414107
-1.9579405366207518
-1.1094674556213018
0.07479431563202898
-3.961136023916301
1.1673151750972763
3.076923076923077
0.2985074626865714
-1.1904761904761862
2.033132530120473
-0.2214022140221486
-0.5177514792899325
0.37174721189591076
-3.7037037037037037
5.384615384615385
1.4598540145985401
-0.21582733812950458
1.8024513338139871
-2.266288951841352
0.21739130434783432
0.6507592190889206
-2.22701149425287
-0.9551800146950646
1.335311572700284
-3.294289897510981
0.22710068130205252
-0.3021148036253819
0.3787878787878788
-2.2641509433962264
2.0849420849420763
-1.7397881996974154
-0.7698229407236336
-0.8533747090768103
0.625978090766821
2.0217729393468074
1.0670731707317118
0.15082956259428135
-1.2801204819277237
0.6102212051868889
-0.22744503411676373
-0.30395136778115933
-1.3719512195121824
1.9319938176197835
0.7581501137225171
-2.0316027088036246
1.7665130568356464
-2.1132075471698197
0
3.392444101773328
-0.5219985085756813
-1.4992503748125936
0.6849315068493194
-1.8896447467876039
-0.38520801232665636
2.629543696829062
2.863602110022616
-5.421245421245425
0.61967467079784
-2.3094688221709005
1.5760441292356184
1.861908456167576
2.817974105102809
-1.185185185185181
7.946026986506743
-8.472222222222214
-3.33839150227618
-1.883830455259031
2.4
-4.140624999999998
0.24449877750611015
-3.739837398373979
1.0979729729729706
1.0860484544695046
2.9752066115702434
-2.3274478330658037
0.4930156121610471
-2.6982829108748954
-0.08403361344537337
-0.25231286795627533
0.4215851602023609
-2.350965575146933
-1.8056749785038644
3.677758318739057
-0.8445945945945945
0.5110732538330446
-0.2542372881355908
5.862361937128284
-5.296950240770461
4.576271186440683
-2.106969205834691
4.552980132450331
-0.7917656373713381
-0.3192338387869046
-1.2810248198558916
2.1086780210867873
-1.0325655281969908
-1.2841091492776842
0.8130081300813008
-0.6451612903225784
-2.029220779220779
1.905550952775474
-0.4065040650406504
0.40816326530612246
-0.8130081300813008
-1.885245901639342
0.2506265664160377
-2.000000000000005
-0.7653061224489723
2.1422450728363325
-2.097315436241611
2.227934875749781
-0.16764459346186325
-1.6792611251049538
-0.8539709649871905
1.2919896640826873
0.4251700680272109
0.5080440304826491
-4.802021903959564
4.424778761061947
-1.4406779661016973
0.08598452278590588
-0.25773195876289634
-0.5167958656330701
-0.6926406926406902
-4.010462074978212
-2.4523160762942675
-9.217877094972073
0.5128205128205128
5.612244897959184
0
7.632850241545899
0
3.4111310592459576
-0.8680555555555556
-0.08756567425569924
2.7169149868536446
-1.706484641638225
-1.4756944444444469
-0.704845814977971
0.35492457852705545
0.4420866489832007
-0.44014084507042256
-1.856763925729438
0
2.9729729729729706
0.08748906386702408
-2.01048951048952
1.1596788581623652
-2.116402116402121
0.7207207207207181
-1.6994633273702966
1.0919017288443935
-0.27002700270026747
0.3610108303249149
1.4388489208633042
7.269503546099293
-7.024793388429752
1.155555555555553
6.414762741652019
-0.49545829892650234
2.4066390041493824
1.9448946515397012
0.07949125596185097
4.447974583002378
-4.714828897338405
0.7980845969672785
-4.11718131433096
-4.624277456647395
10.909090909090905
0.07806401249023756
-0.3900156006240139
2.505873140172281
-4.8892284186401875
-2.0080321285140563
-4.508196721311475
0.25751072961373145
2.2260273972602813
-0.2512562814070447
0
1.2594458438287155
-4.311774461028183
-1.0398613518197597
2.101576182136595
0.514579759862786
-2.2184300341297
-0.174520069808018
1.1363636363636338
-1.123595505617975
-1.4860139860139885
0.9760425909494181
0.08787346221441875
0
-0.7023705004389915
0.7957559681697663
1.8421052631578898
1.8087855297157698
-6.429780033840955
0.09041591320073104
-3.161698283649503
-0.7462686567164153
-3.4774436090225587
2.8237585199610433
-1.0416666666666614
1.2440191387559782
1.9848771266540723
-0.7414272474513544
0
-0.09337068160597042
-0.3738317757009399
4.03377110694185
-5.3201082055906275
1.1428571428571455
-3.107344632768359
1.652089407191437
0.9560229445506693
2.3674242424242427
-3.700277520814061
-2.113352545629192
4.02355250245338
-0.09433962264150407
-1.8319169027384437
1.0003847633705332
3.6190476190476164
-1.6544117647058798
-2.560747663551397
1.6689046614233596
-0.9433962264150944
-0.6666666666666694
0
0.7478427612655811
-2.360106585458702
0
0.3898635477582902
0.6796116504854397
-2.02507232401158
-0.5905511811023566
-0.49504950495049505
2.2885572139303454
-1.6731517509727616
-0.07914523149980045
0.7326732673267277
-2.4965598584627404
1.8145161290322551
1.3861386138613918
-2.050781250000008
1.4955134596211366
-0.7072691552062857
0.9101701622477263
2.3921568627450958
-2.872462657985446
-0.6309148264984233
1.031746031746038
-0.19638648860958643
-9.484454939000393
2.8913043478260834
0.25353898161843347
2.2550052687038993
4.080791426215987
4.41584158415841
-2.332637967001701
-4.000000000000004
0.9304207119741118
0.6813627254509087
-0.7762738853503196
1.8856569709127335
2.0870250049222334
-0.67502410800386
0.6796116504854397
-0.5207328833172673
-2.268321054672357
0.09918666931165297
0.37653586999603195
-0.6317867719644625
1.2120007947546185
1.8060463290145303
-1.6583108368684911
-1.4705882352941178
1.094527363184074
1.3779527559055176
-6.0970873786407775
9.036393713813064
-1.3844111511473487
-0.09615384615384069
-3.7536092396535183
2.799999999999997
-1.6536964980544775
-0.731948565776454
2.3316062176165837
-1.363193768257065
0.09871668311945561
-0.1972386587771231
0.9881422924901185
2.348336594911929
0.3824091778202731
0.742857142857144
-2.1554169030062402
6.0289855072463725
-1.6766903590304258
4.578313253012046
-0.12406947890818909
-1.5084294587400202
1.2612612612612664
1.6014234875444813
0.7005253940455316
-0.3130434782608691
1.413119330076766
-5.160846378806124
0
1.4511155450752713
-0.053638476667264685
-0.05366726296959059
0.5906568820476202
-0.889679715302491
1.4362657091561888
-0.5309734513274286
-0.4448398576512455
0.8757819481679979
-2.5513819985825616
0.5454545454545403
1.8083182640144666
-1.24333925399644
-0.5395683453237486
-1.338155515370696
2.8225806451612887
0.17825311942959254
-0.4448398576512455
3.6282394995531617
-0.13797861331493325
11.191709844559579
1.7396707051879539
-3.755725190839696
2.934644670050764
-4.4691015564801955
-3.210195192773031
-2.283333333333329
0.7163568139177803
-1.93056731583404
