2.12121212121213
0
-2.67062314540061
3.048780487804878
-1.1834319526627177
-1.796407185628747
5.487804878048794
0.2890173410404665
-1.440922190201729
-0.5847953216374352
1.7647058823529453
2.890173410404624
-3.089887640449442
0.28985507246377223
-0.578034682080933
-0.8720930232558057
-0.29325513196481356
-2.6470588235294077
2.1148036253776303
-0.8875739644970331
1.1940298507462643
0
6.19469026548673
3.333333333333341
-2.6881720430107525
0
-1.6574585635359154
1.6853932584269702
-0.8287292817679676
0
0
1.392757660167131
0.27472527472527863
1.91780821917809
-1.3440860215053763
0
-0.2724795640327014
0
-1.366120218579235
-0.8310249307479343
0.5586592178771029
2.499999999999996
-1.8970189701896905
1.1049723756906038
-0.8196721311475526
1.1019283746556632
-1.3623978201634876
0.552486187845292
2.1978021978022095
0.5376344086021391
-1.0695187165775364
0.2702702702702741
-2.1563342318059413
1.3774104683195594
-2.9891304347825933
-1.6806722689075668
1.4245014245014245
1.1235955056179734
-1.3888888888888888
1.408450704225352
-0.8333333333333255
0.28011204481791124
1.3966480446927376
-0.8264462809917278
3.333333333333341
1.0752688172042972
-1.5957446808510676
-0.8108108108108031
0
0.8174386920980848
-1.0810810810810771
-0.27322404371585085
-0.5479452054794598
0.8264462809917473
-3.0054644808743207
0.28169014084507443
0.28089887640449834
0.8403361344537735
-1.3888888888888888
1.1267605633802777
-0.27855153203343014
0
1.1173184357542059
0
1.9337016574585517
0
-2.9810298102981068
6.145251396648053
-3.42105263157894
-0.8174386920981042
-0.5494505494505377
0
0.8287292817679479
0
9.86301369863014
0.4987531172069719
-2.729528535980135
-5.1020408163265305
4.301075268817189
0.7731958762886708
-0.25575447570332843
2.5641025641025643
-3.249999999999993
0
-1.2919896640826873
0
1.0471204188481638
0.25906735751295706
6.718346253229959
0
-1.2106537530266344
0.24509803921568976
1.2224938875305624
0
-1.2077294685990339
0.7334963325183479
0
1.4563106796116365
-1.4354066985645797
-1.2135922330097086
3.685503685503685
0.9478672985781956
-0.9389671361502314
0
-3.554502369668246
-1.4742014742014775
0.9975062344139615
0.4938271604938342
0
15.479115479115473
-7.659574468085109
0.23041474654378208
-2.068965517241376
0.7042253521126693
-3.962703962703953
-1.4563106796116538
-4.187192118226608
-0.5141388174807089
1.2919896640826873
-4.8469387755102185
3.7533512064343317
0.775193798449605
2.051282051282044
0.5025125628140775
0.25000000000000355
1.745635910224428
-3.6764705882352944
0.25445292620865506
1.0152284263959355
0.5025125628140775
0.5000000000000071
-0.7462686567164285
0
0
0
1.0025062656641568
-2.729528535980135
1.2755102040816326
-1.511335012594462
0.5115089514066387
-1.526717557251894
0.775193798449605
-0.769230769230762
-1.2919896640826873
1.5706806282722363
0.2577319587628903
1.542416452442163
0.5063291139240579
0.25188916876572875
0.25125628140703876
0.2506265664160437
0.7499999999999929
-1.7369727047146297
3.2828282828282753
-2.200488997555009
0.7499999999999929
3.9702233250620385
-0.47732696897373683
-0.23980815347722162
0
-0.7211538461538564
0
-1.4527845036319476
0.24570024570023172
-0.49019607843136215
1.7241379310344722
-1.4527845036319476
-1.2285012285012284
6.965174129353226
-0.23255813953488702
5.5944055944055915
0.6622516556291486
-0.6578947368421146
-0.22075055187636716
6.41592920353982
0
-4.365904365904369
1.3043478260869596
-1.7167381974249019
0
-1.5283842794759732
1.9955654101995532
-1.3043478260869596
-0.22026431718061987
-1.1037527593818985
0
2.008928571428584
1.0940919037199124
1.7316017316017254
0.21276595744681154
9.554140127388536
1.5503875968992193
0.5725190839694738
2.2770398481973353
-5.009276437847858
0
-2.1484375000000027
0.7984031936127716
1.5841584158415785
-0.19493177387913124
-0.19531250000000278
0.39138943248531455
-2.1442495126705543
0.19920318725098468
-2.3856858846918407
0
3.2586558044806546
0.19723865877710908
0.39370078740158043
0.9803921568627451
0.19417475728155617
-0.19379844961240586
2.5242718446601886
-0.37878787878787074
7.034220532319383
1.2433392539964527
10.877192982456144
4.430379746835438
0.15151515151514292
-0.15128593040846341
2.12121212121213
0.7418397626112759
16.6421207658321
1.6414141414141377
-1.2422360248447204
0
-0.8805031446540916
-1.395939086294409
-3.861003861003861
0
-3.0789825970548823
-0.41436464088399355
-3.051317614424395
0.4291845493562191
-3.4188034188034266
3.244837758112099
-6.714285714285718
-3.675344563552831
-6.518282988871226
-1.0204081632652966
6.013745704467354
3.727714748784436
1.0937500000000044
1.0819165378670832
-3.9755351681957314
-1.2738853503184668
1.451612903225804
1.907790143084254
0.3120124804992244
0.3110419906687447
0.15503875968991368
0.15479876160992034
1.0819165378670832
0.3058103975534994
-2.439024390243894
0.15624999999999112
-0.3120124804992133
0.46948356807512404
-2.024922118380069
0.9538950715421326
-1.5748031496062993
-0.8
-2.5806451612903247
0.4966887417218614
1.3179571663920875
0.8130081300813008
-2.4193548387096775
0.16528925619834944
1.3201320132013155
0.4885993485342089
4.376012965964348
2.6397515527950133
-1.6641452344931837
0.9230769230769144
-1.3719512195121824
0
0.30911901081916976
0.6163328197226371
-2.2970903522205206
0.3134796238244559
-2.8124999999999956
0.16077170418005515
-2.5682182985553683
-0.8237232289950577
-1.1627906976744233
0.6722689075630228
-4.6744574290484096
-1.5761821366024493
1.9572953736654701
0.34904013961606084
3.999999999999995
1.1705685618729145
-4.462809917355377
-2.4221453287197208
-0.35460992907800665
0.7117437722419904
-1.5901060070671353
-0.7181328545781072
-0.18083182640143639
1.0869565217391202
-2.8673835125447926
-0.1845018450184528
1.8484288354898335
-0.3629764065335805
-0.7285974499089227
-0.9174311926605505
2.9629629629629655
0.7194244604316521
-2.85714285714286
0.9191176470588236
-2.185792349726768
-0.18621973929236763
0.9328358208955224
0
0
-1.2939001848428888
1.3108614232209792
0
-1.8484288354898335
0.37664783427494486
-2.439024390243897
-1.538461538461533
-0.7812500000000111
-0.5905511811023566
2.178217821782181
1.1627906976744213
-2.8735632183908044
-0.7889546351084924
0
0.19880715705765692
2.777777777777775
-0.9266409266409207
2.7279812938425536
0.30349013657056845
-1.0968229954614321
0.9177820267686501
3.486169003410376
1.2815818381545274
-2.639190166305135
-1.1882658744894181
1.3528748590755335
-0.5932517612161666
-0.559492726594549
-0.4126031507876948
-0.9792843691148835
-0.9128946367440032
-3.1477927063339743
-0.6738010305192299
-3.272146847565843
0.28877887788779
-0.28794734677087735
0
0.7013201320132084
1.1880376894715245
-1.3360323886639607
-1.2720558063192542
-0.9975062344139587
1.4273719563392102
-0.9105960264900615
1.4619883040935582
-0.905722519555368
-0.6231823847112529
0.3344481605351099
-0.9583333333333351
-1.5986537652503114
0
-2.308678922616499
0.6564551422319412
-1.6086956521739173
0.48608042421564046
6.4643799472295616
1.2804626187525763
-1.4681892332789537
-0.04139072847682766
2.567287784679093
0.7266855066612826
-0.8817635270541037
0.040436716538609016
0.3637833468067901
0.08054772452679472
-1.3279678068410536
0.32626427406199776
1.4227642276422676
0.04008016032064755
-0.9214743589743607
0.8491710473109618
2.365677626303127
0.6658832745789195
4.669260700389103
0.408921933085513
-0.8515364679748256
0.37341299477221007
0.6324404761904826
0.036968576709789314
-0.4434589800443365
-0.2227171492204984
-2.3437499999999964
0.19047619047619319
3.0418250950570367
0.7749077490774807
0.6224826071036313
-0.4366812227074272
1.059941520467833
0.7233273056057969
4.3447037701974764
2.064693737095669
2.326365475387732
2.1416803953871453
-2.5806451612903247
-3.973509933774832
-1.2068965517241428
-0.5235602094240789
1.1578947368420993
-0.7284079084287107
-0.8385744234800908
0.42283298097251937
-0.14035087719297945
-0.10541110330288522
-3.5877594090749194
0.4013133892739855
-2.289244186046508
1.859427296392711
-0.036509675063897636
-0.2556610664718783
-0.10984987184180735
0.07331378299120078
-0.40293040293040083
0.5884516366311149
-0.14625228519196598
-0.3661662394727128
-0.22050716648291904
0.5524861878453118
-1.2087912087912156
0.07415647015201919
-1.333827343460539
0.18775816748028806
-1.04947526236882
0
0.45454545454545836
-0.8672699849170453
-0.3803727653099957
0
0.9545628102329132
-0.6807866868381229
1.5232292460015178
0.5626406601650359
-0.22379709063781694
0.5233644859813106
-0.5578281889178213
-0.8227374719521274
1.8099547511312233
0
2.925925925925923
-0.323857502698812
-0.14440433212996082
