1.3829787234042523
17.52360965372508
-20.535714285714285
2.3595505617977466
1.427003293084535
-0.32467532467533694
4.234527687296423
-0.7291666666666696
-1.4690451206715547
0.6389776357827415
0.4232804232804293
2.107481559536354
5.882352941176459
3.313840155945425
-0.5660377358490513
0.5692599620493305
-1.4150943396226414
0.9569377990430622
-4.075829383886253
2.4703557312252964
0.28929604628736466
0
-2.9807692307692255
2.7750247770069345
1.1571841851494724
0.3813155386081901
-0.7597340930674237
-0.09569377990430078
0
9.96168582375478
-2.874564459930311
1.97309417040359
-2.726473175021995
1.1754068716094135
-1.9660411081322633
1.7319963536918792
-0.44802867383512546
0.1800180018001826
-1.2578616352201182
-1.8198362147406733
-2.038924930491198
1.7975402081362266
-0.2788104089219305
5.4054054054054035
-3.094606542882405
-3.4671532846715305
-0.2835538752362922
-0.5687203791469141
1.9065776930409912
-0.748362956033687
1.7907634307257358
0.2777777777777751
0.8310249307479277
2.2893772893772892
17.278424350940014
3.053435114503817
4.000000000000004
-0.28490028490028896
-1.642857142857151
2.0334059549745906
-1.8505338078291775
0.5076142131979613
1.0822510822510822
-2.712348322626683
-2.3477622890682444
0
-1.6528925619834627
3.4377387318563786
1.9202363367799071
2.028985507246385
3.0539772727272605
3.0323914541695425
-3.4782608695652097
1.17810117810117
-5.47945205479452
1.666666666666675
0.9265858873841646
-0.7062146892655368
-2.6315789473684132
0.8035062089116102
-1.0869565217391304
-0.3663003663003663
12.352941176470596
0
8.90052356020942
1.081730769230759
-2.6159334126040297
0
-1.404151404151411
-4.27244582043344
4.204398447606727
4.034761018001242
9.009546539379473
4.926108374384237
-8.085550339071466
4.3132803632236225
-1.9042437431991295
-0.16638935108153707
6.444444444444442
-0.208768267223385
-3.556485355648527
-1.8980477223427332
10.668877833056927
0.999000999000999
-3.2640949554896115
4.0388548057259746
-2.7027027027027026
2.0202020202020203
-8.019801980198014
0.6458557588805105
2.1390374331550803
-2.094240837696335
-0.21390374331551107
0.5894962486602328
-3.782631859350024
-1.1074197120708749
-1.2877939529675158
0.17016449234258815
4.133635334088342
-2.120717781402939
3.722222222222216
4.552758435993573
-4.866803278688525
0.16155088852989305
-4.247311827956993
-1.7405951712521024
1.085714285714289
2.3742227247032157
-4.527885146327989
1.561596298438397
-2.733485193621858
-0.35128805620610226
-1.3513513513513413
0.059559261465154445
-2.1428571428571397
-0.48661800486618695
-5.62347188264058
-4.145077720207257
15.54054054054054
-1.7543859649122806
-2.91666666666667
2.942979767014109
-4.050029779630739
0
3.848541278708887
-2.1518230723251777
-0.6108735491753208
3.1960663798402074
-1.7867778439547348
0.5457853244390574
0.5428226779251973
1.97960407918417
-2.4117647058823497
-2.4110910186859553
0.24706609017912642
-0.12322858903266608
1.789019123997536
0.30303030303030304
-1.9939577039274994
0.7398273736128342
-2.509179926560584
1.3810420590081536
-1.0526315789473615
0.12515644555693906
-3.000000000000007
0
1.1597938144329971
0.9554140127388535
-0.8832807570977954
-1.3367281985996144
-0.0645161290322544
1.9367333763718528
-1.2032932235592182
1.538461538461542
-1.2626262626262625
-2.429667519181593
0.9174311926605542
0.1948051948052022
1.6202203499675956
0.127551020408156
-2.6751592356687826
0.7853403141361182
3.116883116883124
0.12594458438286438
-2.7044025157232774
-0.19392372333547703
-2.5906735751295336
-2.0611702127659535
1.357773251866938
0.4688546550569247
2.7333333333333294
2.7255029201817114
-3.6007580543272373
-1.70380078636959
-4.933333333333337
5.18934081346424
-6
0.3546099290780142
-1.0600706713780919
6.428571428571429
-8.590604026845645
0.7342143906020558
-3.498542274052466
2.7190332326283944
-1.3235294117647143
0.819672131147558
-0.14781966001479455
-0.3700962250185048
2.5260029717682064
1.4492753623188406
0
-0.4285714285714245
0.8608321377331338
-0.42674253200568585
5.428571428571424
1.219512195121959
3.882195448460497
1.4175257731958875
-2.4142312579415575
-1.041666666666663
2.0394736842105226
-1.8697614442295332
0.1314060446780664
-1.377952755905508
-0.665335994677312
-0.13395847287342066
1.1401743796110109
0.7294429708222774
1.6458196181698486
0.25906735751295706
4.974160206718339
-1.6615384615384545
2.3779724655819665
0.7946210268948725
-2.8502122498484033
0.9363295880149813
-4.081632653061221
-0.7092198581560247
3.3766233766233693
-0.6909547738693432
-0.06325110689436705
0.5696202531645606
-2.5802391441157924
2.0671834625322925
-4.8734177215189804
1.1976047904191502
1.643655489809336
0.25873221216041764
-5.096774193548391
1.699524133242692
-2.0053475935828877
-0.6821282401091405
1.304945054945059
1.1525423728813482
-6.099195710455761
1.3561741613133518
-5.774647887323936
-2.017937219730954
-2.9748283752860347
-3.144654088050314
12.256493506493513
2.675343456254511
-1.971830985915501
-0.5028735632183827
-0.6498194945848417
-1.0174418604651205
1.6152716593245353
2.5289017341040463
2.325581395348825
0.5509641873278316
-1.1643835616438278
0.20790020790019606
0.6915629322268326
0.06868131868131477
-3.1571722717913486
1.2048192771084458
-0.6302521008403401
-1.9732205778717486
-0.14378145219265898
0.7919366450683905
0.2142857142857224
1.4967925873128967
-3.089887640449442
0.9420289855072547
-0.3589375448671931
-1.0086455331412143
1.2372634643376919
-0.5032350826743268
-1.5895953757225556
3.5242290748898766
-2.3404255319149017
-0.14524328249817622
-2.5454545454545454
-1.0447761194029894
2.7149321266968283
-0.7342143906020558
0.14792899408285287
1.1078286558345642
-1.0226442658875132
-0.7380073800738007
3.494423791821553
0
0.1436781609195525
-12.26685796269728
11.038430089942775
1.620029455080993
-3.8405797101449357
0.07535795026376997
-2.1084337349397675
2.1538461538461626
-0.3765060240963855
0.07558578987149986
-0.2265861027190418
0
1.5897047691143031
0
-7.8986587183308465
6.229773462783186
-6.3214013709063295
1.5447154471544762
-4.403522818254603
1.0887772194304832
-0.24855012427505976
0.9966777408637779
-3.2894736842105265
0.3401360544217736
-1.5254237288135568
-0.17211703958692154
-2.500000000000005
1.3262599469496021
-1.221640488656188
-0.9717314487632583
4.906333630686887
1.95578231292518
-2.66889074228524
-0.17137960582690903
4.635193133047215
-1.9688269073010711
-1.924686192468617
2.3890784982935127
-5.416666666666667
1.6740088105726922
-2.253032928942815
1.6843971631205725
-0.9590235396687083
2.6408450704225355
-2.7444253859348104
0.9700176366842983
-2.7947598253275134
-0.5390835579514773
2.439024390243905
2.2751322751322736
0.8794619762027901
0.6837606837606813
-0.1697792869269973
-0.28911564625849423
1.2280402524304943
4.46503791069924
-5.967741935483875
4.631217838765013
-4.918032786885246
5.172413793103448
-2.4098360655737685
0.7895178901394235
-2.383333333333333
2.4415229639747307
-5.499999999999996
5.291005291005291
-3.8525963149078795
0.8362369337979164
-3.714581893572919
2.278844428494533
-4.122807017543862
6.129917657822509
-5.482758620689655
0
-2.407880335643926
2.1121495327102853
6.937580084202817
-0.7189318726463569
-2.431034482758615
-0.6361547976674439
-1.2982393739996387
1.7477477477477457
-2.709403222950241
-1.9839825263924216
-1.2999071494893275
0.9971777986829748
-6.408345752608043
2.746815286624195
1.4141805501743587
-1.0315186246418322
-1.3703918162516904
0
2.270058708414866
2.3727516264829736
17.21495327102804
2.854409185137935
-3.441860465116277
-0.6101477199743137
-3.441033925686584
-0.5353856449723946
-0.4373423044575359
-0.8616320324379085
4.311520109066123
0.7515111909818671
-0.7296902870115175
-1.127082652727863
2.048570956550474
0.35615994819491475
15.534763671559933
-0.5864283719631411
1.558988764044943
0.7744433688286575
-4.25415122821464
-0.644976350867139
1.5291402192729406
1.1651037226484902
-0.8707865168539389
-0.11334655709832572
-4.950354609929071
-5.685718549470232
7.816455696202528
-0.10272967420018696
0.6023211400029541
0.4234813084112033
-1.1632979496873597
1.1475651022509947
0.4218181818181909
-0.05793742757822458
-1.3478260869565317
-0.1322168356103852
0.4265960576640071
0.16112494507104064
0.9944428195378866
8.528815522733854
-8.045363575717145
-0.42077771329078095
-0.2331341978726455
-1.0223455527968495
2.4347056219566263
0.04321521175453923
0.3599712023038157
-0.07173601147775775
-1.3496051687006632
-0.04366176684614602
-1.980198019802
0.9803921568627613
0.20594292438952716
-2.2313564298297273
2.297297297297299
1.2769704975781662
-2.884057971014485
1.059543351738537
0.10336680448908357
1.6669125239710803
-1.8572257690075467
3.4742755765818956
-4.014859265609356
0.729383745162243
0.45810551204374506
-0.7060900264783818
-0.14814814814813973
-0.5192878338279058
1.6703952274422142
5.588968754584131
-6.668519033064736
0.4465614766299451
-1.4522821576763543
