-2.1150592216582065
0.9075194468452871
-5.438972162740894
1.4492753623188352
4.955357142857141
1.9991492981709984
-3.5446205170975813
0.30263726761780746
0.08620689655171923
1.4211886304909611
1.231422505307858
1.5100671140939572
0.4958677685950366
0.3289473684210573
0.20491803278688525
-1.7995910020449921
2.0408163265306145
0.8163265306122449
-3.684210526315787
-1.5132408575031502
1.4084507042253447
-1.5993265993265922
2.6090675791274567
1.8757815756565235
-2.332242225859254
-2.178466694595722
2.7408993576017155
1.2505210504376822
0.7822149032523695
0.8986928104575117
-0.04048582995951187
-0.36452004860267545
2.7642276422764276
-1.5031645569620298
-0.5622489959839381
0.20193861066235866
-1.6525594518339357
-0.04098360655737472
-1.3120131201312082
1.3294557540506926
-2.2140221402214046
1.0901467505241067
-0.04147656574035434
0
0.4149377593360996
0.8264462809917356
-0.08196721311474944
0
10.418375717801467
0.9286775631500743
-1.8770702981229173
-0.8252063015754109
-0.9077155824508235
-0.3816793893129771
-3.486590038314174
1.2306470821754643
-1.7254901960784337
1.6759776536312918
0.039246467817894155
0.5100039231070941
2.6541764246682327
0.5703422053231939
1.7769376181474437
-0.44576523031203147
-2.611940298507463
0.7662835249042146
-2.775665399239548
-2.698474775127093
-2.1704180064308702
0.1643385373870196
0.3691550451189406
0.8173273395995097
-1.7835427644912758
0.49525381758150583
-2.422997946611912
1.0521885521885521
3.123698458975427
0.6462035541195453
-1.4446227929373974
0.16286644951140297
0.2032520325203252
1.7849898580121726
-1.235552012754083
-0.2824858757062216
-0.16187778227438515
1.3376570733684683
2.4
-1.0156249999999978
-1.7758484609313339
-1.8481317798312553
1.9647973802701526
-0.8028904054596547
1.2140833670578712
0.7596961215513818
-0.9523809523809547
1.1217948717948765
-1.2678288431061875
-6.059390048154092
3.8017941050833004
0.24691358024691124
2.1346469622331763
-1.1655948553054685
1.2200081333875559
0
1.7276014463639948
0
-0.5529225908372738
-0.6354249404289208
0.7593924860111934
-0.83300277667592
0.9600000000000023
1.1093502377179012
3.4874608150470356
0.2650511170011316
-1.73716012084593
0.07686395080706712
0.7296466973886461
-0.3049942813572289
-1.9885277246653876
-2.458056964494737
1.6
1.141732283464558
-1.7127286882055188
-1.267326732673263
-0.8824709185720084
0
-0.8093889113719143
0.44879640962872064
-0.6092607636068238
-1.471189211279115
0.5391953546246419
-0.9488448844884535
4.706372344856315
0.7557677008751017
-3.3557046979865772
-1.756535947712423
-2.536382536382534
-0.9812286689419843
-0.3877638948729021
-0.43252595155709345
-1.7810599478714138
2.2556390977443583
-1.2975778546712804
1.4022787028922075
-0.08643042350908256
0
-1.9463667820069206
1.85266872518748
1.0827197921177998
0.8997429305912572
-1.2738853503184713
-0.7311827956989199
1.2564991334488635
-1.7543859649122784
0.7404181184669064
-0.12970168612192448
-2.640692640692638
-0.4891062694530877
0.22341376228775692
0.5349977708426163
-1.5077605321507785
1.3057181449797415
-0.8888888888888888
0.35874439461883917
2.5915996425379726
1.0452961672473893
-1.4655172413793127
0.26246719160104737
-2.094240837696328
-0.31194295900179014
-0.22351363433169424
0.3136200716845955
-0.8485931219294353
-0.04504504504504248
0.9914375844975163
-0.044622936189198714
-0.6250000000000026
0.44923629829290207
-0.8944543828264758
-0.36101083032490205
-1.4945652173913093
-0.3678160919540282
-0.7844946931241296
-0.3720930232558192
3.17460317460318
1.2669683257918603
-2.90437890974084
0.32213529682466113
-0.1834862385321127
-0.32169117647058304
1.8441678192715536
0.5885015844273349
-1.305130513051295
-0.592795257637944
-2.1100917431192636
-0.42174320524836256
-1.9764705882352889
1.3442150744118977
0.0473709142586425
0
0.18939393939394208
-0.7088846880907372
0.8091385054735921
-1.1803588290840414
-0.6688963210702368
0.04810004810004537
-3.125
0.7444168734491315
1.1822660098522195
-0.14605647517040476
0.5363237445148681
0.38797284190107245
-1.8840579710144956
1.8217626784835141
-2.1760154738878144
0.29658922392486126
-0.09857072449483344
0.6413418845584664
3.9215686274509802
0.18867924528302155
-0.28248587570621203
0.09442870632671795
-2.45283018867924
-3.2882011605415915
0.5999999999999943
2.683896620278333
-0.3388189738625308
0.3399708596405967
0.14520813165537821
-0.9183180280328689
0.4390243902439052
0.14570179698882124
-1.3094083414160955
0.3439803439803384
-1.6650342801175209
1.0458167330677262
-0.4928536224741252
0.6934125804853916
-2.016724053123474
-0.6024096385542111
-0.70707070707071
1.0681586978636797
-3.371917463512828
0.5729166666666637
-0.2071465561885063
0.6746237675142768
3.041237113402065
-0.8004002001000472
-0.5547150781644088
0.9127789046653202
-1.909547738693473
-0.61475409836065
0
0.7731958762886598
-2.1483375959079227
-0.05227391531626907
-4.65481171548116
0
-9.105869445968196
1.3277006638503424
5.955926146515783
2.19224283305228
0.11001100110010376
-0.49450549450549763
2.0982882385422483
-0.5949161709031878
-0.48966267682263637
0.054674685620554574
-1.4754098360655676
0.6655574043261168
2.5344352617079857
0.2686727565824825
9.646302250803858
0.19550342130987572
-2.146341463414637
-0.9471585244267227
-1.862103673880216
-1.0256410256410255
-1.8134715025906736
1.8469656992084433
0.932642487046638
0
-1.7453798767967175
-0.15673981191223163
0.41862899005756743
0.052110474205312306
-1.0416666666666667
0
0.7368421052631609
-0.6792058516196506
0.3156233561283505
-0.36706869428421013
0
1.8421052631578947
-1.343669250645992
0.052383446830798486
-0.9947643979057621
0
-0.8989952406134261
-0.10672358591249576
0.37393162393163304
0.10643959552953093
-0.5847953216374239
0.320855614973259
-2.8784648187633293
0.10976948408343418
-3.2346491228070207
-0.7932011331444792
-1.9988577955454028
1.282051282051292
1.726121979286536
-0.3393665158371169
-1.248581157775249
-0.3448275862068933
-1.2687427912341505
0.75934579439253
-1.2173913043478228
-2.8169014084507107
3.321256038647343
-3.915838690824073
2.5547445255474384
-0.8303677342823285
-2.6315789473684075
-0.18427518427519124
-1.9076923076923042
-0.7528230865746657
1.3274336283185986
0.8109794135994902
-3.83663366336633
0.32175032175032175
-4.682488774855684
0.40376850605652376
-4.155495978552271
0.7692307692307653
0.3469812630117974
-0.41493775933609567
2.7083333333333375
-0.5409060175794532
-1.6315431679129884
0.20732550103663538
-1.586206896551732
0
-3.2936229852838044
1.5217391304347785
-1.2134189864382503
0.7947976878612676
2.6523297491039344
0.48882681564247005
-3.266157053509393
0.07183908045978646
-2.79971284996411
-1.0192023633677958
4.05909565736457
0.7170514842965725
-2.1073615264132193
1.4109090909090893
0.9466437177280502
0.02841716396705063
0.8096590909090812
-0.0986332253064579
-1.0155148095909716
1.0544314619549655
1.7766497461929005
-0.9005264616237263
-0.7968684468055465
-0.43686583990979155
-2.9723991507431116
1.0503282275711143
-3.609065973726
2.441216115021731
-3.8304093567251525
-0.16722408026755767
-0.7918379777676199
1.8879508825786488
0.21090689966857573
1.3229104028863645
-5.296735905044521
0.8616637944540141
0.04659832246039319
0.6831237385499112
4.965304548959135
-0.5435581019538569
-1.7725258493353069
3.007518796992481
-6.160583941605838
0.3578095830740572
-7.3631995039528855
2.1084337349397675
-7.194362504097018
1.447995761963624
6.614447345517837
0.01632653061224165
-1.6160626836434784
-1.2609922017587607
5.847756679549662
-1.5558025083346625
6.0151588453475195
-0.24338302403406845
1.0064043915827945
0
-1.570048309178732
0.7975460122699325
3.1345100426049943
-0.4131012097964018
1.8814814814814755
1.686782027046693
-1.573001573001585
0.8135987214877267
-1.7725897103329067
-0.6015258215962391
2.730627306273054
-1.537356321839071
1.5467678389026736
0.44546630262969145
-2.56080114449214
0.4991924827485001
0.13148283418554185
-1.9550627370878366
1.0119047619047508
0.6187389510901616
-0.30746705710101574
0.4846526655896582
2.616194095293762
0.6551773251673665
-1.8395358709494793
0.4757099610782734
0.07173601147775775
1.1039426523297433
1.0493477027793663
-0.5753578445130659
-1.665490472829912
0.4018946461891792
0.8005718370264506
-1.3473266203375447
-0.316273720529038
2.2353619844245705
-2.4121878967414214
0.8962127782595986
-0.9742120343839437
0.4774305555555531
-1.1231101511879065
0.48055919615552395
3.2898550724637623
0.7155886067068965
-0.19504040122596902
-0.8096035734226665
-1.7590768364762173
0.8165019338203597
11.111111111111121
-0.7416879795396397
-3.5944344241175035
-0.3741814780168397
0.6036217303822976
0.4399999999999977
3.185981680605344
-0.5403319181783117
4.682447290130648
0.6919560113678339
0.47858632961099595
-1.4899853444064473
2.504339201586921
0.024189646831151452
-1.6203143893591334
-1.020157325467058
0.4346206382714446
0.24727992087042885
1.8376911692155833
-4.323604214605781
-2.139240506329111
