1.8796992481203008
-1.4022140221402255
-5.089820359281435
3.9432176656151534
-0.7587253414264036
0.9938837920489165
0.3785011355034065
1.8853695324283561
0.3700962250185048
0.5162241887905731
-0.8804108584005994
0.3700962250185048
3.4660766961652043
-2.1382751247327154
2.91332847778587
-0.07077140835104227
1.274787535410773
0.2797202797202837
-0.48814504881451676
2.102312543798178
0.20590253946466122
0.684931506849315
2.108843537414962
2.4650233177881526
1.7555266579973916
1.0862619808306637
0.3792667509481813
0.06297229219143219
-4.9716803020767815
1.4569536423840985
-1.6318537859007833
1.924353019243534
3.2552083333333335
1.1349306431273716
-4.987531172069826
1.0498687664041957
1.6233766233766234
0
1.214057507987224
0.7575757575757504
0.43859649122808086
0.2495321272613707
-0.2489110143123692
-0.9357454772301933
0.6926952141057898
0.8755472170106352
-2.231866088034732
1.4584654407102167
-0.1875000000000071
0.8140262993112157
-1.8012422360248483
0.1265022137887521
-0.1895135818067033
4.177215189873414
-4.981773997569859
3.0051150895140593
0.3724394785847265
-1.0513296227581872
8.625000000000007
2.991944764096656
-1.1731843575418963
6.048615036743916
-12.260127931769723
-1.3973268529769034
1.29390018484288
2.0072992700729824
-3.5778175313059037
0.8039579468150968
-0.9815950920245364
1.6109045848822765
0.9756097560975575
-1.3888888888888786
1.8983466013472101
-1.2620192307692273
1.0346926354229997
-0.5421686746987986
-0.4845548152634664
1.6433353621424154
-1.6766467065868331
1.4007308160779608
-0.3003003003003003
7.168674698795184
-6.6891512085441285
1.8674698795180689
-1.1827321111768185
-1.7354877318970712
3.0450669914738127
-0.11820330969266468
-4.1420118343195265
2.716049382716053
0.6610576923076888
-2.3283582089552275
9.046454767726168
7.623318385650221
-8.854166666666666
0
1.1428571428571428
-3.5593220338983116
11.657879320445229
3.672612801678909
-3.0364372469635628
0.626304801670155
2.904564315352694
4.536290322580645
1.7357762777242016
4.218009478672989
-1.4097316962255544
1.8450184501845017
3.3967391304347823
-0.13140604467806016
-1.3157894736842106
4.666666666666667
-3.7791932059448006
2.3830538393645218
-1.4655172413793127
2.27471566054244
3.678357570573137
3.135313531353133
-3.4799999999999955
-0.08288437629507545
0.3318125259228583
5.746176105828857
-6.176700547302584
4.083333333333338
-7.485988791032833
1.2548680225010842
-2.051282051282056
2.443280977312401
-3.705281090289615
1.7249004865103963
-2.7826086956521765
1.0286225402504523
-2.5675077467906204
-0.0454338936846862
6.500000000000005
2.4327784891165125
-4.916666666666671
1.6652059596844924
2.7155172413793154
-0.9651699538397026
-1.2288135593220364
2.0163020163020238
-4.92010092514719
5.218929677134017
-2.900378310214378
1.212121212121217
1.1548331907613296
4.608879492600424
0.6871463217461554
1.8867924528301956
5.397951142631989
-0.7850467289719711
10.776186887716664
-1.3605442176870748
-1.8275862068965556
0.7376185458377319
-3.2775453277545443
0.8651766402307262
3.5739814152966405
2.7950310559006093
-1.3763007720711535
0.06807351940094916
5.034013605442181
2.9468911917098333
-2.547971060081776
1.8076178179470515
-1.4267596702599874
1.7368928916050288
5.5959532089788135
1.1976047904191616
-1.9230769230769231
0.6938159879336384
-4.343918514080287
6.4829314124647635
-4.117647058823529
0.49079754601227693
-1.9230769230769265
2.521008403361334
4.037644201578631
2.1301429822001783
-5.857142857142857
0.21244309559938956
-9.569957601453654
4.454119223040842
-3.0779095864058887
0.5292755540853343
-3.158933859822299
-0.23785253143050922
2.7247956403269753
1.0610079575596778
2.6574803149606185
3.227868328539477
-2.229102167182659
0.6966434452184891
-3.459119496855346
2.9641693811074994
-2.78392913634926
1.985030914415869
-2.999361837906821
1.940789473684203
-2.032913843175203
1.8774703557312213
-2.909796314258002
-0.23310023310022931
5.206942590120148
0.7614213197969651
-3.494962216624692
2.512234910277321
-3.3418204964990452
2.0414883108330555
-3.6463375282349
3.0475552578700484
-3.184920376990579
5.0352467270896275
-5.241291147331409
1.4165261382799288
-1.0309278350515352
0.8064516129032181
1.1333333333333258
0.3625576796308579
-2.1674876847290716
1.3091641490433146
-1.192842942345932
1.8443997317236756
-3.062232466249592
1.8342391304347943
-1.7344896597731783
1.6293279022403102
-3.0728122912491616
0
-0.17229496898690558
0.10355540214014891
1.7241379310344827
1.5593220338983127
-2.8037383177570203
3.708791208791213
-3.7417218543046395
-1.169590643274846
-5.01218238774801
-0.3297911322828792
7.867647058823521
0.8861622358554953
-1.9932432432432357
-0.034470872113072294
-1.62068965517241
-0.10515247108307443
-2.561403508771934
0.10803024846957558
3.6690647482014347
2.15128383067314
-1.0190217391304348
-1.4756348661633338
7.628004179728309
3.5275080906148792
-10.40950296967801
2.5819958129797547
-6.258503401360536
-0.5805515239477586
-4.233576642335775
-0.9146341463414548
6.038461538461534
1.559666303953577
4.607142857142849
5.4967565722089535
-3.495145631067965
2.8169014084507156
-2.51141552511417
1.0705921712947628
-3.1115524660708487
-0.4783054321831149
0.37761757638172533
0
-2.051983584131327
1.0824022346368796
-5.457685664939555
2.009499451954695
1.5759312320917027
0.8110014104372194
-0.9443861490031441
2.401129943502829
-2.896551724137923
1.5624999999999918
-2.902097902097906
0.9722722362261392
-0.9272467902995599
-0.28797696184305666
0.14440433212995568
1.6222062004325886
2.5540971975878133
3.0439294361812363
-3.6253776435045166
1.149425287356306
-4.097796143250681
-0.718132854578097
4.19529837251357
-0.1041305102395041
1.4246004169562076
4.282288454950326
-1.9053876478317855
1.0046885465505693
-2.553050397877999
0.06805035726439111
-5.746344780686853
1.0461760461760585
-0.8211353088182832
1.5478761699064114
-5.459057071960309
-0.7874015748031369
0.6046863189720203
1.1645379413974541
-0.5198663200891326
1.7917133258678655
-4.437110377704425
1.8802762854950026
-6.101694915254233
1.0429201764941813
1.984914648670096
3.1529778123783663
0.37735849056603776
1.2030075187969882
-2.5260029717682064
-0.19054878048780488
-0.6872852233676803
-0.07689350249905631
-0.2693343593689837
1.6975308641975442
-1.0622154779969692
-0.30674846625767305
-0.4615384615384572
0.4636785162287437
-2.1153846153846154
-0.7858546168958742
-0.23762376237623536
-0.2778880508138218
0.7165605095541446
-0.11857707509881872
0
0.5144440047487184
0.11811023622047692
0
-1.6122689736531743
0.03996802557954546
-0.9188973232121499
-0.24193548387096545
-2.061438965238478
0.7016095749071352
-1.4754098360655714
-0.16638935108153313
-3.0416666666666714
-0.9024495058014587
1.6912402428447553
1.0660980810234542
1.3080168776371284
7.788421491045406
-7.496136012364762
1.629072681704263
3.822441430332915
2.137767220902615
-2.6356589147286864
-3.5031847133757896
3.7953795379537905
0.397456279809221
1.0292953285827373
-5.1332288401253905
6.5675340768277595
-0.46511627906976305
-1.8691588785046773
-3.134920634920637
0.6964358869315924
2.156224572823427
-2.588610115491836
-0.3270645952575564
-0.4922067268252736
0.7831821929101425
-1.349693251533747
-0.24875621890547028
-1.2884455527847025
0.5052631578947321
0.08378718056138126
0.6278777731268312
4.367720465890183
0.5978477481068154
0
0.5546751188589563
-2.679275019700556
0.36437246963562986
-5.1633723275514365
-0.5529561888557988
-0.5988023952095832
-3.6144578313253035
6.607142857142862
1.5494137353433788
0.16494845360824978
1.482091395636062
1.7444219066937166
-1.036682615629993
3.142626913779215
0.78125
3.9922480620155083
1.6772269847185985
2.7492668621700878
0.03567606136281337
0.7489300998573548
2.5132743362831937
-2.6588397790055405
-1.1706278822277243
-0.4666188083273551
1.226108907320583
1.1756323477021773
-0.28169014084507443
-1.2005649717514044
1.4295925661186561
-1.409443269908386
-3.109363831308073
3.983769826632222
-0.10642071656614209
-2.024147727272743
-1.0873504893077204
4.14071088310737
3.4482758620689697
-0.9523809523809562
-0.30906593406592625
2.1701687909059633
0.539447066756563
-0.5700871898054959
-0.4047217537942626
1.0497798848628397
5.630026809651479
-2.157360406091374
1.1673151750972837
-0.7051282051282015
0.06455777921239142
0.032258064516136366
0.4192196065785084
-2.601156069364151
-0.03297065611606421
3.5620052770448587
0
-2.4840764331210226
1.241018941868064
0.6129032258064443
-0.4488618146841864
-0.09661835748792637
0.5157962604771189
-0.41693393200770085
-3.3816425120772946
9.566666666666663
0.3954974140553731
-2.1818181818181785
-1.5799256505576278
7.302486622599934
-1.2026987386330203
1.7814726840855106
-0.23337222870478744
-0.029239766081877994
0.7019596373208641
-3.165843740923623
-0.8998200359928015
-5.084745762711851
0.7653061224489723
1.139240506329121
-1.0638297872340532
-2.6249209361163857
-0.09743423189345714
0.1625487646293888
-3.6676403765011396
3.2345013477088833
-1.697127937336811
1.3944223107569684
