4.6109510086455225
4.1958041958041985
-6.060606060606062
-2.489716388828751
0.39964476021314643
2.742149491375505
-6.134309083082221
2.338913093327216
-2.375084024198974
0.48198301583659003
-1.6217450890817777
-0.11609008590666357
0.16271501627149898
0.18565792527268773
0.41695621959694495
0.11534025374855825
-0.5069124423963107
-0.09263547938861373
0.0695410292072349
3.520963632151955
-3.6473484000894953
0.06967022758939956
0.06962172197725955
1.4610389610389638
-0.22857142857142856
1.168384879725091
-1.6983695652173911
2.741303847039847
-1.2331838565022422
0.022701475595918896
-1.7476168860644679
1.5708015708015735
3.3659313168069165
0
-2.024202420242022
1.0330114529530576
3.111802622805068
3.2118991161888415
-4.761904761904764
-2.982456140350882
0.22603978300180833
0.857013982859723
-1.0286225402504396
1.2200632625395338
-0.6026785714285688
0
-0.6737031214911295
1.0626271761247996
-1.0961968680089436
2.6464600769056745
-2.5561921551344255
0.40705563093623054
-0.27027027027026773
-0.13550135501355526
0.15829941203075273
-0.1580492210431223
0.09045680687472504
-0.3615002259376463
-4.44444444444445
-0.26103464641669816
5.258148941232444
0.4972875226039886
-2.9914529914529937
1.2520287502898162
-2.610487749026787
2.9861274394545
-4.041095890410956
2.069950035688791
2.8671328671328697
-0.7251302968502127
4.884729513809627
2.720348204570185
-6.504237288135592
1.4276002719238639
-1.4968722073279814
1.633023361306429
0.3793796027672369
1.8230324588706066
-1.4847161572052427
5.496453900709222
-6.260504201680674
0.8292245629762414
-0.866859302067121
-0.4035874439461909
-0.27014858171994344
1.7155756207674995
-0.7545494895694704
-1.2745974955277255
-0.2038505096262689
1.6114389468905959
0.37971856153674083
0.08900756564308726
-1.4006224988883973
6.200676437429538
-6.496815286624209
1.3396911898274375
-1.187542012099487
1.1337868480725624
-0.941704035874437
0
-1.9918515165233162
2.540415704387991
-2.9054054054054004
-0.20876826722338995
0.1859600185960045
4.1299303944315575
-3.9661319073083803
2.0881670533642693
-1.7954545454545403
1.8282804906271644
3.1818181818181817
1.718061674008813
8.07708964919879
1.9635343618513232
-4.7750049125564855
0.08254230293024706
-4.969072164948458
2.625298329355614
-2.3255813953488373
1.709956709956705
4.469035965098957
3.748217559584444
-5.654820341645397
3.225806451612903
-3.588709677419357
-0.04182350480970068
-2.635983263598331
6.1452513966480495
-6.153846153846149
2.6747195858498656
-2.668067226890754
-0.6906971724584478
0.02173440556400041
0
0.5867014341590588
1.4906027219701954
-5.747126436781609
0.7226738934055982
-0.336322869955157
3.4870641169853767
-3.8478260869565193
3.3009269726429946
-0.9848982271831911
3.4482758620689706
-4.05982905982906
0
3.0734966592427644
1.123595505617975
-2.393162393162391
0
3.5026269702276704
1.9458544839255474
-3.3609958506224045
-1.2451696006869926
3.6956521739130435
1.027253668763098
-3.008923013073252
1.4120667522464747
-0.31645569620253167
0.3597883597883574
-1.3285533530156077
2.479162214148327
8.967674661105319
1.3588516746411528
-2.813444108761325
1.029726054012037
-0.8461538461538418
1.26066718386346
1.5322735108216816
-1.5280135823429584
2.4712643678160875
3.55206580669284
-4.4412348799422325
-1.719251842055528
4.133025759323337
2.6213771460217705
-5.378665227558909
-3.0228136882129233
5.802783767888654
0.7782101167315048
6.2511491082919655
1.713099152102436
-3.640694113644093
3.8135593220339024
2.4659863945578233
1.2448132780082988
-3.9344262295081966
-0.17064846416382254
-1.6752136752136675
1.5299026425591018
-1.9349315068493074
-1.1698969792212406
1.4487632508834003
4.319052594914655
-1.9866444073455722
-1.226366888094029
-2.1727884117951413
1.2162876784770125
0.2612330198537095
-0.2952926871634611
14.128919860627182
0.747977408029305
-1.3030303030303065
-1.4430457476205063
2.165109034267909
1.84479341363013
-3.2485029940119827
5.183351384805818
-4.677846425419235
-0.6944444444444444
-0.4040404040404076
0.17163364019348148
0
1.2461059190031152
-3.015384615384619
1.3642131979695469
-1.5962441314554061
0.7633587786259651
0.8680555555555555
1.39258332029416
-2.7314814814814885
-0.253847374266208
1.4315253698107204
0.987925356750816
-2.903726708074541
1.7591556053094517
-1.6658808738016517
1.7740131053220247
-3.454773869346734
3.4157449577098244
-2.595155709342561
-0.8558049410624826
0.4560260586319144
3.4046692607003894
-7.572906867356531
0.8312128922815907
-2.641318977119773
1.4688094003801624
-4.002043596730245
-0.6563775057654861
-0.07142857142856737
3.645461043602569
2.741379310344824
1.0236616882027225
-4.352159468438546
2.6050712052796112
-2.7758970886932937
1.8628133704735457
-3.5036745855409333
2.337938363443133
-3.1152647975077885
0.8217220435869995
1.7009213323883812
3.013937282229957
-2.215457466599004
2.1964718090625963
-8.377051954645456
1.5884743258219474
-4.74545454545455
1.6797098682954894
-0.901070020649534
7.596135631748441
-4.014084507042246
1.2472487160674897
-3.260869565217391
1.7415730337078565
-2.0062580526412623
1.427498121713002
-2.314814814814815
2.1800947867298577
-1.910946196660474
2.704747493852838
-6.5745856353591146
5.26315789473684
-0.7865168539325927
3.208758021895055
-0.5303584491587376
0.01838573267145114
-1.838235294117647
4.49438202247191
-4.749103942652329
0.6961429915334046
-2.7279521674140548
3.707260852862073
-2.4263752546767963
2.4677296886864086
-3.5198221563542056
1.8625192012288876
-1.9981149858623983
-1.4041161761877197
1.638704642996484
0.3838771593090211
-1.5296367112810707
0.27184466019417036
-1.4523625096824169
4.932206720377289
-4.9063670411985
1.0240252067743183
0.09746588693957114
-0.25316455696201645
0.23428348301443414
3.1943903389170196
-1.472253680634193
4.980842911877395
-7.153284671532845
2.1226415094339646
-4.349499615088534
-1.6498993963782673
2.1685761047463106
-0.500600720865038
-1.1672368685852192
0
-2.891468132763194
-0.6080939400293515
-2.5527426160337603
1.3206321714656901
-4.679487179487174
-3.564223268325495
6.624825662482566
-1.8966644865925417
1.6666666666666667
-1.2021857923497268
-0.06637168141593172
-0.37635598848793195
0.7333333333333358
0.8162364879770546
-0.6126914660831535
1.0568031704095138
-0.4793028322440062
-0.8318739054290742
0.022075055187642988
1.5228426395939034
-3.2173913043478284
1.9766397124887718
-3.502202643171801
2.2141063684090363
0.8932559178204555
2.2576361221779524
-2.5974025974025974
1.1111111111111112
-1.9120879120879095
-1.0306968406901238
1.697985057731492
0.11130899376669635
-1.5788303313319916
0.3163126976954309
-0.18018018018018275
-0.4512635379061372
0.29465095194923197
-1.5819209039548023
1.7910447761194055
1.4211594856756173
-0.6895017793594356
1.343784994400896
-0.5524861878453039
0.7333333333333358
0.06618133686300715
1.565255731922391
-3.7768612980247402
0.09023234829685929
-0.9240477800315452
0.477707006369419
-1.9017432646592658
1.084698822986381
-0.684931506849315
1.1264367816091903
-3.7508524664696523
0.944733112895607
-4.890032756200275
2.287822878228785
-2.6936026936026907
0.3460207612456691
-4.211822660098528
0.28284906145539285
-2.051282051282051
-0.44502617801046823
-1.9195372074677914
3.485254691689008
-3.212435233160616
1.5792291220556682
1.2648221343873547
0.5204267499349466
-0.9060315816722754
0.6792058516196358
-1.5308770108977627
-0.07905138339921249
0.23734177215190774
-0.05261773217575519
-2.9218215319820917
2.1963123644251534
10.002653223666767
-1.109503135552345
-3.0000000000000027
-0.4274578828262481
-1.212121212121215
-0.30674846625766583
0.35897435897435315
2.1461420541645464
-1.0255127563781947
0.07581501137225458
1.0858585858585887
1.873594803897077
1.0053948013732137
-0.4612770089827573
5.902439024390242
-1.4970059880239521
-0.16366612111292697
0
-2.4121779859484804
-0.19198464122870443
-0.6491945179129571
-0.4356243949661209
-0.9236752552260463
-0.5397448478900995
8.090774543660585
5.385668644454593
-3.0316154179298396
0.491290754801248
-3.4888888888888863
-0.20723002532812204
-2.0073834794646954
0.2825523899222954
0.751350082178926
1.1419249592169605
-2.7880184331797286
1.4458402465039164
-2.6635514018691535
1.7042726836293725
-2.1477460467311698
-0.024119633381578083
-1.0373944511459616
0.39005363237445706
-0.5099562894609089
3.490358799121311
-4.221698113207542
4.407781334646633
-5.660377358490566
4
-3.0048076923076925
2.6022304832713754
-4.1545893719806735
1.8145161290322551
-0.9653465346534598
0.6498375406148377
-0.9436304941643933
0.27575833542241734
-1.2249999999999943
2.303214376107306
0.22266204849085455
0.7158726240434404
-2.524509803921571
5.054060849886855
-4.715174724748681
5.350414468726439
-6.008583690987122
2.99340436326738
-3.6699507389162505
2.7870109946305233
-4.2537313432835875
0.779423226812159
0.9796339262696602
1.863671176921116
-3.057644110275686
3.1540847983453952
-7.218045112781957
2.1339816315505225
-1.7455699550383557
0.6729475100942126
-0.9893048128342216
