-1.1764705882352968
-0.7936507936507908
-6.099999999999994
4.366347177848769
-0.30612244897958896
-2.8147389969293757
0.210637177461825
-0.5780346820809368
0.10570824524313799
8.764519535374866
-6.699029126213598
1.456815816857446
1.8974358974358916
6.693507800704586
-4.433962264150946
-0.9871668311944719
0.24925224327018944
3.4311287916459503
-1.9711538461538434
-0.29426189308484274
0.5902606984751543
1.7114914425427872
1.2019230769230769
1.092636579572452
3.383458646616536
-2.0000000000000027
9.044526901669759
-0.5954912803062551
4.150620453572964
0.7395234182415706
-0.4893964110929807
-0.9016393442622904
2.1918941273779913
-0.6070416835289356
-3.0537459283387625
2.4359512809743853
0.2870028700286956
1.1856091578086696
-0.5252525252525299
1.1372867587327422
-2.1285140562249043
0.20517029134181372
0.32760032760033225
1.061224489795916
4.806138933764138
1.7341040462427746
-2.840909090909091
0.5847953216374269
1.2403100775193754
0.8805513016845373
-0.22770398481974297
0.9128946367440222
-0.18846588767433095
-0.3021148036253819
-2.045454545454537
1.2761020881670357
-1.5273004963726615
2.4040325707638797
-3.294206739871267
0.46985121378230893
-1.6367887763055404
-1.9413629160063413
4.929292929292925
0
-2.541393916056987
0.6321612011062798
-1.3741656851197488
0.2786624203821724
-2.2628026994839288
0.7311129163281931
-1.2903225806451568
-0.7352941176470634
7.242798353909475
-0.5372217958557306
5.439814814814824
-0.3293084522502869
0.8810572687224796
-0.8733624454148595
-1.7988252569750285
-2.7663551401869073
4.998077662437524
-1.6843647015745231
1.0055865921787668
-0.4424778761061905
0.8148148148148106
-0.2571638501102089
6.482504604051574
-0.4842615012106655
3.6148766075773495
0.5367326400536618
-2.102102102102106
0.068166325835053
3.848773841961837
-1.3447031813709303
3.723404255319145
0.4166666666666703
0.766038940312792
-1.0769718086791187
5.283381364073007
0.4866180048661697
3.8135593220339055
0
-3.527696793002922
1.8132366273798732
-2.0184030869694136
0.030293850348368945
1.6353725015142442
-1.9070321811680673
1.0935601458080264
-1.9831730769230838
4.138565297363581
0.8242566970856672
-0.2627737226277306
1.5807962529273938
-9.798270893371757
4.63258785942492
-2.656488549618317
0
-2.101631116687575
-1.313681512335797
0.876623376623373
-0.321853878339234
3.2612205360025905
-2.9393370856785594
-1.9974226804123676
0
-1.9066403681788335
-1.407506702412865
5.914343983684581
-1.155327342747119
-3.5714285714285716
1.3468013468013469
-0.6644518272425249
-1.0033444816053512
2.635135135135139
-2.5674786043449673
-2.4662162162162202
-0.41565639071700333
-1.4956521739130475
0.7062146892655368
2.9803646563814867
-1.5321756894790604
2.8699861687413595
1.7815126050420207
-0.9577278731836307
-2.6342114038012596
2.1232876712328728
4.996646545942332
-0.8304056212072892
0.06441223832527815
2.99324106855488
1.750000000000007
-1.627764127764131
-0.18732438339057844
1.4701282452298996
-1.7879161528976433
-0.5963590709353528
-0.15787811809283234
-1.8342820999367526
-1.7396907216494772
5.278688524590171
-0.2180006228589366
0.530586766541837
-1.4281279105867812
1.007874015748028
1.0289990645463085
-0.4938271604938342
1.08560794044665
-0.33752684872659283
0.8312807881773364
-1.3740458015267176
-1.2074303405572686
-1.096834848010028
-0.5069708491761795
3.343949044585987
0.7087827426810512
-2.478580171358636
-1.882648258550361
1.2791813239526704
0.9156930849384384
-0.9073842302878704
0.6946637196084587
-0.09407337723422846
-1.3810420590081713
-0.6365372374283896
-0.12812299807814775
-1.1225144323284155
-2.4651313655530402
7.083471898902564
0.4347826086956451
-0.9894867037724147
-1.7801374141161739
6.8998410174880735
4.9970255800119014
-6.487252124645886
0.5755831566191993
-2.198795180722895
1.5706806282722583
-1.4857489387507683
1.939058171745156
-0.12077294685989652
3.385731559854894
1.5497076023391847
0
-0.8350129570976199
-0.17421602787455456
-2.006980802792331
0.2968239833778569
0.9470257472625172
-1.465845793022574
-1.1008628384409536
0.5415162454873681
-2.0047875523638505
0.7633587786259542
4.121212121212128
-0.46565774155996004
-0.43859649122807015
-1.5859030837004338
5.938525813190085
-0.05633802816901088
5.045095828635844
3.917359806815139
-4.776658920733282
0
-1.7082429501084628
1.9034482758620628
2.8965890633459788
1.762694027887395
2.4560496380558425
1.6401715871814282
3.301886792452833
1.2496995914443616
-4.0113933064324785
-0.14836795252224677
0.1733531451213444
-0.12360939431396786
1.8564356435643565
0.14580801944107477
-2.2324678476098145
0.7694216927277296
0.8866995073891681
0.5126953124999917
-2.307505465144523
1.8896071606166143
-1.6349438750610026
-0.3225006201935032
-0.22399203583873423
-0.4489897730107146
-2.4555249310949665
0.6935525301823757
0.4846938775510146
-0.4823559279004766
5.48469387755102
2.249093107617899
-6.929990539262064
-0.8640406607369701
-1.051012560881831
-2.6683937823834225
-2.2092094756454648
-0.9254218835057098
5.961538461538459
2.6704692766398788
2.2474747474747416
3.161274388737963
1.7716064160881098
1.1526699600094041
0.9302325581395349
0.7373271889400895
2.2186642268984422
1.5887223092414462
0.02202643171806668
0.8588416648315299
2.7074235807860214
1.1479591836734766
-2.143757881462797
-0.3221649484536082
0.7756948933419447
0
-1.7532606371605706
1.6104461371055445
-2.120368387234949
0.06564551422319724
-2.8427727968510825
0.18005851901868364
-1.2581442372500613
-0.7281001137656402
0.2750401100160414
0.5942857142857195
0.8407180186321265
2.70392068499324
-4.892496709082933
1.0149942329873074
-1.5300296871431809
-0.5797773654916513
2.7758339164917274
-0.15887426236950644
-0.11366219595362582
0.4096495220755602
0.02266545784225357
0.2945841830954025
4.676909173068231
1.4893157781135284
-5.1254785197788095
0.874243443174171
-2.377777777777775
1.183701343045752
-2.002249718785147
-1.285583103764927
2.3255813953488373
2.272727272727273
1.5777777777777828
1.968934587617589
-6.82257026389187
-4.651162790697672
-0.3622313450857281
-0.5816771691711182
-4.046806435884926
-0.9400406504065155
5.975891254167738
2.444336882865446
-1.4883061658398327
1.6546762589928004
0.4953998584571887
0.4694835680751174
-1.799065420560745
1.2847965738757976
0.3053793751468197
2.1545667447306767
-4.287024300779456
0.11976047904191617
1.9856459330143568
1.3136288998357883
0.18522806205140344
-0.06933210076265574
-1.0638297872340348
0.46750818139317435
0.02326663564447787
0.930448941614329
0.6453099792578961
1.4884359972521182
-4.828519855595663
-0.8771929824561376
-1.0045443673762366
1.9328340178787147
-2.204313818440378
0.14541929229276923
3.9932236205227496
-0.3956248545496832
-2.827102803738323
0.9136811733589834
-0.8577555396711856
-1.6342225426580175
4.129000732958704
2.2993899577663095
1.3073394495412818
1.8791034638895203
-2.866666666666662
-1.1667810569663744
5.138888888888887
-0.9247027741083198
9.022222222222227
0.4688136975132398
0.5883546358287755
-1.290843081887865
3.4532080098079354
1.8961090262690037
-7.559604574529948
-0.1258125393164114
1.5326474910770547
2.5434243176178564
-1.572897761645484
0.16390083999179564
0.06136224176723489
1.3286999182338513
-3.6514020576961803
-2.1356783919598086
1.9683354728284224
1.9723038187158994
-0.6378600823045314
1.4495754814661421
-2.143294549908145
0
3.149770546516484
0.16177957532861706
-2.7861901877649933
0.4984423676012414
1.5085761520975431
0.40716612377850164
-3.467153284671526
-1.2182314639781582
6.761641505422073
0.4381597291376197
4.005552250644455
0.305052430886563
5.189127542292331
-0.1445608962775487
-0.9952949692363373
0.7494059586912855
4.281567489114642
1.2526096033403002
-1.5292096219931233
0.4711219682428776
0.01736714136853469
7.657579440875155
-6.451612903225806
0.0689655172413754
-3.0323914541695425
0
2.629708599857866
0.2596952908587257
2.003108271455711
0.6771626883358727
0.975281654615765
1.3988343047460412
8.901297421579907
0.7087920374000801
-0.3294399520814513
0
-0.42067307692308714
-0.12070006035002333
1.8277945619335383
0.9049102507046466
-2.27874154660394
0.195576952008418
-0.5705705705705637
1.0570824524312896
-0.6425582785415523
-0.4361558129041927
0.45317220543806647
-0.12030075187969241
6.187895212285442
0.7372749184744145
-0.211118930330753
-0.01410437235543339
-3.061080547326835
0.11641443538998174
-1.2063953488372028
-0.2795350890098707
0.07376807317792859
-0.7518796992481069
-0.014854426619135878
1.0251077105927762
0.7352941176470589
-0.029197080291977442
0.379672897196265
-1.978469595577542
-1.0537251409913786
0.7799610019498923
-2.5747879148682773
-0.3819126183929117
-0.3987118540101246
0.7852193995381097
1.0235258172929929
0
-0.589747467110234
-1.566778217219342
2.9979910369340095
-0.9602400600150003
2.4541736100590716
0.5323081472719241
-4.574202088542436
4.793464858199758
3.677011325194882
0.6525748333096926
-2.3819591261451696
0.3032053133121604
2.5334676838923142
0.21058542748841783
-1.541047912580555
