-5.9302325581395285
1.9777503090234787
-4.848484848484849
0.5095541401273957
1.7743979721165923
0.8717310087173137
-3.333333333333337
2.42656449553002
-0.37406483790523337
18.898623279098867
-13.473684210526313
0.3649635036496316
-2.1818181818181785
-2.1065675340768313
1.5189873417721556
11.970074812967573
-11.915367483296217
0.2528445006321149
-1.8915510718789408
-6.812339331619534
7.724137931034475
-1.7925736235595282
0.26075619295958646
2.7308192457737244
-0.6329113924050633
-0.6369426751592356
0.8974358974359011
0.8894536213468905
0.755667506297222
0
0.25000000000000355
-5.2369077306733205
8.815789473684214
15.961305925030231
-17.309697601668415
0
-0.37831021437578455
0.25316455696202894
-0.7575757575757683
0.8905852417302835
0.5044136191677248
-0.3764115432873239
1.511335012594444
-0.7444168734491245
1.999999999999993
1.348039215686285
1.9347037484885057
-1.66073546856464
1.688781664656202
3.2028469750889714
-3.793103448275859
2.0310633213859055
-1.6393442622950885
5.238095238095245
1.4705882352941144
1.4492753623188375
3.8461538461538463
0.5291005291005291
-0.42105263157895334
-0.21141649048624592
-1.9067796610169612
1.5118790496760321
0.4255319148936231
0.7415254237288015
-2.6288117770767614
3.455723542116634
-1.1482254697285954
1.1615628299894343
-4.070981210855941
0.6528835690968382
-0.9729729729729791
0
-0.2183406113536994
-0.10940919037200057
0.2190580503833547
2.5136612021857894
-2.8784648187633293
1.0976948408342482
-1.0857763300760044
0.5488474204171241
3.0567685589519775
0
0
1.1652542372881296
0.41884816753927295
0
-1.6684045881126262
-1.2725344644750827
0
0.1074113856068835
2.1459227467811157
-0.9453781512605102
2.014846235418882
1.4553014553014465
-1.5368852459016393
-1.1446409989594115
0.10526315789473085
-3.2597266035751784
2.1739130434782608
0.21276595744681154
1.0615711252653928
3.991596638655459
-3.5353535353535355
-0.5235602094240838
0.9473684210526375
-1.9812304483837389
1.1702127659574408
-1.1566771819137691
-0.6382978723404195
0.7494646680942062
-1.0626992561105209
11.707841031149307
-10.192307692307688
0.8565310492505323
-0.3184713375796148
-2.0234291799787067
2.1739130434782608
-0.7446808510638329
-1.71489817792068
-0.7633587786259572
2.857142857142851
1.495726495726502
-2.4210526315789442
6.580366774541526
-8.097165991902834
2.0925110132158653
-2.3732470334412112
-1.9889502762430908
3.2694475760992012
-1.5283842794759732
-0.4434589800443522
-0.5567928730512249
1.1198208286674132
-2.7685492801771874
-2.847380410022779
-0.5861664712778429
-5.424528301886786
2.244389027431418
-0.3658536585365819
1.1015911872704913
5.569007263922529
0.573394495412844
-1.1402508551881414
-2.076124567474045
-2.2379269729093116
2.4096385542168677
-2.705882352941173
18.5006045949214
-15.306122448979592
-0.12048192771083653
2.291917973461992
0.353773584905657
0
-0.1175088131609804
-2.2352941176470655
0.2406738868832766
-1.2004801920768309
-1.2150668286755772
-0.12300123001229314
1.1083743842364426
-1.4616321559074161
2.595797280593318
-2.0481927710843406
-0.6150061500615006
0
1.2376237623762376
0.4889975550122319
0.7299270072992632
0.3623188405797067
-15.042117930204574
17.84702549575072
0.4807692307692205
-0.47846889952152094
6.730769230769224
-1.4639639639639608
-1.0285714285714351
1.3856812933025437
-3.0751708428246047
0
1.8801410105758034
-1.9607843137254934
-1.0588235294117714
2.259215219976226
-1.5116279069767409
1.534828807556077
0
1.2790697674418539
0.22962112514351649
-5.154639175257732
13.043478260869563
-6.303418803418794
-1.4823261117445805
0.810185185185172
-1.8369690011480992
-0.7017543859649056
-2.0023557126030656
2.5240384615384546
0.35169988276670244
-0.5841121495327103
-1.8801410105757865
-0.5988023952095808
-4.578313253012045
6.944444444444444
3.8961038961038925
-4.772727272727276
0.2386634844868769
-0.11904761904761228
0
-1.4302741358760462
2.055622732769048
-1.658767772511855
0.9638554216867435
-2.983293556085919
-7.749077490774905
9.200000000000008
1.8315018315018314
-1.6786570743405342
1.2195121951219512
-0.12048192771083653
-1.9300361881785384
1.107011070110708
1.5815085158150817
-1.6766467065868331
1.5834348355663965
-2.27817745803358
-2.2085889570552113
4.265997490589701
0.12033694344164685
-0.2403846153846188
-1.5662650602409605
2.9375764993879945
0.35671819262783755
-1.658767772511855
0.3614457831325267
1.68067226890757
-0.47225501770956985
1.5421115065243145
0.11682242990655202
0.8168028004667477
-1.736111111111111
13.898704358068311
-1.2409513960703236
-3.6649214659685865
0
3.0434782608695623
1.2658227848101296
5.833333333333328
0
0.885826771653549
1.4634146341463414
-7.211538461538462
-0.3108808290155411
20.374220374220368
5.181347150259067
-0.08210180623973261
1.3147082990961334
-3.6496350364963503
-2.9461279461279464
-3.989592367736335
-7.4977416440831055
6.640624999999997
1.2820512820512742
6.690777576853532
-0.847457627118644
-3.8461538461538463
-0.9777777777777727
-0.8976660682226212
-1.7210144927536282
0.6451612903225833
-1.739926739926745
5.125815470643057
-2.1276595744680775
1.9927536231883953
-1.4209591474245065
-1.3513513513513513
1.461187214611867
-1.53015301530152
-2.1023765996343795
0.5602240896358623
2.5998142989786417
-3.2579185520361937
-2.0579981290926126
5.921680993314233
0.3606853020739328
-0.8984725965858041
-0.3626473254759669
1.546860782529562
1.7025089605734818
-2.202643171806167
-1.1711711711711685
1.3673655423883317
-0.6294964028777004
-0.7239819004524861
0.27347310847766376
-0.1818181818181844
-0.8196721311475332
-0.5509641873278315
-3.6934441366574333
4.697986577181213
1.6483516483516456
-1.8918918918918868
-1.8365472910927456
1.403180542563143
-1.8450184501845017
3.4774436090225453
-1.9073569482288777
-6.574074074074069
0.19821605550048427
5.341246290801193
-0.4694835680751174
1.7924528301886846
-2.224281742354037
-1.4218009478672986
-3.461538461538456
2.8884462151394334
-2.0329138431752125
0.29644268774703275
-1.477832512315271
2.799999999999997
0
0.09727626459144799
-2.1379980563654057
1.3902681231380252
-1.9588638589618024
4.695304695304698
1.3358778625954253
3.013182674199626
-1.0054844606947062
-0.2770083102493049
0.9259259259259259
-1.834862385321101
0.9345794392523364
-3.6111111111111165
-3.1700288184438015
3.273809523809521
4.610951008645545
-4.499540863177232
2.211538461538459
-0.564440263405451
0.5676442762535424
-1.4111006585136407
-0.38167938931296896
0.19157088122604274
-0.7648183556405327
-0.8670520231213791
-2.0408163265306203
3.075396825396834
-0.3849855630413914
-4.637681159420287
1.0131712259371835
0.30090270812437026
-5.5
4.910052910052911
-0.5648577768811804
-0.304321363359705
0.7529507529507478
1.1512825691779445
0.1397763578274766
-2.3330009970089765
10.044916292364235
-8.515769944341367
1.0951125532346362
-0.8425275827482481
-0.8699170544203919
-0.5714285714285737
-1.5804597701149343
2.794577685088626
-4.3416514505984996
-0.021208907741247108
0.7636826474331766
-0.4631578947368397
-0.782571912013546
-1.8546152206352537
-0.7384882710686279
1.072210065645503
-2.164970772894566
-2.0137198495242234
0.24841915085817395
2.2752872268528903
-2.0925110132158498
2.317210348706398
-1.824978012313101
3.829787234042555
-2.178602243313197
-0.8820286659316396
0.20022246941044783
-1.642984014209596
-0.3611738148984122
-1.6764839148164974
1.3824884792626762
2.181818181818184
0.31138790035587316
0.975609756097556
2.21783047870004
0.40816326530613284
-1.7971758664955142
8.95424836601307
0.6598680263947319
-1.3905442987683807
-4.311039484286867
1.7052631578947417
-0.227696129165803
1.3900414937759222
-2.189482299979538
4.351464435146455
-1.4635124298316038
-0.569684638860633
-1.5756087579291917
4.511434511434515
-0.954843843246477
0.4418557943362098
-0.019996000799836055
0.7600000000000051
0.4366812227074213
-1.3833992094861716
0.9218436873747512
-3.415409054805399
0.6373355263157942
6.087844739530126
0.4236472174080471
1.6874400767018267
0.77314727512728
8.139970059880241
-2.99359750821941
2.6221905101676755
-1.7903702416130733
7.504424778761066
-3.5232136977280217
4.180887372013644
-0.24570024570024337
-3.5303776683087005
-5.446808510638303
8.298829882988299
-0.33244680851063124
-0.13342228152101115
-2.4716098864395524
22.996575342465754
4.441041347626337
8.850973073846975
0.06122948812147583
-6.73112226165708
1.2334339325547985
2.1127673363577384
1.9928915968519842
0.08711885500934337
0.7212136284506321
-2.1481481481481417
0.4415846580873004
-2.8765230498681147
-1.965856182100357
1.0026385224274474
-1.3714733542319713
3.3108197589723214
0.02563773875143702
1.7685505574778873
-1.1459513915123998
11.273885350318464
0.8586147681740126
-0.056753688989781115
-0.06814310051107583
-0.06818956699623602
-1.0007960877971223
-2.8374497415278563
-1.5724757625916272
-1.9819819819819888
0.3553921568627528
-1.0013432653559744
1.5665474281485263
2.5868350740830643
-1.953356221143608
1.1953634387829137
-1.1454480372270708
-1.484610742305359
-1.3109531977456597
-0.5462445685909345
