-0.11904761904761228
-3.098927294398103
-3.9360393603936075
6.786171574903984
-3.117505995203847
-0.3712871287128678
-0.37267080745341263
6.733167082294253
-3.2710280373831746
5.797101449275359
-2.625570776255705
2.22743259085581
-2.408256880733955
1.0575793184488904
-3.604651162790691
1.3268998793727314
-1.7857142857142858
1.8181818181818181
-1.7857142857142858
-3.0303030303030303
3.75
2.0481927710843406
-2.5974025974026005
3.9999999999999964
7.10955710955712
2.067464635473331
-2.558635394456281
2.078774617067824
-3.108252947481234
1.65929203539823
2.9379760609357874
-0.6342494714587679
4.787234042553192
0
-2.5380710659898478
2.916666666666664
-1.4170040485829873
2.4640657084188824
-4.2084168336673375
3.0334728033472866
-3.7563451776649774
1.2658227848101296
-4.895833333333337
3.504928806133629
-2.222222222222216
-0.432900432900439
1.4130434782608665
1.8220793140407319
7.999999999999994
1.9493177387914231
-5.258126195028681
-1.0090817356205852
1.3251783893985845
1.6096579476861108
-1.8811881188118869
-1.9172552976791035
-0.6172839506172927
4.2443064182194705
-0.5958291956305943
-0.09990009990009423
0
2
10.000000000000002
-1.0695187165775426
-5.675675675675674
1.8147086914995143
-2.345215759849906
1.8251681075888624
-5.849056603773587
-0.8016032064128228
-1.8181818181818152
-4.938271604938269
2.8138528138528076
3.1578947368421053
0.9183673469387813
0
0.3033367037411498
0
0.8064516129032229
2.9000000000000057
0.5830903790087408
0
-1.4492753623188406
1.8627450980392213
-1.8286814244465885
-0.8823529411764761
-1.5825914935707166
2.4120603015075432
-1.2757605495584017
-0.5964214711729566
-0.29999999999999716
1.6048144433299842
-0.6910167818361331
2.0874751491053765
-2.726387536514116
0.1001001001000944
-0.20000000000000284
-1.8036072144288549
1.530612244897959
1.4070351758794026
-3.2705649157581873
-0.10245901639343681
1.8461538461538431
1.2084592145015134
-1.5920398009950192
5.15672396359959
-0.2884615384615357
2.217936354869814
-0.28301886792452563
-1.6083254493850547
4.423076923076918
1.2891344383057144
5.727272727272725
0.343938091143599
4.5415595544130225
1.639344262295082
0.9677419354838732
3.0351437699680486
-5.658914728682169
-1.6433853738701725
0.9189640768588089
-0.6622516556291367
-1.416666666666669
0
-3.6348267117497866
1.6666666666666716
-3.106125970664373
3.2056990204808624
-1.380500431406392
0.9623797025371903
-3.0329289428076254
0.08936550491509769
0.1785714285714311
1.6042780748663077
-4.385964912280702
-2.1100917431192636
1.4058106841611997
0
6.839186691312376
-3.4602076124567476
8.154121863799292
1.0770505385252669
-5.163934426229506
3.4572169403630078
-3.258145363408526
3.5405872193437036
-4.4203502919099344
1.3089005235602096
-0.7751937984496051
3.2986111111111085
-3.9495798319327755
-0.6999125109361305
1.1453744493392046
0.3484320557491339
-1.822916666666674
-0.08841732979663512
-2.035398230088493
1.535682023486904
-0.9786476868327477
-1.1680143755615429
-1.7272727272727324
0.832562442183169
-1.6513761467889883
-2.61194029850746
1.9157088122605364
2.9135338345864605
-4.566210045662101
1.4354066985645932
0
-1.9811320754716928
3.1761308950914313
3.4514925373134355
-5.3201082055906275
8.38095238095238
-5.184534270650256
1.6682113067655209
-3.281677301732004
3.5815268614514717
-6.00545950864423
-0.29041626331074266
1.6504854368932067
3.5339063992359145
-1.568265682656829
2.4367385192127404
-3.9341262580054868
2.5714285714285743
-3.0640668523676853
-1.1494252873563244
1.5503875968992193
-0.38167938931296896
-1.6283524904214586
4.186952288218108
0.09345794392522833
-0.09337068160597042
-1.9626168224299012
1.0486177311725398
-3.8679245283018813
-0.8832188420019682
1.188118811881191
0
0.6849315068493178
0.8746355685131112
-0.8670520231213791
0
-1.4577259475218658
1.77514792899408
-3.1976744186046484
-1.3013013013013126
2.028397565922921
-0.4970178926441352
-2.297702297702295
1.9427402862985743
-0.7021063189568735
4.949494949494955
-3.849855630413859
1.2012012012011897
-0.49455984174085066
1.3916500994035843
-1.3725490196078487
-2.1868787276341837
6.504065040650397
0
2.0992366412213768
-0.4672897196261682
-2.065727699530519
3.1639501438159128
-1.486988847583638
-1.8867924528301887
1.2499999999999973
-0.09496676163342291
-0.4752851711026616
1.050620821394455
-2.5519848771266567
2.0368574199806098
-3.0418250950570367
0.1960784313725518
2.250489236790604
-0.6698564593301463
-0.6743737957610818
1.8428709990300736
0.38095238095238637
1.3282732447817756
-2.434456928838946
1.5355086372360789
-0.09451795841209293
0.2838221381267712
0.18867924528302155
-0.18832391713747912
-3.2075471698113263
5.847953216374269
-4.235727440147325
2.788461538461544
-5.425631431244164
4.055390702274984
-6.273764258555142
3.4482758620689715
-5.1960784313725465
-2.2750775594622574
-3.0687830687830746
9.170305676855902
-0.7000000000000028
0.7049345417925507
2.0999999999999943
-1.0773751224289856
1.683168316831686
0.6815968841285325
-0.9671179883945841
2.44140625
-1.525262154432801
1.6456921587608935
-1.1428571428571455
1.8304431599229343
2.5543992431409674
2.7675276752767526
-5.206463195691213
2.2727272727272783
-3.8888888888888915
0
0.7707129094412304
0.09560229445507508
-0.5730659025788047
-1.7291066282420724
1.6617790811339226
0.19230769230769504
0.7677543186180394
-0.7619047619047592
0.2879078694817631
0
0.8612440191387615
1.138519924098661
2.2514071294559153
1.834862385321101
-1.8018018018018018
0.1834862385321127
-0.27472527472527214
1.4692378328741913
-0.6334841628959301
0.5464480874317018
-1.5398550724637705
2.7598896044158234
-3.7600716204118196
0
-2.232558139534889
-1.2369172216936224
1.3487475915221636
0
-2.7566539923954427
6.158357771260995
-5.985267034990792
1.0773751224289996
0.4844961240310077
0.28929604628736466
-1.9230769230769231
3.333333333333339
-5.597722960151808
2.7135678391959828
-0.3913894324853284
-0.7858546168958714
1.8811881188118869
0.5830903790087408
-0.09661835748791721
2.8046421663442858
-3.292568203198495
0.8754863813229627
-1.35004821600772
3.2258064516129004
-4.545454545454543
-2.3809523809523725
0
0
-2.23577235772358
-0.20790020790021085
0.20833333333333628
-0.9355509355509415
0.6295907660021076
9.280500521376423
-10.49618320610687
3.1982942430703627
-5.785123966942143
0.8771929824561372
-1.4130434782608665
0.5512679162072767
-4.385964912280701
7.339449541284393
-5.66239316239316
3.9637599093997737
-3.7037037037036944
-0.4524886877828118
-4.318181818181815
3.6817102137767153
-4.581901489117984
-1.5606242496998766
4.853658536585371
0.9071877180739719
0.4610419548178786
1.3079394217530984
-2.718006795016978
-1.9790454016298054
-1.1638954869358717
4.061523672194179
-3.972286374133947
0.024050024050036353
-5.361865833132974
0.8384146341463371
2.4439405391786315
3.1726512543039997
-6.317044100119203
-0.22900763358777687
1.7342514664626363
2.0305841062923093
-3.0466830466830515
2.4835276229092673
-3.907022749752716
-1.9042717447246578
1.4952780692549852
-1.4474024295683514
-1.3637555730396094
0
5.0252592395639475
3.2658227848101244
-1.7651385143417477
0
-4.7666583478912
3.904612159329146
-4.968474148802015
3.2112526539278154
-3.9598868603754154
4.41767068273092
-7.307692307692311
0.276625172890737
2.7862068965517186
0.912506709608168
-0.1861702127659582
0
3.277378097521974
-0.6707946336429258
1.8701298701298672
4.411014788373289
0.9523809523809537
6.071601354620217
-3.078677309007985
-0.47058823529412436
-0.9456264775413679
2.291169451073988
-3.7564162389174043
-0.24242424242424587
1.5552855407047401
-0.09571667863124945
-1.2455089820359357
-0.43657530924084337
-3.8733252131546805
2.8890015205271173
-2.093596059113304
0
0.40251572327043167
0
0.2255073916311787
2.2499999999999964
-2.567237163814174
-1.8820577164366372
1.739130434782608
0.5027652086475508
-2.801400700350169
0.10293360782295201
2.5192802056555372
0
-0.20060180541626227
0
-1.1306532663316478
0
0.025412960609906
-0.15243902439024967
1.4249363867684537
-0.02508780732563475
-2.9109159347553417
1.0597053502197047
3.6828644501278713
-0.5920078934385841
2.8287841191067016
3.6438223938224064
-3.259604190919687
0.12033694344164685
-0.1923076923076882
3.299614643545273
-4.313359757519239
2.314814814814822
0.238151940938322
1.8769303872653815
-2.985074626865674
-2.620192307692316
2.986916810664036
0
-2.3729626078619415
1.1539405843358852
0.703883495145629
-1.1810074716799277
1.3170731707317052
0
-0.3851709195955623
1.3774770420492999
-1.2157330154946486
0
-0.31370656370655275
1.6702977487291157
0.9761904761904681
1.3911813251591687
-0.9999999999999993
-2.278599953018555
-2.2355769230769225
-1.4015244652077705
-1.2219451371571122
1.237061348144413
1.5960099750623455
0.1472754050073519
0.2696078431372535
