-2.461538461538464
-1.419558359621449
-3.519999999999996
0
-3.9800995024875654
-1.2089810017271205
-1.9230769230769131
3.7433155080213893
-6.872852233676982
4.612546125461255
0.35273368606702754
0
4.920913884007018
4.857621440536014
0
4.952076677316302
-3.5007610350076166
-3.943217665615142
0
2.9556650246305374
-7.336523125996811
4.991394148020655
-2.622950819672119
4.882154882154882
-6.099518459069033
0
-0.5128205128205019
0
-1.8900343642611739
2.977232924693519
0
1.5306122448979569
3.3500837520938056
-1.1345218800648345
6.065573770491806
-0.3091190108191588
4.651162790697671
4.740740740740745
0.14144271570013842
0
-4.943502824858752
1.337295690936105
1.1730205278592385
0
0.2898550724637619
-0.7225433526011535
-2.183406113537123
4.910714285714287
-6.6666666666666625
0
1.0638297872340468
0.3007518796992417
-4.7976011994003045
-2.677165354330708
1.1326860841423996
-3.200000000000003
0.49586776859504544
4.769736842105264
-1.0989010989011034
4.603174603174604
-1.0622154779969695
1.3803680981595208
-1.9667170953101345
4.629629629629626
0
4.719764011799401
-6.760563380281685
4.682779456193347
-5.194805194805187
5.022831050228311
-4.782608695652175
0
9.893455098934542
9.556786703601114
0.37926675094817003
-3.0226700251889196
-6.753246753246759
2.646239554317554
-4.613297150610581
4.69416785206259
1.4945652173912967
4.685408299866139
-5.626598465473151
-7.181571815718161
4.233576642335767
2.6610644257703138
-1.6371077762619386
0
-3.8834951456310716
-8.080808080808074
10.361067503924648
0
-1.9914651493598943
-1.3062409288824364
0.7352941176470562
0
-2.1897810218978027
-0.7462686567164153
-0.9022556390977517
-2.124430955993925
2.480620155038762
-0.1512859304084822
4.5454545454545565
-1.4492753623188481
0
-2.941176470588238
5.303030303030312
-2.1582733812949693
1.617647058823534
-0.8683068017366208
1.8978102189781136
7.020057306590247
-6.291834002677373
2.571428571428567
-4.45682451253481
9.912536443148683
-8.488063660477449
2.8985507246376705
-3.5211267605633805
0
2.043795620437965
0
1.5736766809728102
-2.8169014084506943
-2.028985507246385
-0.14792899408283708
3.7037037037037037
-3.5714285714285716
3.8518518518518485
-2.282453637660487
-0.8759124087591185
3.829160530191455
-0.4255319148936206
-2.991452991452991
-2.055800293685752
-8.545727136431788
8.196721311475411
-1.5151515151515098
-2.153846153846149
-2.5157232704402537
0.4838709677419395
4.333868378812192
-1.6923076923076972
4.694835680751185
-3.7369207772795217
-3.7267080745341645
2.258064516129027
4.731861198738168
-4.668674698795175
-3.6334913112164364
2.9508196721311575
4.617834394904459
-2.891933028919336
-5.64263322884013
3.3222591362126277
4.662379421221866
-5.3763440860215
-0.9740259740259821
-2.131147540983605
-8.375209380234507
6.0329067641681915
-5.172413793103446
5.4545454545454515
-6.896551724137922
5.925925925925914
-2.7972027972027997
4.316546762589932
-6.724137931034478
15.89648798521256
8.133971291866041
-7.52212389380532
-1.913875598086112
3.4146341463414625
0
1.729559748427664
-6.027820710973721
4.4407894736842035
-2.3622047244094406
1.6129032258064457
-4.761904761904759
4.166666666666667
-1.5999999999999943
-1.1382113821138258
-1.3157894736842117
1.6666666666666607
-8.196721311475411
8.928571428571429
0
-0.8196721311475381
-0.8264462809917327
0.8333333333333304
-2.479338842975198
1.694915254237282
-0.8333333333333304
-2.18487394957983
1.3745704467353963
-0.5084745762711906
9.880749574105623
-8.527131782945734
2.542372881355923
-3.471074380165289
3.5958904109589036
-8.760330578512402
2.3550724637681304
-4.424778761061947
4.62962962962963
0.1769911504424741
-4.593639575971728
0.9259259259259226
5.137614678899087
-7.329842931937187
-1.1299435028248515
3.428571428571423
-2.9465930018416233
5.502846299810248
-2.8776978417266057
13.148148148148147
3.1096563011456544
0
-2.3809523809523725
-2.2764227642276516
-0.49916805324458174
0.8361204013377896
0
-0.16583747927032627
1.3289036544850512
-0.49180327868851414
9.555189456342669
-7.819548872180457
2.9363784665579074
-3.1695721077654406
0.16366612111292614
-0.3267973856209226
0
20.00000000000001
8.333333333333325
-15.636822194199235
0.14947683109117768
-0.7462686567164153
0
-1.5037593984962485
0
11.450381679389313
6.8493150684931505
0.2564102564102623
0
6.0102301790281185
0.12062726176117688
-1.4457831325301322
-2.200488997555009
-3.500000000000003
-1.5544041450777217
-1.1842105263157876
3.861517976031958
-7.3076923076923
-0.414937759336103
-5.555555555555561
-8.823529411764701
-2.4193548387096833
0
20
9.77961432506887
-8.030112923462983
0
-0.8185538881309754
-1.6506189821182837
-1.398601398601406
0
19.858156028368786
1.893491124260357
-7.200929152148656
-1.7521902377972536
0.509554140127389
-1.5209125475285186
-1.2870012870012826
3.9113428943937394
-2.7603513174403984
0.6451612903225784
-0.6410256410256387
-0.6451612903225784
0.5194805194805199
-0.5167958656330753
0
-2.5974025974025996
1.8666666666666625
-1.7015706806282709
-3.9946737683089193
0.6934812760055454
0.5509641873278242
-1.0958904109589052
9.695290858725764
2.2727272727272694
-4.320987654320984
0
0.25806451612902676
-2.187902187902187
2.105263157894739
-3.350515463917523
2.666666666666669
1.298701298701294
-6.666666666666662
-7.829670329670333
7.302533532041732
-0.694444444444442
-2.657342657342663
0
0.14367816091953717
-13.916786226685792
15.499999999999995
2.4531024531024523
4.366197183098599
2.564102564102557
-3.6842105263157814
-0.9562841530054683
-2.4827586206896513
-0.9900990099009941
-0.28571428571427965
-1.1461318051575942
-0.2898550724637748
-2.6162790697674376
2.53731343283582
-0.1455604075691381
-1.603498542274057
0.7407407407407381
-3.9705882352941115
0.612557427258806
1.2176560121765612
0.7518796992481176
-2.53731343283582
-1.9908116385911163
-0.3125000000000072
-0.470219435736681
11.496062992125992
1.1299435028248597
-1.9553072625698402
-2.421652421652421
-1.0218978102189693
2.5073746312684353
-4.604316546762594
4.67571644042233
-5.04322766570606
-1.3657056145675244
0.7692307692307665
-14.198473282442745
16.19217081850534
1.8376722817764182
-2.2556390977443663
0
-0.30769230769230116
0
-0.4629629629629668
-1.5503875968992331
-0.3149606299212531
2.6856240126382294
-3.2307692307692304
-0.6359300476947541
2.4000000000000057
-12.50000000000001
14.285714285714299
-1.5625000000000082
2.063492063492062
-1.555209953343696
0.9478672985781929
-2.1909233176838763
-0.9599999999999937
4.684975767366721
-6.172839506172845
-2.960526315789469
1.0169491525423662
0.1677852348993253
1.5075376884422087
7.260726072607269
-9.69230769230769
4.599659284497437
-0.6514657980456032
8.196721311475411
-10.454545454545446
-1.861252115059227
3.6206896551724133
1.3311148086522475
4.43349753694582
-5.503144654088059
-0.16638935108152725
0
-1.4999999999999976
9.983079526226732
-9.69230769230769
0
-10.562180579216356
4.190476190476185
0.5484460694698401
-2.7272727272727337
12.336448598130845
-14.97504159733776
22.70058708414871
0
-2.232854864433807
-1.305057096247962
3.3057851239669453
-3.200000000000003
2.975206611570258
0
0.8025682182985525
-0.15923566878981965
-2.0733652312599666
-0.6514657980456032
2.1311475409836196
-0.4815409309791372
-3.7096774193548456
-3.182579564489104
3.1141868512110675
0
1.1744966442953069
-8.623548922056392
9.074410163339383
2.3294509151414404
-3.0894308943089492
4.697986577181212
-5.448717948717946
4.23728813559322
-2.7642276422764214
4.682274247491628
-5.75079872204472
1.5254237288135568
-1.335559265442405
-2.1996615905245327
5.190311418685118
-1.3157894736842117
-0.5000000000000041
4.690117252931327
-3.680000000000007
2.4916943521594743
-2.2690437601296547
-0.4975124378109494
-0.5000000000000041
-1.1725293132328207
2.372881355932198
-0.6622516556291397
1.8333333333333386
-2.1276595744680833
0
3.3444816053511586
-3.074433656957921
-1.6694490818030139
0.3395585738539977
-1.861252115059227
2.0689655172413812
-0.6756756756756763
0.17006802721088074
0.1697792869270064
-1.1864406779661065
-12.521440823327623
14.509803921568635
-1.8835616438356066
-0.8726003490401519
2.992957746478872
-3.7606837606837566
4.618117229129659
-2.207130730050932
1.0416666666666754
-0.6872852233676982
2.4221453287197177
-1.8581081081081134
1.8932874354561158
-1.8581081081081134
-12.220309810671257
14.509803921568635
-0.6849315068493157
2.2413793103448256
