-2.5139664804469235
0
-4.0114613180515795
0.2985074626865608
0.8928571428571503
1.4749262536873102
-5.523255813953487
1.538461538461533
-2.1212121212121167
2.167182662538695
-0.3030303030302966
3.039513677811553
1.4749262536873102
2.325581395348839
-5.96590909090909
-2.7190332326283944
4.658385093167698
-1.4836795252225599
2.40963855421687
-0.29411764705881727
-3.2448377581121037
1.2195121951219523
1.8072289156626522
0.5917159763313615
-0.8823529411764649
0.5934718100890213
-1.4749262536873233
0.8982035928143788
1.7804154302670638
2.0408163265306074
2.85714285714286
-1.3888888888888962
6.47887323943662
4.232804232804237
0.50761421319797
4.797979797979808
-6.987951807228927
0
-4.663212435233153
-0.8152173913043546
0.8219178082191849
0.5434782608695656
4.324324324324316
2.590673575129536
1.7676767676767748
3.4739454094292723
-5.995203836930456
0.2551020408163324
-0.2544529262086573
0
0.2551020408163324
0.25445292620864596
-1.7766497461928894
0
-2.8423772609819205
0
1.3297872340425603
0.26246719160104426
-2.356020942408373
1.8766756032171539
2.6315789473684235
1.7948717948718023
0.5037783375314866
-1.253132832080207
-0.50761421319797
0.5102040816326535
-3.55329949238579
0
-0.2631578947368365
0.2638522427440577
4.473684210526326
0.7556675062972242
-4.5000000000000036
0.5235602094240842
-1.8229166666666625
1.0610079575596827
0.5249343832021002
0.26109660574411975
-0.26041666666666113
0.5221932114882512
-0.7792207792207857
0
4.188481675392674
0
1.2562814070351827
1.2406947890818814
-2.9411764705882377
-1.010101010101011
0.5102040816326535
-1.01522842639594
1.5384615384615399
0
2.525252525252516
-0.4926108374384132
-0.990099009900991
0
1.0000000000000009
-2.970297029702973
0.5102040816326535
0
0.7614213197969606
-1.0075566750629732
5.852417302798982
4.807692307692312
0
4.816513761467888
0
3.9387308533916783
-0.8421052631578955
-2.5477707006369448
7.625272331154696
4.858299595141687
0
4.826254826254827
-5.340699815837938
0.1945525291828925
4.660194174757268
3.710575139146571
-0.7155635062611814
-2.162162162162164
-2.7624309392265096
-2.46212121212121
-2.524271844660209
-2.191235059760945
1.6293279022403273
-1.2024048096192483
-3.651115618661252
0
-3.368421052631582
-0.6535947712418355
-1.9736842105263128
-0.44742729306486745
5.393258426966296
2.3454157782515868
-4.791666666666657
-0.6564551422319529
-4.185022026431727
-1.1494252873563178
-0.46511627906975755
-0.9345794392523372
1.6509433962264008
0.9280742459396761
-1.6091954022988368
0.7009345794392373
1.3921113689095244
-2.288329519450813
1.639344262295089
0.9216589861751161
-1.1415525114155212
0.23094688221708515
1.3824884792626844
-0.6818181818181874
5.720823798627002
1.7316017316017331
3.191489361702116
0
-4.9484536082474095
-1.5184381778741927
-1.7621145374449354
-1.1210762331838526
0
1.5873015873015937
-1.1160714285714444
-1.805869074492101
1.3793103448275978
-0.22675736961450763
-0.2272727272727426
0
-4.100227790432796
-0.9501187648456065
-0.7194244604316606
0.24154589371982307
1.445783132530111
0.9501187648456065
-0.7058823529411823
0.9478672985782
1.6431924882629176
1.616628175519637
-2.500000000000007
-0.46620046620047695
-1.170960187353626
0
-0.9478672985782
0.2392344497607817
0.2386634844868684
0
-2.1428571428571392
-0.24330900243310644
0.24390243902440673
-0.9732360097323609
0.9828009828009836
0.24330900243308481
4.611650485436881
0.46403712296984834
-2.3094688221708926
-0.23640661938535873
-1.6587677725118342
1.445783132530111
-0.7125890736342102
0
-0.47846889952152094
0
-0.7211538461538521
0.24213075060532172
-0.24154589371980165
-0.24213075060532172
-0.7281553398058312
0
-0.7334963325183436
-0.9852216748768483
0.9950248756218916
0
2.709359605911338
0.9592326139088738
-1.4251781472683993
-0.24096385542170298
-0.7246376811594049
0.7299270072992544
0.7246376811594264
0
0.4796163069544475
-0.477326968973758
0.23980815347721313
0
-0.23923444976076047
-0.23980815347721313
3.3653846153846074
-0.9302325581395358
3.990610328638496
0.6772009029345429
-2.9147982062780247
-0.4618937644341908
1.6241299303944383
-0.6849315068493208
-2.758620689655155
0.7092198581560132
-2.112676056338025
0.23980815347721313
-1.9138755980861262
-1.463414634146332
2.7227722772277305
0.24096385542168158
-0.48076923076924183
0.4830917874396247
3.3653846153846074
0
-2.5581395348837077
-0.2386634844868896
-0.9569377990430631
0.24154589371982307
2.409638554216859
0
-1.6470588235294183
0.2392344497607817
-3.818615751789979
0.7444168734491156
-3.940886699507382
-1.5384615384615399
0.7812500000000066
-1.2919896640826942
3.4031413612565533
1.265822784810122
-1.749999999999996
-0.7633587786259605
1.2820512820512888
-1.0126582278481022
1.2787723785166194
0.25252525252525837
-0.5037783375314866
0
2.278481012658224
0
0
0.24752475247524225
-1.9753086419752994
0.7556675062972242
-0.7499999999999951
0.2518891687657377
-1.2562814070351713
0.25445292620864596
0.25380710659899064
-0.5063291139240511
-1.781170483460567
-0.7772020725388551
1.0443864229765023
0.25839793281653195
-0.5154639175257737
0.5181347150259072
1.8041237113402135
-0.25316455696203116
1.01522842639594
0.7537688442211006
-1.745635910224435
-0.50761421319797
-0.5102040816326535
-1.5384615384615399
1.5625000000000016
-0.5128205128205133
2.061855670103095
0.7575757575757639
-2.2556390977443685
-1.5384615384615399
-0.26041666666666113
0.5221932114882512
-2.0779220779220795
-0.5305039787798413
-2.133333333333335
-1.0899182561307912
1.3774104683195667
0.5434782608695656
2.9729729729729693
1.3123359580052447
-3.367875647668391
-0.8042895442359197
0
0
-1.081081081081082
1.092896174863389
-0.8108108108108175
0.27247956403270385
-0.27173913043478887
-0.5449591280653956
0
-0.5479452054794526
0.5509641873278242
0.5479452054794526
-0.5449591280653956
0.5479452054794526
-1.9073569482288786
0.8333333333333279
-2.754820936639121
-1.6997167138810088
1.7291066282420635
-0.2832861189801639
0
-0.8522727272727217
0.5730659025787843
0
-3.1339031339031305
-0.29411764705881727
-0.29498525073746995
0
-2.366863905325446
-0.3030303030302966
-0.6079027355623106
0.3058103975535103
8.841463414634148
-0.5602240896358549
-3.943661971830977
0.29325513196480313
-1.1695906432748548
-0.29585798816567416
3.857566765578632
0.8571428571428515
-1.1331444759206684
0
-0.8595988538682019
0.8670520231213945
-0.28653295128940487
-0.8620689655172358
3.7681159420289823
0.5586592178770955
-1.9444444444444522
-1.1331444759206684
1.1461318051575813
-1.9830028328611853
-2.0231213872832323
0.8849557522123835
-1.7543859649122824
0.8928571428571503
-1.7699115044247802
2.4024024024024047
-2.932551319648096
-0.3021148036253846
0.6060606060606066
0
-3.012048192771074
0.6211180124223608
-1.543209876543218
-0.9404388714733481
1.8987341772151916
-1.2422360248447215
-0.9433962264151021
0.3174603174603248
-2.531645569620255
-0.32467532467533217
-6.840390879478827
2.0979020979020997
-2.3972602739725972
-1.052631578947377
3.1914893617021387
0.34364261168384147
1.0273972602739811
0.6779661016949158
6.734006734006724
1.5772870662460652
2.4844720496894293
0
0.9090909090909167
1.8018018018018034
-2.654867256637177
0
0.9090909090909167
1.2012012012012023
-1.7804154302670638
0.3021148036253712
0.3012048192771154
-0.6006006006006012
-0.9063444108761405
0.30487804878049485
-6.382978723404254
-0.32467532467533217
0.9771986970684121
0
-0.967741935483879
0.32573289902280883
-0.6493506493506499
-0.3267973856209226
-0.6557377049180334
0
0.9900990099009984
-0.3267973856209226
0.6557377049180334
0
0.6514657980456032
0
0.647249190938512
0.6430868167202578
0
0
1.5974440894568775
0
7.232704402515723
-1.1730205278592385
-3.2640949554896235
0.3067484662576758
-1.5290519877675786
0.9316770186335342
-2.153846153846149
0
0.9433962264150881
0.6230529595015581
-1.2383900928792582
-0.6269592476489034
0.31545741324921867
0
-0.3144654088050387
0
-0.3154574132492046
0.6329113924050638
-0.6289308176100634
-0.31645569620253894
-0.9523809523809462
0
-1.602564102564111
0
0
-1.3029315960912065
3.3003300330033034
-0.6389776357827482
1.6077170418006517
0.9493670886075887
-0.9404388714733481
0.3164556962025249
-1.2618296529968467
-0.319488817891367
1.282051282051283
0
0.6329113924050638
