0.1492537313432751
-4.321907600596113
-0.7009345794392567
-1.1764705882352942
-2.698412698412703
-0.4893964110929807
-0.4918032786885199
1.2355848434925865
-5.777054515866565
0
4.922279792746116
1.893004115226335
-1.7770597738287583
-2.3026315789473664
-1.0942760942760918
-3.7446808510638347
-1.2378426171529544
-0.8057296329453945
-1.6245487364620914
-2.7522935779816513
1.3207547169811373
1.024208566108002
-2.58064516129032
-0.18921475875118526
4.928909952606637
2.2583559168925023
2.6501766784452294
1.1187607573149716
3.8297872340425534
4.999999999999996
0
0.46838407494144757
-0.777000777000766
1.2529365700861461
-3.712296983758709
-0.40160642570281124
-4.51612903225806
-2.2804054054054075
0.08643042350907028
0
-4.576856649395507
-0.5429864253393614
5.459508644222019
0
4.918032786885236
0.493421052631586
3.600654664484445
0.7109004739336539
-2.196078431372547
0.2405773857257395
-2.4
0
-3.6065573770491848
-2.040816326530605
-0.17361111111111358
-1.0434782608695676
6.063268892794381
4.142502071251036
0.7159904534606137
-0.47393364928909504
0.7936507936507936
0
-2.5984251968503913
1.293451899757473
-1.2769353551476412
-0.16168148746968702
-3.886639676113358
0
-2.443133951137326
1.2953367875647668
-0.42625745950554134
0.1712328767123312
-0.9401709401709353
-3.106125970664373
0.8904719501335708
-2.736098852603702
7.894736842105265
2.607232968881408
0.7377049180327916
0
-0.1627339300244124
0.24449877750611015
-4.634146341463416
-1.0230179028133017
-1.5503875968992225
-2.3622047244094513
-1.5232974910394164
-0.3639672429481398
-1.6438356164383536
-1.9498607242339911
0.5681818181818263
1.4124293785310733
1.1142061281337075
1.193755739210282
3.7205081669691418
4.98687664041995
0
5
0
5.000000000000009
0
4.98866213151927
0
4.9676025917926605
0
4.938271604938263
0
4.967320261437905
0
4.981320049813201
0
4.982206405693954
0
3.1073446327683616
-5.863013698630131
4.947613504074505
0
4.9916805324459235
0
4.965662968832529
0
4.982385505787622
0
3.40364333652924
1.5299026425591151
4.977168949771691
0
4.958677685950415
0
3.6054703688354697
1.3200000000000045
2.4871693643900556
2.4268104776579174
4.550582925912006
-9.100719424460435
-4.986149584487533
0
-4.997917534360683
0
-4.9978079789566
0
-1.9843101061375095
-2.4482109227872018
-0.3861003861003779
5.377906976744184
1.1954022988505721
1.9082235347569365
3.7895675434685687
-8.462199312714784
-1.4547160957297018
2.285714285714291
-1.9553072625698402
2.9439696106362856
-1.706642066420672
6.8043172219615204
4.964850615114241
-0.04185851820845304
1.926298157453934
-6.162695152013147
0.5691768826619891
-4.092294296909002
3.540626418520192
-7.540552389302933
-0.7112375533428165
1.5281757402101186
2.5399811853245557
-2.293577981651376
2.347417840375587
-4.678899082568802
-0.04812319538018418
-4.429465575349056
-0.7052896725440835
1.217656012176563
-0.65162907268171
1.3118062563067725
1.6932270916334546
-6.317335945151801
0.8886565603763662
4.041450777202078
4.9800796812749
0
0.8064516129032203
-3.2000000000000055
0
0.6319883325230975
0.43478260869565494
-2.8379028379028406
0
0.6435643564356492
0.4426955238563587
-2.840352595494605
0.25201612903225806
-0.2513826043237808
2.5201612903225805
2.4090462143559517
3.5045607297167463
-1.948051948051943
3.3585619678334884
-0.9153318077803204
4.988452655889151
-7.039155301363836
1.13582584003785
-2.901263453439396
-1.493975903614455
-0.5381604696673162
2.8037383177570034
-2.2009569377990403
0.7338551859099804
-3.011170471102485
0
-2.40360540811216
1.590559261159566
-2.0202020202020203
0.10309278350514878
-1.4933058702368576
0
0
0.052273915316254214
1.9331243469174444
-0.973859559200413
0.36231884057971897
-0.15471892728211004
-0.41322314049585895
2.6970954356846413
2.222222222222225
4.990118577075096
0
1.6000000000000028
-2.362204724409446
0.5218216318785551
-2.8787163756488883
-0.8260447035957322
-0.3429691327780444
1.081612586037359
-1.4591439688715955
0.5923000987166915
-0.8832188420019682
0.49504950495049505
-1.4285714285714313
0.449775112443781
0.4975124378109453
0.9900990099009901
-1.9117647058823557
-0.2998500749625159
-0.8020050125313255
0.9095502779181318
2.253380070105158
-1.0284035259549433
-1.088570014844131
1.2006003001500778
-0.5437469105289287
0.39761431411531384
0.14851485148515414
-0.049431537320821915
-4.648862512363985
0.051867219917009495
-4.76931052358736
-4.6815459989112655
-0.28555111364934327
-4.29553264604811
9.634949132256132
-0.1091703056768497
-2.950819672131151
4.504504504504505
0.4310344827586268
0
1.2339055793991325
0
-0.6359300476947476
0.42666666666667274
-0.849707912904951
-0.7498660953401057
0.43173232595789685
0.21493820526598909
-2.091152815013408
1.8072289156626569
-3.926842388380856
1.1198208286674132
-1.8826135105204904
0.5079006772009061
-0.1684446939921297
0.0562429696287932
-1.911186059584039
2.5214899713467083
-4.695360536612636
4.9853372434017595
0
3.910614525139665
1.0215053763440891
4.789781798829164
-2.183849669883195
1.0384215991692627
-5.190133607399791
0.16260162601626632
2.3268398268398176
-0.6345848757271225
-0.9579563597658389
-1.0209564750134368
1.0314875135722072
1.8269747447608844
-2.638522427440633
-1.084010840108401
-3.9452054794520484
-0.7415858528237372
-2.183908045977018
-0.9988249118683835
-4.035608308605348
-3.4013605442176873
-1.6005121638924458
0.585556278464545
-2.8460543337645574
-1.2649800266311435
0.26972353337827193
0.5379959650302699
-0.6688963210702341
-1.6835016835016836
-3.219178082191773
-2.26468506723285
1.0137581462708225
-0.8602150537634327
1.2292118582790952
0.4999999999999919
-0.42643923240937764
0.1427551748751014
1.4967925873128967
0.49157303370785715
-3.5639412997903523
0
-4.202898550724646
-0.6051437216338752
-4.414003044140039
-4.936305732484068
10.38525963149079
4.021244309559926
0.8752735229759424
3.976861894432393
-3.3379694019471566
1.9424460431654595
-6.774876499647139
1.1355034065102196
-6.062874251497002
-0.398406374501992
-2.4799999999999955
0
-0.5742411812961467
-2.4752475247524752
-2.030456852791883
-0.6908462867012065
-1.217391304347831
0
4.929577464788741
2.3489932885906017
2.5901639344262266
4.985618408437208
0
2.0243531202435285
2.909145158884086
4.986952739924612
0
4.9986191659762556
-3.8269331930563
0.013674278681806531
-5.004101722723539
-0.24467472654001396
-2.496032318568755
-2.042024267534767
-3.006042296072521
-1.868867777604728
6.998889065227747
2.966478789676654
1.6565831172572623
-1.5162250247980633
0.6762589928057537
-1.3005573817350244
0.2027222704894303
-2.8179190751445127
1.650557620817843
-0.5266237565827961
-2.1617647058823515
0
-2.0742522170449353
-0.23023791250960196
-0.41538461538460925
1.8075081106133193
-5.690440060698037
-1.8342719227674988
-0.7539747582363561
0.6110652353426995
-4.087327642810246
-1.1637857265103537
6.233766233766236
3.99348003259983
0.9561128526645759
1.2265176214873565
2.024539877300603
0.045099218280218185
4.943651389932391
4.997136311569293
0
-0.3000136369834977
-4.705238681438924
0.4880149275154348
12.58391658334522
1.9918802334432981
-4.527926358999876
-1.8762214983713326
15.243659540565668
-0.7835004032722742
5.051678086168847
-0.30952907362368665
-2.5060989132845477
-0.8075523202911828
3.84130260291252
-2.042844522968207
0.06763611768684734
-1.7010251210994605
-9.546183818473525
-2.4325351577347036
0.6882223087910675
-0.49006964147537996
15.254017625712818
-0.07871359496233822
-1.1816340310600912
-1.765174809247235
2.214236030605143
-2.2229783373029464
1.948729845725562
-1.4108544771873874
2.388920946335826
-2.0513976555455287
1.0241657077100121
1.37828909898621
-0.775280898876402
-0.2377986637979934
-3.2236095346197384
-0.2814919071076813
-1.3290990355210486
0.8940278936702825
-2.5401701323251484
-1.8062795490362407
0.09876543209876333
0.29600394671928326
0.19675356615839992
-1.0800196367206794
1.35235732009926
-1.946382666177015
3.3707865168539364
0.6642512077294652
-0.599880023995201
0.4828002414001276
-4.384384384384391
1.620603015075385
-2.4354061070589674
-0.5321844906234182
2.7770700636942762
-0.7064947942488936
1.0735239046311316
-1.173274052118072
0.3124218945263684
-1.544786346081967
-0.6200177147918448
-1.8079959256429865
0.8428423236514412
1.4530024431014654
-2.2560202788339683
-0.19450207468880404
11.26412888138236
1.2027090144792167
2.2729895004038294
-2.2224729241877244
-5.145955924772133
0.012163970319918643
-0.9973242520068027
0.6633906633906536
-1.598730778618504
