-0.9947643979057621
3.648863035430992
-11.19897959183673
3.5334673944268755
-4.134295227524966
4.109985528219968
-2.446483180428138
-1.6528925619834582
1.941466241669078
1.1938601478112532
1.3483146067415763
0.05543237250554008
10.110803324099724
8.000000000000002
-4.8916841369671555
-3.992162625520453
1.403061224489796
-1.4842767295597428
1.0214504596527068
7.027300303336692
-6.825696740670756
-3.01647655259822
4.809200209095655
1.720698254364084
1.9612650159352785
2.885308968502044
-7.782192100958158
-0.12671059300557524
2.0806901801573177
-1.541138453890129
2.6003534460994584
-0.09842519685038811
2.2167487684729066
2.5301204819277108
-3.172737955346651
-0.4854368932038835
-0.7560975609756153
-3.5881051855492667
-1.4274789701758916
3.284199637962242
-4.131196795192789
-1.2797074954296102
1.693121693121687
0.4162330905307031
-0.12953367875647667
0
1.011673151750967
0
1.1813045711350856
0.6598984771573662
2.0171457387796266
3.7073652990608004
-6.244041944709258
0
-1.6014234875444726
5.3732885559286885
-2.4515812699190977
6.534305101784368
-7.525359754659113
9.183673469387756
-7.523364485981307
4.446690247599789
-3.0237058538945334
4.464953853828894
-3.056351480420251
1.921182266009855
-5.002416626389558
6.817603663190016
-9.21648011431293
2.833158447009447
-1.632653061224484
-4.045643153526977
1.7027027027027057
0.18602179112410008
-0.3978779840848806
2.2902796271637875
-2.473314241083051
-0.6406833956220058
3.707684040838262
-4.766839378238336
3.91730141458106
0
1.3089005235602094
-0.025839793281659622
1.809253036960455
0.12693577050012694
-1.7241379310344713
12.177502579979357
-9.26862925482981
2.1039290240811184
-3.574975173783524
1.956745623069007
-2.752525252525247
4.284601402233186
-4.1085657370517925
2.155284341729409
-0.9659379766141217
-0.025667351129369284
-1.7715019255455655
-0.6795608991113493
1.0789473684210587
0.23431398073417786
-0.15584415584416175
1.4308012486992716
4.206206719671719
-0.12306177701206004
-1.8974864465253791
-3.6925395629238995
5.894627021387591
0
-0.7389162561576355
-5.533498759305213
7.775151037562392
6.458688764318791
-6.5705128205128185
4.851752021563331
-4.229960271091369
2.4890190336749605
-0.5952380952380952
4.910179640718563
-5.0913242009132444
-1.1787346644214522
1.6553067185978605
4.8611111111111
-5.435030828956372
-2.1009418014972336
1.6526887025160448
-0.024265954865329467
-1.1893203883495091
0
-0.5158437730287454
-1.1358024691358082
-0.09990009990009423
0
1.75
-4.496314496314499
1.5693336763570935
0.3039513677811521
-0.9343434343434315
1.4529696660718807
-2.6633165829145784
4.69798657718122
-5.4733727810651
0.8868022952530085
0.36194415718717093
7.135497166409065
-7.573936042317865
-0.10405827263266838
2.3958333333333304
4.1200406917599155
-2.9066927210551974
3.3459119496855374
-1.9474196689386563
-0.1489572989076521
2.2128294380905107
-1.7270737046947269
-1.9306930693069335
8.531044926804647
-10.511627906976742
3.6902286902286874
1.5037593984962405
-0.7407407407407407
1.6666666666666639
-0.17127477367261773
-4.681372549019613
7.971200822833634
-4.501071683734217
-0.24937655860349128
-2.674999999999997
0.3339326997174445
-2.713773681515623
0.026315789473690194
3.314917127071814
1.7061370002546445
0
-0.35052578868301887
-1.7085427135678422
0.07668711656442008
0.6385696040868455
5.279187817258886
-6.894889103182262
1.1910926980839003
-0.43500511770726424
1.7733230531996858
2.222222222222225
2.248023715415011
-0.5556897801401195
0.9718172983479105
-4.13859480269491
-0.1004016064256971
-0.7788944723618147
-3.7477842491769957
0.26308866087871613
1.5219102597743255
-0.41354355130523807
11.056319750843489
-8.55340032717924
3.6544850498338897
-5.004930966469431
0.7007526602647258
-0.05154639175257439
0.05157297576069846
0.5154639175257731
-2.487179487179484
3.602419142782011
1.4974619289340043
-3.625906476619155
0
1.2973533990659056
1.0502049180327928
-0.608365019011401
2.014792144860999
-1.4500000000000028
-1.598173515981738
-0.48981696313482276
-0.8290155440414478
-0.20898641588297057
0.5235602094240838
-3.125
-1.586021505376338
6.528270964217421
2.5641025641025643
-3.575000000000003
3.6816178376976896
-2.800700175043758
2.855672755338313
-0.45022511255628095
0
-0.7537688442211056
1.2658227848101267
0.6500000000000057
1.8132141082960642
-1.195413515491578
0.49382716049382713
-2.211302211302211
0
-1.5075376884422111
0.025510204081638455
-0.43356286661567084
-0.10245901639343681
-0.5128205128205128
3.0670103092783445
-2.475618904726176
-0.30769230769230477
2.5977366255143943
2.933065931311117
-1.2907939600584537
0.17271157167529944
-4.753694581280791
1.3705715024566878
-1.326530612244895
5.894519131334025
-6.665039062500002
0.3662045513994186
-0.26062027625749284
3.3707865168539417
-3.892821031344801
-1.6307206733298234
-0.9358288770053476
3.6167341430499262
0.7293566032821077
-0.18101887768295544
1.8393782383419748
2.3912490460442575
-4.049689440993792
2.5116519937856006
-0.5051780752715332
2.462553947702474
-1.2140733399405437
0.7775269626285485
-2.837232453957201
3.5348360655737734
-3.4388916378030623
1.9728414040481652
-0.3768844221105528
-0.12610340479192939
-3.0303030303030303
3.0989583333333273
-4.950745137661017
4.145628487908574
0.2806838479203937
10.94147582697201
-12.29357798165138
2.981171548117164
-0.27932960893855324
2.2663610898905104
-2.3904382470119576
2.2448979591836764
0.1497005988023867
-1.3452914798206221
-0.22727272727272152
3.5180966843836945
-5.110024449877745
3.066220046379793
-1
-2.4999999999999942
1.6835016835016834
-1.6556291390728475
3.548303548303545
0.9504752376188123
-2.2547076313181424
1.749049429657789
-0.09965122072744825
1.0972568578553559
-3.058707449432654
2.01017811704834
-3.192816163631817
-0.025766555011600807
-1.984536082474224
5.548251380489078
-5.206776283009462
5.124835742444152
-5.099999999999994
5.742887249736553
-6.352765321375188
3.7243947858473
-0.512952038984355
2.088167053364275
-4.595959595959593
3.229221810481733
-0.846153846153849
1.3705715024566878
-2.423469387755102
4.418300653594765
-2.8793189784677016
-3.4287187419437886
-0.5339028296849972
-2.281266774020397
-8.76132930513596
0.5418422636965717
-5.9880239520958085
0.22292993630572885
-1.5570384493168026
18.721755971594575
-14.110929853181085
8.040519151630274
-6.240843832405511
6.062499999999993
-10.90159104301709
3.7698412698412813
-2.4856596558317436
-1.9607843137254901
5.333333333333333
2.025316455696195
-7.382133995037207
11.721366376423308
-4.0767386091127165
4.375
-6.97604790419162
1.0299324106855452
5.861739407454615
5.266325609389106
0.40022870211548806
-0.34168564920273026
-4
-4.166666666666667
11.801242236024844
1.999999999999997
-1.9607843137254872
-8.111111111111109
12.122128174123326
2.0221083850094366
2.2463002114164907
3.3858878263117145
-2.575000000000003
2.4634334103156332
-5.35937891309793
-3.9957660756813884
2.3980154355016507
-1.9919246298788633
-1.5929689645701761
5.498185877756067
-1.5873015873015872
1.8279569892473149
-3.167898627243928
-1.990185387131955
-1.168289290681499
6.191950464396284
-7.182613305062291
5.6539120502569995
1.2432432432432494
-1.2813667912439966
-4.407787993510008
-0.5940594059406005
0.05691519635744038
-0.45506257110353315
-13.828571428571424
2.1220159151193556
-3.5714285714285716
3.0303030303030303
-1.7973856209150327
13.144758735440933
-2.735294117647062
4.021771998790448
3.197674418604651
8.732394366197184
-5.233160621761655
0.7654455986878106
-5.94139989148129
-5.191808479953851
12.53422573775479
3.2711543660448834
-4.502617801047117
6.030701754385965
-2.2750775594622574
-2.9894179894179924
2.5361330788110203
4.787234042553192
-2.360406091370561
2.417468157005462
-1.598984771573607
1.5733814805261859
-7.516505840528192
7.852828116419556
-2.0875763747454146
3.328133125325001
1.0065425264217414
8.545092177379175
-9.364241450539364
0.050645733096998095
-2.0754239433055037
-0.7237012147841703
0.49466284821660433
0
1.0362694300518134
7.6923076923076925
-5.7380952380952435
4.521343773680231
-1.4016433059449036
0
-2.450980392156863
3.5175879396984926
0
0.6796116504854397
-4.773384763741565
0.3291139240506358
-0.07570022710068416
4.44444444444445
0.048355899419726456
1.0149830836152702
-0.6698564593301463
3.9499036608863283
-1.9462465245597853
1.9848771266540723
7.645968489341983
2.324580284115358
17.269667648296178
9.721973094170412
0.24521824423737124
9.801043705153278
-0.34160106935986256
-3.1296572280178836
-7.0923076923076955
-5.116741182314949
-5.061082024432809
-2.187499999999996
12.46006389776357
4.946524064171127
-9.792993630573248
2.3654015887025555
-7.828936023452316
-0.4677268475210477
0.9774436090225649
-1.3030528667163066
4.111655978875887
0
-4.782608695652169
-4.984779299847801
0
