-2.196382428940572
5.217965653896965
-6.214689265536726
1.0040160642570282
-0.132538104705114
3.5832780358327843
-6.470211402946825
6.438356164383565
-5.469755469755469
0.20422055820284746
1.2907608695652213
-0.7377598926894664
4.662162162162166
1.5493867010974858
-3.0514939605848768
-0.26229508196721685
0.3287310979618672
2.6867627785058943
-4.339502233567315
3.33555703802535
-0.1936733376371926
2.069857697283323
-2.091254752851718
0.1294498381876949
0.7110536522301376
0.25673940949934354
0.32010243277848915
1.2763241863433312
-0.945179584120983
1.3358778625954344
0.6277463904582549
-0.24953212726138843
0.18761726078798183
0.06242197253434628
-0.8733624454148506
0.2517306482064227
0.6905210295040768
-1.0598503740648484
-0.6301197227473221
0.887761572606218
0.5656819610308018
0
0.5625000000000036
0.062150403977622316
0.9316770186335404
1.1076923076923146
-0.060864272671955405
-2.2533495736906146
1.183800623052963
0.677339901477829
-0.9174311926605505
1.111111111111118
-1.5262515262515262
0.06199628022318308
0.24783147459727736
-0.6798516687268372
1.6801493466085982
0.7343941248469943
5.467800729040097
1.9585253456221232
-4.124293785310741
0.17678255745433788
2.529411764705889
-0.11474469305795584
3.733486502010339
1.7718715393134092
-1.9586507072905455
0.6104328523862502
-0.5515719801434087
0.1663893510815213
0.5537098560354374
-1.266519823788537
4.0156162855549296
0
-3.2171581769436997
1.8282548476454357
-1.468988030467909
0.8834897846493619
-1.258894362342629
0.33259423503325625
1.8784530386740363
0.8676789587852464
-1.0215053763440891
0.8690928843020067
-0.48465266558964853
1.0822510822510822
2.194860813704494
8.85280251440545
5.486044273339738
2.052919708029197
-6.571300849351806
0.23923444976076555
1.2887828162291115
1.2723845428840797
-2.7454630060493277
1.100478468899527
-0.6625650733554215
-5.764649833253928
7.280080889787652
-0.04712535344014813
-0.8486562942008407
-1.0461245839277304
3.2196059586737227
0
-1.0707635009311038
-0.14117647058824065
1.885014137606032
0.832562442183169
1.9724770642201888
-2.1142600089968586
1.1488970588235294
2.6351658337119543
-2.2576361221779524
-1.9021739130434858
1.7082179132040707
-0.5901044030867051
2.922374429223747
1.597160603371781
17.554585152838424
-1.4115898959881172
7.309721175584038
0.5617977528089768
2.1997206703910654
-2.254868466006138
-3.7399510660608333
-2.287581699346389
-4.3849869936826495
1.5546055188495917
0.6505931879066164
2.547528517110262
-5.26510938079347
1.4872798434442314
-0.03856536829927602
2.4305555555555602
-5.6120527306968
-1.0375099760574598
-3.4677419354838688
0.877192982456138
4.223602484472045
-1.271354787445367
-0.24144869215291523
3.428801936264611
-2.8081123244929755
-1.9662921348314517
0.45026606631190924
-2.118989405052982
1.4154870940882622
1.8472906403940887
1.1285771866183036
-2.7102431247509013
3.0725112658746414
0.03974562798091984
1.2316249503377128
-2.237048665620101
-0.8028904054596547
-0.40469445568595713
-2.2754977651361212
-1.7879417879417927
4.741744284504665
-1.5763945028294284
-0.657084188911702
2.190988011575024
-3.155339805825236
0
1.4619883040935673
0.9468917249897006
-0.856443719412722
0.6170300287947347
-4.292722812755519
-0.5553182400683396
-3.9089347079037897
-0.22351363433169424
7.123655913978497
0.37641154328732984
-1.4583333333333333
1.4799154334038056
-2.4166666666666714
0.08539709649872633
-1.834470989761097
0.086918730986535
-2.4750325662179837
-0.13357079252002804
0.6687472135532768
0.5314437555358674
0.9251101321585878
1.9642077695329552
-0.642123287671233
-0.5601034037052921
-0.4332755632582322
0
-1.1749347258485714
-0.8806693086745927
3.6872501110617555
0.3427592116538059
-2.391118701964131
-0.043744531933505824
-1.6192560175054656
1.6903914590747253
-2.2747156605424275
-1.0295434198746694
0.6331976481230238
-1.1235955056179776
-1.0454545454545505
0.1378043178686318
-2.889908256880739
-0.23618327822390175
3.361742424242435
-0.13742556115437993
-0.045871559633024916
-3.6255162918770103
2.476190476190471
0.13940520446097182
-1.2529002320185563
0.2819548872180424
1.5463917525773117
-0.9690816797415757
2.0037278657968365
-0.7766103243490255
2.7624309392265194
0.04480286738352273
1.6121809225257475
0.8373732921992092
1.048951048951039
0
0.5622837370242264
0.2580645161290298
0.858000858000858
0
-0.2552105487026773
1.6631130063965909
4.278523489932881
-0.2011263073209976
-2.9020556227327647
-0.41511000415110005
-0.3751563151313071
-1.2133891213389145
4.913172384582802
1.2111425111021397
-4.1084962106102845
0.6655574043261208
0.2479338842975183
0.04122011541632083
0.9888751545117452
-1.346389228886162
2.7708850289495404
0.9657947686116723
-1.1956954962136308
-1.9766034691407848
-1.3168724279835344
0.667222685571307
2.1955260977630418
-1.7835427644912758
2.9302517540239346
2.566158781074581
-7.075840500390939
-0.7993268826251483
1.0178117048345958
-5.877413937867338
2.2747546833184757
0.13083296990840948
3.1794425087108062
0
2.7015618404390063
0.16440608302506257
-0.7796471070988827
-0.5789909015715491
-0.33277870216306626
0.6260434056761269
1.9908751555371262
0
6.994713298088661
1.0262257696693229
-1.918735891647864
-0.7288070579209733
-2.5888717156105163
4.561681872272919
-6.183611532625194
-1.779215527699153
8.439687114038687
0.6074411541382015
-0.8301886792452787
-1.1035007610350205
0.3462870334744264
0
3.6042944785275983
0.3700962250185048
-4.424778761061947
-0.9645061728395062
1.3634592910011687
0.19215987701767873
-2.4549290372075094
0.11797090051120053
-0.27494108405341267
0.4332414336352872
0.9411764705882264
-0.34965034965034086
-0.9356725146198852
-0.039354584809128026
0.07874015748031049
0
2.6750590086546073
1.8007662835248999
-2.672186676703036
-1.7401392111369018
0.1574183392365233
-0.35363457760314565
-3.3517350157728707
-1.9583843329253297
0.4161464835622139
4.268545379196014
-0.9936406995230525
-0.44158972300280785
-4.274193548387095
0.2527379949452377
-8.025210084033612
-1.0050251256281484
-2.030456852791868
-3.8153556288271417
5.190989226248787
0.6983240223463687
-2.820157189089238
0.7611798287345494
-1.7941454202077485
1.2019230769230769
-0.19002375296912383
0.5711565920990086
-2.508282063416948
-0.631067961165054
-0.4885197850512946
0.7363770250368189
0.1949317738791451
0.04863813229571708
-1.5070491006319857
-0.2961500493583388
-0.6930693069306959
0
0.3489531405782737
1.9870839542970689
-3.214807598636153
2.66733769501762
-2.1078431372549074
3.154732098147227
-3.883495145631068
0.5555555555555527
0.8036162732295301
0.09965122072746241
-4.430064708810356
-1.6145833333333304
1.6940179989412327
-0.05205622071837289
-1.8749999999999971
-0.9554140127388595
3.633440514469454
0.4550625711035244
-0.8648203438690304
0.5088794267317425
1.6429014259144485
-1.392701026735798
-0.8865979381443293
1.5082171832743945
2.65396044676709
0.568975843481726
-0.5161290322580606
-1.4067644417839078
1.345881400526222
-1.0983524712930688
-0.20191822311963942
0.1517450682852865
-1.9090909090909096
0.6590464421789729
-0.13299232736572425
0.43023970497848973
-0.12239902080783817
0.6433823529411719
-0.3754439370877629
-0.16296598085150824
-0.0816159967353584
0.18378599142332738
1.53893192009783
-1.9773160694569898
2.1400778210116767
-0.7518796992481203
0.8383838383838367
1.0517880396674317
-1.0309278350515385
-0.3405448717948752
-2.3115577889447207
-0.308641975308639
-1.2383900928792597
0
1.191222570532916
0.18587360594794775
0.5256648113791024
0.4511432379780557
6.859242625293456
0.8405769414461701
0.6346499952638076
-0.385918674698792
0.27402437872059554
-1.4700339238597835
-0.717291507268554
0.6454098834409032
0.612557427258806
1.579147640791473
-0.7960292189548551
0.4720098178042103
-1.1744808794512824
-3.1564936299676813
7.844099744747688
-1.5293582157487418
-0.32356475917537997
0.6770543498423336
2.2938737908797875
-1.4319164265129714
0.44769301050707616
0.6003274513370899
0.678119349005425
0.08980691513247287
4.979811574697171
0.00854700854701292
-0.034185112383562304
0.495853637684875
3.0284985112718013
0
-1.0651473866732775
-0.5842096478050315
-1.6118200134318348
2.0904436860068283
-0.16715419974927107
2.134784428631224
-0.16393442622951052
-0.8620689655172391
-1.739130434782604
0.8428150021070374
-0.4596740493104984
0.755667506297234
-0.916666666666662
0.08410428931875047
-0.3361344537815174
0.4637436762226066
-0.5455308434746166
0.042194092827001824
1.3074652045550377
0.4995836802664518
-1.3256006628003385
-3.4424853064651506
3.782608695652169
-1.8433179723502209
2.731540759709764
-0.04154549231408156
-0.33250207813798127
0.08340283569640894
-0.8749999999999977
0.16813787305590822
1.5107007973143072
-0.9921455146754881
1.3361169102296404
-0.0824062628759739
-0.4536082474226781
-0.5799502899751473
7.041666666666657
-0.7785130400934106
0.11769321302470888
0.3134796238244559
-0.5859375
-1.9646365422396856
2.2044088176352705
-0.705882352941181
0.23696682464455876
-2.7580772261623325
7.536466774716355
-0.5275056518462613
-0.3787878787878788
-1.7490494296578034
2.5541795665634766
