-3.4297520661157073
1.8399657680787385
-10.336134453781511
3.7019681349578284
2.3949389968368653
3.2656663724624915
-4.2307692307692335
1.2940651494868387
-1.1453744493392046
5.169340463458108
-1.5254237288135568
2.2805507745266707
0.37862852334876135
-1.0896898575020932
0.2966101694915206
1.2251795521757523
-0.5425709515859696
0.7553503986571477
-2.6655560183257
-0.34231921266580356
3.1343924431086228
4.079933388842636
-3.1200000000000045
1.1560693641618545
2.2448979591836733
0
-0.7984031936127745
3.8229376257545273
-1.8604651162790742
0.631911532385475
-1.7660910518053374
0.11985617259288171
1.9553072625698347
0.3522504892367817
6.396255850234024
-1.722873900293251
1.8276762402088687
0.3663003663003663
-4.087591240875908
0.380517503805175
2.1607278241091694
1.6326530612244814
-2.628696604600215
-0.5249343832020912
1.0931021485111108
2.1625652498135763
-3.1751824817518206
0.3015454202789338
1.8038331454340302
0.4060538944259959
1.3235294117647143
12.772133526850503
6.402831402831395
1.602661022074391
2.232142857142857
0.14556040756914118
-4.9999999999999964
0.030599755201947947
2.416641174671164
0.35842293906809697
-1.5178571428571497
-0.2719854941069741
3.3333333333333335
-1.466275659824047
0.20833333333332996
-1.3959013959013926
-2.018072289156623
-0.12296341838304153
0.5540166204986186
0.21426385062748352
0.39706780696396193
-0.3954974140553731
0.5192425167990365
0.5773321178972887
0.0604229607250721
-1.358695652173913
2.6936026936026973
-0.44709388971684055
-1.2574850299401164
-1.000606428138269
1.6845329249617151
0.4819277108433803
0.9892086330935115
1.1279311368358598
2.2307014969181167
0.43066322136089574
-3.001715265866209
1.1788977306218684
-2.6216137489076607
0.9871373018247117
-3.4656398104265533
1.8717397974838978
-2.2590361445783134
1.5408320493066257
4.643399089529594
-1.3341067285382897
0.4409171075837743
-5.150717003219189
6.109225547670458
0.8141901715615038
5.595615806172494
0.054629882545749416
7.070707070707065
0.9688934217236134
-4.646464646464641
1.5360169491525302
-1.5127803860198108
0.26483050847457623
-1.241415742208147
0.2941963091735819
0.16000000000000605
-0.42598509052183775
-0.26737967914438504
-0.5361930294906166
-0.7816711590296435
1.820157565878834
-0.2934898612593444
-0.3211131924003181
7.221476510067108
-0.6259389083625438
-1.587301587301576
-1.1264720942140383
-0.8803728638011334
-2.089864158829676
-2.1077908217716206
-2.3712183156173317
3.238414293690682
0.4867495943753411
-1.1840688912809563
0.190631808278864
-5.30035335689046
0
0.9184845005740659
-0.34129692832765796
-1.7979452054794391
-3.51641964545191
-0.18072289156627191
0.21122510561256655
1.7464619090635212
0.5031074282332186
-1.0306242638398115
3.3918476643855926
-2.6762589928057587
-0.23654642223536707
1.3633669235329056
1.7251461988304027
-3.765449841908585
2.240143369175627
0.37978381536664074
0.14551804423748543
2.7608253414705026
0.08484162895926316
5.679570500141289
-1.8716577540106951
-1.771117166212534
-1.7475728155339838
-1.4398644833427345
-2.1483815525637353
1.4929742388758682
0.11537352177676208
7.404206280610772
0.8583690987124433
-0.47872340425532217
0.5077498663816232
2.0739165115660607
0.5470174524615845
-1.16580310880829
0.6028833551769361
3.5956227201667565
-0.40241448692153486
3.5606060606060663
0.9266032674957216
-1.8361923169847707
7.0637460004922445
10.712643678160923
1.4534883720930232
1.4121981170691724
0.8476286579212894
4.602761656994208
1.2052802754926255
0.6616257088846881
0
2.15962441314554
0
-4.466911764705874
0
2.2705406965556962
0.8466603951081844
-1.8283582089552155
-1.3112884834663798
2.618910071249764
-0.6380183899418235
10.576015108593012
0.6831767719897524
3.630195080576756
-0.5729251923391717
-8.297662166611785
2.3159784560143586
-0.8597999649061199
0
-3.9469026548672486
-0.12898470609914234
1.2361623616236246
-1.9136139967195187
5.406911928651041
-0.21152829190903083
-3.762586115527304
-0.07342143906020142
-0.2020573108008859
1.2332044910730804
-2.090909090909091
-0.09285051067780872
0.8921933085501774
1.3264554163596254
-0.5818181818181901
0.3840526700804724
-1.348150847148839
-0.2770083102493075
4.8333333333333375
-0.38862391803569074
0.7980138322397589
-0.14074595355382732
-0.4580690627202295
-0.5309734513274337
-2.775800711743776
0.5856515373352938
-0.34570596797670616
-0.16432353478183145
-0.274323335771763
-1.5220979277461866
0.8566108007448832
-0.9970457902511036
-2.014173815740408
0.8755234107346828
3.547169811320746
0.21865889212828818
-0.36363636363636365
-0.4014598540146068
-6.0461707585196045
0
-1.950078003120114
-0.5171042163882305
4.798080767692934
-0.7058374666158042
-0.09606147934678194
-1.1538461538461537
-1.731517509727622
-0.27717283706197465
-2.6206075044669426
1.9164118246687007
-1.2202440488097552
1.6200891049007695
-2.112395376644086
1.221498371335505
-7.823813354786802
-1.7237617281256892
-5.617229129662513
0.5880969183721477
-5.893358278765211
-0.07455268389660898
5.869186769460324
4.698144233027954
-2.4231545882880887
0.22993791676247413
1.5829318651066837
0.36133694670279265
-0.6750675067506751
0.15858631626643532
0.18095453517302748
0.24836306163920135
3.6036036036036037
2.0652173913043477
-3.130990415335461
-0.19788918205805497
-1.3439083498567892
0.46895935685573154
-2.0893531895976833
0.340522133938706
-2.3303167420814503
1.9226314570303478
-1.3636363636363635
-0.18433179723502566
-1.3388734995383222
0
1.9419747309312148
2.3181087904521513
-2.8488111260654976
-0.6926806742091896
3.0923041153220074
0.7216959855660906
-1.567398119122257
-0.20473157415833348
-0.5698655117392295
0.20632737276479463
-1.418439716312067
-0.55697377581805
1.213535589264875
0.5303204980401225
-0.573394495412844
-1.7301038062283738
0.5868544600938967
-0.32672112018669247
2.3881994848981476
0
-4.802195289275097
-1.2971414845063738
-2.8474081284984156
0.0250501002004065
-0.12521913348359628
0.25075225677031093
3.976988494247118
1.2749579023334163
-2.494061757719715
1.0718635809987764
-2.289708363461075
0.5920078934385876
2.7954879843060265
11.164122137404583
5.879828326180252
-0.2837454398054271
-2.3780487804878025
0.3747657713928818
8.504459655673097
-0.5543873064423585
-0.8458285274894446
-1.124466847615346
-0.4313725490196056
0.03938558487593317
-0.4921259842519685
0.09891196834817013
0.2964426877470356
2.1477832512315227
-2.719907407407401
1.5466983938132086
0.17574692442881804
-0.37037037037036596
1.8391704167481857
0.2689721421709851
-2.1268442230312257
-1.311667971808925
-0.8133306883554895
0
-3.3799999999999955
-1.6352722003726006
1.241582491582499
0.727499480357514
-0.5777961205117645
-0.37359900373599236
-3.7916666666666643
-0.4547423126894809
-0.7831194257124138
0.4165753124314793
6.179039301310046
0.28788813489614995
-2.3580069714988725
0.797984040319196
2.000000000000005
-1.8178104575163467
2.6835864364468556
2.0056726094003197
-3.892750744786499
0.4959702417854999
-1.562821303721987
-0.9818257781491516
-1.8987341772151898
-1.8709677419354813
-1.8847249616480435
-1.5635470180924727
0.43113228953937693
0.7004066877541721
-2.669957370428534
-1.7058552328261951
1.6885553470919432
0.9455719557195493
1.096641535298152
-1.9661016949152517
0.7837713231904051
0.0686184812442844
0.4800000000000052
2.3430391264786063
-1.9782173816403597
1.5419501133786875
-1.2058954890576226
-1.4466546112115681
-2.3623853211009203
0
-2.5604886070002295
0.5062680810028847
0.14391940513313092
-0.07185628742515242
7.478427612655799
0.3568242640499605
3.8444444444444468
0.021399529210350075
4.471544715447163
0.28670899037476494
1.5928119256687792
-1.4874371859296436
2.795347888186082
0.039698292973399885
-1.0515873015873038
0.300782033286545
0.37984806077569655
2.0513841864170392
-0.7220921155347363
-0.9435816787890724
0.8334987100615292
-1.2005510726235038
-2.2509960159362574
-1.5284287752190748
0
0.2483443708609248
1.197357555739061
0.34679722562219273
-0.8538320796909918
0.6766454787779396
1.0386965376782125
0.7861318282604267
-2
0.12244897959184138
7.337953526294333
0.6456513482719288
-1.6037735849056605
1.2464046021093
-1.6856060606060563
-0.3852822192255827
5.685554051440723
-0.8051235132662355
4.334993543626637
0.0707213578500667
-4.487632508833919
-0.09248982611912689
3.1290501758933487
0
-1.4183123877917374
1.620834092150788
-10.286738351254478
0.0998801438274071
-1.8958291758132109
1.1391375101708636
-2.4738535800482726
0.14435966178594464
1.523887973640852
0.6896551724137885
-3.142626913779204
0.24958402662229381
-2.0539419087136883
0.7201864011861845
1.7245005257623531
2.646268348149682
0.7653575025176257
1.4591245252848313
-3.743104806934594
1.023331968890708
-1.337115072933554
-2.0739219712525716
0.3564688613965287
-0.9402423735896364
0.3163889474794347
0.08410428931875047
-0.5672268907563002
-0.6761039509824611
-0.5743458838545087
0.7702182284980793
2.462845010615716
-1.2018234562784937
2.747483221476503
-2.0004082465809256
0.374921891272642
-1.2035692052292912
-1.9533711405167005
-1.0497000856898102
-0.25979649274734545
1.519426958975472
-1.2614924096643099
