-11.37566137566137
5.671641791044772
-12.99435028248587
6.493506493506482
-1.8292682926829096
2.1739130434782474
-3.9513677811550068
8.860759493670876
-9.883720930232554
0.3225806451612949
3.8585209003215297
8.049535603715174
-1.4326647564469914
1.7441860465116321
-3.142857142857147
0.29498525073746734
-0.8823529411764622
0.5934718100890081
-0.5899705014749137
0
-3.264094955489618
0.6134969325153243
-0.6097560975609627
1.2269938650306704
-2.4242424242424154
2.484472049689432
-2.727272727272723
2.8037383177570048
-3.0303030303030303
2.187500000000009
-0.30581039755352113
3.9877300613496844
-1.769911504424783
5.105105105105114
1.7142857142857184
3.932584269662917
-7.297297297297305
6.122448979591842
-4.3956043956043995
3.1609195402298895
-4.456824512534823
0
-0.583090379008734
0.29325513196481356
0.5847953216374144
2.906976744186047
-2.542372881355928
-0.5797101449275445
0.5830903790087547
-0.28985507246377223
-0.5813953488371969
-2.923976608187134
3.3132530120481753
1.457725947521866
-4.022988505747123
-1.1976047904191576
1.2121212121212077
0
2.0958083832335417
-2.932551319648094
1.81268882175227
0.5934718100890081
0.884955752212402
2.339181286549699
-0.857142857142849
-1.440922190201729
0.2923976608186968
1.457725947521866
-3.4482758620689538
-1.1904761904761862
6.927710843373485
4.225352112676056
-3.513513513513506
0
0.5602240896358424
1.1142061281337008
-2.479338842975203
0
1.6949152542372923
-5.555555555555555
5.882352941176471
8.333333333333334
-3.8461538461538463
6.666666666666667
-5.749999999999993
-2.917771883289128
1.9125683060109173
-0.2680965147452931
-4.838709677419366
4.51977401129944
-2.972972972972977
3.6211699164345523
-1.8817204301075343
2.4657534246575303
-1.3368983957219251
1.3550135501355014
-3.208556149732609
3.867403314917123
-5.8510638297872415
-3.672316384180783
4.985337243401747
-2.234636871508372
2.857142857142857
-2.499999999999996
2.849002849002849
4.986149584487527
-5.804749340369382
1.1204481792717047
1.108033240997226
2.1917808219178005
-0.8042895442359174
-1.6216216216216255
0.8241758241758359
0
4.087193460490463
14.65968586387433
-0.6849315068493086
2.068965517241376
-6.081081081081071
-3.3573141486810685
2.9776674937965333
0
-3.373493975903611
-1.2468827930174564
4.040404040404044
6.310679611650471
-7.990867579908676
2.9776674937965333
-4.337349397590355
0.25188916876572875
-0.7537688442210985
3.291139240506322
-3.1862745098039147
5.569620253164564
-8.633093525179858
-4.461942257217855
-0.8241758241758164
3.601108033240989
-0.5347593582887586
0
-3.2258064516129106
-1.6666666666666705
1.6949152542372923
-2.2222222222222143
1.7045454545454382
1.3966480446927376
-2.2038567493112873
1.408450704225352
0.5555555555555635
-1.3812154696132595
4.201680672268907
2.1505376344085945
-1.5789473684210564
-0.2673796791443888
-3.4852546916890006
2.2222222222222143
-5.1630434782608665
6.017191977077368
-2.7027027027027026
0.8333333333333255
-1.1019283746556436
-1.6713091922005612
1.1331444759206961
-1.1204481792717245
0.5665722379603481
-0.8450704225352033
-0.8522727272727393
-0.8595988538681867
1.1560693641618456
4.857142857142866
-5.177111716621268
0.28735632183908455
-0.28653295128940237
0
1.724137931034487
1.1299435028248548
-3.9106145251396613
4.651162790697679
-4.72222222222223
-0.8746355685131113
1.17647058823529
0
0.5813953488372176
1.445086705202312
-2.849002849002849
0.29325513196481356
1.1695906432748495
-0.8670520231213996
-0.583090379008734
0
0.5865102639296063
0
0
2.0408163265306207
-1.7142857142857184
2.034883720930241
-2.56410256410256
0.2923976608186968
-3.206997084548089
-3.012048192771084
23.60248447204967
-1.0050251256281373
-10.406091370558379
3.966005665722396
-4.359673024523164
-0.28490028490028896
0
0.857142857142849
-1.983002832861178
0
-0.2890173410404665
-2.898550724637681
2.089552238805979
2.0467836257309817
-2.292263610315178
-0.5865102639296271
-4.12979351032448
0
3.076923076923077
2.089552238805979
-2.33918128654972
1.796407185628747
-1.7647058823529453
3.592814371257494
-3.179190751445091
-1.7910447761194073
1.2158054711246158
-1.5015015015015016
2.1341463414634236
0
1.492537313432836
2.35294117647058
-4.310344827586207
2.1021021021021107
-2.058823529411773
2.1021021021021107
0
0
-0.8823529411764622
-1.7804154302670663
1.2084592145015063
0.2985074626865714
0
1.4880952380952381
-0.8797653958944406
1.4792899408284026
-0.29154518950435665
-0.5847953216374352
-3.235294117647063
2.735562310030391
-3.550295857988153
4.294478527607358
-1.7647058823529453
0.5988023952095893
-2.3809523809523934
-0.3048780487804705
-2.4464831804281473
0.9404388714733677
-7.763975155279513
-2.0202020202020132
5.154639175257731
6.5359477124183005
-6.134969325153374
5.882352941176461
-3.3950617283950555
0.6389776357827454
0
1.5873015873015872
0.31250000000000444
0.31152647975078324
-3.72670807453417
3.225806451612903
-3.4375000000000044
0.32362459546926026
-3.548387096774198
2.675585284280939
0.6514657980456003
3.236245954692557
-2.8213166144200583
4.193548387096765
-5.263157894736829
2.287581699346403
-1.9169329073482473
-2.605863192182413
5.351170568561878
2.222222222222231
-4.347826086956529
-0.649350649350647
1.3071895424836555
1.9354838709677464
-3.1645569620253164
-0.9803921568627474
1.6501650165016502
-0.9740259740259763
0
2.950819672131143
-4.140127388535023
2.65780730897009
-1.9417475728155271
2.310231023102308
-0.3225806451612949
0
-0.9708737864077578
-0.9803921568627474
1.6501650165016502
1.9480519480519412
-1.5923566878980893
1.9417475728155387
-2.22222222222222
2.5974025974025996
-0.6329113924050722
1.5923566878980893
-4.07523510971786
0
1.3071895424836555
-1.9354838709677464
0.9868421052631603
0.9771986970684062
-0.3225806451612949
0.9708737864077693
0
0.6410256410256387
-1.2738853503184668
-0.3225806451612949
0
3.236245954692557
-4.702194357366771
-0.9868421052631486
3.3222591362126246
0.32154340836012174
-3.2051282051282053
-0.6622516556291367
0.6666666666666643
0.3311258278145742
-0.6600660066006577
2.65780730897009
-3.5598705501618055
2.013422818791939
-1.9736842105263088
-0.33557046979866245
-1.6835016835016836
0.3424657534246624
-4.0955631399317385
-1.0676156583629919
1.4388489208633042
3.191489361702135
-0.3436426116838537
2.0689655172413843
-4.391891891891894
5.6537102473498155
-4.013377926421403
4.181184668989545
-7.023411371237451
5.39568345323741
-5.392491467576797
2.4531024531024523
1.619718309859158
0.8316008316008385
-3.2989690721649514
4.12224591329069
-2.730375426621163
-0.07017543859648973
-2.1769662921348347
3.3022254127781827
-2.988186240444751
1.7191977077363785
-2.8169014084506943
-0.36231884057971525
0.9454545454545511
0.8645533141210318
-2.4285714285714275
2.122986822840404
-9.820788530465943
-3.418124006359298
3.8683127572016365
-0.15847860538826922
0.5555555555555578
2.2099447513812103
-0.540540540540529
0
-1.1645962732919282
5.18460329929301
-5.078416728902163
1.1014948859165916
0.4669260700389144
1.3168086754453907
-7.951070336391444
1.3289036544850512
0.9016393442623051
-0.487408610885463
0.9795918367346875
-2.9911075181891613
0.9999999999999934
2.557755775577562
-0.8045052292839875
2.1897810218978067
17.142857142857142
5.623306233062331
-5.580500320718404
1.9021739130434738
9.666666666666663
0
1.2765957446808562
0
0.24009603841536103
0
6.766467065868258
0.6730229949523332
0.7242339832869026
1.4933628318584244
-5.177111716621268
-1.2643678160919476
2.4447031431897654
-1.9886363636363715
6.608695652173917
-2.120717781402939
-2.8888888888888866
0
-1.4302059496567505
-2.495647127103887
2.738095238095243
0
1.9119351100811024
0.8527572484366036
-1.578354002254778
1.7754868270332114
-4.2768711311198535
4.29159318048205
-4.171364148816226
4.0588235294117725
-3.9005087620124432
-4.235294117647052
3.009828009828
1.371496720333932
0
0
-2.35294117647058
1.506024096385542
-4.332344213649854
4.2183622828784095
-5.297619047619051
3.0169704588309267
-1.281269066503971
0
0.18541409147095883
0
1.4188772362739075
-2.0681265206812642
-1.3043478260869616
2.2655758338577687
-3.138461538461537
0
-2.287166454891991
-0.8452535760728269
-1.0491803278688534
0
-3.379721669980118
-2.2633744855967084
6.666666666666662
3.947368421052641
-3.7974683544303884
-1.6447368421052633
-1.7391304347826073
2.722940776038124
-3.9098740888005294
0
0.9655172413793143
0
0.6147540983606548
-0.5431093007467758
-2.730375426621163
0
0.2105263157894692
1.540616246498604
-1.3793103448275814
