4.365565075479403
-2.2478498827208755
-2.4795040991801707
-4.798031576789005
6.676717639457247
-0.26246719160105214
-0.708502024291498
-1.019367991845056
2.9866117404737382
1.3799999999999955
1.814953639771167
1.181941484208491
3.7725009574875394
2.54659531278835
2.375382400575838
-0.43944454209878714
1.1475988700564972
2.740443358352251
-1.783893985728848
0.3286628610966921
-3.0689655172413715
-0.9249377445748924
-2.0287253141831156
0.38482682792741596
0.5293902884264496
-4.485200653713464
-0.43726235741444003
-3.3416077907198884
-0.11853022520742115
-4.054588607594937
3.009688723974431
-2.541524914948967
-0.2053388090349076
-1.8724279835390993
-0.9016565317676567
-1.7774016081252717
6.893580353295993
3.7887948407900063
1.1650485436893203
3.60844529750479
-3.112263801407921
2.7915869980879586
-2.790178571428571
-0.2104860313815581
-0.5177372962607949
0.4047802621434123
0.7487041658667647
1.7530487804878137
0.6928838951310946
-0.334759159382568
-0.522485538346698
-0.28137310073157007
2.8404815650865354
2.432778489116509
-2.7142857142857224
-0.03671071953009027
10.02570694087404
1.769025367156193
-2.492620531321734
2.186343760511268
-4.015799868334427
2.160493827160478
0.40281973816718547
1.2203276496155055
0.6936416184971174
-6.511399048712488
-1.1403508771929824
2.218278615794144
-2.8993055555555634
1.5376363311282002
0.36978341257264
1.8070175438596412
-3.188006203687748
1.4417942328230728
-1.3862081066853795
1.387900355871878
1.9656019656019736
0.41308089500860196
4.233801851217012
1.9569149810886328
10.887096774193548
0.07272727272727272
-3.4593023255813886
0.8732309545317606
1.104477611940295
0.679067020962507
-3.665689149560117
-0.15220700152207
-4.695121951219505
1.9673704414587259
1.0666666666666595
1.5831134564643872
-0.7028265851795298
0.938605939375292
-2.027439024390237
0.8402053835381946
-2.70020058632927
-1.6809387884554428
2.1451612903225734
2.621190588978371
-0.723188182797343
-0.18598884066956686
1.2267080745341579
-1.3345605154164646
1.0261194029850604
0.03077870113881894
0.7076923076923112
0.09165902841430228
0.2899877899877865
-0.9739765636889327
1.3062855386506838
-0.5006067961165152
1.6313462418051603
-0.24002400240024344
-0.781954887218052
0.1060927553804252
-2.710068130204387
1.1982570806100112
-1.383976626172536
-3.63324497115234
3.236245954692557
3.0564263322884013
-0.12167300380227446
0.030455306837205997
-1.111280255746682
0.06157635467979945
1.5846153846153777
1.1661366045736856
-0.553892215568869
0
1.2795423754327864
-0.3269916765754952
0.9096331643304537
0.4876607063691376
-3.3970588235294152
0.47191353326229607
-5.5454545454545485
0.09624639076035013
-2.5000000000000036
-0.3451676528599643
-0.6762328880092214
3.9189637994021767
0.8628954937679916
1.3783269961977078
-0.250039068604473
-0.3603321322262188
-1.8396226415094412
0.9290405253884461
1.618790668147902
1.811650788692804
1.9941708851050775
1.0678297488344146
1.8898809523809592
-1.5481232656637975
5.637145824061712
1.3762112062912448
-2.3133397977559125
1.0635280771412365
-1.3610214676582075
0.9815078236130835
-0.49302718692773634
1.7836919592299014
-1.877607788595271
-0.38270729978739126
1.7643710870802636
1.3562639821028986
-1.3519106083597676
-0.41952174521046004
-0.4915040022468754
0.9596387242449836
4.417109309477219
1.1512717536813952
-1.1249338274219163
0.16062106813009394
0.9220900708272205
0
0.5693855932203329
0
-0.9479921000658388
1.0235278479330117
-0.9868421052631579
1.06312292358804
-2.6298487836949374
-0.0675219446320054
-2.2837837837837807
0.027658691743871082
-1.1889948845568796
-0.5736672729816737
0.09850830284265856
0.9419372979052504
2.2841225626740917
-0.0272331154684003
-0.19068373740126543
-0.6550218340611292
-2.280219780219783
1.1807703120607222
-1.847735482078349
1.6135881104033938
-1.3233040813483772
0.338791643139466
-0.5768148564997059
-0.9480684873355094
0.11428571428570779
0.45662100456621657
-0.78125
-0.0858983536148923
0.07164350193437455
0.9020618556701129
-0.11352348517100443
0.6535019178860666
-0.6351446718419196
-0.2840909090909091
-1.7378917378917444
-0.01449695563930256
3.4797738147020443
0.8967353229648279
0.16664352173308314
1.5388881186746186
-0.5598033861278021
-0.5904160373472408
-1.3812154696132597
0.6862745098039184
-2.2673529002642865
0.7401081696555553
1.751907318451553
0.8053318522632539
-1.3774104683195592
0
-1.3826815642458068
0.5523296983430077
6.774647887323947
-0.6331618519984261
2.190362405416169
0.2727981293842586
3.7699183832102636
1.2484394506866416
4.056720098643647
0.48583955444958205
-1.1910377358490594
1.6947129729084671
6.900598521300311
0.7904270501701663
-3.256725846857638
0.31524431434361116
0.6734006734006734
0.2898550724637706
-4.568697198755004
-1.2114152591729734
0.2004480603702313
0.1412096963991581
-1.2103407755581614
-0.3092660877839922
9.449946307123247
2.2130164613539813
-8.713737201365193
0.9463722397476367
-3.043981481481476
0
-4.010982451951775
-0.4352692451187663
6.032975268548583
0.8128165861703355
3.5639168029913533
1.0267403813607157
-0.06700915791825136
-0.7599463567277553
-0.6869369369369395
1.1339154099104207
0.8409014463504877
0.6115187903046475
-0.8067189744723123
1.2032085561497274
-0.9467195068251897
-1.9782173816403597
0.7256235827664373
-0.2588923908149431
-2.4150773050445746
1.3068116109633345
-1.6666666666666692
1.4627350824239638
-0.8466819221967937
-0.30002307869836403
-3.0671296296296298
0.9552238805970149
-0.33116499112950376
-0.32039871840513173
0.6190476190476245
0.804543303360146
4.342723004694836
0.7649043869516259
2.377762893503022
-1.177625122669291
-1.7323182169259552
0.7635302043566083
3.0532649877423643
-0.46496539792387054
1.564367191743615
0.09626698042571155
-2.083778585167771
0.4365382516643021
0.2499185048353872
1.2573162800780429
6.604581460072781
0.9639522040365521
1.342615614122327
0.49067713444553485
-3.5937499999999956
-0.7192058346839569
6.5503520048974515
1.3693383127453753
-2.049877196296979
0.3086122094705196
-3.1246995481203625
-0.754267566494643
2.85
0.6514341273699606
-3.1588098918083505
-0.5586034912718227
-3.7516300531648086
-0.35435122459614143
7.27957326639473
0.9944428195378809
-3.7551887247803926
-0.12036108324975381
0.4117292629041999
-0.9200920092009133
4.431210255374974
1.0922095495843982
1.5393441055550154
-0.00941619585686526
-0.4896882945663476
-0.07570739093403563
-3.4188843640496387
0.9903902726024845
-1.3690649577629028
0.6103563693640526
-2.3874755381604675
-0.05012028869286287
-2.637649182629633
0.23691800576844543
2.558832596855408
-0.1102204408817658
-3.9823452703380413
-0.19849561220226608
0.8060295195226679
1.142263759086189
-2.62833675564682
1.8452129902994518
-3.7685060565275887
0.8284023668639102
-2.7208706786171573
-0.6142371394098961
1.6664827281757004
-0.3365175857577098
-2.3853610717786706
0.424012497210439
5.1444444444444395
0.9299376519074362
-0.5549157156318781
0
1.7056222362602702
1.1904761904761905
-2.6700767263427134
-0.7883119613201598
0.09534908358936087
-0.508044030482637
-2.989361702127662
2.631867529334357
-5.2569718987071195
2.627720762377349
-2.0219780219780197
-1.0655002243158367
2.4033556286135282
1.461308535370314
1.0692853246044687
-2.698909640505236
4.216132253411739
0.9581603321622485
-0.010545186122525472
-0.37966673697532405
2.1702307855176795
-0.07253134390219101
2.955205309000415
1.3092960016114412
-4.831494184312557
0.2820432466311549
-3.916666666666669
0.3577623590633205
0.7993950523927813
0.3322259136212649
1.8265327921384222
2.035036190076586
-0.41122648298550424
-0.8671415298854228
3.301051754660007
0.8064516129032258
-0.12999999999999545
-0.9612496245118677
1.4053179658275177
-1.0867397806580237
0.4939018244128593
-1.4744232698094328
3.9091927109844335
1.871264818261968
-3.4045008655510656
2.270011947431309
-2.024922118380069
0.06955484896661819
2.055406613047357
0
-0.019459038723491483
0.5157648890619095
-2.15896989059929
-0.43538491984959204
2.295766249254612
0.9229573496551055
-1.5691182133230608
0.009779951100246723
-0.6454136514766304
-0.13779527559054894
-2.148630001971227
-0.34246575342465524
0.9298564786739484
-0.9413178449829739
1.0210270926000717
0.5703992794956515
1.034825870646764
0.4530234390388047
0.15686274509804143
1.2333594361785456
7.890156642815694
2.7065782398279303
-1.5270506108202444
-0.7443509082853426
-1.3302383715739545
0.4343105320303976
2.225225225225229
-1.2778708028553802
0.7945009819674936
0.11513594898593411
-0.5219391365888261
0.10671409515340556
2.540641378697691
0
-1.6113661959629135
-0.49308796337062044
0.30970710556587916
0.31757233592097184
0.15828350334153662
0.781387181738375
0.7927519818799467
-2.143474503025061
0.5122769828652142
-1.0456942003515017
0.6216144214545778
1.209072456093906
-2.3369375653993685
-0.5892857142857062
-0.08981498113885396
-0.04494786048184106
-2.68009713103698
2.3750115516126096
-0.9478245170608414
1.1027066435797082
3.082747431043791
0.5683805526407836
0.2347621945917786
0.43372657876474674
3.938504059423056
