3.111111111111108
-0.2155172413793134
-8.639308855291578
1.4184397163120601
8.158508158508159
0
-3.2327586206896552
-0.4454342984409705
2.9082774049216935
1.7391304347826024
-0.4273504273504183
0.6437768240343287
-0.21321961620469387
4.700854700854707
-3.8775510204081605
-3.821656050955423
3.7527593818984615
0.21276595744681154
1.2738853503184744
-0.20964360587002392
-1.4705882352941235
0.21321961620469387
-2.3404255319148968
-4.1394335511982545
-2.0454545454545423
1.8561484918793436
2.9612756264237
0
-1.327433628318587
1.345291479820631
1.1061946902654867
-1.7505470459518693
2.449888641425393
0.4347826086956584
-2.1645021645021645
3.0973451327433597
3.2188841201716736
1.871101871101868
-2.857142857142854
-0.21008403361344835
0.21052631578947667
-4.201680672268908
2.6315789473684115
-1.4957264957264866
2.386117136659439
-1.4830508474576332
1.5053763440860277
1.271186440677954
8.158995815899594
0.19342359767890582
-4.826254826254827
5.070993914807302
-7.915057915057904
0
-1.6771488469601765
0
0.21321961620469387
-1.276595744680854
0.6465517241379403
1.070663811563169
-0.423728813559328
0.6382978723404195
-0.4228329809725069
-0.4246284501061631
2.77185501066099
-0.20746887966805272
-1.0395010395010396
1.4705882352941086
2.484472049689447
0.2020202020202049
0.6048387096774136
4.008016032064129
-4.238921001926774
1.0060362173038229
-5.378486055776897
2.7368421052631517
-2.6639344262295026
-2.1052631578947367
20.860215053763447
-7.47330960854093
-3.653846153846151
1.3972055888223467
3.740157480314972
2.46679316888045
12.222222222222225
1.3201320132013155
18.403908794788283
6.0522696011004005
3.6316472114137635
2.6282853566958626
-6.097560975609756
-1.168831168831176
-5.781865965834418
0
4.881450488145049
4.920212765957451
0
0.6337135614702154
4.2821158690176215
4.951690821256049
0
3.5673187571921683
1.3333333333333366
4.934210526315789
-9.404388714733543
-4.267589388696658
9.15662650602409
0
-2.649006622516547
-2.4943310657596403
0.6976744186046445
-2.4249422632794393
0.8284023668639087
0
-4.342723004694839
2.699386503067488
-3.823178016726407
2.608695652173906
-0.9685230024213042
-2.933985330073339
0.8816120906800864
-0.873907615480635
-2.392947103274566
-4.903225806451609
2.7137042062415198
-1.4531043593130892
-0.938337801608564
-1.488497970230052
2.1978021978022095
-2.2849462365591435
-1.7881705639614816
-2.941176470588247
1.1544011544011503
-2.282453637660477
-2.627737226277368
-3.8980509745127563
7.644305772230899
2.3188405797101366
2.549575070821546
-0.8287292817679676
5.849582172701954
1.9736842105263157
2.9677419354838674
0.2506265664160437
4.6250000000000036
-0.5973715651135005
1.081730769230759
-0.11890606420926793
-1.7857142857142858
-1.0909090909090977
-1.5931372549019573
-2.2415940224159367
-0.6369426751592356
0.8974358974359011
-3.303684879288448
-0.657030223390276
-1.3227513227513228
0.8042895442359365
-2.792553191489373
-3.2831737346101115
8.345120226308332
-0.5221932114882396
-3.4120734908136594
-0.40760869565217006
-4.502046384720324
0.5714285714285795
-0.5681818181818262
-2.142857142857143
2.7737226277372344
-1.2784090909090988
-2.44604316546763
-1.622418879056039
3.598200899550212
0
-0.43415340086830273
-1.4534883720930234
1.6224188790560599
-1.4513788098693758
-1.620029455081014
1.6467065868263602
-1.9145802650957455
0.6006006006006092
-1.9402985074626824
-1.6742770167427832
0.30959752321981865
0.9259259259259391
-2.7522935779816575
1.572327044025146
-2.321981424148596
-0.4754358161648245
-4.458598726114645
-5
0
-4.912280701754381
0
-4.98154981549816
0
-4.854368932038835
10.204081632653061
0
-2.9629629629629655
1.5267175572519165
0.18796992481201938
-3.37711069418386
1.1650485436893232
1.151631477927066
-2.0872865275142343
0
4.457364341085266
0.18552875695733104
3.1481481481481532
-1.974865350089769
4.5787545787545785
-0.525394045534158
5.281690140845071
1.6722408026755853
3.1250000000000093
3.189792663476874
0.1545595054095739
0
-3.858024691358025
-2.0866773675762396
0.819672131147541
1.6260162601626016
-2.7200000000000046
-1.9736842105263088
-0.16778523489933123
0
-0.6722689075630228
0
0
-2.3688663282571887
3.812824956672436
2.838063439065113
-5.681818181818182
0.6884681583476739
-0.512820512820508
1.2027491408934634
-5.093378607809847
-0.7155635062611782
-1.0810810810810836
0
4.918032786885251
3.124999999999995
-2.861952861952855
-1.2131715771230551
1.0526315789473708
-1.2152777777777828
1.4059753954305876
0
-1.0398613518197597
3.677758318739057
-4.560810810810815
1.7699115044247788
-6.260869565217393
2.040816326530615
-6.727272727272733
-3.703703703703701
-1.214574898785428
-0.8196721311475381
5.785123966942158
3.124999999999989
1.7045454545454655
0.7448789571694573
4.066543438077626
3.374777975133225
1.546391752577317
-1.522842639593906
-0.8591065292096219
0.17331022530328302
0
4.498269896193774
-6.4569536423841045
2.1238938053097396
-4.679376083188913
3.6363636363636362
-3.8596491228070224
1.0948905109489078
-1.0830324909747318
0
-0.18248175182480716
-2.193784277879347
2.803738317757009
0.1818181818181844
-1.0889292196007285
-1.4678899082568755
-0.37243947858473525
0
0
-0.18691588785046995
0.37453183520599787
0.373134328358201
-2.4163568773234148
1.9047619047619047
-1.8691588785046729
-0.9523809523809523
0.19230769230769504
2.495201535508632
-2.0599250936329616
-0.38240917782025957
-0.9596928982725528
0.7751937984496097
-3.2692307692307745
1.789264413518898
-1.953125
0
-3.7848605577689356
1.8633540372670927
3.048780487804878
4.930966469428007
0
4.887218045112771
0
3.942652329749109
0.8620689655172413
2.5641025641025643
2.333333333333331
3.09446254071661
-7.109004739336493
3.4013605442176873
-6.085526315789466
1.2259194395796773
-2.595155709342561
-0.35523978685612034
3.743315508021393
2.2336769759450124
-2.6890756302521033
0.6908462867012065
-2.915951972555739
-4.240282685512365
-0.7380073800738112
-4.8327137546468295
0
-2.9296875
2.2132796780683988
0.7874015748031609
1.171874999999989
0
-2.509652509652504
0.39603960396040166
-2.366863905325449
-1.0101010101010102
5.918367346938773
4.8169556840077075
0
4.963235294117652
0
4.203152364273202
-8.571428571428573
-1.6544117647058798
6.728971962616825
2.066549912434325
-2.3335621139327376
-1.9676739283204576
-0.2508960573476713
-1.0061085159899303
-0.3629764065335805
2.003642987249547
-3.39285714285714
-2.0332717190388196
1.9622641509433947
0.037009622501856264
-0.9988901220865689
-0.4484304932735463
-0.26276276276276384
-1.166729394053439
-2.2086824067022155
-2.063862928348914
0.8747514910536875
0.7489160425699556
-3.129890453834105
-0.8481421647819097
1.5071283095723054
2.4879614767255114
-3.680501174628026
0.8536585365853548
0.32245062474809294
-2.9730815588589876
2.277432712215324
0.4453441295546536
1.5316404675534163
0
-1.3497419610956722
4.064386317907436
-4.795050270688316
3.1681559707554734
-7.913385826771647
-4.189824711415136
-0.8032128514056213
-2.789023841655425
0
-0.27764923646459383
-1.206496519721585
3.9455143259746355
0.9941256213285243
4.966442953020131
0
4.987212276214826
0
4.953308972797411
-6.576402321083183
-2.691511387163555
3.234042553191496
0.577081615828512
-0.20491803278687362
0.24640657084188386
3.0725112658746414
-4.173290937996823
2.239734549979258
6.2880324543610575
-5.687022900763353
0.16187778227437938
-1.777777777777783
-0.24681201151788862
-0.3298969072164878
0.8688456764584083
-1.4766201804757975
0.16652789342214466
-1.7456359102244312
0.5076142131979737
-0.21043771043771342
3.289751159848155
-4.32829726418946
0.46948356807511493
0.5097706032285514
-1.5215553677092115
11.673819742489265
-0.07686395080706984
-4.269230769230767
-1.5668943350743292
0.20408163265306412
1.7922606924643492
-1.2004801920768193
1.2555690562980912
-0.7999999999999972
4.435483870967733
-4.826254826254827
1.2170385395537555
-0.36072144288577096
-0.24135156878519196
0.5241935483870928
-0.12033694344164114
0.7630522088353465
-0.19928258270227464
-0.1597444089456835
0
0.28000000000000114
-2.951735141603518
1.3152486642005767
1.0547667342799252
-1.3247691690084378
0.7323026851098587
-1.0500807754442711
3.6734693877550963
-4.5669291338582685
5.816831683168317
-10.37037037037037
0.3044802087864301
4.813529921942771
-2.068680182043856
1.2251795521757463
1.7946577629382292
-0.5740057400574029
0
-1.7731958762886586
-0.8396305625524739
1.3971210838272579
-0.208768267223385
-1.1297071129707095
2.4545069826491828
-1.0326311441553078
0.6260434056761209
-0.2488593944421349
0.6652806652806659
1.6935150764147051
