-3.1015037593984967
-1.7458777885547982
-3.2576505429417577
4.0816326530612095
-1.3725490196078314
1.8886679920477087
-3.5121951219512137
2.5278058645096055
-0.49309664694280775
4.06342913776016
-5.333333333333338
3.319919517102617
1.5579357351509264
3.0680728667305877
-5.860465116279077
3.2608695652173925
-5.167464114832528
2.4217961654894067
-1.4778325123152745
-0.9999999999999964
2.121212121212112
2.373887240356085
2.512077294685988
3.2045240339302534
1.73515981735161
4.937163375224407
0
4.533789563729694
-4.828150572831422
-3.9552880481513397
0.44762757385855606
-4.545454545454543
7.4696545284780465
0.0868809730668965
-2.43055555555555
1.868327402135223
-1.4847161572052396
1.6843971631205787
-0.17436791630341195
2.9694323144104793
-2.883799830364715
1.9213973799126696
-0.3427592116538059
0
0.5159071367153802
0.9409751924722088
-3.3898305084745792
5.000000000000003
-5.263157894736849
-2.7336860670194048
1.5412511332728915
-0.8928571428571398
0.18018018018017634
-0.17985611510790986
0.7207207207207214
4.203935599284442
0.42918454935621403
3.8461538461538556
-4.279835390946499
0.3439380911435868
1.2853470437018026
1.3536379018612532
3.5893155258764584
1.1281224818694646
3.8247011952191126
4.988488104374523
-0.7309941520467811
4.9337260677466865
-1.33333333333333
1.3513513513513478
-2.1754385964912317
-0.21520803443328093
-2.3723939611790086
-3.9027982326951354
-1.9157088122605364
5.859375
-7.9704797047970475
-0.5613472333600664
0.08064516129032086
-1.208702659145853
0.08156606851549582
-2.0374898125509375
12.229617304492518
1.48257968865826
-3.9444850255661006
0.38022813688212115
-1.8181818181818064
2.932098765432091
-4.872563718140932
-0.630417651694248
2.7755749405234056
-3.0864197530864224
1.2738853503184724
-1.2578616352201268
-0.07961783439490276
1.1952191235059646
-1.4173228346456672
-0.5591054313099064
0
3.61445783132531
-4.418604651162793
-1.7842660178426653
0.9909165978530223
0
0.49059689288633457
3.661513425549236
4.081632653061221
1.8099547511312233
-4.592592592592587
-4.037267080745352
4.935275080906159
2.4672320740169504
-4.063205417607217
-0.8627450980392112
-0.1582278481012765
-0.7923930269413602
0.31948881789138117
0.31847133757961105
-1.5079365079365041
-0.725221595487509
-2.6785714285714293
0.0834028356964119
0.08333333333333155
1.08243130724397
-4.200988467874792
-4.041272570937236
4.032258064516123
1.8087855297157698
-3.21489001692048
-2.0979020979020997
0.982142857142868
4.3324491600353685
-4.322033898305098
0
-2.3029229406554457
-2.085222121486842
-3.333333333333344
4.789272030651341
-6.855575868372943
-3.140333660451426
4.761904761904769
-1.8375241779497051
2.3645320197044355
2.983638113570729
-3.9252336448598126
-0.29182879377431287
0.5853658536585414
0.8729388942773991
0.28846153846153233
-1.1505273250239618
0.38797284190105863
0.38647342995169975
9.528392685274305
-0.17574692442883436
0.8802816901408577
1.0471204188481607
-4.663212435233168
-2.626811594202891
1.860465116279063
4.109589041095901
-4.210526315789477
1.2820512820512873
-2.07956600361664
-3.047091412742383
-0.0952380952380932
1.5252621544327944
-3.661971830985921
4.093567251461987
-2.3408239700374533
-4.122722914669221
4.199999999999999
3.646833013435708
-4.166666666666676
-2.2222222222222263
4.446640316205545
-0.09460737937558927
-1.7045454545454517
-5.009633911368028
2.839756592292101
2.5641025641025617
-2.1153846153846216
-0.1964636542239644
-0.4921259842519755
-2.0771513353115636
1.7171717171717165
1.2909632571995928
-0.09803921568627243
0
0.39254170755643697
-0.2932551319648205
12.941176470588239
-0.1736111111111074
-2.869565217391305
-1.4324082363473603
6.448683015440516
2.3890784982935096
-6.583333333333326
1.6057091882247967
-2.194907813871817
1.346499102333919
-2.657218777679353
-0.8189262966333017
0.27522935779815927
-3.0192131747483995
-1.415094339622645
0.4784688995215379
0.7619047619047625
1.2287334593572852
-3.734827264239032
-1.551891367604269
3.0541871921182313
4.206500956022939
-3.761467889908258
-2.7645376549094465
6.274509803921575
0.18450184501844624
0.7366482504604058
-2.650822669104197
1.1267605633802744
-0.1857010213556135
0.5581395348837256
0
-0.09250693802034955
-0.925925925925939
0.3738317757009432
0.09310986964618051
5.581395348837206
0.26431718061675014
-2.372583479789115
-1.4401440144014415
1.4611872146118736
-1.4401440144014415
2.1917808219178103
-3.127792672028594
1.6605166051660492
1.5426497277676945
-1.0723860589812264
-0.6323396567299032
-1.181818181818189
0.2759889604415928
-1.376146788990829
2.3255813953488373
0.454545454545461
0.9049773755656075
4.753363228699546
-1.1130136986301284
-2.683982683982688
1.6903914590747287
0.08748906386701476
3.4965034965035
-3.462837837837839
2.2747156605424306
-9.409751924721983
2.927289896128428
-6.972477064220181
1.577909270216964
-5.92233009708739
0
-3.302373581011355
-8.217716115261469
16.627906976744182
6.679960119641077
-6.915887850467276
1.405622489959827
-0.8910891089108897
1.3986013986014043
-1.6748768472906397
4.709418837675339
-4.784688995215311
-2.0100502512562746
2.7692307692307647
-1.5968063872255505
3.2454361054766765
-2.5540275049115895
0.5040322580645233
0.7021063189568556
-0.1992031872509918
-0.5988023952095681
-1.1044176706827429
-1.5228426395939123
4.63917525773197
0.19704433497536525
-4.523107177974426
1.8537590113285243
-1.3144590495450028
0.7172131147541013
-1.9328585961342777
-0.41493775933610916
1.354166666666675
0.7194244604316575
-0.7142857142857172
2.5693730729701953
-3.006012024048103
1.7561983471074374
-2.944162436548215
-0.2092050209205162
0
1.153039832285128
0
1.9689119170984404
-3.7601626016260083
0
0
0
0.31678986272438603
0
-1.7894736842105257
2.35798499464095
-7.958115183246089
1.023890784982954
-0.6756756756756812
3.287981859410421
-5.927552140504931
-0.46674445740957904
0.7033997655334173
-0.6984866123399359
-2.579132473622496
-2.166064981949455
0.6150061500614874
3.9119804400978033
-6.235294117647062
3.51317440401506
-1.0909090909090893
0.6127450980392244
-0.12180267965897153
0
1.7073170731707388
0.7194244604316606
0
0.3571428571428495
-3.914590747330962
0
-2.8395061728395006
0.381194409148669
2.1518987341772142
-0.6195786864931934
0.872817955112223
-1.112484548825709
-1.2499999999999956
2.278481012658224
-1.7326732673267287
0.3778337531486065
-4.140526976160603
-2.4869109947643917
0.26845637583892046
1.7402945113788473
-3.9473684210526296
1.2328767123287652
-7.171853856562914
-5.247813411078721
6.615384615384611
-0.2886002886002825
5.0651230101302405
9.228650137741047
-9.962168978562422
1.540616246498604
-1.1034482758620698
-1.6736401673640182
-1.2765957446808491
-0.14367816091953717
1.1510791366906485
0.9957325746799345
-2.957746478873239
-2.467343976777938
2.976190476190479
0
-5.491329479768784
0.9174311926605445
-0.45454545454544487
5.631659056316592
-3.890489913544675
-1.3493253373313323
0.3039513677811485
2.575757575757575
-0.5908419497784217
-2.6745913818722227
0
-1.0687022900763268
3.24074074074074
-1.6442451420029942
0.7598784194528848
-1.9607843137254886
-0.15384615384615058
-0.6163328197226507
-3.7209302325581426
5.475040257648951
-9.007633587786257
4.697986577181212
11.378205128205128
-1.0071942446043207
-5.087209302325577
-0.45941807044410793
2.3076923076923133
1.0526315789473593
2.6785714285714377
0
1.8840579710144911
-2.1337126600284546
2.325581395348839
0
-2.8409090909090935
1.1695906432748548
0.2890173410404691
-0.2881844380403525
1.3005780346820788
-1.8544935805991427
4.360465116279067
-1.8105849582172688
-1.8439716312056722
0.7225433526011535
-1.4347202295552317
1.4556040756914068
-3.012912482065997
-6.065088757396452
7.71653543307087
-2.7777777777777706
-7.218045112781961
2.5931928687196133
0.4739336492891035
0.6289308176100634
-0.7812500000000111
1.7322834645669343
-0.7739938080495329
6.084243369734785
-4.85294117647059
2.318392581143746
-2.2658610271903377
-10.35548686244204
10.689655172413795
-0.1557632398753861
3.1201248049922023
-0.4538577912254198
0.4559270516717363
1.6641452344931835
-1.6369047619047534
0
-3.1770045385779118
-0.3125000000000072
2.0376175548589326
2.9185867895545377
-1.9402985074626848
-1.8264840182648416
2.635658914728681
-0.3021148036253846
0.45454545454545836
1.0558069381598836
-1.1940298507462697
2.1148036253776388
-2.8106508875739573
1.2176560121765612
0.45112781954886255
1.7964071856287442
0.5882352941176476
0
0.8771929824561476
-7.391304347826097
2.973395931142416
1.8237082066869317
-1.1940298507462697
-0.1510574018126856
2.571860816944023
-0.8849557522123966
-2.6785714285714244
-0.6116207951070342
-0.615384615384616
-6.191950464396291
5.775577557755786
-0.15600624024960666
18.437499999999993
1.4511873350923525
5.071521456436927
-0.990099009900991
0.7500000000000062
0
0.12406947890818594
