-1.4285714285714286
0
-4.5410628019323696
4.251012145748991
-1.844660194174763
1.483679525222552
-1.3645224171539878
0.6916996047430858
-1.7664376840039364
2.0979020979021064
-0.3913894324853284
-1.1787819253438143
3.0815109343936467
1.1571841851494724
-0.8579599618684515
0
0.5769230769230714
2.0076481835564137
-4.31115276476102
0.29382957884428146
-0.2929687500000111
-0.3917727717923521
0
3.933136676499508
-2.5543992431409674
-0.09708737864077117
0.6802721088435263
1.2548262548262659
-0.4766444232602478
0
-0.6704980842911904
0.09643201542911699
1.1560693641618525
-4.190476190476196
2.5844930417495116
1.2596899224806173
-1.2440191387559782
0.09689922480619605
-0.0968054211035763
4.554263565891476
-1.9462465245597853
-1.6068052930056738
2.4015369836695486
-0.5628517823639722
1.5094339622641455
0.3717472118959161
0
1.666666666666664
-1.183970856102001
0.18433179723502566
-1.8399264029438822
0.6560449859418958
-1.210428305400383
0.8482563619227198
0.18691588785046995
0.2798507462686541
-2.511627906976747
2.290076335877868
1.6791044776119377
-0.8256880733945007
1.5726179463459786
0.9107468123861566
0.812274368231052
-0.8952551477170994
2.8003613369466978
1.2302284710017626
-1.822916666666674
0.08841732979664768
-1.5901060070671353
-3.052064631956917
0.5555555555555503
-5.893186003683233
13.698630136986301
0
-0.08605851979346689
0.0861326442721865
0
1.2048192771084263
2.040816326530617
-2.5
2.820512820512818
-0.24937655860348892
-1.0000000000000024
-1.5151515151515127
0.9401709401709353
-0.5927180355630726
-1.0221465076661012
0.5163511187607525
-0.1712328767123312
-0.3430531732418452
2.8399311531841627
1.0878661087866086
1.738410596026497
1.3832384052074764
-2.3274478330658037
-0.08216926869351564
2.302631578947378
-8.27974276527332
5.872042068361089
0.993377483443711
-0.6557377049180304
-1.2376237623762376
1.0860484544695046
-0.6611570247933861
-0.6655574043261208
2.010050251256274
-1.1494252873563149
3.571428571428569
-3.688853247794714
-0.08326394671106938
-0.24999999999999764
0.3341687552213797
-0.16652789342213875
0.9174311926605456
-2.2314049586776883
0.5917159763313634
-0.7563025210084081
0.08467400508044753
1.3536379018612472
-1.7529215358931505
5.94732370433305
-3.287890938251811
1.4925373134328452
-0.08169934640523573
-2.616516762060509
-4.282115869017628
3.0701754385964914
1.8723404255319174
-1.0860484544695046
0.5067567567567519
-1.680672268907563
-4.273504273504273
3.9285714285714337
-0.17182130584192684
0.17211703958692154
1.3745704467353903
-6.186440677966099
1.626016260162599
-1.155555555555553
-0.6294964028777004
0.9954751131221669
0.9856630824372836
-0.35492457852706805
1.0685663401602876
-0.9691629955947086
1.868327402135226
-1.5720524017467223
4.702750665483583
-4.152542372881361
-1.5030946065428725
4.398563734290836
0.6018916595012922
-0.5982905982906007
-0.1719690455717995
-1.4642549526270359
0.5244755244755195
-0.9565217391304298
0.0877963125548677
-2.4561403508771904
1.0791366906474846
-0.08896797153025669
1.2466607301870043
0.2638522427440608
-0.17543859649123056
-0.3514938488576375
0.5291005291005241
-2.28070175438596
-0.1795332136445268
-0.6294964028777004
-1.9004524886877776
0.3690036900368925
0.09191176470589019
-0.8264462809917407
1.7592592592592646
0.5459508644221968
0
-4.97737556561086
-3.8095238095238093
4.75247524752475
1.1342155009451822
-2.990654205607479
0.4816955684007707
2.3969319271332696
0.18726591760299893
-1.5887850467289746
0.7597340930674237
-1.885014137606032
-0.5763688760806862
-0.5797101449275307
-0.7774538386783395
0.391772771792366
0.19512195121951498
-0.29211295034079565
-0.19531250000000278
-1.2720156555772966
-0.19821605550049834
3.7735849056603743
2.4880382775119565
4.201680672268908
3.6738351254480364
-5.963699222126193
0.9191176470588236
0.09107468123862343
1.4558689717925335
-1.2556053811659245
3.5422343324250734
-3.8596491228070224
-0.6386861313868509
-1.4692378328742042
-0.18639328984156836
-1.4939309056956063
-0.6635071090047421
-0.7633587786259515
0.09615384615384069
3.8424591738712777
0.832562442183169
-1.834862385321101
1.7757009345794446
1.193755739210282
0
3.4482758620689626
1.491228070175441
4.148660328435607
0.4149377593360996
-1.4049586776859528
-0.33528918692371457
-0.1682085786375129
-2.527379949452401
0.3457216940362934
1.2058570198105132
0.9361702127659526
0.4215851602023609
0.755667506297234
-4.500000000000004
3.054101221640489
4.487722269263346
-4.943273905996766
-0.8525149190110827
-2.1496130696474633
-1.0544815465729376
0.5328596802841994
1.2367491166077662
-0.3490401396160484
1.5761821366024493
1.9827586206896528
1.267962806424345
-1.669449081803005
0.1697792869269973
-1.8644067796610193
0.1727115716753047
3.3620689655172464
-0.8340283569641367
-0.8410428931875525
-0.16963528413910334
-4.078164825828375
0.6200177147918411
-3.2570422535211168
-0.09099181073704142
-5.555555555555551
11.764705882352944
-8.54184641932701
1.22641509433962
2.143522833178003
-0.8211678832116711
1.6559337626494914
-0.9954751131221669
0.5484460694698302
-1.8181818181818181
2.7777777777777777
-1.0810810810810836
1.4571948998178585
0.17953321364451402
-0.17921146953404
0.5385996409335676
1.071428571428574
-2.738515901060078
0.8174386920980978
0.9009009009009009
0.6250000000000026
-1.1535048802129522
0.4488330341113106
0.08936550491509769
-0.5357142857142806
0.08976660682225701
-0.269058295964123
0.6294964028777004
-2.502234137622888
-0.1833180568285872
0.3673094582185413
0.5489478499542622
-0.8189262966333082
-0.09174311926604983
-0.3673094582185543
0.09216589861750628
1.012891344383065
0.27347310847766376
-0.9090909090909091
0.3669724770642254
1.0968921389396604
-0.09041591320071819
-1.2669683257918603
-0.1833180568285872
-1.010101010101018
-0.37105751391464886
-1.9553072625698402
1.7094017094017067
-4.201680672268908
5.263157894736848
-7.685185185185183
1.2036108324974952
1.8830525272546992
-0.7782101167315147
-0.1960784313725518
0.8840864440078642
-2.1421616358325246
-0.3980099502487619
-1.0989010989010932
5.05050505050505
-4.615384615384612
-0.2016129032258093
-0.30303030303030015
0.3039513677811521
0.9090909090909148
-1.8018018018018132
8.562691131498477
-0.28169014084506777
-1.6949152542372854
-0.8620689655172468
-4.251207729468605
2.926337033299703
0.09803921568626894
-0.3917727717923521
-0.1966568338249782
0.788177339901475
-0.0977517106549309
-1.3698630136986356
1.3888888888888946
0.09784735812132515
1.466275659824047
-0.2890173410404597
0.19323671497584816
-0.9643201542912246
0.7789678675754598
0
-0.6763285024154617
-0.3891050583657505
0.1953124999999889
-0.5847953216374214
0.8823529411764761
-0.2915451895043842
-1.1695906432748429
-5.9171597633136095
7.463312368972736
0.07803355442840255
-1.3840155945418982
-0.9685708638070804
2.2954091816367237
0.09756097560975055
-0.5847953216374214
0.09803921568626894
-1.0773751224289856
1.5643564356435626
-0.9553519204523337
-0.3740157480314916
3.0823947836396015
0.632547441058076
-2.838095238095242
-0.6077239756910315
-3.4319526627218973
2.3284313725490207
-3.07385229540918
-0.020593080724886977
0.9268795056642696
-0.10204081632652481
0.3064351378958091
-0.10183299389002905
-4.0978593272171215
2.891156462585033
-3.7396694214875934
0.6439150032195688
0.04265301770099386
-0.23449157962054878
-0.4273504273504183
-1.2875536480686725
0.5869565217391373
-5.554354873568187
1.304347826086957
0.29365258640161607
-4.234234234234224
-1.4581373471307726
1.1933174224343677
-0.943396226415091
-0.5476190476190401
0.5506344266219699
3.9285714285714253
-1.6036655211912847
5.122235157159477
0.22148394241417813
-0.17679558011049346
-4.3613017489484145
3.263888888888881
2.331315848464468
-2.6286966046002096
5.5118110236220375
-3.9445628997867836
1.2208657047724845
-2.39035087719299
1.5502134351831158
4.446902654867252
5.909764880321963
-7.939999999999998
0.9124484032152981
-0.43057050592035057
-0.21621621621621928
-1.235102925243771
0.8995173321632376
-0.8480104370515341
-0.3289473684210495
1.9581958195819593
-0.9495036685369115
1.982570806100226
2.4994659260841585
-4.230929553980813
5.854189336235033
-4.296875000000007
-5.370569280343717
9.761634506242917
0.2068252326783897
3.8596491228070122
-0.03974562798092831
2.2862823061630335
0.2915451895043704
0.09689922480619605
0.09680542110359006
3.57833655705995
-1.5686274509803853
-1.5556820337696837
0.13490075158990225
-0.8660508083140932
0.5824111822947083
0.5790387955992996
0.28785261945883434
1.3394565633371658
0.7552870090634414
1.3680659670164992
-0.11092623405435804
14.121784193966306
0.47032111579631247
-3.631961259079903
-1.1725293132328356
-4.135593220338979
0.6011315417255946
-0.175746924428825
0.08802816901409202
-2.9727352682497887
-0.29006526468454785
2.418181818181815
1.118409373335705
4.073033707865169
5.263157894736838
-1.2660256410256396
2.2236649894497607
-2.175293744045725
2.2561272520694704
1.4761904761904758
2.4558110433286413
4.335877862595425
1.3315774070822308
-3.9422382671480203
-0.7817197835237463
1.1818181818181834
0.7936507936507954
-2.6890506611201936
-3.419847328244278
2.9402466013278636
