-2.628120893561106
3.9136302294197036
-8.571428571428573
-0.7102272727272702
2.5751072961373347
0
-4.044630404463041
-0.8720930232558083
5.865102639296179
4.293628808864273
0.6640106241699844
4.8812664907651735
0
4.905660377358487
0
-0.7194244604316606
5.676328502415467
4.914285714285711
0
4.901960784313737
0
4.9844236760124465
0
4.945598417408506
0
4.995287464655996
-9.515260323159788
-4.9603174603174605
0
-4.488517745302711
0
0
4.918032786885238
2.0833333333333446
2.8571428571428505
3.0753968253968305
-7.410972088546693
-0.2079002079002035
-1.6666666666666683
0
2.012711864406793
3.8421599169262635
-3.4999999999999964
0.31088082901553743
-1.5495867768595077
0
3.04302203567682
0
-1.3238289205702727
0.6191950464396336
-1.538461538461542
-0.5208333333333223
-0.9424083769633492
-0.5285412262156522
-1.9128586609989342
-1.950162513542792
2.2099447513812076
1.5135135135135196
-2.342917997870081
1.9629225736095934
2.887700534759354
4.989604989604994
0
4.9504950495049505
0
2.4528301886792434
-7.274401473296494
-4.170804369414101
0.8290155440414515
-1.5416238437821208
2.192066805845502
0.6128702757916292
0.5076142131979767
0.10101010101009886
-3.531786074672045
0.41841004184099523
-2.083333333333326
-0.7446808510638327
-0.5359056806002219
2.6939655172413794
-0.4197271773347235
-0.6322444678609115
0.8483563096500538
-0.10515247108306822
-0.9473684210526301
-0.10626992561104981
-0.31914893617022483
0.3201707577374721
-2.127659574468096
-1.0869565217391266
1.208791208791222
1.8458197611292064
-2.6652452025586353
0.32858707557502037
0
0
-0.21834061135370714
-3.172866520787756
1.0169491525423713
-0.8948545861297548
1.805869074492101
-0.22172949002216824
1.444444444444453
-0.3285870755750398
5.27472527472528
4.906054279749485
0
3.3830845771144262
-8.084696823869104
-2.6178010471204187
4.623655913978491
0.20554984583761124
0.6153846153846205
0.5096839959225171
-5.172413793103447
0.6417112299465294
1.3815090329436663
-0.31446540880502477
-0.7360672975814961
-2.0127118644067745
0.7567567567567598
-0.5364806866952866
-0.431499460625665
-0.5417118093174508
-1.0893246187363796
0.7709251101321617
-1.8579234972677587
0
1.1135857461024459
-0.9911894273127737
-0.22246941045605753
-2.2296544035674586
2.5085518814139185
-1.4460511679644135
0.9029345372460506
-2.5727069351230276
-2.411021814006898
-2.117647058823526
1.0817307692307674
-3.5671819262782485
2.5893958076448937
0.12019230769230513
-0.12004801920768052
-0.24038461538461026
0.8433734939758856
-0.5973715651134879
0.4807692307692205
-0.8373205741626829
5.669481302774435
2.625570776255713
1.7797552836484998
-1.092896174863384
1.215469613259662
-0.5458515283842872
-1.866081229418221
0.671140939597321
-1.8888888888888882
-0.9060022650056633
-1.1428571428571388
0
-1.3872832369942312
0.5861664712778513
-0.699300699300705
0
-0.7042253521126611
2.836879432624095
-0.45977011494251896
0.4618937644341703
-1.7241379310344667
0
-5.730994152046786
1.2406947890818814
1.8382352941176514
1.6847172081828976
0.35502958579883004
0.8254716981132109
-1.403508771929836
0.23724792408065926
-1.1834319526627177
0.35928143712576216
-1.4319809069212528
0
-0.8474576271186476
1.2210012210012167
-0.7237635705669327
0.36452004860266535
0.12106537530266086
3.9903264812575583
1.5116279069767533
3.66552119129439
-4.198895027624317
3.114186851211068
1.454138702460859
2.5358324145534774
-3.6559139784946217
-1.7857142857142871
-0.3409090909091038
0.4561003420752671
-2.2701475595913854
0.23228803716610164
0.5793742757821428
-0.3456221198156608
-0.8092485549132981
-0.8158508158508192
-0.8225616921269129
-0.47393364928908943
0.7142857142857202
0.47281323877067544
-1.7647058823529453
-0.35928143712574084
-0.600961538461547
-0.24183796856105894
1.3333333333333264
-0.11961722488038024
-1.0778443113772438
1.2106537530266301
-1.0765550239234434
-0.8464328899637278
2.8048780487804934
-0.23724792408065926
1.3079667063020146
2.69953051643193
-3.085714285714281
-0.9433962264150951
1.1904761904761862
3.5294117647058907
6.47727272727271
0.3201707577374721
4.468085106382977
0.30549898167005457
-1.624365482233504
-0.4127966976264102
-1.761658031088082
0.7383966244725768
-0.4188481675392767
0.5257623554153598
-1.4644351464435206
-0.636942675159241
-3.2051282051281937
-0.33112582781458205
2.1040974529346768
2.494577006507577
-3.9153439153439074
0.22026431718061204
1.4285714285714373
0
13.434452871072592
0.7640878701050627
4.928909952606631
1.2646793134598064
13.11329170383585
0.473186119873821
-5.023547880690742
1.65289256198348
-15.040650406504076
0.4784688995215379
14.952380952380954
-1.739850869925442
-6.829679595278236
-1.8099547511312313
5.622119815668214
1.6579406631762608
-2.575107296137345
-1.2334801762114431
-1.070472792149875
-0.901713255184848
-0.4549590536851748
0.1828153564899575
-1.1861313868613208
1.5697137580794083
-0.454545454545461
0.09132420091325628
6.021897810218962
0.25817555938038844
-2.575107296137345
2.2026431718061676
-2.327586206896548
2.7360988526037113
-4.20962199312715
1.4349775784753376
-1.59151193633952
-0.26954177897575143
3.063063063063062
-0.7867132867132856
-1.674008810572683
0.26881720430106953
-1.4298480786416456
0.18132366273799955
-0.542986425339371
0.09099181073703172
-0.727272727272728
0
0.549450549450554
-0.6375227686703122
-1.4665444546287822
-0.372093023255806
-2.054154995331472
0.09532888465204754
4.4761904761904825
1.0938924339106582
-2.8854824165915267
-0.371402042711227
3.914259086672879
0
-3.766816143497757
0
-7.082945013979494
0.3009027081243667
0.8999999999999986
-2.180376610505457
1.114488348530914
1.4028056112224327
-5.039525691699603
-1.5608740894900999
0
-0.10570824524314548
-4.9735449735449615
0.11135857461024261
1.4460511679643937
-0.21929824561403044
-1.6483516483516523
0.11173184357543647
-0.3348214285714412
-0.22396416573347788
-1.2345679012345614
0
-1.2500000000000135
-0.4602991944763999
-1.6184971098265961
1.880141010575795
-3.690888119953867
-0.5988023952095681
3.614457831325288
0.23255813953487878
-1.6241299303944177
-0.11792452830188427
-0.11806375442738827
-0.5910165484633653
1.0701545778834705
-0.4705882352941076
-0.9456264775413719
-0.7159904534606264
0.4807692307692205
-1.1961722488038236
0
0.12106537530266086
-1.5719467956469046
-1.3513513513513662
3.1133250311332508
-2.053140096618357
6.535141800246624
0.11574074074073827
4.393063583815017
0.22148394241418995
-3.3149171270718307
0
1.3714285714285626
0.9019165727170245
1.1173184357542059
-1.6574585635359154
2.0224719101123565
-0.5506607929515497
1.4396456256921462
-0.10917030567685357
-0.6557377049180382
-1.2101210121012038
-0.22271714922048522
-3.4598214285714337
3.8150289017341046
0
-1.1135857461024459
-1.3513513513513624
-0.34246575342465024
-0.3436426116838618
2.5287356321839156
-0.44843049327353307
-0.563063063063071
0.2265005662514108
-2.146892655367226
-0.3464203233256277
0.11587485515642858
-1.3888888888889004
1.6431924882629176
-1.8475750577367223
-0.9411764705882362
-0.593824228028512
-3.2258064516128986
-0.12345679012345416
-2.71940667490729
-0.6353240152477742
-0.5115089514066501
3.984575835475573
12.113720642768856
-1.433296582138928
2.908277404921698
-0.21739130434782147
0.5446623093681995
-1.3001083423618742
1.427003293084531
-0.32467532467531773
-1.7372421281216084
0.11049723756905841
0.8830022075055195
-0.21881838074399726
-1.0964912280701717
0
1.2195121951219647
-1.7524644030668142
2.8985507246376785
-1.191765980498388
2.6315789473684235
-0.4273504273504183
-1.5021459227467873
0.10893246187363602
1.0881392818280702
-4.951560818083951
2.3782559456398538
-0.4424778761061853
-0.5555555555555635
-0.5586592178770831
1.5730337078651548
0
-0.5530973451327317
0
-1.668520578420471
0.45248868778281587
-0.11261261261263021
-0.45095828635850227
0.9060022650056633
-0.44893378226712594
0.6764374295377734
-0.11198208286673894
8.744394618834074
-0.6185567010309146
-4.668049792531131
0
-1.632208922742115
-0.22123893805309264
-0.5543237250554206
-0.4459308807134997
0.11198208286673894
0.11185682326621686
-0.33519553072624986
0
-1.793721973094172
-0.11415525114155008
-0.8000000000000033
-0.2304147465437739
0.23094688221708515
0
-1.036866359447003
0.4656577415599642
-0.3476245654693063
-0.23255813953487878
1.9813519813519804
0.34285714285713553
0.11389521640090874
-1.2514220705346921
6.451612903225812
1.839826839826839
-3.9319872476089373
-0.7743362831858243
1.2263099219620894
-0.7709251101321617
-0.1109877913429499
0.3333333333333262
0.33222591362127507
0
-1.2141280353201016
0.2234636871508531
0.7803790412485898
-1.4380530973451218
0.897867564534232
-0.11123470522802877
0.22271714922048522
