1.4497041420118275
0.9040536599591784
-5.838150289017338
0.9821976672805367
3.951367781155015
1.023391812865497
-2.865412445730818
0
2.1752085816448017
4.403616214639843
-2.067039106145245
0.969766115231026
-1.4124293785310735
1.891117478510035
-2.587176602924647
-0.17321016166280773
0.3181029496818872
1.6719515710579451
-1.87127870711652
-1.0979485697775242
0.46742623429738994
3.4893864495492877
-1.2082045518403919
1.8202502844141004
-2.4860335195530663
1.9478659409911068
-2.4164091036807998
2.389864670313853
-2.024746906636683
1.4638346727899032
-1.188118811881185
-0.37217291726310087
0.02873563218391458
0.5458201666187812
-0.5714285714285714
0.8333333333333268
-1.1684240524365819
0.9227220299884626
-2.6285714285714255
0.3521126760563347
-1.3157894736842106
3.3481481481481516
-1.8922018348623917
-0.6428988895382785
-0.970588235294121
1.9899019899019865
-1.3686662783925418
0.620017714791858
0.23474178403756202
-0.4683840749414586
0.5294117647058857
0.14628437682855472
0.9932807478819682
-0.49175585768006613
-0.436046511627907
3.3576642335766422
-2.0621468926553703
0.23074704355350775
-1.1510791366906474
1.8922852983988354
0.19999999999999676
4.990019960079841
0
4.997284084736566
0
4.8629073978271995
-8.658115441539213
0.2970564407237283
4.68497576736673
0
-3.4979423868312813
-1.3859275053304874
1.3243243243243181
-1.2536676447052517
0.32414910858994833
2.315562735595052
-3.605263157894734
0.7917007917007854
-0.5958829902491843
0.8174386920980926
-0.32432432432432123
0.32537960954446543
1.3513513513513513
0.26666666666666666
0.34574468085106685
1.192684866154254
-3.2477737035097
-1.4347590687601395
11.425432573468816
0.024648755237866093
-0.2957121734844723
0.790904597132968
-1.9127023050514986
-2.5
2.4358974358974357
-2.3779724655819776
1.9230769230769231
-2.893081761006289
2.9533678756476625
0.6794162053346868
4.723819045238685
-1.5751789976133705
0.9941804073714896
-1.0804321728691477
0.4854368932038835
2.1497584541062746
-1.2768976117285358
0.7425149700598856
-1.0461245839277304
1.777991350312358
-2.242681775259679
0.4588263704419167
4.1346153846153815
1.3850415512465375
-1.6848816029143847
0.04631773969430028
-0.7638888888888915
0.769769069279219
-1.6435185185185237
-2.5653094845846027
5.024154589371983
1.3799448022079117
-2.7450090744101683
-0.6064847212502836
-1.4315888289134058
3.952380952380958
-0.9390746678882324
0.8092485549132948
-1.834862385321101
0.32710280373831246
-2.282254308337204
-1.2392755004766551
0.36196911196911197
1.8994950709305205
-4.12930627654554
-2.1166625646074384
-3.595675132009055
1.8518518518518579
-0.5377720870678675
-2.1369721936148185
1.1838989739542225
2.418096723868943
-2.8179741051028095
1.8286311389759664
-0.410466906105701
1.9835136527563082
-3.2078807779742333
2.453027139874748
-0.25471217524197654
1.5832482124616927
1.7345399698340818
1.7790956263899158
1.4566642388929352
0.047858339315636635
-1.6503228892609505
0.5107003891050639
-3.242196951367054
-0.9002250562640576
-0.050466818067117995
-0.5049229992426155
-0.3806140573458513
1.8084564442180249
-1.3760320240180135
-0.7102993404363297
-0.17884517118037524
1.3309444586639336
6.011619095731248
0.023826542768649688
-2.120057170080999
-0.19469457288876968
0.8778346744696331
-0.4350978970268338
-2.184996358339403
0.42194092827005353
0.8403361344537759
2.450980392156863
-1.842105263157892
1.9010480136485526
-1.1480507055728322
1.2097749818533752
-2.5340664594788485
-0.49055678194751046
-0.1725412866650206
-0.2222222222222166
-0.8166295471417994
0.2744510978043827
-0.27369992535455734
-0.6986027944111804
1.281407035175885
-0.5953857603572399
0.024956326428755362
0.22455089820358715
-0.8215085884988826
0.42670682730924836
1.82454386403398
-0.5891016200294495
-1.3086419753086447
3.4776082061546245
-3.2640232108317213
0.4998750312421894
-0.3233026610295974
0.3243512974051925
-0.9450385476249716
0.45192066281697496
-1.07473131717071
0.025265285497717508
-0.0757767112907185
0.1263902932254803
-1.3632920979550704
-0.4351164576401302
0.30848329048842893
0.2306509482316848
-1.5597034006647974
-0.2597402597402597
0.5208333333333334
1.528497409326419
-0.6889512630773128
-0.28263103802671274
-0.515331100231899
0.025900025900017064
0.46607975142413555
0
-0.1804123711340177
0.15491866769944898
-0.335137922144871
0.9829280910501692
-0.2817622950819585
0.1284356537374775
2.1292970754232967
2.4868123587038373
-0.9068627450980364
-0.07420232500618634
-0.9900990099009901
1.4000000000000057
-2.3175542406311718
-0.025239777889945962
-1.4895228477657243
-0.025627883136844155
-0.5895924122020023
-0.7220216606498224
0.4935064935064876
-0.20677177565261168
0.2072002072001954
1.1889377100025906
2.12005108556833
0.8004002001000472
-2.33250620347394
-1.3719512195122037
0.28335909325090747
-0.07706139224248944
2.493573264781488
0.6019563581640417
-1.5956120668162637
1.3174562959209497
-4.326081520380084
-0.13068478829064295
-1.0206752159120738
-1.8244315177154884
-4.740102343118778
-0.45236075770425954
6.503834138028962
0.8266666666666728
0.10579211848716669
-0.13210039630118892
-0.29100529100529704
0.13266118333775537
-2.0137784843667106
3.1909140075716635
-3.4067085953878404
2.0075963103635313
-0.31914893617020973
0
0.26680896478121663
-0.7184672698243716
6.003752345215753
1.1125158027812838
-0.5251312828206967
-0.15082956259427419
-2.0644511581067446
0.30848329048842893
-0.15376729882110865
-0.025667351129369284
-0.8985879332477535
2.33160621761658
-2.075949367088605
-1.7063081695966966
0.973172014729087
-0.46887210210991265
0.3925673907354096
1.616266944734095
0.3335043612108803
0.7414983380209607
-1.7258883248730994
-0.05165289256198054
0.23255813953487783
0.5413766434648164
-0.35897435897435315
-0.4117344312918226
-0.4651162790697704
2.0249221183800654
-1.9847328244274838
1.687435098650052
-0.051059484299205676
-0.8939974457215837
0.8247422680412342
0.9713701431492872
-2.683544303797474
5.619146722164419
-1.4285714285714313
0.7996001999000472
-0.17352503718393372
1.1422895455674256
-4.910385465259023
-1.2909888974954815
2.746534135495684
0.3054989816700582
1.21827411167513
-0.1755265797392148
-0.9796533534287952
-0.050735667174020456
2.1573604060913705
1.3416149068322925
0.22064231429272718
-0.1956947162426642
0.44117647058823806
-0.19521717911176462
4.058679706601472
1.2218045112781928
-1.9498607242339911
-0.07102272727271651
0.7581141909500091
-0.7053844345168117
10.798010892730277
0.8762556101731188
-2.2245762711864407
0
2.2101841820151655
1.017595929616284
5.477439664218263
1.074413052128925
1.2204724409448908
-1.1863088292493236
-2.61759496162173
1.0711398544866635
-6.178764247150577
0.2344416027280526
13.353178822028495
-0.24385668730070684
-0.11282437006391671
-0.9412650602409638
0.2090459901178086
-0.6068651621467727
3.7588246517839976
-0.3310040456049935
0.848708487084875
0.12806439809731646
-0.7308605883427737
0.8650837474691784
0.7299270072992701
-0.43478260869564805
2.911208151382824
0.5657708628005537
-1.4416315049226323
-0.4637887977167361
-2.3476702508960616
0.2018719031014907
-3.8278388278388236
-0.49514378213674015
12.421052631578943
-0.47667688117125545
-1.9671570304481696
-0.20938754144129218
-0.7693652736492355
1.4801762114537405
5.469699600625109
-1.2841620019756264
2.418278852568379
-0.016283992835046855
1.2703583061889177
0.016082341588939005
-1.1899019134909112
-1.0577705451586656
1.5296052631578874
0.6155839948161459
-2.8819835775237443
0.8123342175066275
-1.463575069889817
0.41722296395193587
-1.6785773641349546
-0.2535496957403651
8.55787154719539
-0.07805182641273806
2.3590064052491835
-0.39682539682540025
3.662273980999077
-0.6651884700665188
-3.0208333333333264
0.13810035292312065
-3.7388905914802293
0.3024514485832501
-1.2061577527376643
-0.06425702811244614
-1.8164282269731664
0.032743942370668876
0.7201309328968867
0.7474813129671796
0.43548387096774926
-0.3051228520957268
0.33827319587629234
-0.04816182372771786
1.6382910375843127
0.8059418457648583
-1.9282019125254672
0.09590792838875044
-1.0220376876397461
-0.27428202646013744
-0.9868953243811718
-0.13071895424835858
-3.1740837696335227
-0.08448800270361609
-2.875021139861323
-0.0522375065296804
2.1602787456445953
-0.05115961800817779
-0.6654154581129461
-1.7347990381312302
1.8003845481559089
0.3090659340659458
-1.044162957891137
0.3286628610966921
-1.7758620689655094
0.40372125680181753
0.4370629370629371
0.6092254134029591
-0.9515570934256056
13.537117903930131
-5.24615384615385
1.5424581912648159
-0.8794371602174609
1.9357960961445395
-2.658648520335489
1.07299626077061
-1.0937751327006704
-0.45535859489347125
-2.613951968632576
0.08387854386847844
2.5980556486758295
0.6044763927462721
0.17862942513803554
0.016210082671425312
8.26580226904376
0.5988023952095808
0.5059523809523776
0.2517026946994441
-0.7089056269384238
-0.3272348653874657
-0.7163109983584641
0
-0.09018487900194035
0.195576952008418
-0.6156156156156191
2.115123130382233
3.4324604231395246
0.4148190530682273
0.669515669515676
1.3018253855950093
0.2654001955580357
0
3.7754249094455314
