2.45795601552394
0.6313131313131313
-7.026348808030124
0.6747638326585695
4.021447721179625
-3.3505154639175188
2.933333333333337
0.25906735751295706
-0.6459948320413437
1.0403120936280847
1.0296010296010258
4.33121019108281
-1.7094017094017162
-0.6211180124223602
1.5000000000000036
-0.49261083743843065
4.207920792079215
1.7814726840855106
-2.683780630105014
2.398081534772182
0.23419203747071266
1.2850467289719727
2.076124567474045
1.694915254237288
-3.999999999999994
0
1.2731481481481415
2.6285714285714255
-2.115812917594645
0.3412969283276418
-0.680272108843547
-1.2557077625570712
1.387283236994223
-0.7981755986317022
-0.4597701149425353
0.5773672055427252
-2.2962112514351323
-0.8225616921268962
-0.47393364928910625
0.11904761904761228
3.21046373365042
0.23041474654378208
-3.2183908045976977
-1.425178147268412
4.6987951807228985
1.495972382048328
-1.9274376417233592
-1.387283236994223
3.399765533411496
0
-1.9274376417233592
-1.387283236994223
-1.0550996483001072
0
1.0663507109004637
-0.5861664712778429
-1.0613207547169712
0.1191895113229968
2.7380952380952346
1.390498261877176
-1.0285714285714351
0.34642032332564826
-3.452243958573072
-0.35756853396902427
-0.3588516746411449
0.3601440576230458
-3.4688995215310907
0.867410161090462
1.4742014742014602
-0.12106537530265657
0
0.3636363636363602
4.710144927536239
0.6920415224913429
2.86368843069874
0.7795100222717181
-1.9889502762430908
1.9165727170236784
-2.765486725663717
-2.1615472127417585
-3.95348837209303
0.4842615012106607
2.289156626506031
0.8244994110718358
-1.8691588785046664
0
0.7142857142857075
1.0638297872340494
5.73099415204679
0.774336283185828
2.0856201975850777
0.9677419354838771
1.9169329073482397
1.7763845350052276
-1.1293634496920004
-1.9730010384215904
8.3686440677966
-1.2707722385141713
0
0.49504950495049505
-1.0837438423645265
0.09960159362549234
-0.3980099502487619
0.4995004995004995
-1.5904572564612272
0.30303030303030015
2.719033232628402
1.5686274509803866
-1.4478764478764479
-0.09794319294808454
3.0392156862745043
0.8563273073263613
-1.6037735849056631
5.081495685522529
-4.744525547445245
0.09578544061302137
-0.19138755980861516
1.629913710450626
-2.5471698113207575
-1.2584704743465607
0.29411764705882076
0.39100684261975144
-0.38948393378773677
-0.7820136852394889
-1.3793103448275918
0
-0.699300699300688
-0.10060362173039086
-2.9204431017119754
0.20746887966803798
-1.0351966873706004
0.41841004184101016
-0.7291666666666696
0.10493179433369205
1.2578616352201137
-1.759834368530009
-5.057955742887262
-0.11098779134294598
-0.22222222222222537
-1.670378619153675
1.4722536806341984
1.004464285714292
1.9889502762430908
8.342361863488627
1.0999999999999943
0.09891196834817857
-3.2608695652173885
0.8171603677221625
-0.6079027355623187
1.7329255861365984
1.7034068136272573
0.09852216748767913
-0.4921259842519685
0.6923837784371938
-2.161100196463657
1.405622489959845
-2.4752475247524752
-0.6091370558375577
-2.4514811031665023
0.5235602094240838
-0.8333333333333304
-0.7352941176470618
2.433862433862431
-1.859504132231402
2.2105263157894677
0
1.13285272914522
0.20366598778004363
-1.930894308943095
-0.8290155440414478
-2.612330198537095
0.32188841201716434
-0.7486631016042811
2.9094827586206926
-1.5706806282722514
0
0.9574468085106443
-0.8429926238145535
-0.10626992561104603
1.0638297872340425
-0.8421052631578917
0
4.3524416135881046
-0.508646998982706
1.2269938650306778
1.0101010101010102
-0.29999999999999716
-1.0030090270812437
1.519756838905775
1.1976047904191645
0.7889546351084784
0.1956947162426642
0.48828125
3.012633624878517
-4.245283018867925
-0.39408866995074454
-2.077151335311567
1.6161616161616104
-2.6838966202783188
0.9193054136874274
3.3400809716599165
-0.5876591576885352
2.364532019704439
1.828681424446575
4.5368620037807155
2.2603978300180834
-2.6525198938992043
0.8174386920980978
-3.243243243243238
0
0.37243947858472204
-0.18552875695733104
-2.8810408921933033
0
7.368421052631581
0.8021390374331474
1.4146772767462499
1.1333914559720986
0.7758620689655221
2.6518391787852815
5
0
-1.1111111111111156
0.08025682182986238
-4.5709703287890955
1.5126050420168042
0
-0.08278145695363769
-0.08285004142502778
0.9950248756218929
-0.3284072249589421
-0.41186161449752884
-0.8271298593879238
0
-2.4186822351960013
0
-1.2820512820512822
0.4329004329004329
-4.2241379310344875
-0.0900090009000849
3.5135135135135185
0.9573542210617879
-1.9827586206896528
1.0554089709762557
0.4351610095735422
-0.6932409012131814
-1.8324607329842884
-0.4444444444444444
-2.053571428571426
-0.45578851412944393
1.6483516483516456
-0.810810810810816
6.267029972752049
0.6837606837606813
-5.772495755517825
-0.6306306306306332
-2.9011786038077996
-3.548085901027075
-5.2274927395934085
-3.779366700715018
10.509554140127378
4.226705091258411
1.0138248847926215
1.1861313868613244
1.3525698827772767
0
1.5124555160142248
1.4899211218229649
-2.1588946459412783
-0.2647837599293885
2.2123893805309733
1.8181818181818132
0.6802721088435472
1.5202702702702677
-1.580698835274547
0.0845308537616302
0.9290540540540492
-0.6694560669456043
-1.8534119629317631
-2.060085836909876
2.015775635407547
-1.2886597938144329
-1.479547432550046
0.17667844522968448
0.6172839506172739
-1.4022787028921948
2.8444444444444468
1.0371650821089047
1.3686911890504656
1.181434599156123
-1.5012510425354557
-0.0846740050804355
-1.949152542372879
1.123595505617975
1.1111111111111087
0
-1.5215553677092115
0
0.6008583690987149
1.3651877133105754
1.346801346801354
-0.4983388704319007
-3.171953255425707
-0.08620689655171923
-2.9335634167385725
0
-4
0.7407407407407381
-0.6433823529411791
1.665124884366338
2.54777070063694
1.952085181898849
-11.053089643167974
1.467710371819961
-1.9286403085824493
-6.686332350049161
6.533192834562685
0.49455984174085066
0.7874015748031609
1.953125
-5.076628352490432
0
1.816347124117065
2.1803766105054394
-3.8797284190106693
0
2.4217961654894107
0
-3.743842364532017
-0.7164790174002076
-2.1649484536082415
3.6880927291886194
-2.0325203252032518
-0.41493775933610544
1.3541666666666636
-1.13052415210688
-0.10395010395011281
0.4162330905307031
-2.797927461139899
0
-1.3859275053304874
-0.5405405405405406
-4.565217391304351
-1.2528473804100164
1.0380622837370144
6.5068493150684965
-3.429796355841375
-1.7758046614872303
-0.7909604519774044
0
0.6833712984054767
0
5.1131221719456965
1.8941024537236386
-4.985213350232375
1.0226767452200998
-1.6285211267605522
0.425055928411628
-0.17821341055914078
-0.11158223610802111
2.8596961572832913
-0.5212858384013944
0.13100436681223204
-0.021805494984731815
-0.5234460196292301
0
-5.196228897171667
-1.2257169287696603
0.5151018496839121
0.4658746797111643
-0.023185717597971518
-0.6493506493506356
1.1204481792717014
-0.16158818097876335
1.757225433526007
-2.1813224267212017
-0.023228803716603973
0.37174721189591936
1.712962962962951
-0.022758306781970893
3.1868882312770284
0
-0.8382969335980487
-1.3793103448275963
0.2932551319648152
-2.136752136752143
-1.6777752240864099
-0.023375409069654067
-3.624035538929166
-0.557981562348367
3.3666747987313865
0.6372433325466206
-0.3283302063789882
-0.400000000000004
5.173635719347992
-1.4824797843665851
6.110351117191063
-0.19338203695744802
-0.21528525296017528
0.4746494066882392
-1.9540476701739395
-1.3140604467805395
1.3537505548157998
1.1386030216772411
-2.208270188352449
1.6161168917422999
-1.2418300653594778
-0.5956320317670329
1.841988459831332
-0.5229897581172412
1.5115005476451366
0
1.3379369874838096
0.5110732538330536
1.652542372881343
1.5839933305544085
0.8001641362330746
-0.24424994911460318
4.28483982860641
1.3304637057327329
4.749951728132846
2.6728110599078394
-3.034111310592468
0
-0.7961488613219769
0.22396416573349115
5.418994413407814
0.35329447094153477
1.3729977116704826
1.1981246744226388
-0.12010981468771496
0
-0.5840920803985628
-0.2073613271124891
0.034632034632040044
0
-2.2329929028907847
0
-4.178470254957507
-0.5912786400591284
2.211895910780678
3.2005819239861757
-0.7929515418502253
0
2.397868561278866
0.7285342584562042
-2.496986395729297
2.1547156481808654
-4.287690179806369
-0.6502890173410394
-0.036363636363642045
0.7639141506002214
-2.0397111913357318
0.42380689146857725
-0.8807339449541227
0.3332099222510176
-0.0369003690036958
-0.14765596160944683
1.1090573012939027
0.5484460694698302
-0.8545454545454525
2.5307170364936646
-1.4487569307816048
0.36297640653356755
0.37974683544303955
1.5132408575031588
0.5678793256433012
0.5470266454914331
-2.878202878202867
