-5.5865921787709505
5.91715976331361
-17.597765363128488
7.966101694915259
-7.06436420722135
7.601351351351351
-4.8665620094191535
8.580858085808574
-13.677811550151976
11.091549295774657
-9.66719492868463
0.17543859649123056
4.378283712784588
7.046979865771804
-6.112852664576801
-4.6744574290484096
5.07880910683012
-3.8333333333333286
3.9861351819757314
-3.6666666666666714
-1.9031141868512014
0
2.6455026455026456
8.07560137457044
-6.995230524642288
5.81196581196581
-7.7544426494345675
2.9772329246935128
-1.3605442176870701
-1.0344827586206922
-1.2195121951219439
-9.700176366843033
9.179687499999991
7.334525939177104
-6.000000000000002
0
-0.5319148936170163
-1.6042780748663077
1.630434782608693
3.3868092691622076
-2.2413793103448225
6.52557319223985
-5.298013245033105
1.2237762237762162
-2.7633851468048385
-0.17761989342805384
3.2028469750889625
-2.758620689655175
3.900709219858161
3.0716723549488005
-5.62913907284768
3.508771929824561
-3.389830508474576
0
-2.4561403508771904
5.755395683453229
-1.5306122448979569
0
-2.936096718480131
0
1.0676156583629792
1.9366197183098617
-4.145077720207252
2.7027027027027026
-6.491228070175444
2.4390243902439104
0.3663003663003585
-4.927007299270065
3.0710172744721715
2.048417132216004
-2.737226277372263
0.37523452157599035
2.990654205607479
0
6.715063520871135
1.7006802721088436
-2.842809364548488
9.81067125645438
-8.77742946708463
5.8419243986254275
-8.27922077922078
9.026548672566374
-8.928571428571429
2.4955436720142576
-9.217391304347823
2.107279693486579
-2.439024390243897
4.8076923076923075
-4.587155963302752
-1.9230769230769231
1.9607843137254901
2.6923076923076894
-1.3108614232209659
2.0872865275142205
-0.557620817843861
1.8691588785046729
-1.100917431192663
0
-2.968460111317257
3.0592734225621445
-1.855287569573284
3.9697542533081314
-2.0000000000000027
0
1.484230055658635
9.323583180987193
-6.187290969899658
4.45632798573975
-3.0716723549488125
3.16901408450705
-6.655290102389077
4.936014625228511
-5.574912891986055
5.350553505535053
-4.378283712784588
4.395604395604393
-2.6315789473684212
4.324324324324322
-7.772020725388601
2.996254681647943
-2.181818181818187
3.159851301115247
-0.9009009009009009
-4.545454545454546
1.1428571428571455
-1.6949152542372854
3.44827586206896
-1.1111111111111138
1.1235955056179803
1.8518518518518519
-3.6363636363636362
-1.6981132075471672
0.9596928982725528
2.0912547528517136
-3.16573556797021
-2.4999999999999947
3.3530571992110367
2.0992366412213768
-8.224299065420558
6.313645621181265
-1.7241379310344935
-0.19493177387913124
-0.5859375000000083
3.3398821218074715
-7.034220532319397
1.4314928425357931
0.8064516129032229
3.200000000000003
-2.9069767441860463
0
0
-1.7964071856287396
2.6422764227642217
18.81188118811881
-19.333333333333336
-1.0330578512396695
1.4613778705636804
0.4115226337448472
-0.61475409836065
2.0618556701030926
-2.42424242424243
4.347826086956525
-5.158730158730161
10.251046025104616
-8.728652751423152
2.079002079002079
-2.2403258655804508
3.333333333333336
0.6048387096774136
0.20040080160320928
0
-0.4000000000000057
-0.6024096385542111
4.44444444444445
-2.9013539651837523
-0.3984063745019977
0
2
-2.156862745098042
5.611222444889789
-7.779886148007592
5.144032921810699
-3.9138943248532287
4.0733197556008145
-6.457925636007836
4.602510460251052
-2.4000000000000057
-1.0245901639344264
-0.20703933747410833
-0.41493775933610544
-0.8333333333333304
2.310924369747902
-1.84804928131418
-1.6736401673640109
-3.6170212765957506
4.415011037527594
-0.8456659619450287
1.2793176972281481
-1.4736842105263217
3.6324786324786387
-5.154639175257732
2.1739130434782608
-1.9148936170212736
-0.21691973969631545
3.9130434782608634
0
-1.6736401673640109
-1.702127659574462
3.030303030303027
0
-3.3613445378151288
4.130434782608693
-3.340292275574116
-0.6479481641468622
3.260869565217391
2.1052631578947367
-2.474226804123717
-4.439746300211405
5.309734513274333
0.8403361344537785
-0.8333333333333304
4.411764705882356
-3.8229376257545384
0
0
0
-0.2092050209204902
2.3060796645702184
-3.688524590163929
2.127659574468085
-3.9583333333333304
-1.5184381778741927
2.643171806167407
-1.9313304721030011
2.844638949671766
1.0638297872340425
0.42105263157895334
0.6289308176100569
-3.5416666666666727
-0.43196544276456966
-0.21691973969631545
0
1.9565217391304317
0
-1.9189765458422146
0.2173913043478292
3.03687635574837
-0.42105263157895334
-2.536997885835086
0.21691973969631545
-0.6493506493506586
4.1394335511982545
-1.6736401673640109
1.4893617021276657
0.20964360587000905
-3.556485355648527
-0.21691973969631545
0
-1.7391304347826024
4.867256637168132
-2.3206751054852353
3.0237580993520643
-0.8385744234800957
-2.7484143763213473
0.2173913043478292
-2.1691973969631237
5.5432372505543235
4.201680672268908
-2.8225806451612874
4.771784232365139
-3.366336633663372
-1.6393442622950762
6.666666666666672
-4.101562500000003
4.276985743380858
-4.101562500000003
-0.20366598778004363
-4.081632653061225
4.25531914893617
-2.65306122448979
2.7253668763102663
-3.061224489795918
2.9473684210526288
-4.498977505112466
5.5674518201284675
-0.6085192697768705
-2.65306122448979
4.192872117400419
-3.4205231388330035
4.583333333333339
-5.179282868525898
0
4.201680672268908
0
-0.2016129032258093
0
0.4040404040404098
-4.0241448692152915
2.3060796645702184
2.459016393442629
-2.4000000000000057
0
-1.6393442622950762
3.7499999999999942
-3.6144578313252955
4.166666666666667
-2
4.897959183673467
-3.8910505836575875
0
-1.4170040485829873
0
-1.84804928131418
4.184100418410042
-0.8032128514056197
-2.834008097165989
-0.41666666666667257
2.301255230125526
-4.703476482617582
0
1.2875536480686725
2.966101694915251
-1.4403292181070018
0
-1.0438413361169103
-3.3755274261603407
-1.3100436681222585
0
-2.8761061946902746
2.505694760820049
-3.111111111111108
-3.669724770642205
1.1904761904761905
4.705882352941177
-9.213483146067418
2.4752475247524752
-7.246376811594203
0
-0.7812499999999927
0
4.986876640419943
-4.499999999999993
3.926701570680628
0
-1.511335012594462
4.092071611253201
-5.159705159705163
-3.367875647668405
3.2171581769437076
3.3766233766233693
0.25125628140703876
0
-1.804511278195486
-0.45941807044410343
5.025641025641028
0.09765624999999792
-5.073170731707313
0
-4.4193216855087325
4.838709677419347
0
4.923076923076928
-3.714565004887593
-0.7614213197969472
-3.1713554987212325
2.9582673005810816
-2.7706516162134385
0
-2.374670184696566
0
0.21621621621621162
-4.962243797195244
4.994324631101016
-2.378378378378385
4.651162790697674
0
-1.8518518518518408
4.8517520215633345
-4.370179948586108
-0.48387096774193467
-0.054024851431667006
0.3243243243243174
4.4719827586207
0
-4.332129963898916
0
0.1078167115902942
0
-0.37695207323640434
-2.7027027027027026
4.999999999999992
2.592592592592603
-6.446621970087674
4.7409040793825765
0.2105263157894692
-1.7857142857142851
6.524064171123007
0.3514056224899434
0.05002501250626095
5
-1.2857142857142836
0.8200675349734595
0
-7.607655502392345
0.10357327809424949
8.12209001551992
-0.3827751196172168
2.0653218059558105
-7.999999999999997
6.342710997442447
3.1746031746031753
2.097902097902095
-1.8721461187214619
-1.8147975802698793
5.876777251184826
-7.072515666965077
10.693641618497104
4.482158398607489
-3.748438150770521
-8.135006490696663
-0.8007536504945911
4.415954415954415
-8.503865393360607
0
6.560636182902585
-2.052238805970155
3.7142857142857197
0
1.0101010101010048
-3.681818181818176
-0.660689004247289
-3.040380047505941
5.340519353258206
5.9999999999999964
-8.161474330846861
9.507883420926909
-6.064572425828972
6.781235485369239
-9.438886472379288
-0.960614793467816
-1.212415130940834
6.6273932253313586
-3.3149171270718183
-2.476190476190474
-2.343750000000002
4.949999999999992
-7.003334921391134
5.0204918032786905
-4.585365853658542
0
6.083844580777103
3.6144578313253013
-8.093023255813945
8.552631578947356
-10.163170163170163
0
-1.089776855215365
9.653725078698846
-8.086124401913866
-5.778240499739716
10.276243093922648
0
-0.5010020040080231
-5.53877139979858
4.3710021321961445
-5.2604698672114285
7.924528301886786
-0.8491508491508399
-1.91435768261966
7.036466358500263
-7.5815738963531585
7.528556593977151
-8.063737324963794
4.989495798319324
-4.902451225612791
