-3.5127478753541013
4.051673517322358
-2.934537246049655
4.534883720930239
-2.113459399332598
0
-4.14772727272728
0.2963841138114997
-0.591016548463357
0.47562425683710546
3.8461538461538463
0.6267806267806235
-1.9818799546998869
-0.2310803004043938
0.7527504342791034
1.091954022988509
-1.1938601478112532
0
-0.4027617951668682
0
-0.8665511265164645
-4.720279720279717
6.055045871559637
-4.38292964244521
3.196622436670677
3.7989479836353013
-1.5765765765765671
-0.8581235697940502
-3.0582804385458804
1.7857142857142858
-0.8771929824561403
0
-1.7109144542772894
-3.7214885954381685
3.491271820448874
4.457831325301208
-1.9607843137254934
-2.9999999999999964
1.9405700424499628
-0.41641879833431805
-2.449223416965349
0.6736068585425562
-1.2165450121654502
2.155172413793103
0.06027727546714546
-1.6265060240963787
5.572565829761172
-4.524361948955923
4.25273390036452
-0.11655011655010993
0.9334889148191332
-1.7341040462427746
-1.1764705882352942
-0.5357142857142891
-1.2567324955116663
0.1818181818181887
-1.512401693889897
3.931203931203917
-3.6052009456264744
0
3.0042918454935656
1.1904761904761905
1.4705882352941178
-4.3478260869565215
3.212121212121219
-4.638872577803879
4.2487684729064075
4.311872415829877
-4.303510758776894
-2.6035502958579917
0.3037667071688943
-2.846759539672919
5.922693266832917
2.3543260741612713
-5.692926969522717
0.6097560975609756
-0.6060606060606061
0.9146341463414634
-0.24169184290030554
0.18170805572381066
4.594921402660214
2.3121387283236996
2.598870056497172
0
4.955947136563877
4.984260230849948
0
4.997501249375312
0
4.997620180866254
0
4.986400725294651
0
4.96545768566494
0
4.977375565610858
-1.8808777429467018
-4.992012779552716
8.869272803699031
-0.3861003861003861
-0.34883720930231676
1.5169194865810878
3.4099616858237463
4.964801778436471
0
0
-4.412283798093894
-1.3293943870014855
3.480538922155693
0
-2.965641952983721
-0.37271710771524413
-0.6734006734006777
-1.1676082862523627
1.524390243902439
-2.1396396396396358
0.8822401227464562
-1.1026615969581663
0.6920415224913319
1.489117983963358
-2.5959367945824057
1.8926226342217205
-3.9423805913570904
2.446724546172067
-4.776579352850552
4.166666666666671
-7.378640776699029
-1.0482180293501049
6.101694915254239
4.952076677316295
-4.870624048706245
0
-4.279999999999996
-0.7521938988717138
0.5052631578947321
0.5446166736489365
-4.833333333333331
-2.802101576182139
-2.2522522522522523
-0.4608294930875576
0.9722222222222195
4.997707473635949
-4.759825327510919
0.8711600183402135
0.45454545454545453
-4.072398190045249
0.6132075471698167
3.0942334739803066
-2.4556616643929083
0.09324009324008795
1.2575687005123508
2.7598896044158234
1.342882721575649
0.6625441696113074
0.7898200965335599
2.5685676969960842
-4.92359932088285
3.8392857142857117
-4.600171969045567
-4.461469130238849
2.6415094339622613
3.3547794117647114
-1.8230324588706066
3.894927536231881
-4.097646033129906
-4.954545454545457
3.3955045432807243
3.561517113783542
-5.493523894595807
-0.7561436672967837
-0.7619047619047592
3.550863723608448
-5.143651529193708
4.934049829018087
-3.864059590316579
-2.953995157384985
2.8942115768462986
1.2124151309408342
-0.28749401054144436
-0.04805382027870943
0.4807692307692308
-4.162679425837315
4.8427358961557605
-3.8095238095238093
4.9504950495049505
3.2075471698113263
-2.2394881170018306
0
3.1790556334735776
4.213864975079298
-1.6521739130434832
-0.08841732979663512
0.9734513274336233
4.0753724802804605
-3.7052631578947417
-3.5417577612592894
1.813236627379873
-1.602849510240425
0.6787330316742082
-2.2921348314606718
4.093836246550141
-4.330534688466642
0.32332563510392087
4.327808471454883
-3.177405119152687
0.27347310847766376
-0.9090909090909091
0
0.9174311926605505
2.5
-3.015521064301557
-1.0059442158207539
-0.5080831408775955
4.828226555246056
-1.682905225863601
-4.369369369369364
3.532736693358455
-1.5468607825295748
2.310536044362292
3.026196928635948
-2.4989039894782943
4.496402877697841
0.08605851979345466
0.9888220120378381
2.9374201787994916
-2.3986765922249838
0.2966101694915206
-4.520490071820865
3.185840707964597
-0.9433962264150895
3.896103896103896
-3.1666666666666643
7.056798623063685
-0.3215434083601332
-2.620967741935484
2.1118012422360226
-2.6358475263584755
-0.12494793835900998
-0.6672226855713189
-0.04198152812762146
-1.1759764804703834
-0.46748831279218983
1.5371477369769526
-0.46257359125316344
0.08449514152936927
0.5909666525960344
-1.0910616869492331
-0.339414509970294
-1.8305661983822952
-0.5637467476149102
-2.398604448320977
0.13404825737264653
-4.819277108433727
-3.09423347398032
-1.2094823415578133
-1.0773751224289856
-1.188118811881191
0.25050100200400804
4.697651174412797
3.866348448687348
0.9650735294117622
2.685480200273102
-3.8120567375886503
1.1059907834101408
0.3190519598906056
-0.8178100863243902
-0.4580852038479157
-1.4726184997699112
2.1485287248949065
2.423411065386379
-3.303571428571431
0.8310249307479277
-0.8699633699633725
3.0484988452655863
-4.0788883908561155
1.5887850467289746
-2.89788408463662
1.1369019422074873
-2.014051522248249
0.6214149139579405
0.5225653206650804
-1.7485822306238132
2.886002886002886
0
-4.955586722767646
-0.5410723069355744
-2.967359050445104
0.3567787971457783
-0.3555104113763418
-1.121304791029556
0.9278350515463976
0.10214504596526487
2.0408163265306123
0
-2.450000000000003
0.5125576627370579
-0.9178990311065696
2.3674729799279435
2.564102564102561
4.803921568627456
-0.9822263797942108
1.6060462919225347
-4.044630404463035
0.6298449612403018
-2.4554646124217596
1.678183613030605
-6.456310679611656
4.929942916450441
0.049455984174096315
1.8289668808699893
1.7475728155339778
2.71946564885497
0.13934045517881233
1.948051948051956
-4.777070063694267
-0.38222646918299635
-1.1031175059952092
0.38797284190107245
-2.8502415458937227
-0.4475385380407786
0.3496503496503582
-0.5973120955699438
2.203304957436157
1.3718765311122054
-2.851619139681008
2.885572139303488
-4.400386847195368
4.097116843702591
-6.656948493683196
1.2493492972410234
0.8740359897172179
-1.121304791029556
2.62886597938144
1.3058764439979882
-1.2394645513138325
-0.2008032128513942
-1.0060362173038229
-0.9654471544715475
-1.7444843509492076
-2.1409921671018246
2.988260405549623
3.316062176165806
-4.814443329989967
2.8977871443624865
-3.2770097286226347
1.4293276866066642
-1.3569937369519804
-1.6402116402116371
-1.9903173749327687
3.6772777167947406
1.2175754367390064
4.069037656903767
-4.693939089355716
-0.16874077198902826
-0.697232199450662
2.244680851063829
0.4786182499219579
-1.5739877808843286
-1.9989479221462298
-0.8588298443371029
-0.9637249593936119
3.5534659960638533
-2.544609861683029
0.4875406283857019
-2.2533692722372005
0.9265387160820686
-7.923497267759563
0.8902077151335311
-7.235294117647065
1.4584654407102167
-11.237499999999994
0.19715533023517892
-5.1862262825017735
-0.014823599169864966
-4.981467753891771
-4.58729911062569
-0.42518397383482914
0.01642305797339138
4.975369458128081
4.989832629438456
0
4.991060786650766
-0.12771392081737393
3.7226484796817343
1.2191780821917817
2.124780078495051
-6.970580439968184
-5.000000000000007
0
-4.993252361673412
0
-2.1464646464646457
0.9677419354838732
-2.3961661341853033
7.577741407528645
4.974897307165671
-6.6811594202898545
0.0931821711445912
0.4654771140418885
0.6177606177606265
4.343821949347657
1.132686084142389
-3.883636363636366
0.8625907990314882
0.6601650412603116
1.3563869429125004
0.2941176470588277
2.565982404692082
-4.731951393852755
2.641056422569035
-1.8713450292397675
6.972586412395698
-5.334261838440109
-0.25011034279829586
-0.07374631268436159
0.8856088560885524
-2.7944403803950206
3.883202889825404
-7.157345696899447
0.18726591760300335
-1.4174454828660492
1.185021330383958
-0.5309181761399179
0.3139717425431644
-0.7824726134585289
1.3564668769716193
-1.3694366635543145
1.530451246449971
-0.5439005439005351
-0.15625000000000222
-1.0798122065727664
2.02499604492959
0.32563188091178163
1.066460587326117
-2.4315644593974666
2.586206896551733
-2.230710466004585
0.9532739490545278
-2.4303405572755317
0.349040139616054
4.55335968379446
-0.9526689853319151
-1.7862595419847354
0
1.8342919322244782
-0.8243016333384311
-0.8773279975373144
4.037267080745332
-5.671641791044772
2.056962025316451
-3.627906976744191
1.753539253539259
-0.268774703557315
-0.12682308180088506
-0.317460317460322
1.7515923566879004
-8.575899843505471
2.704553235193424
-1.7999999999999972
-0.4582484725050969
-0.40920716112532307
-1.9859613079952005
1.5371179039301355
0.20643385515224055
4.051502145922746
1.6333938294010921
-0.6980519480519476
0.1471309465424167
1.8445968005223679
-6.331142811347977
4.979466119096515
0.8801955990220035
-2.148973986104376
5.184940554821665
-2.119309262166407
