-1.1411764705882406
0
-2.653814114006897
2.334963325183377
2.0069286823557464
-0.24593043681930235
-2.500586992251697
1.4810355207706147
2.800189843379215
1.4889196675900251
3.4572955760263953
1.3960646366934077
3.5450997398091983
-0.30363312742121007
1.092207519428689
-1.3089549137751946
-2.9684210526315837
-0.1952701236710734
1.1847826086956497
1.3213019658395175
-3.170059372349458
0.7336034161830773
4.20652173913044
0.5528319599457551
-4.045643153526971
1.7621621621621573
-0.2762137469457037
1.7151379567486853
3.2258064516129106
3.9975649350649327
-2.2439024390243905
1.596806387225549
1.4833005893909537
-0.9486012970670753
-2.570116290432909
2.4974924774322944
1.2623544378119167
1.314263625821428
-2.460892789011834
0.6943086250733447
-1.8257744974264414
0.8408348995944208
4.120070629782235
2.6003391746749487
2.3324150596877953
4.711055276381909
0.059988002399504504
0
-2.6721479958889875
1.0295670538542605
-0.21775106698022823
0.008729050279341519
-2.3479095749323635
-0.25026814444046785
-4.623655913978486
-1.4562194663660277
-0.10487177042617374
1.0498186676846728
3.90064223649414
1.5271338969184787
1.6295102515892037
0.2995330807858419
-0.6499780412823971
1.1404827159402433
-0.8391608391608312
2.256699576868821
0.9913793103448276
1.545027742210833
-2.463012777404166
1.6805998448677066
0.7797931852856456
-4.735071488645917
1.1388717224331124
1.1085893854748643
6.993006993006993
1.670297748729125
-6.365079365079369
-1.3646380742498652
-1.074160006874624
2.666782487838781
-2.7667315339707286
-0.5134006265228064
-1.6443628094113492
-1.3961760782570072
-4.77994227994228
1.3449516953968599
-2.4485981308411255
-0.5652423835983774
5.886886983331718
0.6369426751592356
2.603978300180828
0.6080366584420243
1.7254970657791053
1.084897537454788
0.09369676320271798
0
-3.2592970810994775
-6.755805770584092
8.4622641509434
2.722449334609024
-0.6011854360711185
0.50259817701677
0.6272249533819368
0.7917789757412284
-0.33428046130703665
0.6204930404159057
0.10833333333332955
-0.9406476317322863
-0.1008403361344576
-2.170255720053832
1.771281169389502
0.853328827306534
2.261874842925358
0.43417711149340166
8.075040783034257
0.9811320754716981
-0.3139013452914832
1.2145748987854286
0.2222222222222222
-3.621581670362158
2.6226993865030708
0.3736362277686444
-2.628052412150086
0.08410428931874829
-0.5653170359052782
-0.4609711124769515
-1.1577647422043842
-0.41386849914102414
3.0816278522700506
0.1597444089456973
-1.5037593984962372
3.169095535507742
-8.348281016442455
-0.11416456005870208
-5.175932729202391
-0.7404218682737761
-0.2775609332986421
-1.191615203966256
3.2482394366197265
-0.46039730582318106
1.0792291220556667
1.3558173036183376
0.32605969400552554
0
1.8999999999999961
0.4088976120379457
-3.477765108323835
1.8141928951143365
1.4089176197579978
0.35959463877084763
-1.7752442996742634
0.580334936163157
3.511374876360032
-2.842809364548499
-1.4834849602491527
0.274542429284522
3.136148676678002
1.6249698334808178
-2.026438692313774
2.141068110204411
-2.6182566049675793
2.168792137113155
-1.8126888217522623
1.4008097165991866
-5.493891240118179
1.0984368398817068
0.8023401587964821
0.47259762872067373
1.0727842878362766
-0.06531678641410471
1.3480392156862746
2.2410318419991904
-4.714972798233853
2.912701696317753
-2.95087239688028
2.6097763048881526
-1.4129995962858297
0.6142506142506142
2.1489621489621564
0
-2.9643796318431783
-79.83082861131642
1.1400651465798093
1.167471819645735
-0.5173099880620817
-0.5200000000000046
-3.8600723763570546
-1.1710581346716784
2.9200169276343533
0.3289473684210573
-2.5409836065573725
-0.5046257359125387
-6.213017751479286
0.09013068949976955
-6.393516434038716
0.09620009620009073
2.7871215761653105
0.9817671809256635
-0.3703703703703756
-1.4405204460966516
-2.074493163602077
-1.636976408281164
2.545276554087121
-0.09546539379474397
-3.5355948399426684
0.49529470034670625
-1.1335633316904934
-0.3988035892322946
-0.050050050050061426
-1.3019529293940884
-0.4058853373921781
1.42638818135506
-1.908588648920132
0
7.270865335381458
1.5751789976133705
4.370300751879691
1.2156686177397646
2.891459074733096
-3.156074362300048
-1.250000000000005
-0.7685352622061432
-0.7289293849658288
0.7342817806333154
0.683371298405467
1.7647058823529438
1.0671409515340176
-0.8798944126704795
3.240124278739451
0
7.222699914015482
1.4033680834001603
2.3329379201265343
-1.5842349304482313
-1.1778563015312133
-1.8275725069527193
0.48563334682315545
-1.0873942811115653
1.6693811074918543
-1.481778133760508
-1.9105691056910523
3.6054703688354697
2.5200000000000045
0.07803355442839978
0.7797270955165692
1.9729206963249604
-3.034901365705625
-2.856025039123624
0.1208215867901663
-1.1263073209975796
2.318958502847839
1.9483101391650008
-0.5850234009360264
0.03923107100823629
-3.4509803921568674
0.48740861088546594
-5.012126111560228
-2.127659574468085
-0.043478260869562746
-0.7394519356241919
4.995617879053464
-0.04173622704507275
1.2526096033402923
-1.6494845360824741
0
0.9224318658280874
-2.285002077274616
3.31632653061225
-2.2222222222222245
1.8518518518518543
5.289256198347112
1.923076923076914
8.586830958798618
0.6382978723404296
1.0923185341789872
0
1.7776228651098025
0.2054794520548023
1.3328776486671146
1.0455311973018626
-5.340453938584779
0.9873060648800968
-5.09776536312848
0.5886681383369999
0.91441111923921
0.25371511417181786
-2.928416485900225
0.5586592178770949
-2.0740740740740824
2.4583963691376702
1.1443337024732458
0.0364963503649718
-0.7296607077708864
-0.11025358324145952
-0.36791758646063283
-1.8833087149187675
0.30109145652992525
1.9887429643527248
0.036791758646050735
1.4711290915777862
-2.6096411743385244
-1.6002977298102015
2.0423600605143855
-1.4084507042253562
-0.6766917293233126
0
-1.0976532929598704
0.9950248756218775
-1.4020462296324323
-0.5380476556494916
1.3523956723338484
-0.19062142584826533
-2.9411764705882417
3.069657615112154
-2.7491408934707864
0
0.7459756576364485
0.5845674201091192
-1.2398295234405334
0.6669282071400616
-2.260327357755265
0.5183413078149852
-0.8726695755652474
0.2801120448179226
1.5562649640861954
1.8074656188605198
-0.6947124662292594
-0.27205596579867414
0.896336710833965
3.746620316724622
-2.7922561429635144
2.2596706242818754
-1.6479400749063586
-0.5331302361005461
2.2970903522205206
0
3.5179640718563006
-0.21691973969632056
-0.9782608695652133
1.3538236370289018
-3.2851985559566868
-0.3359462486002155
-1.1610486891385854
0.5305039787798538
0.3769317753486619
0.2628614344723953
5.4681647940074996
1.4204545454545454
0.9803921568627291
1.6296809986130534
-4.46946434663938
-0.857142857142849
4.755043227665702
0.722145804676742
-2.5264595425059673
1.0157618213660164
7.038834951456315
1.0689990281827053
-1.9551282051282124
-1.5691402419091058
9.564928595151097
-0.3940588056986828
-3.4083992696287417
-2.9615626969124063
5.7142857142857215
-0.4299754299754404
-7.8963602714373735
0.23442732752846235
-4.644169729368538
-0.700770847932726
0.2470007057163181
-0.03519887363605165
4.542253521126753
1.044122600202096
0.6333333333333258
-5.134150380920835
3.7709497206703952
1.278600269179008
4.186046511627914
0.15943877551020408
5.03024514485831
-1.7884207335556161
4.938271604938271
1.7647058823529411
-2.1387283236994152
-0.649734199645613
-2.8834720570749077
1.0101010101010137
-5.606060606060606
0.25682182985554136
0.5763688760806953
0.2546959567016729
0.5398539218799764
-0.7896399241945672
0.31836994587710915
1.3011742304030358
-1.4097744360902256
-0.15888147442008263
0.7638446849140783
-0.1895135818067033
-0.31645569620253167
0.25396825396825756
-0.5699810006333158
-0.6369426751592356
1.3782051282051317
1.1065444198545684
-1.0944340212632895
1.16977552956054
-1.3437500000000036
0.6018371872030517
-1.5743073047858942
0.47984644913627633
0
0.9232728430436093
-0.5993690851734944
0.5077753094255684
-0.5367856015156264
0.4444444444444372
5.120101137800267
1.4732411304870645
-0.20740740740740404
0
-0.38598574821853066
-0.059612518628908685
0.8052490307187559
0.591715976331361
2.294117647058827
0.9200690051753848
2.7635327635327602
0.4158580537843083
-5.549420209828814
0.8477053493130596
3.275362318840583
-0.8981195621667102
1.8691588785046631
0.3614122880177958
-2.963988919667587
0.48529831572937154
2.954545454545448
0.9657836644591612
-2.7329871549603717
0.7586400674346855
7.975460122699376
0.05165289256198054
3.6654620547238115
0.17430278884461867
-3.4054188416604494
1.1322696860524901
-1.8575063613231582
1.1148561057816986
-0.6923076923076894
0.697134004647557
-0.46153846153846445
0.463678516228751
0.20512820512820804
0.23029682702148854
2.0934388562675488
0.02500625156289641
-0.32500000000000284
0.6019563581640417
1.869857890800299
0
1.5173764072442457
0.07232401157184459
-2.312695735967242
1.3316892725030771
-2.068629836943295
-0.5715705765407442
-3.049237690577367
