-3.1638418079096047
0.11668611435239207
0.32634032634032106
0
0.598280669144992
1.7322016282695305
-3.7516317611669296
1.2501474230451732
0.6464764123471117
1.0010994734101142
1.220350635957371
2.473538235127642
-5.153557224922679
1.5432997495777765
-4.559532002752925
-0.3665645093443849
5.9288299155609145
0.19928258270227184
-3.4208432776451896
1.0826076723935099
-1.4901047729918457
0
-1.3353817064523834
0.37130195232962304
0.4832935560859134
2.012944599489347
-0.41909196740396076
-0.5143792377834905
3.4195064629847267
0.5283490512441742
-1.1076575303758072
-0.22286987827876398
1.7697594501718266
0.6809612246046434
-3.8401341531581914
-0.24995640295297067
1.0372960372960347
1.972545853039569
-2.652714932126702
0.41833710998780116
0.5554591216802718
2.1923010529949885
-0.692567567567565
0.9241934569371182
1.6853932584269662
1.1049723756906078
1.278688524590169
0.16186468112657817
-0.4524886877828103
0.5411255411255411
-2.3896663078579166
1.4556682840758763
0.695652173913041
1.2521588946459437
-3.89658848614072
-0.7044206556104079
1.8880572003128115
-1.3157894736842106
2.877777777777775
0.22680635057781864
3.0226293103448225
0.9361435071387528
2.0725388601036268
0.30456852791878175
-0.37449392712551066
0.5536929797825912
-0.9244758777469035
-0.999388129716507
8.359085290482087
0.5751223917486529
-2.6134215500945266
-0.03396903964671316
-0.6844660194174713
-1.0850970233149246
3.883974897465046
0.36626551871758634
3.545023696682473
-3.6937019406810814
6.159403070196279
0
-0.47902583157988177
-0.3328834907782317
-2.7712583498826544
-0.19496796954785156
-2.711627906976753
0.10995840703734676
1.4278892072588392
0.5602900324874095
-0.8427755407809719
1.0482576258381253
-1.742990654205616
0.8227517001949961
-1.4811320754717023
-0.31600114909508326
-1.5273775216138417
2.424153741098443
-7.062241059098061
-0.7993441278950558
-0.8522727272727273
0.5261786923677993
-1.8708540630182375
0.07921837866385001
8.680738786279683
0.4078659868900263
0.08220900430387437
-0.17877850792422778
2.367007115542867
1.6644599962171276
-1.6558139534883678
-1.433030646992063
0.8972698047118791
0.24728932851435312
-2.153700189753325
-0.5090662270920198
-0.8576580088689592
-1.0911771934136174
0.42240222630820456
0.950118764845608
0.9215686274509893
-2.3654556052069298
5.034575394259006
0.3931227205986703
0.3396867333459272
-0.5031032537145135
0.9782146401398929
0.1403968551104455
1.5655668754089165
0.40491418580038313
-1.9201686448833735
-0.37846930193439443
-0.21574973031283284
-0.3525264394829612
0.7735849056603816
-0.2995693690320207
1.8169014084506956
-2.047309448056423
-3.3046179918090792
0.2969670415266983
0.8979710707698283
-1.375859912445274
-0.31705770450221943
0.7046388725778083
-1.083576287657918
0
1.8273812447806672
4.394809204496112
-1.732902033271719
-0.7712203150717184
3.980853987962656
1.198669158196991
2.373446225905234
0.6510932207118113
0.28410332619432666
-1.8436192468619326
-0.04440300164291106
0.3953622673359731
-3.2964601769911503
0.5719514985129261
-0.01819836214741087
0.10921004732435799
-0.9909090909090992
1.496648608943181
1.1896146191423795
0.3039649546287686
-0.29858728107314375
0.12962631861255547
1.0847730012053114
0.6845080374492138
-2.2588710031141717
-0.7987793932866712
-1.9135076449832502
0.17525250196004827
-1.100317664932558
1.2941066939763608
1.052389705882357
0.10914548183182914
-2.1441875255530944
0.4224502112251014
-0.9291789940828361
0.2986328216135547
-0.10234938357756772
0.4051599683323158
0.037105751391474116
-0.8067507418397668
1.2199682153874876
-0.5310551835603786
1.1281337047353845
-0.734517743194234
0.9758127919345099
0.43052120545937944
0.10944910616561639
0.2642128279883465
-0.40436165379373423
-0.09579854933624876
-3.3333333333333335
1.6154936230514794
-2.6636296020825463
1.232150532499151
-0.8916356088125508
0.06664127951254932
3.020645038531063
-0.17084545412567845
-0.749306197964839
1.7802218286885925
-0.883699633699642
-0.9562525985124877
1.958955223880597
-0.15096065873742825
-0.9804370733495047
-0.05089529449869818
2.2914544949541713
0
1.7694709689098234
-0.03557452863750364
1.0409252669039186
0.19371312846702873
-3.594340451709297
0.3646308113035551
-1.8619436875567665
0.04627487274409996
0.3145235892692036
0.45186278126151447
-1.3632608096942909
-0.4095118432686575
4.733423671791046
0.6558400999375309
0.3944860600150743
0.22075055187637968
4.559471365638767
0.3581209184748262
-4.135180520570949
0.02189621195533173
-2.2154115586689977
0.03134234798960411
2.3051788192113154
0.36751837591879993
0.2877070619006063
0.7563244371033683
0.45729076790336104
-1.1766726788628399
-0.6040326786024525
-0.05683557032309631
0.7086614173228267
0.08252975414821002
1.3020268217525282
-0.599802921897091
-0.1680962027498854
-9.32993696571971
6.113994571687067
0.017949293246582496
0.5563282336578622
0.829875518672195
0.8318952166024924
0.2325887567472762
-2.692644483362522
-1.4578177727784067
-3.0318250308205146
-0.5933041390026798
-1.6200085263606565
-2.01261495498099
4.10299248194192
1.0101010101010144
-1.616822429906538
-0.15673981191223435
0.4424147281290225
-0.42625745950554134
6.207191780821917
0.3224506247480773
-2.4150707557698277
-0.6404391582799634
1.7863720073664908
0.054278994029302426
-1.595840867992775
0.06431754490743286
4.233047151186827
0
-1.132008985596629
-1.3588167156731712
1.205907592249685
0.058014994644757546
-0.7715980553944841
2.027148507731028
-2.9076170756420985
1.3612232859930122
0.12981780742200147
-0.38447782546496617
1.243155910600497
0.026596923622496965
0.5583868823399029
0.048477369882328196
-1.096819663465758
0.1068899478911342
1.7084130444454373
0.17059621188924767
3.8646288209606987
-0.004204330460370362
-0.8787420114362635
0.10604453870625663
1.343220338983043
0.01672450558180754
-2.662932151665893
1.3528603332760694
-2.029747023178952
-0.8434256055363322
0.6063249727371904
0.294831772459232
-1.6513920110669125
1.0945054945054986
-1.0826557676420754
0.6285714285714366
0.21840737343292707
0.19613825567711282
-0.39150861318949015
0.8778059219145736
2.536906359582662
0.4053198226725737
-1.7997561078171536
0.629469447180226
1.0042553191489323
0.2696326255476951
-0.8403361344537815
-0.2542372881355932
0.5692438402718816
-0.6462786178930549
1.9514476425322091
0
-0.5796497080900789
-0.08388909861163542
0.8479912682087348
-0.0915789035507752
1.1249531269530437
0.8611099666268424
0.7271241830065434
-0.06894314218510313
7.134450712227596
0.8560930338270354
-3.211267605633803
0.5820721769499418
-2.29166666666667
0.13819789939192925
0.5244272702180586
-0.054914881933007406
-0.29042386185243685
1.1532708808942842
-1.8133001284096621
0.9749138033527487
-4.093567251461995
0.004092322802418933
1.7023366206981367
-0.6115961855711693
-3.785271851342051
0.9803921568627528
4.954373098879124
-0.003970144513274726
-1.0124270456981777
1.0709128830418848
-2.5516885590698113
0.020361622414073955
1.4983103293839901
-0.5094468289943549
-3.128779937101843
0.058270207275455385
0.5990016638935146
-0.10337413165729407
-0.7285069746264294
-0.17929366634700336
-0.9649122807017506
1.2231641992492301
-0.550022917621579
0.7248502115892312
0.06655574043260853
-0.6651147322913202
-1.096417810512212
-0.4781247355504858
5.322902937800276
1.7236507487990884
-4.023809523809527
0.48375093029026184
-1.3660864913796762
0.004171707479867718
-0.7675621558484748
0.05044560282494611
4.542016806722685
-0.7234435914955187
-2.1335168616655125
0.11169024571853305
-1.6776166274120867
0.6598024795124949
0.029225116900478996
0
0.6385909261655214
-1.23589913735898
1.1001931636852196
0.020767569363681675
-1.9849674016859653
-0.17370673219507535
1.0228333757745678
0
0.6469772717724503
0.09600534290604759
-1.3135946622185155
0.1478977392774139
0.6033755274261681
0.004194103091050163
0.998154672034882
-0.9093929075658017
-0.17600469345850364
0.2518785945174426
-0.47317951509567135
-0.4712218108381131
3.72844098748733
0.6602005053386509
-0.3603238866396798
0.605420340498155
-0.9693053311793215
0.7259380097879357
-0.3401085108105956
0.7475420492402735
-1.6654568916848205
-0.02050440844781628
-0.020508613617719443
-0.13128205128204382
-0.7230004518752973
0.7117143211817881
-1.3065450511524788
0.9075392365014022
-1.361442303725401
-1.284035300514462
1.593085331751562
2.1728250896655226
-2.6694967141516015
0.3774376179492556
0.5556716106120819
0.3074621904603472
-1.4456134537320702
0.6136258563442991
-0.8730523413676465
-0.9186683522966785
0.6932630146308346
-0.5702217529039071
0.43330501274425737
0.00422976059556568
0.012688745083099738
-0.570921086018777
0.3147462889711238
0.19927920288318077
-2.593940419769792
0.9600764585776927
-0.8261617900172039
0.4816036098576843
-0.3972537674338388
-0.18207829366626863
-3.226927252985893
0.35005834305718436
-2.1779964221824604
-0.32917295295571125
1.1513233337920237
0.7028840921458371
3.881658936371427
0.13871429190688014
-0.19912557897926103
0.1951854261548471
-0.5887445887445848
-0.026127852290537757
-1.7423120480878125
0.05319620533734454
0.6601683650864019
0.00440160218319068
-1.9366197183098592
0.5341113105924636
1.5045314522969693
-0.5981703026037961
1.084070796460177
0.23637557452396984
-0.8035285383641246
