-0.13871323079434095
0.09396576377824824
-4.616326530612241
0.8173220933715567
5.768251273344656
0.5618202977647578
-2.1549144020112534
0.6403197520290312
0.008105041335721869
1.6532944322878567
1.8257195248345763
1.0021922956467235
-0.6356589147286857
-0.6514276798252386
-0.019631709136597432
-0.7697141061891262
0.9498179515592844
3.4185353614552225
-0.9059893858984114
0.7727324891932318
-2.414303610067204
0.05056988368927459
0.04665629860030397
0.5751593346805605
0.7302936630602818
0.5025125628140669
-0.019083969465648856
0.7176942164535286
-0.6784671947845238
0.4426805067928526
-0.9232522796352652
1.0085515971929357
-0.30372057706909644
-0.07616146230007616
1.7035060975609686
1.0491999850114289
-1.6538732524937854
0.3732890916632137
0.44703230653644216
0.7517109839560159
-0.28582034149962204
0.5658340468302058
0.3775680177679
0.15857211343438368
0.39764359351988887
0.4840839078773587
2.645985401459854
0.96
0.4296531079415326
0.5715888768103301
-0.864714086471415
0.028137310073163405
-1.3326300984528865
-0.35993015216848684
-0.2467811158798316
0.15058621060558147
0.03221995489205012
0.4473552358456804
-1.004738661061026
0.8421810329314411
-0.3212106070880474
0
-5.245443803931397
-0.31741233373640004
-0.05686125852918878
0
0.0606865162146751
-0.0796027443993749
-1.361911987860398
0.7422791431098874
-1.664503321371303
0.5124621476822664
-0.6759366550791811
0.3305463737118413
-0.7441860465116209
0.2108716026241657
2.3069129452108283
0.8912927553896584
-0.45303533675626695
0.23892597087377604
-0.5939994703189369
0.513815939712263
0.5907077132795603
0.5081874647092038
0.7677902621722846
-0.01858390633711206
-1.780669144981416
-0.6850611256197687
-2.736280487804885
-0.4427552699631584
2.7077019953559653
0.3946813810016547
-1.0839694656488585
0.3086896125945362
-0.7270349284505344
0.05037392955400403
-0.7552285050348567
-0.1014634146341428
-1.7656939724208083
0.1550880820773886
2.421980465337886
-0.3721507210420185
0.054474708171209765
1.108345648284981
-1.738528404938662
0.9120444670607188
-1.3615205585725334
0.27920877738015293
-0.6470588235294118
-0.6867969212551842
1.1605262111998838
0.663968883825075
-0.788384981656382
0.23603461841070023
-0.902668759811617
0.05148514851485869
0.5541701302299805
0.06692122977600354
1.1172305271439846
-1.1826953003423626
0.4803149606299141
0.4427552699631762
0.8699044275404791
-0.2243019568412167
-3.2286821705426427
-0.5767613249489181
-1.2206421463964943
0.8564437194127243
3.7808329963606955
-0.46756282875511396
1.013897044431399
-0.019376840799875988
0.17830148455366135
0.3675759334494099
-2.7293754818812714
-0.7569752694990453
-1.2259893774210222
0.27088218646396933
-3.1934196201765985
0.39985005622891034
-3.5220908525202277
0.6234950120399037
0.7691978975257467
-0.1696280904117722
3.547003100972771
0.9189366590088649
1.4308943089430821
1.4347547290798406
0.6598182536546747
0
3.226439533697071
-0.13308490817141336
1.4011574779165292
-1.3292279963953004
0.6659563132658497
-0.8845877594223751
-0.5949883672146119
-0.9016613590146951
2.5360074337927827
-0.377600724993392
-0.14403214190956987
0.7895236287720699
-1.2729258464203737
-0.0610337592981083
-0.4351311118745025
-0.0920069005175423
0.8787076474425422
0.30810193990109963
1.334799590459227
-0.4527934737866393
-0.05638673783926021
-0.39869108963026706
-0.4833654318190298
2.91048457481121
1.0213864306784595
0.3759535715589365
8.68727272727273
0.40483120880591217
0.8063978673775347
-0.18180616157609417
-0.13908666423816335
0.082904990880451
1.756129887342611
0
-1.1917942038423937
-0.5206960189823419
-1.1097859935069239
-0.9882415999464005
1.6646366220056934
-0.6223375931842476
0.3717223133853491
0.24356065661284473
2.163421534365119
0.15963511972634276
-0.9823054905022207
-0.16096182905195575
-1.7142105089987945
1.0980182110337502
1.1291390728476791
0.05238859238400541
-0.9555911902346376
-0.7996035023955004
2.5313925990074275
0.0552252866842029
-0.9707792207792237
-0.921281269466572
0.5592322964923921
0
-1.3228470828260315
-0.23343448827825392
0.4545910351973916
-0.03327454829800685
0.2363279299670442
0.36859932257421496
2.0909842845326656
0.9463006773179594
-1.338726764904179
0.04880905896134323
1.5546232152730408
-0.3074459567654094
0.9830062000064219
-0.09543502465404803
-0.24199968157936344
0
-0.23620287912158355
0.23996160614301712
0.3989786147462496
-0.49276744555714513
-0.3099041533546268
-0.2627952440470555
0.8193824105909193
0.6438041815400393
-1.2477040977896032
0.32709081580297006
0.16940484561785404
-0.37652764925492777
1.2427532750392423
1.0092062387294787
-1.9387371586068682
-0.5397808936727487
1.5863840719332079
0.33192135044572296
3.7335769873026874
-0.07289515247236335
0.8449848024316164
0.006028090903605344
-0.7926461723930133
-1.193911960385203
1.1622186692903618
-0.006078657832345089
0.8176291793313097
-0.060297265519008714
-0.79338743250174
0.2280605728881591
-3.297836837474586
-0.22902679299743306
-0.8804754567466432
-0.9454014783794844
-1.0825353105082849
-0.019426906265174324
1.790861103014985
-0.08908119114277575
-0.9712138581072475
1.215473166339745
-1.2739460558503006
-1.348307375466601
1.190592686825195
-0.06769389465540292
0.1967678461985068
-3.4189685145837303
-2.7966666666666695
0.1337402695380848
1.2020547945205449
-0.17258299211532296
0.14576271186441295
-0.8834580103577958
-0.13660269107301415
-0.48218316120648075
-0.7662966908353571
1.8664727474201688
-2.2198048747322887
0.2155472117925121
1.0927634774162216
0.5799389176761296
1.0951893551688812
-0.7762141000978705
2.6733784565150813
0.04306489548481737
6.23509933774835
-1.6644328772247012
1.3978256046150404
-1.4660831509846854
3.099520954284454
-0.05538802387839811
-0.4772167487684729
0.5382830626450145
-1.4831225576171658
0.0031233407252510793
-1.6115934786682604
0.19681290076821387
-0.9694588772018726
-0.7262140891931752
0.773420128258838
-0.4796776566147549
-1.4074097876032174
0.7593781572857845
-3.0922499676542863
-0.4539385847797032
1.0629023605150154
1.3138250223947416
-0.47483380816714155
3.573308765464608
-5.362475379630223
0
-1.309164149043303
0.3435374149659833
2.3728009220026443
-3.5826628257342414
-2.112023077715581
0.3332865562728038
-2.5840064337913944
0.5025125628140703
0.16071428571428573
0
0.5598145837047537
-0.2162967165449227
1.307700508155367
0
-0.6629485425655088
-0.7026836158192122
-0.13157426834037972
0.08189716564590967
-4.095065286227627
0.8977593114705548
2.025884256195305
-0.24865760928322067
-0.3432080924855491
0.05800253761101719
-0.06883808557661283
0.07976216372997871
-0.3115490508621906
0.5850715895050479
-0.2203836843816579
-0.2063871388225169
0.28300859910744103
0.03979883497955458
-0.8896925858951142
-0.6239964968617686
1.836007784673007
0.3822161324054343
0.7435611911347325
0.4849176353134105
1.5683769782130537
-1.73281162660704
1.2727531285551665
0.5406164431650667
1.0230446927374366
0.3698199288010167
0.4132231404958678
0
1.440329218106996
-0.12170385395537218
-0.0812347684809129
-1.3516260162601657
1.5281068644620721
1.3292295203950546
-1.2183317200173571
1.0981955801851726
-1.2801229987633338
1.4016793066088873
-0.08347245409015025
-0.05012531328320802
-0.6285523236375855
0.22878675728417275
-0.3088284659281577
0.7407906256313556
-0.9325489671769533
0.03373932993690745
1.1905966474417258
0.5266315578961464
0.580238726790451
0.019779133014666526
-0.7481625523219346
-0.05313143388456894
-1.9104259419230512
0.1659722927886609
0.3483024482618755
-0.6908171861836563
-0.09501187648456674
-0.6113715100876299
2.4810334221857824
0.0033346672002103855
1.1104071492880632
0
-0.09234219378668054
-0.3069914834620777
-2.36747127578557
1.7398087227837002
-0.34334477815927805
-0.05351886540005048
1.4257028112449768
0.6698343562330952
-4.002097741650002
1.020895930073738
0.246729982762706
0.13486176668914363
-1.2188552188552126
0.7737405412775178
-0.27059022492812446
0.030523995251826044
-1.5732013290838844
0.003444712366514263
-0.5786917433088673
-0.7448983127187055
1.3543702876291444
-0.1205400192864031
0.5551532705768736
0.26747136684727324
-0.006839945280431536
-0.6737806963540691
2.496470507213939
-1.0784116105623835
-5.301409407369669
0.4088366088079218
-0.5607543395956951
0.4274271757480008
0.09656652360514371
0.09647336263266063
-0.3855215249518163
0.6916075395972258
-2.338161500409277
-0.8053348881276843
2.340105065941746
-0.9117668174312618
-0.054339950731778004
0.4929500888035053
-0.8223624887285909
0.829181365239851
-1.0820559062218214
-0.003646308113032235
-0.7949241540256775
0.36021465853121304
0.5676823908584823
0.03277613897083255
-1.1540701907674484
-0.4493388825457559
2.2864330903843917
0.4521286215502586
-1.6059340342791268
-0.09148796018443973
-1.6592798798578707
0.26817640047675123
0.7540861812778671
0.6009659698410842
-1.0884702777981317
-4.409203749675794
2.3799372068684868
0.5073259379850693
4.599389761554992
-0.2556900028810272
-2.097700111925476
-0.05900575306092009
-0.5756457564575612
0.2597980997624703
1.1956763159842942
0.23045688992940638
1.6058394160583942
0.0035919540229852388
3.9797421069645553
-0.5803309268023138
1.0597269031652827
-0.08939008457676921
1.5209910529937996
-0.07796081621584053
-0.8412768411411575
