-0.1305220883534091
-1.6788981602493258
-2.7402862985685026
-1.7872161480235491
3.8749732391350813
0.16488046166529502
-4.248971193415633
2.073707961749216
-0.9789473684210478
1.3713192303603674
1.0276845637583845
2.345858418102556
-0.425963488843818
2.261152984314529
-2.9183266932270873
-0.6155740227762388
0
-0.2890471766284782
3.7685060565275887
-0.2095181083507841
0.6698660267946343
1.2811599960274087
2.1180623651696546
1.670827731899353
-4.4484321873819335
0.5930611841454977
1.493563918640075
1.6555329654371098
-0.933333333333329
0.990194193424337
-1.7705854355068928
-1.0853764899699627
2.8607818164005137
0.39051338222687004
-0.6831119544592074
0.19105846388995032
3.08924485125859
0.573436921938591
0.45061614861135396
0.9154994049253868
-1.6148054068765267
1.0327339787920742
-2.7014693803048404
0.7785385986305396
-0.6142963514519858
0.8334894174939212
-2.1454444134856634
0.5789673500379781
-1.358875153345295
-0.4974648426289147
2.8554946639746226
0.037390166386248924
-2.1771631470753086
1.0602731875059612
-1.9943289224952656
0.34718873565434555
0.49014896684285525
1.1667941851568522
-0.6617508035545472
-1.4084507042253478
0.4150579150579107
0.7305584927424913
-2.1376085504342104
0.029254022428079427
-1.6572431273152661
0.1784298176050821
0.7520284979220287
3.1231585150265126
-3.352380952380957
-0.27591643673629823
-1.0079051383399253
0.4192453583549656
1.6799204771371747
1.4566428780916978
0.009635767970720412
1.146545910010585
1.7717660506763324
1.9655559715462372
-0.8077841013402038
0.3238941328891357
-1.7064846416382253
-0.9009009009008925
1.6856060606060563
0.5773887129819376
4.129629629629621
0.1244887070958644
-3.285968028419183
0.2387511478420486
-1.658116526200065
-1.2575687005123428
2.707547169811325
-0.9093414163681538
4.987022617723392
0.0971216669609868
-1.7112110787686416
1.9474109306290988
-2.0598591549295855
-3.810893402840182
4.933657260325169
0.6233303650934996
5.008849557522116
0.11798415641328931
5.0420875420875495
0.9696289766808164
-0.8888888888888925
0
-1.6976297245355578
0.13033561420659306
-0.6833712984054744
0.016382699868942127
4.3488943488943415
0.4630719723726624
-1.359375000000007
0.007920164739437385
-1.005781262374281
2.08
-1.0815047021943538
2.6778640469022306
-2.2530864197530898
-0.5525734133249132
0.41276393078266754
0.8695652173913043
-0.11755485893416928
0.4315417810906238
-2.6796874999999964
2.1032351288432243
1.415205597924365
1.0310876812155945
0.1918354818907305
-1.1871027035306732
6.6656332351573395
0.25432349949135297
0.5146046241936587
0.8076146524372689
-4.434907010014306
0
-2.5673652694610745
0.7374971191518713
-3.2791885914741097
-0.6859575810139593
1.349634804699905
0.42299859000470713
1.5990639625585024
1.2898272552783074
1.6069127567649546
-0.7609101081685972
0.7517101405697963
1.4698201895098146
-2.404411764705886
0.3993068635575947
-0.15008254539996999
0.6989328122651572
-2.0374654824987073
0.40377875971355953
0.32627665224978786
1.9437301467251584
-1.6395875064915895
-1.3576708402473978
2.041596574399759
0.9441738478830954
-1.6628312671664958
1.7437910470295093
-1.4393826977296234
0.11291779584462511
0.8120911346717764
1.7229805325576124
5.448012905118049
1.0152284263959486
-1.899910511461426
0.06315346291488955
2.6157082748948075
0.6560513906922802
-4.222961504514905
0.6805132203870354
1.203970992043944
0.7165715875886987
-1.9617324031222
1.7755231452124318
-1.9453097957770793
0.5365715899463364
0.2668539325842665
0.7564084605687039
-10.141804532184059
-0.35584435677265697
-0.830680847760253
0.20353843745106537
1.828125000000007
-1.4500537056928102
2.047489295445695
-1.3274336283185737
0.1623627648059308
-0.8104978772674643
-1.0583657587548567
-0.5820355513607118
0.6329113924050633
-1.745283018867928
-3.7606016962714035
-0.8147655470568635
-2.170997485331106
-1.4137606032045242
5.266817312706427
-0.2807133421400339
0.49677098857426727
-0.3130664030317972
1.6446280991735613
-0.05691519635743113
1.985030914415869
-0.7338864071474009
3.728704596592724
2.959405020142551
5.7411587659894625
-0.3771436703906607
0.5785714285714221
-0.504225552162482
13.647394718058532
-0.5275719130762524
-1.1680767773708802
0.3002619306203313
-1.6433121019108252
5.420282346846266
-4.42287609804042
1.54894273410887
-3.297468354430374
0.13744354997054184
-1.457516339869278
2.8055979306228
2.8838709677419385
0.8277418950272807
2.089682194166298
-0.5787389582698751
-0.8272058823529411
-0.5189990732159463
-1.6148065337556674
0.006312732782029949
0.688044438833472
0.5266127515516326
-1.4655441222326162
1.1265822784810098
-2.3031668544248314
1.345291479820628
-0.1453855878634611
-0.5380768500348168
-1.3174643584521413
-0.6772009029345373
5.642857142857149
0.0676132521974251
-1.0687960687960745
-1.1486402582888364
2.3805037372024427
0.6134969325153374
-0.39024390243902995
0.14691478942214073
3.6246943765281148
0.6311567274228778
-5.844079718640096
-0.13696071717612188
-1.8515055171123882
-0.8828760162601683
-2.870874719641138
-0.24411163158936763
6.514550264550264
1.1983855945358557
-0.38655049699349336
-0.9485679088389338
2.991107518189176
-0.49510928631808027
0.09708737864077117
1.7034432589718804
0.14305298921141227
0.1190405333015892
3.4777956126270735
0.5400436631046818
-1.3428571428571427
1.1120764552563016
-0.42389872257547634
0.7766208364494046
0.1427103550633634
0.2565125691158867
-1.9843074823743385
0.8063112709553839
-2.503164921164691
0.3364221212300092
-1.7470588235294144
0.09579117523798937
1.1483940427058925
0.6445508840399794
-1.5687426556991801
0.2805467677430935
3.023809523809521
0.0866651259533164
0.011545344339897562
-0.02886002886002886
-0.6120092378752834
0.9469036830486787
-1.5250043160499511
-0.6428237494156147
0.17056816845076248
0.4051435617403612
0.9590643274853854
-0.24907321594069634
-0.7374716915393891
-0.6610506610506717
1.5664566279960037
0.5334261030903952
-3.9563988696003305
-0.4503693028283192
-5.296175654481841
-0.37579617834395485
-0.4027875455533505
0.7703171138785467
-0.9873869282711174
2.2260824808595596
-0.7678267984139999
0.019027081879872804
-0.5136334812935897
0.7011281789789023
-1.6076966896639084
-1.569636539080096
-1.3071041108424286
-2.337593536851861
0.13561160835367508
0
1.3610509209100852
-0.060124256797387324
-0.1737967914438442
1.2454801124949717
0.6216931216931277
1.8732746154857367
-3.245370669075436
-6.3750333422245875
-1.4672364672364608
-2.4143414775191623
-2.814814814814815
-0.9070121951219582
6.007230213060545
-0.8924684370918556
-3.440954681894721
-0.07582075972401243
-2.3294635404810715
-0.5748912367930462
-1.0001562744178742
-0.5524861878453039
-4.5555555555555625
-0.216198237152828
0.6666666666666666
-0.008278145695356709
2.0945442503518463
-1.5974699967564097
9.16357643180882
0
-3.3139578772552345
0.975952529668957
0.45619732467332336
-0.1000615763546763
-0.6086755528160945
1.1550387596899296
2.7588320944133646
0.6786486688045275
-2.1629629629629665
0.08328285887342039
-0.2874650124820472
0.3945072452772965
-2.37285573943927
0.007740537193274173
-1.284829721362222
-1.1996236474831568
-0.6269343702880616
-1.8607251237821398
-0.4801041581902588
2.0278004905968894
-3.678474114441406
-0.1580830351942833
-2.4916666666666742
0.07691650286301094
4.363791631084536
-0.17183536535470986
0.040983606557377046
1.5895124948791552
0.9194289862085542
0
-0.6952769120115116
-1.8187671012393296
-0.38524590163934797
1.1190652513782717
-2.856212873301337
-0.9549338247612551
-0.4820703653585965
0.2889436559870709
-1.6947716295229218
-0.043099732781656755
4.285960676095209
0.8930786405358434
3.212851405622494
1.262606209799102
-1.4978042659975013
-0.2388344877000239
-1.899289761391745
-0.11388595135441826
-0.0895838423324486
1.402021519400069
-1.567524115755627
-1.1759902000816733
4.016197008511705
-1.07253515531898
4.376806938644394
-0.42317457874894204
0.5949621387729906
0.6221676011982417
-0.5190839694656454
-0.9975445058317987
-0.6278096419159925
-0.44458310584196387
0.44656847383264003
-0.7799703611262773
1.2656237717160708
-0.628784350256182
0.562456058120463
-1.1729977472228625
2.153749410470041
0.4232071406586642
-1.1646617117462126
-0.7597488177378232
0.8280603077884647
0.2634229487874691
-0.9350127501738591
-0.3354134165366579
0.469593801361822
-0.7400482978889148
0.886830952754666
0.04667444574094975
6.204805225099151
0.4539131708031201
-1.1369433714743757
0.2580169553999263
-1.6176470588235294
0
0.5680119581464805
0.06688466111772377
-1.1288525807649494
0.6534965822879926
-1.2835820895522423
-0.19655276685817274
1.7573094985608275
1.0049129075480125
-1.6729309455376258
0.6745615350022485
-0.20101250744491106
0.3207758299142077
1.2492563950029711
0.22032902467685078
-1.6048658947676877
0.09681984061964359
-1.5029761904761938
0.2417283577579729
0.9721175584024183
0.31345622807670853
0.989509709099039
0.920878149403271
-1.102270238703565
-0.3469146737525868
0.3110880675505552
0.4061138595584435
0.7648183556405421
-1.1750109473069723
1.1151318218743178
0
-0.27023079170318764
1.7649212742585068
-1.568796776050659
-5.739143149583272
1.2797642131389126
-0.6968907949149877
0.7249170972468468
1.8222188193859723
-0.3458906684713239
