-1.3020833333333333
-3.913808267370275
-4.713958810068655
3.0259365994236367
5.081585081585084
-0.22182786157941436
-2.578923966207208
0.18256503879507335
1.5034168564920325
1.3464991023339317
3.85296722763507
2.2174840085287797
-1.0429703796412182
-0.37942664418211525
4.316546762589923
5.030425963488835
-5.021243723445336
0.20333468889792597
-1.0551948051948028
1.8047579983593014
-1.2489927477840428
1.5095879232966207
0.7636655948552963
-0.2393298763462283
-0.5197920831667265
-0.5225080385852136
-3.1111111111111067
1.0008340283569546
2.2708505367464906
0.24222850222043713
6.80628272251308
0.5656108597285068
1.724784401949765
-1.0320678215997092
2.793296089385475
0.3260869565217309
-1.5529071867099873
0.5869405722670454
0.9846827133479171
0.036114120621171086
1.0830324909747293
0.03571428571429384
6.890396287040326
-2.5718102872411452
0.34281796366129585
0.3074820635463048
-0.8514986376021798
0.5496392992098817
2.084045097369328
-0.7028112449799273
0.37074486012808316
1.2088650100738636
5.40809555408096
0.4406672961913863
-1.378878094641189
0.9850651414045195
0.5034612964128276
2.0663744520976906
-2.331288343558289
1.7587939698492534
15.648148148148145
1.4144649052575424
-0.6842105263157955
-1.9607843137254843
1.4594594594594532
3.356419818859889
-1.5463917525773196
5.49738219895288
-4.3424317617866
2.9831387808041505
-6.775818639798483
0.18913807079167483
10.81445523193095
-0.6084205402774397
-4.50538687561214
0.5384615384615443
0.9181331293037402
0.6065200909780223
-0.8540567696558738
0
0.6840638459589533
0.6542526421741376
-0.4749999999999943
0.20095453403666277
-1.4539984958636136
0.6868481302467536
-0.40424456796362374
-0.5580923389142538
-3.724489795918373
-1.2188659247482687
1.1266094420600827
0.5305039787798409
-0.13192612137203166
0.7397622192866609
1.2850773669026954
0.647332988089073
-2.8042191921790525
-2.8321863419798805
1.334786161808765
-2.1236559139784883
13.210656413073322
-1.334303736050461
6.614211949840186
0
-1.130073800738015
1.352927455096807
-2.3475258918296866
0.7777515908555294
-4.630495790458375
-1.96174595389897
8.554277138569281
1.3594470046082896
4.501022959763586
2.0013051990428514
-5.1183621241202815
2.494942683749162
4.758771929824559
0.48147372828135054
-4.437500000000002
-3.5099193372574593
4.473565295978299
0.9948096885813198
-1.0706638115631693
0.3030303030302981
-5.028053517479489
0
-1.249715973642354
0.6442705936493223
2.4919981710105246
0.15614543832254932
-2.0712694877505595
0.06822833750284543
3.8863636363636416
1.7282870269087676
-4.043010752688175
-1.367099955177043
-4.862531242899349
-1.5046572725101532
0.12124151309408342
-0.9445386292080352
2.078239608801956
0.40718562874251224
-0.35782442748091603
0.8618625807996224
0.26109660574411725
0.3077651515151542
-1.227283455274956
0.40621266427717767
1.1423131841980037
1.1764705882352942
5.069767441860467
0.8189464364763144
-0.4829857299670667
-1.7207147584381228
-0.06734006734006989
0.6289308176100654
-4.44196428571428
0.8175659892548469
-0.5792400370713623
0.2563505010486986
-2.53370525337052
2.3372287145242097
-3.891866697739465
-2.20659553831231
5.47979171832382
1.433944522802074
-0.13904982618772255
0.5105592944998946
-1.246825213576549
-0.5611409866728962
0.8229485069362803
1.1194029850746294
-3.8284132841328464
1.294964028776973
0.26041666666667207
2.3376623376623322
-5.445316105214574
-0.31722791605661577
-3.818849449204412
-0.20361415118349568
1.7087477684264187
1.5797392176529617
-6.714391508269574
4.525006615506754
-3.4936708860759524
1.7313746065057773
-0.9025270758122743
1.4311735623211033
4.20728578758337
0.7877892663712429
-1.0747435271128425
0.8641975308641975
0.9057527539779654
3.372149442018446
1.9009622154423762
-1.082450483648086
-0.4889406286379564
1.0294805802526987
-3.72857804539139
1.034399807553527
-3.666666666666661
-0.2965892239248753
-1.0163609320773341
-2.1036814425244263
-0.17907393195190296
0
-0.973859559200413
2.380952380952393
-1.541961577350865
6.238767650834405
-7.4432092798453375
0.8355091383811981
-1.708959088555144
1.2908324552160109
-0.7802340702210663
2.175622542595023
1.026167265264238
0.40629761300151496
-0.4299443601416259
-0.05080010160020031
2.947903430749688
0.49370525796099723
-3.4389584868582657
0.07631645891629471
1.5760040671072817
0.47547547547546976
0.12453300124533001
0.4975124378109453
-0.8663366336633663
-0.12484394506866417
2.625
0.730816077953715
0.8706166868198362
-0.11987532965715655
-1.152184349495922
1.0684798445847443
-2.546852474771736
1.2820512820512793
-3.091528724440114
-0.37678975131876413
0.32778618255167785
-0.42724302588589813
-0.35335689045935825
1.1144883485308958
0.22545090180361577
2.474381404648832
-3.4146341463414633
-1.9191919191919249
1.416065911431514
2.995684183802999
11.412373675129409
-0.3982300884955777
4.175921812527768
2.366737739872073
-8.060820662362017
0.6116900770276497
-5.561810403062383
-1.9551740581783474
-1.9455252918287937
-1.5625000000000029
5.618543713781811
3.0534351145038197
-3.587962962962963
-1.8727490996398586
10.252018595546865
0.31069684864624436
0.48672566371681164
0.1321003963011939
0.9454705364995627
-0.7623611413635373
0.30728709394204945
-1.2910284463894917
0.5098647749944479
-0.17644464049403497
-1.3919575784357072
1.2323549182164464
12.416998671978742
0
-2.736759204567824
1.9028340080971613
-3.8140643623361123
0
-2.8913672036348617
-0.9995746490854931
3.329752953813104
0.5613305613305589
-2.274136861691131
-0.9731330653691487
2.3712881862849744
-0.04173622704507275
4.425887265135698
1.539384246301477
8.131521953140396
0.09104151493080843
-0.3092595961433592
-0.6934306569342983
1.3781697905181918
-0.6706543411274325
0.5109489051094808
-0.7806826434277333
-1.0978956999085088
2.497687326549491
-5.722021660649828
-0.4403599463909544
0.8076923076923165
-1.602441816100742
-4.342768514928263
2.0064856100527027
-2.7419034373137317
0.10214504596527069
2.4693877551020456
-1.1949810794662417
-1.411005845595646
-0.6133714986710284
6.644723307961315
2.0447530864197576
-8.147448015122876
-1.1936612471701904
1.5621745469693813
-0.6767842493847439
3.0559570514144148
0.2604688439190452
-0.2597921662669773
-0.6211180124223648
-4.677419354838708
1.9458544839255474
-0.6016597510373397
1.9411396368190261
-7.985257985257985
-2.1806853582554417
1.9108280254777017
-2.0089285714285716
-0.8200455580865655
-0.9416628387689403
-0.6028286575469564
-0.11663167716351762
1.0742643624474597
-1.7791127541589622
-0.3999059044930711
1.0155880963627804
-0.07014262333411536
-0.4445484323818384
0.42303172737955613
0.49145799204305307
1.5137401024685608
0.5505849965588516
-4.083960757472059
-2.426260704091339
1.9502681618722575
0.8608321377331475
-0.5926979611190137
0
0.9778201764846091
2.007557864903165
-3.8203287798101413
0.14443909484834444
5.384615384615379
-0.11405109489051095
0.2968714318337546
-1.775956284153008
2.039870190078816
0.3180372557928292
3.7137681159420235
-1.0043668122270792
-1.5659461843846418
-2.1734259466726393
-2.038479157123233
-2.5251344400280598
6.380426960901901
1.9165727170236753
-0.1769911504424804
-0.3989361702127685
-1.5798842901646566
1.2434998869545557
-1.4515408664582403
-1.654203489689556
1.129032258064511
2.0733652312599733
-2.812500000000005
0.3674781809830094
-0.4805491990846734
0.3449068751437112
0.3208065994500537
-0.15989036089538342
-3.1571722717913544
1.4646822584455441
-2.35157159487777
0.4053409632808883
-2.0660175730230455
0.7516973811833227
2.286401925391095
0.37647058823529944
-0.5391467416783898
0.25925053028516754
2.5387870239774357
-0.8482347546996765
1.7341040462427746
0.09090909090908574
-1.6575840145322331
0.9004848764719411
-2.814645308924488
1.083117494702148
-0.6522245515956234
0.8440797186400991
-1.162520344106022
-0.0705716302046604
-0.2589453860640355
0.37762567854614654
2.022102045614852
0.43788891449643563
-2.524093620927031
-1.1299435028248614
3.2142857142857144
2.1914648212226067
4.176072234762979
-1.0400866738894932
3.7223560324063936
0.6122018154950463
0.60847671002937
-0.3336809176225282
-2.2389621259677734
-0.8561643835616438
2.7633851468048385
1.9537815126050444
-1.7308881104471532
0.10484378276368211
-1.403435274403014
-0.9772678988740102
-2.810555674747913
0.44150110375275936
0.483516483516481
1.2248468941382378
1.015557476231631
-0.2566844919786072
1.8657516620201562
0.29473684210525836
1.070528967254413
0.5192107995846313
-1.5909090909090886
0.2309468822170829
-0.6493506493506422
0.2530044275774802
-0.9463722397476341
-0.23354564755839125
0.2553734837199501
0.5094459774994645
-2.3442449841605115
0.2595155709342659
-2.4374460742019006
0.9949148795047534
4.422066549912432
-2.20125786163522
5.037513397642015
0.10204081632653061
-2.140672782874618
0.3125
2.305295950155768
-1.7661388550548203
1.5292415788386102
3.704457561571339
-2.178606476938179
-1.6853932584269617
1.7551020408163311
0.7821901323706332
-0.2587064676616938
1.7358339984038287
0.6667974112571048
2.4741866354958204
-4.847908745247148
