0
-4.886769964243148
0
-4.887218045112789
0
-4.874835309617921
0
-4.986149584487527
0
-4.956268221574354
0
-4.907975460122691
0
-5.000000000000008
0
-4.923599320882853
0
-4.9999999999999885
0
-4.135338345864674
9.411764705882362
4.838709677419347
0
4.957264957264958
0
4.8859934853420315
0
4.968944099378873
-9.023668639053247
-4.715447154471545
-0.17064846416383403
-4.957264957264958
2.338129496402892
-4.393673110720562
4.779411764705878
0
0
0
1.7543859649122744
2.9310344827586197
-6.197654941373537
4.82142857142858
0.1703577512776795
4.931972789115647
0
4.862236628849268
0
4.94590417310665
-0.44182621502209496
4.881656804733729
-8.885754583921013
4.489164086687307
-9.037037037037042
-4.885993485342017
0
4.109589041095894
-0.49342105263158303
-3.6363636363636322
7.204116638078901
1.5999999999999943
-3.937007874015748
-3.2786885245901525
3.389830508474564
-4.918032786885243
6.896551724137938
4.032258064516129
-6.201550387596905
3.9669421487603342
-0.158982511923685
-4.936305732484084
2.6800670016750443
0
-0.8156606851549727
-3.7828947368421124
3.5897435897435894
0
-1.1551155115511451
-1.502504173622702
5.762711864406777
3.3653846153846145
-5.116279069767443
0.4901960784313766
4.0650406504065035
3.7499999999999893
-1.656626506024088
3.3690658499234263
-6.814814814814815
-3.8155802861685246
4.462809917355379
0.47468354430378734
-4.5669291338582685
2.31023102310232
-0.967741935483879
-2.1172638436482067
3.327787021630619
0.6441223832528186
-1.2800000000000011
4.376012965964351
-3.7267080745341645
0
-1.6129032258064602
-1.6393442622950762
0
0
0.3333333333333262
4.485049833887051
-5.087440381558033
4.1876046901172534
-1.9292604501607735
-4.0983606557377055
5.128205128205141
-4.0650406504065035
3.389830508474564
3.442622950819672
-3.328050713153724
-4.0983606557377055
2.393162393162403
-1.0016694490818112
1.5177065767284967
-1.9933554817275618
2.0338983050847323
2.4916943521594743
-0.32414910858994445
-0.48780487804878453
-0.6535947712418306
-4.440789473684218
4.475043029259909
-2.306425041186171
1.5177065767284967
0
-1.6611295681063065
2.53378378378379
-1.9769357495881401
2.0168067226890773
-3.9538714991762802
-1.3722126929674112
1.9130434782608752
0
-4.948805460750854
1.436265709156195
3.3628318584070707
2.226027397260272
-3.0150753768844174
3.6269430051813467
-0.1666666666666631
0.16694490818029695
-3.166666666666673
-2.065404475043016
3.86643233743409
1.861252115059212
0
0.49833887043189784
-0.8264462809917327
-1.6666666666666607
1.864406779661007
-2.662229617304495
0.1709401709401825
-1.0238907849829435
1.8965517241379366
0
0.1692047377326529
-1.1824324324324373
2.905982905982905
0
-2.82392026578073
0.8547008547008669
-0.16949152542374024
0.1697792869270064
1.0169491525423662
0.1677852348993253
2.5125628140703578
-1.960784313725492
2.0000000000000018
1.3071895424836613
-3.7096774193548456
3.6850921273031934
-2.907915993537974
-0.16638935108152725
3.8333333333333406
-5.617977528089896
-1.3605442176870761
0
10.000000000000002
6.426332288401256
-11.929307805596459
0.3344481605351099
9.500000000000005
9.589041095890408
0.27777777777777185
9.972299168975077
-8.438287153652404
4.539202200825311
-9.078947368421046
-2.8943560057887145
0.7451564828613982
-1.7751479289940846
2.2590361445783187
-3.5346097201767335
7.175572519083965
4.985754985754994
-7.7340569877883345
2.499999999999999
-1.4347202295552317
-2.7656477438136884
3.143712574850299
0
-4.3541364296081255
-1.3657056145675244
1.3846153846153824
-1.0622154779969695
-3.220858895705521
-4.754358161648175
5.158069883527463
0
-4.588607594936709
-3.6484245439469425
5.335628227194501
-2.2875816993463998
1.1705685618728996
0
0.9917355371900909
4.582651391162019
-1.095461658841931
4.588607594936709
-7.110438729198194
3.2573289902280163
-3.1545741324921166
4.8859934853420315
-3.7267080745341645
4.67741935483871
-4.160246533127896
-0.3215434083601218
0.4838709677419395
1.4446227929373974
-0.7911392405063403
-0.7974481658692157
5.144694533762062
0.6116207951070342
-5.319148936170207
4.815409309791329
-5.972434915773362
-2.1172638436482067
2.9950083194675643
5.008077544426488
-2.3076923076923133
2.204724409448828
-3.5439137134052454
2.875399361022374
-4.813664596273299
4.730831973898859
-1.0903426791277302
0.6299212598425202
-2.5039123630672813
-0.4815409309791372
-1.2903225806451624
2.7777777777777763
-6.6772655007949115
-4.940374787052812
2.8673835125448055
-4.878048780487809
7.692307692307691
-3.0612244897959138
1.4035087719298258
4.498269896193768
-1.4900662251655605
4.201680672268908
-8.548387096774198
-1.234567901234573
4.28571428571429
4.623287671232885
-6.54664484451719
-4.728546409807348
4.963235294117639
4.728546409807364
-4.347826086956533
4.720279720279729
-5.175292153589323
0.35211267605634616
-0.1754385964912243
-0.7029876977152906
-0.530973451327438
-1.9572953736654861
1.9963702359346702
3.9145907473309562
-5.65068493150685
3.266787658802189
-4.042179261862924
2.1978021978021998
-2.688172043010759
0.36832412523021113
-1.467889908256882
-1.3035381750465602
-1.5094339622641524
-0.7662835249042153
5.791505791505806
-0.5474452554744571
5.504587155963299
4.869565217391309
-1.3266998341625218
2.0168067226890773
-4.942339373970357
-4.85268630849219
1.8214936247723068
0.53667262969589
1.7793594306049758
2.9720279720279708
-7.470288624787768
-4.770642201834859
2.312138728323684
3.954802259887005
0.724637681159421
2.8776978417266212
1.9230769230769287
4.802744425385939
-2.945990180032743
-4.721753794266431
-0.1769911504424898
-3.368794326241126
5.688073394495405
-2.7777777777777803
-1.2499999999999893
4.701627486437609
-2.9360967184801368
4.62633451957295
-8.163265306122442
1.296296296296285
-2.5594149908592265
1.3133208255159527
-1.8518518518518616
4.716981132075472
-4.864864864864857
3.9772727272727266
-2.367941712204005
4.664179104477611
-5.882352941176472
0
0
4.734848484848484
-6.329113924050643
0
2.7027027027027137
4.6992481203007515
-7.719928186714552
4.66926070038911
-4.275092936802966
1.941747572815527
-6.857142857142863
-0.8179959100204507
-2.8865979381443236
4.670912951167723
-3.85395537525354
1.2658227848101182
7.708333333333337
-3.288201160541585
0.600000000000005
4.771371769383684
-3.4155597722960103
4.71512770137525
-4.878048780487801
3.353057199211044
-2.480916030534349
4.696673189823861
-7.663551401869146
2.429149797570834
-1.7786561264822107
4.627766599597594
-10.769230769230779
4.741379310344842
-3.7037037037037157
-0.6410256410256274
2.36559139784945
-3.991596638655452
-1.7505470459518615
-5.345211581291764
6.1176470588235246
4.656319290465631
-6.355932203389827
9.954751131221728
-9.876543209876552
-1.1415525114155212
-1.1547344110854463
-6.308411214953281
2.493765586034926
4.622871046228698
-1.8604651162790715
-3.7914691943128
-5.172413793103437
5.71428571428572
-11.793611793611804
0.27855153203343264
-0.8333333333333403
-1.960784313725486
5.142857142857147
1.6304347826086971
3.208556149732611
4.663212435233165
0.24752475247524225
0.49382716049383857
4.422604422604415
4.705882352941181
-2.0224719101123565
4.5871559633027355
-1.5350877192982324
-0.4454342984409902
3.803131991051453
0
-4.956896551724128
4.761904761904761
0.21645021645021184
4.967602591792666
-5.144032921810699
4.772234273318866
-1.2422360248447308
4.612159329140475
-7.815631262525061
4.782608695652188
-2.2821576763485543
4.670912951167723
-5.070993914807302
4.914529914529924
-7.128309572301437
-3.289473684210515
2.2675736961451167
-1.330376940133029
-3.595505617977531
-1.3986013986013894
3.5460992907801288
3.8812785388127837
-1.7582417582417598
-1.565995525727056
3.181818181818174
0.22026431718061204
-0.8791208791208799
3.769401330376939
-1.2820512820512737
1.948051948051945
-4.670912951167723
0.44543429844097043
-0.4434589800443365
2.449888641425377
-2.173913043478253
-3.333333333333341
2.7586206896551753
0
-1.565995525727056
-2.2727272727272845
3.720930232558143
-4.932735426008963
3.066037735849054
0.22883295194507522
0
0.9132420091324209
0.45248868778281587
-4.729729729729729
1.4184397163120475
-2.7972027972027997
5.275779376498795
0
-0.9111617312072902
0
-1.1494252873563178
-2.325581395348829
4.047619047619046
3.6613272311212848
-6.401766004415012
-0.23584905660376854
1.654846335697385
0
-0.9302325581395358
