0
1.3157894736842106
-11.168831168831161
-0.5847953216374352
7.352941176470588
5.2054794520547905
-6.770833333333337
5.865921787709501
-2.9023746701847006
1.902173913043486
-0.26666666666667044
-3.7433155080213867
4.166666666666667
-1.8666666666666742
4.076086956521739
-0.2610966057441105
-2.094240837696346
0.8021390374331665
-0.5305039787798483
0.26666666666667044
0
-0.7978723404255432
-2.412868632707771
-1.6483516483516523
-0.8379888268156346
0
-1.971830985915501
8.045977011494267
-0.2659574468085144
0.5333333333333409
7.692307692307689
2.955665024630531
-12.200956937799031
-2.7247956403269753
1.4005602240896358
4.419889502762415
-12.698412698412692
1.2121212121212077
-7.485029940119761
0.6472491909385205
-0.6430868167202664
4.207119741100338
-8.695652173913057
-2.040816326530605
-1.7361111111111112
-0.35335689045936897
5.319148936170213
4.713804713804722
0
4.180064308681663
-6.172839506172839
-1.315789473684206
2.666666666666669
-1.9480519480519527
-2.980132450331121
-0.3412969283276499
-1.0273972602739752
2.0761245674740536
-1.0169491525423753
4.109589041095888
-2.631578947368412
0.6756756756756732
1.2080536912751658
1.1273209549071612
1.57377049180328
1.0974822466107161
-4.725415070242658
-0.1340482573726513
0.26845637583892046
0
-0.7362784471218168
2.4275118004045813
-0.4608294930875595
0.859788359788365
-5.770491803278694
3.6186499652052984
-1.2088650100738731
1.2916383412644425
-2.4161073825503436
-5.295735900962859
5.737109658678293
0.27472527472526886
-1.7808219178082179
1.4644351464435206
-3.4364261168384878
0.4270462633451866
-1.7717930545712262
0
-3.4632034632034534
0.8968609865470794
7.407407407407407
0
-1.1724137931034477
-0.6280530355896711
2.3174157303370793
0.8236101578586082
-1.5656909462219106
-2.835408022130015
0.6405693950177925
-0.9900990099009941
2.0714285714285654
-0.2799160251924363
1.26315789473684
1.871101871101868
-1.4965986394557746
3.9364640883977917
5.780730897009961
2.3869346733668393
-0.49079754601228126
-1.7879161528976522
-1.7576898932831095
-1.9169329073482473
-2.8664495114006483
-2.6156941649899434
2.2038567493112966
0
1.8867924528301845
1.4550264550264593
-3.3898305084745735
-2.8340080971659916
3.263888888888881
0.8742434431741815
6.133333333333334
-1.3819095477386976
-4.58598726114649
3.4045393858477957
-5.422853453841187
-2.18430034129693
1.7445917655268668
-0.2057613168724236
-0.3436426116838537
1.9999999999999942
-1.825557809330626
-2.2038567493112966
-2.746478873239428
-0.43446777697321143
-4.218181818181819
0.22779043280181746
4.5454545454545565
3.260869565217386
-2.8771929824561413
0.7947976878612676
-3.0107526881720426
1.6260162601626065
-1.8909090909090893
0
-1.03780578206079
4.044943820224726
-4.463642908567322
-0.527505651846272
-0.3030303030302966
-1.139817629179334
6.764027671022297
-1.7278617710583168
4.981684981684979
-1.9539427773900861
3.3451957295373584
6.749311294765843
-7.419354838709679
0
-1.1149825783972136
-0.9866102889358619
0.35587188612098886
-1.0638297872340452
-0.35842293906809275
0.8633093525179799
-0.713266761768899
0.43103448275862427
-0.7153075822603694
-1.6570605187319916
1.0989010989011014
1.4492753623188352
-2.3571428571428577
2.4140453547915146
-1.9285714285714255
1.1653313911143492
-3.167746580273587
3.345724907063205
-6.115107913669062
1.5325670498084236
-3.5471698113207597
0
1.5649452269170663
-1.3097072419106313
0.07806401249024034
4.52418096723869
-5.746268656716414
-1.0292953285827455
1.0400000000000063
0.15835312747426422
0
-0.39525691699605303
2.9365079365079443
-1.6962220508866663
0.7843137254901933
0
-1.3229571984435793
-1.419558359621449
4
0.07692307692307529
-3.6894696387394346
-1.1971268954509064
1.7770597738287468
1.3492063492063486
-1.722787783868433
0.7968127490039811
-2.2924901185770823
0
-1.375404530744336
0.8203445447087748
-5.939788445890957
3.806228373702418
-1.8333333333333386
-1.528013582342952
-3.0172413793103416
-1.3333333333333366
13.24324324324325
0.9546539379474878
-12.608353033884947
2.614968440036077
-3.251318101933225
-2.724795640326966
2.334267040149393
0
-0.7299270072992706
-1.654411764705896
4.392523364485988
3.760071620411817
-4.486626402070747
0
0.542005420054205
3.2345013477088895
-1.5665796344647493
0.79575596816976
1.57894736842105
2.7633851468048385
-6.134453781512608
0.358102059086848
0.4460303300624347
2.841918294849026
-1.2089810017271205
1.3111888111888144
-3.192407247627258
1.96078431372548
-1.4860139860139854
0.26619343389530736
-0.707964601769912
1.6042780748663075
-2.0175438596491264
0.17905102954341606
0.08936550491510087
-1.5178571428571423
1.722574796010891
1.6042780748663075
-3.5964912280701764
-0.8189262966333017
-4.1284403669724865
-2.9665071770334808
0.09861932938855805
0
5.024630541871919
5.534709193245777
-3.6444444444444457
2.3985239852398506
-1.1711711711711623
0.27347310847766054
-1.7272727272727229
5.457909343200739
11.491228070175444
2.2816679779700952
-1.1538461538461566
-1.4785992217898793
-0.552922590837285
0
1.5091342335186617
-0.15649452269170247
-1.88087774294671
1.757188498402561
6.35792778649922
4.354243542435423
-1.414427157001422
1.5064562410330047
-21.130742049469966
-0.7168458781362014
-6.317689530685914
-0.2890173410404734
5.217391304347835
-0.7346189164370989
-0.18501387604071554
1.4828544949026892
-4.292237442922365
-2.3854961832061066
-1.661779081133919
0.09940357852882492
-1.0923535253227352
1.9076305220883483
-1.7733990147783223
-2.2066198595787423
6.66666666666667
0.865384615384614
4.003813155386081
0
2.474793767186064
0.6261180679785356
-3.288888888888882
-2.0220588235294175
-3.0018761726078824
-1.8375241779497051
-0.8866995073891611
-0.5964214711729672
4.100000000000001
2.3054755043227684
-7.04225352112676
0
-1.1111111111111234
-1.4300306435137773
1.243523316062168
0.921187308085976
-1.2170385395537446
2.6694045174537964
-4.6000000000000085
0.10482180293502688
-0.5235602094240912
-1.5789473684210564
1.176470588235307
1.2684989429175393
-2.19206680584552
0
-0.5336179295624219
0
-2.7896995708154484
1.5452538631346444
-4.021739130434774
1.5855039637599158
1.2263099219620894
0
0.9911894273127737
-0.7633587786259574
-3.6263736263736273
0.9122006841505139
-3.9548022598870016
0
-3.176470588235289
-4.617253948967202
2.038216560509556
-1.9975031210986285
7.0063694267516015
4.404761904761895
-8.779931584948685
-0.24999999999999467
0.25062656641603476
-2.500000000000002
6.153846153846149
2.657004830917882
-1.17647058823529
1.1904761904761862
-1.294117647058817
2.383790226460063
-0.6984866123399359
0.234466588511153
-2.6900584795321687
-1.4423076923077043
-2.8048780487804823
0.12547051442911764
0.25062656641603476
-3.125
1.4193548387096815
2.417302798982193
-6.708074534161502
-1.464713715046597
4.054054054054052
0
-2.8571428571428537
1.2032085561497305
-2.9062087186261643
0
-4.353741496598632
-0.4267425320056934
-4.571428571428576
-1.7964071856287442
-3.2012195121951215
-0.9448818897637734
-3.97456279809221
3.807947019867542
-1.2759170653907366
-2.1001615508885423
-2.8052805280528044
-4.244482173174873
-0.7092198581560291
-4.464285714285714
-0.5607476635513899
-3.5714285714285787
8.771929824561406
4.121863799283146
0.688468158347677
4.957264957264958
0
4.397394136807826
0.4680187207488338
3.2608695652173907
1.6541353383458561
4.5857988165680545
0.28288543140027683
4.9365303244005725
-9.408602150537636
-0.14836795252225202
3.566121842496275
-1.7216642754662856
1.7518248175182498
-1.0043041606886571
0.2898550724637619
-1.0115606936416226
1.1678832116788331
4.473304473304481
-3.176795580110503
0.5706134094151217
-1.2765957446808491
0.5747126436781614
-4.0000000000000036
0.2976190476190545
-0.8902077151335385
-0.14970059880239203
2.548725637181408
0.1461988304093536
2.773722627737232
0
2.982954545454545
1.1034482758620698
2.3192360163710766
0
-1.0666666666666675
-1.4824797843665811
4.514363885088921
2.094240837696337
0.6410256410256387
0
-3.0573248407643225
-1.9710906701708324
-0.9383378016085829
0
-0.5412719891745608
0
0.5442176870748304
-3.9242219215155623
1.4084507042253598
-1.3888888888888962
2.2535211267605657
-0.13774104683195298
-0.9655172413793143
-0.4178272980501304
0.27972027972027375
-2.510460251046021
7.439198855507862
-0.7989347536617791
4.966442953020136
0
-2.941176470588241
1.7127799736495375
-1.6839378238341955
-1.054018445322794
5.326231691078567
-1.8963337547408388
5.154639175257737
0
-3.6764705882352917
-0.6361323155216375
-4.3533930857874505
-4.953145917001341
0
