-2.1825396825396854
0.20283975659229497
-6.0728744939271255
7.112068965517252
-4.828973843058361
1.6913319238900726
-3.1185031185031185
2.7896995708154444
1.2526096033402954
1.8556701030927805
5.263157894736844
3.8461538461538463
-2.03703703703704
0.945179584120983
-2.2471910112359472
-0.7662835249042254
-1.9305019305019306
1.771653543307098
-1.5473887814313427
3.9292730844793713
-3.780718336483932
4.518664047151286
-4.511278195488733
-0.39370078740156644
-0.9881422924901185
0.998003992015968
-0.9881422924901185
3.792415169660676
-2.115384615384618
0.7858546168958714
-1.3645224171539878
2.766798418972329
-2.115384615384618
0.19646365422397136
-0.1960784313725518
1.9646365422396856
-0.19267822736031104
-0.1930501930501821
-1.1605415860735036
0.1956947162426642
-0.39062500000000555
0.7843137254901933
0.3891050583657643
0.7751937984496097
-1.3461538461538516
0
-0.3898635477582763
1.1741682974559715
3.675048355899417
-0.7462686567164153
-0.18796992481203273
-0.18832391713747912
1.1320754716981158
1.8656716417910448
2.19780219780219
1.7921146953405018
-2.112676056338021
0.5395683453237359
-1.9677996422182495
0.36496350364964025
-1.8181818181818181
7.037037037037032
-12.802768166089963
0
-1.9841269841269842
1.214574898785428
-2.4000000000000057
0.40983606557377633
-1.4285714285714344
0.20703933747412304
2.6859504132231495
2.4144869215291664
-1.3752455795677716
1.99203187250996
-5.273437500000005
2.8865979381443267
0.20040080160320928
1
-1.188118811881191
0.20040080160320928
13.799999999999997
1.0544815465729376
4.869565217391299
0.8291873963515755
-3.9473684210526296
1.3698630136986374
-1.8581081081081103
1.2048192771084263
-5.442176870748292
0.17985611510791621
-1.6157989228007283
0.36496350364964025
-1.4545454545454495
2.5830258302583
0.7194244604316521
2.4999999999999973
-6.445993031358877
-3.16573556797021
3.2692307692307745
0.5586592178770896
-0.7407407407407381
0
-0.37313432835821425
0.7490636704119824
-0.929368029739777
0.18761726078799518
-0.5617977528089835
-0.18832391713747912
-1.1320754716981158
-0.7633587786259515
0.5769230769230714
1.1472275334608057
-1.3232514177693682
1.72413793103448
-2.0715630885122436
0
0.5769230769230714
1.7208413001912155
-1.1278195488721832
0
2.6615969581749024
1.8518518518518519
-2.3636363636363584
0.18621973929235439
5.018587360594801
2.477876106194688
-3.62694300518135
0.7168458781362109
-1.601423487544494
0.5424954792043477
-4.316546762589925
1.5037593984962352
-0.3703703703703756
-0.3717472118959029
-4.104477611940304
0
-3.5019455252918235
3.427419354838701
-2.9239766081871346
0.40160642570281696
-1
1.41414141414142
-1.1952191235059788
0.2016129032258093
0
-0.20120724346076743
-1.2096774193548416
4.081632653061225
-1.1764705882352968
1.785714285714283
-3.8986354775828462
0.20283975659229497
-1.4170040485829873
0.2053388090348959
0.8196721311475527
-0.40650406504065617
10.408163265306126
2.0332717190388196
-4.347826086956532
2.4621212121212204
-5.914972273567472
2.3575638506876286
-1.7274472168905923
0
-0.9765625
2.1696252465483123
3.0888030888030915
4.494382022471908
-6.272401433691757
1.3384321223709423
8.49056603773585
4.3478260869565215
-5
-3.1578947368421004
1.2681159420289778
-0.17889087656529773
1.0752688172043037
0.17730496453900962
-2.1238938053097396
0.18083182640144924
-3.0685920577617254
2.2346368715083718
-4.189435336976316
0.38022813688212115
0.7575757575757683
1.1278195488721696
-1.30111524163568
0.37664783427494486
0.9380863039399625
0.3717472118959161
-1.8518518518518519
-0.3773584905660431
-0.37878787878787074
0.19011406844106735
1.3282732447817756
0
-4.494382022471908
1.7647058823529385
1.734104046242772
0.946969696969697
-1.1257035647279443
1.138519924098661
-3.939962476547832
1.5624999999999944
-5.9615384615384635
2.862985685071572
4.572564612326053
2.6615969581749024
-2.59259259259259
4.372623574144481
-5.282331511839707
1.3461538461538516
0.3795066413662158
0.5671077504725979
-2.2556390977443663
1.538461538461533
-2.272727272727265
1.744186046511625
-1.3333333333333388
0.9652509652509653
-1.5296367112810654
0.19417475728155617
0
0.7751937984496097
3.8461538461538463
2.59259259259259
-3.4296028880866403
0.18691588785046995
0.18656716417910713
0.37243947858472204
0.7421150278293109
0.36832412523020785
-0.7339449541284377
-1.8484288354898335
4.331450094161953
6.498194945848378
-6.610169491525422
2.722323049001815
-4.593639575971733
0.1851851851851878
-2.0332717190388196
1.6981132075471672
-2.782931354359926
0.3816793893129825
-0.19011406844106735
2.095238095238098
-3.5447761194029823
0.580270793036745
-2.4999999999999947
0.9861932938856015
-1.1718750000000027
0.5928853754940655
0.9823182711198428
10.894941634241247
-14.035087719298245
2.0408163265306123
-4.200000000000003
-0.4175365344467552
-4.612159329140467
-1.5384615384615448
12.500000000000004
4.563492063492072
-3.036053130929794
-0.1956947162426642
-3.333333333333339
-0.20283975659228057
1.4227642276422676
0.40080160320641856
-0.5988023952095893
1.8072289156626622
-2.9585798816568047
1.4227642276422676
0
0.20040080160320928
-1.7999999999999972
1.8329938900203637
-0.7999999999999972
0
3.0241935483870965
0.782778864970643
-0.5825242718446547
0.3906249999999917
-1.167315175097279
0.984251968503937
-1.754385964912278
0.5952380952381037
-1.775147928994094
0.40160642570281696
-0.4000000000000057
3.212851405622493
1.167315175097279
0
-2.8846153846153846
-0.19801980198020083
1.3888888888888946
-0.1956947162426642
-4.1176470588235325
2.2494887525562404
-0.4000000000000057
0.8032128514056339
-1.99203187250996
0.6097560975609698
-2.8282828282828256
0.41580041580040694
0.20703933747412304
0.20661157024793683
-1.4432989690721707
0
0
0.6276150627615152
-1.663201663201672
0
1.0570824524312896
0.41841004184101016
0.6249999999999941
-0.20703933747410833
-1.8672199170124597
0.21141649048626093
-0.4219409282700332
0.42372881355931297
-0.4219409282700332
0
-1.9067796610169612
0
4.535637149028081
1.2396694214876063
0.816326530612242
0
-0.8097165991902805
0.816326530612242
-2.4291497975708416
9.128630705394189
-8.745247148288975
1.4583333333333393
-2.0533880903490758
0
-1.6771488469601765
0
-1.2793176972281481
0.431965442764585
-1.075268817204301
0
-3.9130434782608634
0
-0.2262443438914059
0
-0.22675736961451567
-1.3636363636363669
-10.829493087557594
0
-3.617571059431539
7.238605898123333
-4.299999999999997
-0.6792058516196395
-7.6801683324566055
-0.28490028490028896
4.1714285714285735
0.8776741634668137
0.8156606851549678
-0.7011866235167152
-3.530689842476907
2.4211711711711694
-4.617921935129191
0.806916426512951
-1.7724413950828974
2.386495925494762
-3.9795338260375175
-0.8880994671403323
-2.5089605734766915
-1.531862745098039
-8.58742999377723
-0.20422055820285473
3.0695770804911273
2.5810721376571846
-0.25806451612902676
2.457956015523926
-8.333333333333336
0.27548209366391824
19.64285714285715
6.3145809414466
11.501079913606906
0.4842615012106607
-8.819277108433727
-0.634249471458779
-5.106382978723409
0.2802690582959681
-6.036892118501966
1.9036287923854867
-2.451838879159359
0.3590664272890408
8.05008944543829
-8.00220750551876
8.0983803239352
-2.608213096559372
2.108262108262114
3.4040178571428537
-0.1618996222342209
0.1621621621621683
1.9967620075553019
3.862433862433865
-2.3433520122261706
-3.129890453834123
1.9924609585352773
1.0031678986272319
-1.0977522216413869
-0.15856236786469943
0.741132874536795
-1.1035207566999519
0.6376195536663177
-0.4223864836325335
-2.279957582184516
1.0851871947910976
2.5764895330112747
1.1512297226582882
-2.172788411795128
-0.052882072977268976
17.61904761904763
0.04498425551056235
-2.7877697841726508
5.411655874190555
-6.801228609039055
0.4237288135593214
-1.5471167369901468
-5.238095238095245
7.035175879396997
0.32863849765258346
0.5147402901263427
1.4897579143389212
-0.41284403669724706
8.24504836480884
-7.0638297872340425
0.6410256410256436
-0.2274795268425874
-0.13679890560876032
-1.3698630136986172
-1.8518518518518616
-3.2547169811320646
0.7801072647489036
-3.0478955007257014
0.5988023952095858
4.166666666666666
2.1428571428571397
-2.4708624708624596
0.3346080305927186
3.6207717960933854
-0.22988505747126764
1.428571428571439
-1.8173557473875606
-0.04627487274409075
-1.8518518518518616
1.5094339622641524
-5.901486988847582
6.074074074074076
0.6517690875232801
-1.4801110083256257
0.9389671361502314
0.13953488372093553
-1.7649790989317349
1.5130023640661954
0.3260363297624606
0.04642525533891162
0.8816705336426809
-1.333946642134311
1.1188811188811283
-0.5993545412632667
6.632653061224489
-6.611570247933883
8.989287377736375
-7.991452991452981
0.46446818392939093
-1.9879796578825693
1.8867924528301987
-1.342592592592605
-2.2993899577662997
0.09606147934677989
