-7.1428571428571495
2.5641025641025665
0.7500000000000062
9.181141439205959
-11.818181818181827
2.8350515463917607
-2.0050125313283225
1.0230179028133002
-3.5443037974683573
-1.5748031496063006
2.93333333333333
-0.25906735751294785
2.0779220779220795
4.325699745547061
0.975609756097562
0
2.898550724637684
2.112676056338025
-5.28735632183907
-4.126213592233008
4.3037974683544284
0.4854368932038731
-1.2077294685990296
1.7114914425427943
-8.65384615384616
4.473684210526326
-4.534005037783379
-3.4300791556728205
6.010928961748627
0.5154639175257737
-2.307692307692304
0.26246719160104426
-1.832460732984289
-3.4666666666666637
2.4861878453038635
1.617250673854449
4.774535809018571
8.860759493670876
-3.255813953488365
3.1249999999999973
-1.3986013986013894
-3.0732860520094745
2.682926829268301
1.4251781472683993
-1.873536299765789
4.534606205250585
-2.5114155251141628
0.7025761124121839
-3.4883720930232434
-2.40963855421688
0.7407407407407469
2.205882352941173
-2.3980815347721736
-2.70270270270271
1.7676767676767748
2.9776674937965284
-3.1325301204819462
-0.49751243781093474
2.0000000000000018
-0.7352941176470649
-3.209876543209874
-1.7857142857142816
1.818181818181814
3.0612244897959213
0.7425742574257487
2.948402948402951
-3.818615751789979
-2.9776674937965284
1.0230179028133002
1.7721518987341618
-0.24875621890546737
-2.244389027431418
0.5102040816326535
-1.01522842639594
0
0.7692307692307756
-0.7633587786259605
0
0
7.6923076923077
-6.190476190476195
1.2690355329949305
-2.756892230576449
2.8350515463917607
-2.0050125313283225
0.25575447570331933
-0.5102040816326535
2.3076923076923155
-4.26065162907269
2.094240837696337
-1.5384615384615399
-0.7812499999999949
1.5748031496063006
0
0.7751937984496073
-0.25641025641025095
-1.0282776349614404
1.0389610389610398
-3.856041131105396
-2.406417112299473
0
1.3698630136986374
0.2702702702702645
0.539083557951483
0.8042895442359197
0.7978723404255386
-1.5831134564643814
-0.2680965147453026
-1.3440860215053834
0.8174386920980994
6.756756756756756
-2.2784810126582355
-0.7772020725388551
2.6109660574412556
-1.5267175572519096
1.808785529715758
-2.2842639593908594
-0.7792207792207857
-2.61780104712041
0.26881720430106953
1.0723860589812342
0
-1.8567639257294388
-0.2702702702702765
-1.3550135501354965
1.3736263736263687
-2.168021680216804
2.2160664819944618
1.3550135501355085
-0.5347593582887705
-1.075268817204302
-0.8152173913043546
0.8219178082191849
1.6304347826086971
-4.010695187165784
0
-5.571030640668516
3.2448377581120904
0
1.7142857142857157
0.8426966292134777
2.7855153203342646
-4.878048780487809
2.2792022792022815
-0.8356545961002732
-1.4044943820224793
-1.139601139601128
2.593659942363108
-2.5280898876404456
-1.1527377521613842
2.0408163265306074
-1.4285714285714235
2.8985507246376705
-1.4084507042253471
0
-2.571428571428567
0.5865102639296192
2.0408163265306074
-4.0000000000000036
2.976190476190479
-1.7341040462427761
8.529411764705884
-7.859078590785909
-1.4705882352941124
7.761194029850739
7.4792243767313025
-10.824742268041236
3.7572254335260085
-4.17827298050139
1.7441860465116295
-4.285714285714283
0.8955223880596956
1.7751479289940846
6.686046511627907
-1.0899182561307912
-0.27548209366390597
-5.524861878453043
0
1.461988304093575
4.610951008645524
-3.3057851239669453
-1.7094017094016984
-0.2898550724637748
0
-3.7790697674418574
3.927492447129906
-1.1627906976744196
4.705882352941181
-6.179775280898882
-1.197604790419163
5.151515151515163
-3.458213256484153
1.4925373134328306
1.4705882352941255
1.4492753623188352
5.71428571428572
-7.297297297297297
0
-0.5830903790087468
1.1730205278592385
-2.028985507246385
0.5917159763313615
2.941176470588238
-0.28571428571427965
-2.578796561604593
1.1764705882352953
-1.1627906976744196
-1.4705882352941124
0.5970149253731348
2.9673590504451064
-2.017291066282429
1.1764705882352953
4.069767441860469
0.837988826815637
-6.648199445983374
0
4.451038575667653
1.4204545454545403
-1.960784313725486
-1.4285714285714235
5.797101449275353
4.109589041095888
-2.105263157894727
4.838709677419347
-2.0512820512820533
4.4502617801047215
-3.25814536340853
5.18134715025906
1.4778325123152833
5.582524271844649
13.563218390804614
0.20242914979756652
-10.1010101010101
2.247191011235947
-4.8351648351648295
10.854503464203226
-7.29166666666666
7.191011235955043
-7.547169811320743
-6.575963718820862
6.067961165048543
8.466819221967967
8.860759493670884
1.937984496124024
-3.041825095057037
0
16.862745098039223
5.369127516778528
-4.936305732484084
5.527638190954775
-7.936507936507937
4.310344827586207
-8.264462809917356
6.126126126126124
-12.563667232597611
2.5242718446601917
-7.00757575757576
0
-4.480651731160891
-0.8528784648187641
5.806451612903216
4.471544715447149
0.38910505836576775
4.844961240310077
0
4.621072088724584
-7.243816254416964
-0.952380952380949
-2.499999999999998
-4.142011834319526
3.909465020576121
1.7821782178217793
3.112840466926073
-0.5660377358490614
-2.4667931688804536
2.334630350194555
-1.1406844106463805
0
-1.5384615384615399
1.9531249999999931
-2.8735632183907946
-1.9723865877712135
-1.40845070422534
1.836734693877548
-0.20040080160320214
1.2048192771084258
-1.5873015873015888
-1.0080645161290287
1.6293279022403273
0.8016032064128263
-3.180914512922468
-0.2053388090349032
0.41152263374484715
1.8442622950819643
-2.213279678068399
1.6460905349794253
-2.631578947368437
3.118503118503126
-4.233870967741935
0
-1.0526315789473646
1.9148936170212736
-1.252609603340284
-2.1141649048625903
2.3758099352051905
-2.531645569620255
0.6493506493506547
1.9354838709677387
-3.164556962025324
-1.9607843137254872
1.1111111111111072
-2.417582417582405
-0.45045045045046084
-3.8461538461538445
0.9411764705882362
4.662004662004666
-8.017817371937646
-3.1476997578692467
2.499999999999991
0
-1.951219512195124
0
2.2388059701492726
1.9464720194647218
0.9546539379474948
0.47281323877067544
-5.411764705882363
2.736318407960207
-7.506053268765135
-4.973821989528794
10.468319559228647
-0.24937655860348598
-2.500000000000002
3.589743589743593
-3.960396039603964
-2.061855670103095
-1.5789473684210424
-0.5347593582887705
0.537634408602151
2.6737967914438405
-4.166666666666659
2.4456521739130395
-4.509283819628645
4.7222222222222205
0.2652519893899148
2.9100529100529187
1.799485861182515
4.545454545454539
0.24154589371982307
-1.2048192771084507
0.7317073170731768
3.6319612590799117
1.1682242990654164
3.464203233256359
-0.6696428571428626
4.719101123595505
-2.3605150214592343
-2.857142857142855
7.692307692307689
2.9411764705882475
1.0204081632653024
4.040404040404044
-3.689320388349522
1.8145161290322551
-4.554455445544545
-1.4522821576763543
6.526315789473676
-1.9762845849802302
-0.20161290322580216
3.838383838383828
0.9727626459144108
2.1194605009633802
-0.943396226415091
-4.761904761904762
5
0.7619047619047625
3.5916824196597426
0
3.2846715328467098
0
-2.296819787985864
1.2658227848101156
-5.357142857142854
-2.075471698113197
6.551059730250478
4.520795660036166
-5.190311418685118
3.832116788321167
-6.678383128295268
4.331450094161967
-2.5270758122743624
0
0.18518518518518123
-4.8059149722735635
2.9126213592232904
0
0
-1.886792452830182
4.615384615384619
-2.5735294117647163
1.8867924528301987
1.1111111111111038
0
0.7326007326007332
-0.9090909090909058
2.7522935779816415
-7.1428571428571335
-0.9615384615384581
5.242718446601933
-2.029520295202958
6.403013182674213
4.778761061946895
0.16891891891891533
4.890387858347387
0
4.983922829582002
0
4.747320061255737
0.1461988304093536
4.963503649635047
0
4.867872044506253
0
4.90716180371353
-1.264222503160563
-4.993597951344427
8.49056603773586
4.7204968944099255
0.23724792408065926
-0.5917159763313484
-4.404761904761917
-4.981320049813194
2.4901703800786423
-4.092071611253201
-0.1333333333333305
-0.5340453938584784
5.503355704697988
4.961832061068699
-2.4242424242424154
-0.621118012422369
2.8750000000000053
-4.495747266099637
8.9058524173028
3.3878504672897094
1.4689265536723253
4.899777282850773
0
4.9893842887473525
0
4.954499494438829
0
4.9132947976878585
0
4.958677685950405
0
4.9868766404199505
0
4.999999999999997
0
5.000000000000006
-9.523809523809522
-4.928989139515454
0
-4.920913884007034
0
-4.990757855822559
10.505836575875486
1.1443661971831056
2.9590948651000857
0.25359256128486357
1.8549747048903933
4.635761589403978
0.3164556962025249
4.968454258675085
0
