-6.422764227642281
4.952215464813208
0
4.884105960264906
0
4.972375690607733
0
4.9624060150375895
0
4.942693409742125
0
4.982935153583625
0
4.941482444733416
-5.824039653035939
4.9999999999999964
-0.43859649122806305
4.9716803020767815
0
4.976019184652268
0
0
-4.968589377498566
-4.987980769230776
0
-4.996837444655285
0
-4.993342210386152
0
-1.8920812894183523
-3.142857142857147
-2.6548672566371643
0
3.2575757575757662
-5.135730007336757
0
4.17633410672852
4.602821083890139
0.35486160397444994
-3.748231966053756
9.037472446730353
4.986522911051217
0
4.942233632862637
-0.24464831804281692
3.4947884733292565
1.362559241706151
4.558737580362368
-4.751257685858021
0.9389671361502314
3.95348837209303
4.026845637583886
0.9139784946236498
4.954714970697928
0
4.974619289340107
0
-4.980657640232113
10.483460559796436
4.974666052510369
0
4.95831505046072
0
4.974916387959868
0
4.978096375945849
0
4.969650986342931
0
4.987350921575718
0
4.991394148020654
0
4.983606557377046
0
4.996876951905059
0
4.9970255800119014
0
4.985835694050998
0
-4.991905018888289
8.917921045157618
-0.39113428943937417
5.392670157068069
4.942871336313953
0.04733727810650618
4.991719895907268
0
4.979720594862543
0
4.97960935823139
0
4.988754855857693
0
-4.985394352482965
10.493953679032598
4.989797811166755
0
4.999999999999992
0
4.997476022211012
-1.1698717948717876
4.994324631101014
0
0
4.988416988416981
3.9717563989408653
0.9762308998302336
4.98809023399186
-1.3212331509408752
0
4.990532864484714
4.959422903516682
0.03681885125184932
4.993252361673406
-0.5258237906052816
-1.327381651591678
6.4047619047619
4.989930633251289
-1.8648763853367434
0
-4.995113475947443
-4.994856555034853
10.514918190567851
3.8536903984323945
1.10062893081761
1.3996889580093312
-0.24539877300613264
-2.624026240262405
-0.3157894736842105
2.3231256599788805
-7.1517027863777045
-4.9905524063576845
0
-4.995320542817025
2.438123383819721
-4.772208198100725
-0.22721534965918558
-2.5809716599190256
-2.4805194805194835
-4.994007191370356
10.499018783291278
4.998097171127755
-0.44702186782651265
-0.07281553398058528
2.25892640272043
0.9501187648456056
4.011764705882356
4.060626625947289
0.9021739130434733
4.998384143057211
-0.9541397353031772
0.41433602651750573
-2.558283474314004
-4.298115604488674
-0.7300884955752237
0.23400936037441752
1.4674819344080094
-3.5827763777802173
-0.11363636363636363
-1.4789533560864618
1.45496535796767
2.208058274527655
-4.621380846325167
2.7437244600116752
-2.784090909090909
4.734073641145529
-4.341517857142855
-2.461789756154477
5.693779904306222
1.8560434585785397
-1.911111111111116
2.401449932034441
-5.741150442477874
0.9271212299025909
0.3953488372092997
1.8994672226082903
-3.39849965901341
0.011766090128253057
-0.6823529411764653
1.8715944089078362
-2.4186046511627852
2.4547187797902654
-7.269132356361945
-4.991847485262756
0
-4.990099009900984
3.821036543004029
-0.4014989293361884
3.6414942219833253
3.461688059120971
-0.2506265664160401
4.271356783919598
-6.036144578313255
-4.846775227593276
1.0780218299420563
1.3198240234635352
1.2368421052631549
1.0397712503249286
-1.63365063030614
-3.4915653197332346
-1.5582655826558265
-4.996558843771501
0
-4.998551144595769
7.762696355040411
3.8635720350976444
-6.70391061452513
-4.4837154958375995
2.217125382262997
-4.831712789827966
-0.1729016032694157
-4.566210045662101
6.484078534895224
3.811589711806635
-3.0000000000000036
1.5540852438836779
-6.045454545454542
3.8380906305434532
-3.0284205621990994
-0.06406149903907388
-1.0416666666666667
0.4048582995951417
-5.370967741935477
-4.994034429861951
0.0358808754933702
3.012912482065989
1.9150417827298052
4.9880423641954295
0
4.995118776439949
-3.424763675809687
2.6957637997432533
-6.781249999999997
0.5698960777740492
-2.8999999999999964
2.9866117404737342
-2.2999999999999923
0.9894234049812273
-3.293918918918919
3.371179039301302
-0.6083136194660205
2.0061203672220254
-4.350000000000004
3.153859557414188
-4.256756756756764
2.0112914608327612
2.9228640608785845
4.990757855822539
0
4.993597951344438
0
3.3536585365853657
-4.926253687315631
4.871237977040021
-6.997041420118337
1.4792428821377372
3.463949843260192
4.9992425390092405
0
4.992064637137501
0
4.9883193623745985
0
5.000000000000006
-0.24931438544003987
3.7240689827543054
-2.0361445783132504
1.0945763128766421
1.2408759124087647
4.998798365777446
0
4.989700160219733
0
4.9923697405711875
0
0.49833887043188896
-4.999999999999998
-0.4240974336668092
-4.586655018019002
-4.990271260157951
0.04818696542584957
0
2.3118603251053638
2.3655407790984944
2.5638077719015944
3.1050330680416915
-5.35986083931289
2.010338885697875
-2.105855855855861
0
4.969515702289204
0.547945205479452
4.000000000000005
4.37015300775518
0.6024701275228437
4.990518015770048
0
4.990968723262667
-0.19014849692141764
-4.9986392089267815
0
-3.5427807486631036
-1.5048015048015093
-4.995476932355003
0
-3.3008887008040673
3.7417943107221054
2.299093018350554
-4.546391752577321
-4.989739712711948
5.7519608957599075
0.7201977856605445
-5.677694770544295
-4.989816700610988
3.977611051566033
4.993700607032415
-0.26180866150322796
-0.03281198731269327
1.1597374179431097
-0.9301319489509001
-1.965065502183406
2.0044543429844097
-3.8100436681222685
0.7717625695153734
-5.721365018583168
2.436984828574839
-7.102040816326529
-3.6906854130052693
0.33889468196036354
4.98830865159783
-3.600593912397924
-1.1680143755615482
2.610389610389613
4.771547905328431
-2.609325924136254
0
3.8576035723145505
2.5916636808790217
-2.398137369033763
0
-0.19083969465649125
1.5774378585086097
-1.9176470588235242
2.003118627803758
-1.6110065851363984
0.37050316720448295
0.2500595379852373
-3.551490675852236
0.7142857142857086
0
-1.8708730741012418
0.19937694704050127
-2.5618704141275987
-0.4467134652201659
-4.358974358974359
0
-2.6273458445040245
3.2075991189427406
-1.4005602240896358
0.09469696969696047
-2.824706041356937
0.13908205841446453
-5.1249999999999964
1.3028839115795603
-6.213872832369942
-3.759630200308163
7.76496958053154
3.090179765265184
-6.571552096843928
3.3317908375752006
-0.28362442155545264
3.592814371257485
-3.598265895953754
1.6189476840053896
-1.7406697152972348
-0.9157784116499058
5.121212121212114
-4.987027961948676
9.238470873786405
4.068879322316339
-6.311716039498259
-1.1536818117077372
-3.2853025936599356
3.977949940405234
-1.1462960309499928
0
0.8551964052761237
3.4492670307559647
1.1947763267574358
4.475562877539817
-0.45992115637319314
-1.7293729372937323
2.565824825362711
-0.45841519318926
-1.7105263157894737
3.0655957161981227
-4.390180542927647
0
-2.2143730471403433
-0.18060572381216375
1.1691022964509363
0.4264685651396372
-0.136986301369863
4.773662551440323
-4.281225451688915
2.010668855149765
-1.877178868329311
1.1068597977589536
-4.081632653061216
2.5785543187262157
-1.3873626373626404
2.869480429029116
-3.4529451591062967
2.3562412342215926
-0.7673335160317771
1.90555095277547
-0.5555555555555587
1.3762092928191882
-2.956989247311828
0
0.11080332409971669
2.9330381848367524
1.4112903225806452
-4.996686547382378
1.3113839285714413
2.5061966400440556
-2.1762493283180993
-1.675363911013464
1.3966480446927374
0
0.2479338842975144
0.027480076944221693
1.7445054945055007
-0.6345348994194742
-1.5217391304347887
2.0971302428256133
-4.864864864864865
4.176136363636361
-1.9498227433869586
2.5726602697816716
1.5591106290672452
1.4417300760913034
-2.645084879589423
0.7975128413084741
-2.4674802199275967
1.6911865805032407
1.1627906976744216
1.0425020048115416
0.4497354497354467
4.766921253621286
-0.9301156359979861
2.765795483379847
-5.6296296296296315
3.610675039246471
-4.974747474747472
-4.849853840021259
1.5360983102918586
1.2102874432677697
-4.035874439461875
0.6796941376380564
2.0815752461322017
-0.3031138054560391
2.335544499723601
0.2025658338960162
1.5498652291105122
-2.05706702057067
3.2791327913279193
2.3353450537916496
-3.6538461538461537
-0.18629407850964436
-0.9198773496867054
