-8.459214501510582
8.580858085808588
-7.294832826747727
-9.016393442622949
10.450450450450452
6.035889070146822
-11.84615384615384
0
1.0471204188481607
5.1813471502590644
-4.761904761904763
-2.9310344827586197
6.571936056838369
0
-5.333333333333338
-0.17605633802816528
-9.700176366843031
7.421874999999997
-16.181818181818176
4.989154013015174
0
3.3057851239669453
-7.599999999999997
4.112554112554101
-7.068607068607066
2.684563758389264
1.0893246187363796
-0.8620689655172422
0.8695652173913052
-0.8620689655172422
-3.4782608695652013
2.4774774774774646
-0.2197802197802151
4.625550660792951
-4.421052631578947
-4.185022026431727
5.057471264367831
-0.21881838074399726
-4.605263157894736
0
2.7586206896551753
4.921700223713661
-0.8528784648187641
-3.8709677419354964
7.382550335570472
3.1250000000000075
-7.676767676767674
2.625820568927792
-3.4115138592750562
4.194260485651203
-0.6355932203389696
-2.9850746268656834
7.692307692307705
4.489795918367341
-6.250000000000005
-2.083333333333326
1.4893617021276466
0.6289308176100682
1.4583333333333393
-3.901437371663252
3.846153846153859
-2.263374485596714
-1.2631578947368338
4.477611940298506
-4.6938775510204165
4.49678800856531
-7.991803278688519
-1.1135857461024459
-2.927927927927945
-0.6960556844547416
10.74766355140187
2.32067510548522
-4.123711340206171
0.4301075268817112
1.7130620985010723
1.0526315789473646
-3.7499999999999942
2.8138528138528116
-1.4736842105263217
4.700854700854715
-2.8571428571428688
4.621848739495812
2.2088353413654502
8.055009823182715
-8.363636363636363
8.92857142857143
-12.204007285974498
1.867219917012445
-5.091649694501018
-1.2875536480686802
6.086956521739136
0.2049180327868809
-1.8404907975460094
3.9583333333333415
-5.4108216432865825
0
3.601694915254236
4.498977505112488
-9.589041095890414
-0.21645021645021184
0
7.592190889370925
-3.024193548387104
2.9106029106029228
-4.646464646464655
2.5423728813559348
-9.710743801652887
-2.5171624713958884
-0.7042253521126611
5.910165484633569
-0.4464285714285817
5.381165919282516
-4.468085106382977
6.681514476614695
-2.7139874739039644
4.935622317596557
-7.361963190184038
1.5452538631346444
5.2173913043478315
0.41322314049587733
-0.8230452674897126
2.2821576763485356
-6.490872210953335
1.9522776572668081
-8.297872340425544
7.656612529002323
2.155172413793115
5.907172995780577
-4.9800796812749
8.385744234800846
-3.288201160541585
5
-5.142857142857134
6.4257028112449674
-11.698113207547173
0.42735042735043727
2.5531914893617045
2.4896265560165998
-2.631578947368437
6.02910602910603
-5.294117647058815
-1.656314699792962
1.0526315789473646
2.9166666666666785
-4.453441295546571
-0.423728813559313
-0.8510638297872347
0.858369098712447
-1.2765957446808616
7.758620689655179
-1.999999999999993
2.0408163265306047
3.200000000000003
2.906976744186036
16.572504708097945
15.508885298869142
3.77622377622377
6.469002695417796
-15.44303797468355
0
4.341317365269462
4.4476327116212415
-4.945054945054949
0.14450867052022814
-2.164502164502157
0.29498525073745685
2.3529411764705905
5.603448275862065
-3.809523809523801
0
-4.9504950495049584
4.910714285714287
-7.517730496453905
0
-1.2269938650306624
4.037267080745338
-6.119402985074629
2.5437201907790166
-5.271317829457362
-1.800327332242231
0.8333333333333304
-1.6528925619834653
5.210084033613438
3.674121405750806
-6.7796610169491585
2.4793388429752126
0.6451612903225812
2.564102564102566
2.1874999999999947
-0.6116207951070342
-2.461538461538464
2.5236593059936934
-5.230769230769228
2.2727272727272676
0.7936507936507908
0
-4.409448818897628
2.9654036243822026
-3.200000000000003
4.628099173553723
-0.7898894154818298
4.617834394904459
-6.6971080669710865
-1.305057096247962
-1.8181818181818088
4.377104377104374
-1.7741935483871019
0
-4.269293924466335
-0.514579759862783
1.8965517241379366
3.2148900169204655
-1.9672131147540857
-1.3377926421404693
3.220338983050839
0
-4.926108374384234
0
1.8998272884283303
-1.6949152542372972
-2.586206896551715
4.955752212389369
-0.16863406408094075
0.16891891891891533
-0.5059021922428223
2.542372881355923
-0.8264462809917327
4.833333333333334
-5.882352941176473
1.3513513513513526
2.666666666666669
1.2987012987012998
-3.8461538461538494
2.5000000000000058
-5.85365853658537
0
-2.9360967184801368
3.202846975088963
-3.448275862068969
3.0357142857142847
-4.85268630849219
2.73224043715846
-2.4822695035460938
1.6363636363636338
3.220035778175308
4.852686308492205
-4.132231404958678
4.1379310344827624
0.8278145695364209
4.926108374384234
-0.15649452269170247
-0.15673981191222236
5.023547880690742
1.9431988041853496
-2.052785923753674
0
-4.940119760479043
-4.7244094488188955
4.132231404958678
4.920634920634929
-5.900151285930416
-3.536977491961411
-0.8333333333333304
0
-1.8487394957983248
2.5684931506849376
-2.67111853088481
3.773584905660373
-6.115702479338846
0
0
0.8802816901408577
-3.141361256544513
-0.9009009009008977
-1.454545454545456
2.3985239852398506
0.540540540540545
3.9426523297490994
0.8620689655172383
-4.1025641025640915
0.7130124777183606
-4.070796460176998
3.136531365313652
-0.7155635062611814
2.7027027027027093
0
-1.2280701754386014
-3.0195381882770858
3.1135531135531123
3.7300177619893424
-0.34246575342465024
2.2336769759450155
-4.201680672268908
2.982456140350876
-6.473594548551956
0.36429872495445487
1.8148820326678863
-3.5650623885918034
1.478743068391868
2.9143897996357038
-1.2389380530973502
0.3584229390680927
-1.7857142857142796
4.545454545454546
-6.956521739130441
-1.8691588785046664
-1.904761904761898
-4.271844660194187
1.4198782961460505
-0.8000000000000007
5.846774193548388
0.952380952380949
-0.943396226415091
0
0.952380952380949
0.7547169811320762
-5.430711610486892
1.9801980198019908
2.135922330097076
3.6121673003802357
-8.256880733944957
1.999999999999993
-2.941176470588225
-3.0303030303030374
0.2083333333333289
0.8316008316008324
2.680412371134037
-1.6064257028112463
11.428571428571418
9.89010989010989
-12.5
-1.7142857142857115
-6.589147286821703
1.6597510373443998
5.714285714285701
-1.9305019305019238
4.330708661417318
0
3.773584905660381
0.9090909090909058
-6.126126126126124
7.485604606525906
-3.0357142857142847
4.972375690607744
-13.333333333333329
-7.489878542510124
4.814004376367609
2.296450939457209
-2.4489795918367365
-0.6276150627615115
-2.105263157894729
-8.172043010752704
7.72833723653396
-2.173913043478253
10.000000000000004
0
-1.8181818181818152
-1.234567901234578
0.8333333333333341
0
-0.8264462809917363
5.833333333333338
-4.527559055118118
-1.0309278350515427
-1.6666666666666683
3.8135593220339112
-10.204081632653061
8.863636363636356
-4.592901878914399
-0.4376367614879751
-6.1538461538461595
5.386416861826708
-12.22222222222222
0
-6.075949367088612
4.582210242587599
-5.412371134020618
0
-1.9073569482288786
4.7222222222222205
-3.4482758620689626
-3.8461538461538494
1.9999999999999953
-1.960784313725486
-2.85714285714286
0
-4.999999999999998
-4.024767801857582
0.32258064516128343
4.5016077170418045
-6.1538461538461595
1.639344262295091
-5.483870967741933
2.3890784982935096
-6.999999999999999
2.1505376344086042
-5.614035087719303
3.7174721189591113
-5.01792114695341
1.8867924528301987
2.5925925925925863
2.8880866425992804
-0.3508771929824642
1.7605633802816996
-0.6920415224913501
3.484320557491292
-0.673400673400674
4.745762711864396
-9.061488673139152
-3.202846975088963
-0.7352941176470594
0
-4.444444444444448
3.8759689922480653
-0.3731343283582175
2.996254681647943
-5.818181818181824
3.4749034749034866
-7.835820895522386
3.2388663967611184
-5.8823529411764675
3.750000000000013
-8.433734939759052
0.8771929824561412
-3.0434782608695583
2.2421524663677053
-4.824561403508767
3.6866359447004644
-2.2222222222222143
-1.3636363636363749
6.451612903225812
4.7619047619047565
0
4.958677685950418
0
4.724409448818902
0
4.887218045112777
0
4.659498207885301
0
4.7945205479452095
0
4.901960784313722
0
4.984423676012465
0
4.747774480712157
0
4.8158640226628995
0
4.864864864864857
-9.278350515463915
-4.829545454545452
0
-4.776119402985079
0
-4.702194357366769
0
-4.934210526315787
0
-4.84429065743945
0
-4.727272727272723
9.923664122137396
4.1666666666666705
-8.666666666666659
-4.744525547445267
0
-4.9808429118773905
2.822580645161284
4.705882352941181
0
4.8689138576778985
0
