2.1739130434782608
-0.7092198581560284
-0.857142857142849
2.017291066282408
1.1299435028248548
4.60893854748605
0
1.2016021361815639
3.2981530343007917
4.597701149425299
0.24420024420023032
-2.314250913520087
-2.1197007481296795
0
1.910828025477707
-2.5
1.025641025641022
-2.2842639593908594
6.4935064935064934
-1.951219512195115
6.965174129353226
-1.976744186046515
6.524317912218268
0
-4.89977728285077
-3.981264637002348
6.82926829268292
1.5981735159817418
-1.4606741573033677
2.508551881413914
2.0022246941045574
0.10905125408941582
2.069716775599135
0
-2.241195304162229
-3.056768558951962
3.3783783783783785
-1.9607843137254872
5
-2.6455026455026456
3.1521739130434843
1.1591148577449886
-1.9791666666666725
1.5940488841657812
-2.9288702928870265
-0.8620689655172383
0.4347826086956584
1.5151515151515058
-0.10660980810233936
2.0277481323372375
-2.7196652719665213
0
-1.6129032258064515
-0.8743169398907072
3.638368246968023
1.3829787234042523
-5.666316894018879
0
4.89432703003336
1.8027571580063657
2.7083333333333273
0.1014198782961547
1.4184397163120481
-0.19980019980018845
1.4014014014013927
2.2704837117472825
-2.799227799227791
1.1916583912611747
0.9813542688910696
0.6802721088435263
-2.6061776061775954
1.189296333002962
1.6650342801175346
-2.504816955684002
2.27272727272727
-1.3526570048309234
-2.25269343780607
0
2.50501002004008
-3.2258064516129004
1.212121212121215
-2.1956087824351327
3.5714285714285716
1.3793103448275918
-6.802721088435374
1.8769551616266913
-3.991811668372575
-0.8528784648187603
-4.946236559139779
1.809954751131215
-0.7777777777777809
0.22396416573348582
5.139664804469267
0
7.226354941551554
0.39643211100098263
1.5794669299111634
-1.943634596695821
6.442021803766105
2.4208566108007394
-5.909090909090909
-1.4492753623188406
-1.3725490196078487
-0.1988071570576428
-2.1912350597609587
1.8329938900203637
0
-2
8.571428571428577
0
-2.443609022556399
2.119460500963394
-0.4716981132075472
0.37914691943128503
0.09442870632671795
0
2.45283018867924
-1.9337016574585584
3.755868544600939
3.076923076923082
-5.092186128182626
3.1452358926919572
0
-1.345291479820628
6.727272727272733
9.965928449744453
-6.351665375677761
-3.225806451612908
2.5641025641025643
0
0.0833333333333286
-3.0807660283097325
5.756013745704458
0.8123476848090984
-4.512489927477836
2.025316455696207
-5.459057071960305
-3.062117235345582
4.15162454873647
2.2530329289428024
-4.661016949152542
3.6444444444444395
-3.430531732418525
-3.730017761989333
8.67158671586715
-1.952461799660439
10.043290043290039
1.4162077104642103
-0.23273855702095528
1.0886469673405954
-4.153846153846159
-1.5248796147672485
4.237978810105951
-3.7529319781079056
5.605199025182783
-3.3076923076923057
5.966587112171827
1.2762762762762891
-1.9273535952557408
3.9304610733182073
-0.5818181818181901
2.6335040234089413
-3.9201710620099783
2.2255192878338277
-2.6850507982583576
1.1185682326621924
0.36873156342182895
1.2490815576781904
-0.9433962264151025
0
-0.4395604395604354
0.7358351729212657
-1.8991964937910841
1.265822784810118
-1.4705882352941178
3.880597014925365
-2.442528735632168
1.620029455080993
-0.9420289855072547
-0.5120702267739493
2.35294117647058
-2.22701149425287
4.261572373254968
-2.6074700493305265
1.3748191027496424
-3.2119914346895078
1.4749262536873158
0
1.671511627906985
-1.3581129378127275
3.9130434782608736
0
1.1157601115760072
2.689655172413797
-2.955003357958365
-2.9757785467128106
1.283880171184031
-3.4507042253521165
4.5222465353756505
0.1395673412421414
0
0
-0.48780487804877254
-1.5406162464986113
-0.9246088193456493
3.0868628858578484
-2.0891364902506964
-2.8449502133712663
1.9033674963396738
-2.1551724137931036
1.8355359765051396
-0.8651766402307056
2.2545454545454504
5.263157894736846
-8.51351351351351
5.908419497784342
-8.856345885634601
2.371843917368036
-6.50224215246638
0
-2.3980815347721824
-1.0647010647010624
-8.112582781456952
3.6936936936936884
-10.338835794960897
4.3604651162790695
2.4141132776230214
1.994560290117863
6.0444444444444425
4.274937133277459
-2.009646302250804
2.2149302707136904
-4.975922953451034
-6.0810810810810825
0.08992805755395172
-1.9766397124887718
2.4747937671860707
-1.6994633273702966
1.6378525932666033
-0.08952551477171757
5.286738351254486
-1.6170212765957495
7.006920415224922
1.0509296685529483
3.5200000000000045
3.5548686244203975
-1.7910447761194073
2.9635258358662657
0
-2.1402214022140265
15.15837104072398
3.470857891290119
1.392405063291132
0.9987515605493277
-1.2978986402966766
-0.6261740763932374
16.068052930056712
-4.397394136807815
0.9085746734809735
-1.857062464828353
-1.662844036697251
2.0408163265306123
-1.7714285714285682
-0.058173356602672664
-1.5715948777648527
1.6558249556475526
3.025014543339144
-0.8469791078486731
1.2528473804100326
-3.2058492688414044
3.486345148169669
3.4811903425042208
-3.689636462289751
2.2535211267605635
-0.33057851239669106
3.8695411829740185
-3.9382650345928716
0.8310249307479224
-7.527472527472521
-3.8027332144979233
14.268066707844344
2.7027027027027026
2.0526315789473712
0.05157297576069846
2.3195876288659796
-1.9647355163727989
6.73175745118191
0.2407318247472316
-0.6243996157540744
4.349927501208313
-3.7517369152385336
0.09624639076034101
2.451923076923074
1.267010793054912
-2.4096385542168752
1.3295346628680016
-2.8584817244611034
1.1095031355523313
-2.0038167938931246
0.29211295034079565
-1.5048543689320362
2.0206998521439106
-2.5603864734299573
-1.6360932077342505
1.3608870967741877
0.4475385380407786
-0.14851485148515414
0
-3.8671294000991487
-1.4956162970603433
-0.4712041884816784
0.15781167806418273
4.726890756302521
-5.516549648946841
4.777070063694268
3.03951367781155
-3.2940019665683464
3.4062023385866893
-2.3107177974434694
2.7679919476597887
11.018609206660138
3.661226290251439
-3.361702127659577
1.629238221048004
-3.206239168110921
1.5666965085049238
-1.2780960775672128
3.5714285714285716
-10.775862068965518
1.8840579710144956
-6.116642958748224
-1.0101010101010102
3.010204081632656
-0.9410599306587447
-2.700000000000003
4.727646454265169
-4.906771344455348
2.4251805985552055
-3.4256926952141113
-1.9822639540949312
-0.6918573709419964
0.16077170418007042
5.029427501337617
0
4.228222109016802
0.6842619745845581
-5.242718446601947
1.1782786885245962
5.215189873417727
0.9143407122232806
9.966618979494518
2.168256721595837
-9.634974533106957
0
1.7379051197745365
0.04616805170821529
-12.59806183664051
0.42238648363251474
11.56677181913775
13.100848256361928
-6.25
-2.888888888888889
-2.9748283752860414
0
0.7547169811320728
0.18726591760299893
-5.607476635514018
-1.9801980198019802
-18.383838383838388
-19.987623762376227
0
-9.97679814385151
0
-9.965635738831622
0
-9.923664122137396
0
-4.449152542372884
5.432372505543228
2.2082018927444884
-5.761316872427993
2.0742358078602683
-4.81283422459893
-1.235955056179769
-3.7542662116041083
-0.7092198581560217
-4.285714285714279
-4.726368159203994
-0.2610966057441105
-4.97382198952881
10.468319559228663
4.613466334164592
0.35756853396900734
4.988123515439433
0
3.2126696832579063
1.0960105217010083
2.4501300954033014
-5.439153439153439
0.7162041181736801
1.6666666666666667
4.196721311475414
-1.2376756870149013
-2.0178419711129902
7.153696076306085
1.2542990086991654
2.3976023976024035
0.780487804878046
-3.2720232333010606
4.8839071257005555
-7.938931297709917
0.5389718076285199
1.4226804123711294
3.0494002846106936
-7.7924639968435505
-3.7227214377406974
-1.3111111111111187
-4.953839225399675
-0.047382136934383146
-4.977482815833123
0
-4.988775255674732
0
-4.988185875557904
3.509256700746071
-3.096636412172994
8.347107438016533
4.246122552758713
0.7073170731707297
4.989101477355297
0
-79.0080738177624
0
4.945054945054957
0
-2.5130890052356043
-2.470461868958114
-4.955947136563869
0
-4.982618771726552
0
-4.999999999999992
0
-4.878048780487803
0
1.3495276653171342
3.5952063914780354
4.884318766066836
-9.068627450980395
4.447439353099732
-3.354838709677417
2.1361815754339135
-4.836601307189544
2.884615384615384
-1.335113484646202
-4.465493910690123
0
0.14164305949009456
-4.9504950495049584
1.6369047619047667
3.074670571010248
0.1420454545454515
-2.2695035460992927
-4.063860667634243
1.9667170953101345
2.22551928783382
1.0159651669085672
0.5747126436781614
-2.285714285714288
