3.2608695652174027
2.4561403508771873
-4.109589041095894
6.0714285714285845
-7.407407407407414
-0.3636363636363559
1.459854014598525
-1.079136690647475
-0.3636363636363559
4.379562043795608
-4.895104895104884
0.7352941176470594
0.7299270072992544
1.0869565217391395
-2.8673835125448055
-1.8450184501844953
-2.6315789473684315
1.158301158301168
-2.6717557251908506
0.39215686274510714
-0.7812500000000007
1.968503937007867
6.177606177606183
-3.2727272727272676
9.774436090225555
0.34246575342466545
1.0238907849829284
-3.3783783783783816
3.8461538461538574
1.0101010101010035
-2.333333333333328
7.508532423208182
-3.809523809523813
3.3003300330033034
-8.626198083067093
4.895104895104899
-1.3333333333333346
-2.027027027027029
-2.0689655172413812
0
-3.1690140845070376
0
-0.3636363636363559
3.2846715328467098
-3.1802120141342707
4.014598540145981
-3.157894736842116
-1.449275362318826
2.9411764705882213
-2.857142857142844
0.36764705882352156
2.564102564102558
-3.9285714285714244
2.973977695167289
-9.025270758122744
2.380952380952383
-5.426356589147291
-6.967213114754095
1.7621145374449354
5.627705627705623
-6.147540983606554
-1.746724890829696
6.222222222222228
-0.4184100418410138
-2.1008403361344463
-0.42918454935623307
1.293103448275873
-1.7021276595744694
4.7619047619047565
-2.892561983471068
-1.2765957446808616
-0.43103448275861156
0.4329004329004237
0
-0.8620689655172422
-2.173913043478253
0
-2.666666666666669
-3.1963470319634633
1.4150943396226323
-4.1860465116279
-2.9126213592233037
4.499999999999993
4.306220095693795
1.8348623853211024
3.153153153153146
-6.55021834061135
0
0.9345794392523372
-0.4629629629629736
4.651162790697679
-1.3333333333333246
6.306306306306292
8.050847457627116
-1.9607843137254835
8.000000000000007
-0.7407407407407414
-2.2388059701492558
-1.1450381679389408
2.3166023166023186
-4.905660377358487
-0.7936507936507944
0
3.5999999999999943
-1.9305019305019238
1.968503937007867
-2.3166023166023186
-0.39525691699603904
-0.7936507936507944
-3.200000000000003
3.719008264462804
-1.1952191235059684
-0.8064516129032265
3.2520325203252063
-3.5433070866141674
3.673469387755096
-1.968503937007867
-1.6064257028112463
-1.2244897959183774
-3.3057851239669453
-1.709401709401711
0
2.6086956521739157
0
-4.661016949152537
-2.2222222222222143
-2.2727272727272845
0
0
0
0
1.395348837209314
-5.045871559633042
2.4154589371980806
0.9433962264150951
2.3364485981308327
-6.849315068493147
2.450980392156854
-1.9138755980861262
0
3.4146341463414775
3.7735849056603805
0.9090909090909098
0.4504504504504408
4.48430493273543
0
4.721030042918449
4.9180327868852505
0
4.687500000000004
0
4.850746268656712
-3.9145907473309562
3.7037037037036904
-1.7857142857142796
2.909090909090912
-6.713780918727912
-2.651515151515162
-2.334630350194555
-3.187250996015922
0
0
-4.938271604938276
-4.3290043290043325
5.42986425339367
0
1.2875536480686611
3.8135593220339112
-4.897959183673473
-3.0042918454935745
0
0
-2.654867256637151
0
2.2727272727272645
-0.8888888888888897
3.587443946188344
0
0
-2.164502164502176
-1.3274336283185755
3.587443946188344
-6.926406926406933
1.8604651162790715
0.9132420091324209
3.6199095022624466
1.3100436681222623
4.310344827586211
-1.6528925619834727
4.621848739495812
-6.024096385542182
-1.709401709401711
-0.8695652173913052
-1.7543859649122628
-0.8928571428571436
-2.702702702702705
0.9259259259259267
0
0.45871559633026543
0
2.739726027397263
1.7777777777777795
-3.930131004366806
0
0.4545454545454448
-1.3574660633484075
6.422018348623838
3.448275862068969
-5.833333333333338
-1.7699115044247609
-0.9009009009009016
-0.454545454545465
-0.4566210045662003
0.45871559633026543
3.6529680365296837
3.524229074889871
-2.127659574468096
4.347826086956526
0.4166666666666763
4.979253112033181
0
4.743083003952574
-3.0188679245283048
1.9455252918288042
-4.19847328244276
3.187250996015939
1.5444015444015458
4.942965779467677
0
4.710144927536245
0
4.844290657439435
0
4.950495049504963
0
4.716981132075468
-5.40540540540541
3.1746031746031775
-5.846153846153844
2.9411764705882306
-6.34920634920634
-1.6949152542372972
-3.103448275862064
-3.9145907473309562
2.962962962962949
-1.079136690647475
-1.0909090909090837
2.5735294117647
0.7168458781362014
4.982206405693955
-8.13559322033899
2.583025830258297
-1.079136690647475
1.454545454545456
-3.225806451612898
-1.1111111111111203
-1.872659176029956
0
-4.961832061068698
0.40160642570280264
4.399999999999995
0
2.681992337164762
-0.7462686567164185
0
-1.1278195488721898
5.3231939163498145
4.693140794223823
-5.5172413793103345
1.8248175182481685
-5.01792114695341
1.5094339622641524
-4.832713754646837
0.3906249999999917
3.891050583657591
4.8689138576778985
-7.857142857142849
-1.1627906976744282
2.3529411764705905
3.065134099616861
-2.973977695167289
-1.9157088122605297
-2.734374999999994
2.0080321285140488
-0.3937007874015839
-0.39525691699603904
1.1904761904761827
3.9215686274509842
-1.1320754716981059
3.053435114503819
-2.9629629629629655
-0.7633587786259548
-2.692307692307703
0
0
0.7905138339920956
-0.7843137254901968
1.1857707509881523
3.1250000000000027
4.5454545454545325
0
4.710144927536245
-3.4602076124567502
1.0752688172042941
-4.9645390070921875
2.2388059701492558
-4.744525547445267
1.9157088122605468
-3.7593984962406046
2.343750000000002
-0.7633587786259548
0.7692307692307699
2.2900763358778646
3.731343283582076
-6.115107913669062
2.2988505747126458
-3.7453183520599285
2.7237354085603225
-6.060606060606066
2.822580645161284
-3.13725490196077
6.882591093117406
-1.5151515151515165
1.9230769230769162
1.8867924528301987
-1.8518518518518616
5.283018867924533
1.4336917562724028
-7.773851590106014
-0.38314176245209913
-3.8461538461538494
3.5999999999999943
-3.8610038610038475
4.0160642570280976
-6.177606177606166
2.469135802469138
-1.2048192771084436
1.6260162601626031
-4.399999999999995
1.2552301255230043
-6.611570247933891
4.867256637168156
-7.172995780590714
4.545454545454529
-0.43478260869564295
4.36681222707424
-6.276150627615059
2.678571428571411
-2.608695652173896
2.232142857142849
-10.91703056768559
1.960784313725492
7.692307692307699
7.142857142857129
-8.749999999999998
5.936073059360726
-6.896551724137918
1.8518518518518534
-0.454545454545465
1.3698630136986416
-1.3513513513513624
5.022831050228305
-4.347826086956506
3.181818181818174
-1.3215859030836918
5.357142857142842
-9.745762711864407
4.694835680751178
-8.071748878923774
4.878048780487809
-5.581395348837215
3.44827586206898
-0.47619047619048716
0.4784688995215422
-3.333333333333347
5.91133004926109
3.720930232558143
8.96860986547086
0.8230452674897126
9.79591836734693
0
0
-4.832713754646837
1.5625000000000013
-6.1538461538461595
-4.50819672131147
-0.42918454935623307
3.017241379310357
-5.857740585774064
-2.2222222222222143
-2.7272727272727293
0
4.672897196261686
4.910714285714279
-5.957446808510643
-0.4524886877827958
2.7272727272727093
3.0973451327433756
1.716738197424894
0
0
-0.4219409282700519
-2.1186440677966027
2.5974025974025996
-2.9535864978903072
2.1739130434782727
-4.680851063829782
2.678571428571411
-1.304347826086948
1.3215859030836918
-2.173913043478253
0
1.7777777777777795
2.18340611353711
7.264957264957262
7.569721115537865
-12.592592592592602
3.8135593220339112
-4.081632653061228
0
-0.8510638297872347
-1.2875536480686802
-2.173913043478253
6.222222222222228
-6.276150627615059
-4.017857142857156
13.953488372093037
2.0408163265306047
4.399999999999995
2.2988505747126458
4.8689138576778985
2.50000000000001
-9.40766550522648
4.999999999999996
-4.761904761904758
0
3.0769230769230798
2.6119402985074567
-4.727272727272723
0
-6.106870229007638
-0.40650406504064174
1.2244897959183594
2.822580645161284
-4.705882352941163
0.8230452674897126
0
4.0816326530612095
-5.49019607843136
0
-2.4896265560165998
2.5531914893617045
-0.41493775933610916
5.833333333333338
-7.480314960629919
0
-0.42553191489362685
5.5555555555555705
-5.263157894736855
3.846153846153859
-0.8230452674897126
3.3195020746887995
-6.425702811244985
2.145922746781108
-2.1008403361344463
0
-0.858369098712447
2.5974025974025996
-5.907172995780596
