-3.992015968063872
-1.871101871101868
-1.9067796610169612
-0.6479481641468622
14.565217391304353
0
7.210626185958248
2.3008849557522075
-7.093425605536322
-2.4208566108007528
0.19083969465649125
0.9523809523809523
-1.1320754716981158
-1.3358778625954117
-1.1605415860735036
1.7612524461839503
0
0
3.461538461538456
-5.2044609665427455
5.686274509803919
3.8961038961038987
2.6785714285714284
0.8695652173913043
-6.379310344827591
8.471454880294662
-0.6791171477079773
0.512820512820508
-1.7006802721088436
3.1141868512110804
-1.0067114093959755
-5.084745762711864
0.5357142857142806
-3.9076376554173993
-1.8484288354898335
0
1.6949152542372854
-2.03703703703704
3.780718336483932
1.6393442622950793
-3.405017921146951
0
4.267161410018561
3.2028469750889625
-0.51724137931034
-4.679376083188913
-0.1818181818181844
0.18214936247723393
1.0909090909090935
-0.35971223021583243
0.5415162454873723
0.17953321364451402
2.508960573476713
-4.020979020979028
2.550091074681236
-1.9538188277086934
1.2681159420289778
-1.7889087656529516
1.2750455373406244
0
-2.1582733812949693
-0.5514705882352889
5.914972273567459
-1.7452006980802792
-3.0195381882770795
-0.9157509157509157
1.6635859519408476
2.727272727272727
-1.0619469026548698
0.7155635062611782
0.17761989342806647
3.546099290780142
-3.4246575342465753
2.8368794326241162
-2.0689655172413843
1.5845070422535312
-4.332755632582322
4.166666666666662
-2.2608695652173862
0
-2.3131672597864843
2.367941712204015
-3.558718861209964
4.612546125461255
-4.585537918871254
3.1423290203327094
-0.17921146953404
-0.1795332136445268
-1.978417266187053
6.238532110091741
-7.772020725388601
3.5580524344569264
-4.882459312839051
0
1.1406844106463905
-2.2556390977443663
2.6923076923076894
-2.621722846441945
-0.7692307692307665
4.26356589147286
0.18587360594795804
1.6697588126159528
-2.3722627737226225
-2.2429906542056126
2.6768642447418847
0.5586592178770896
1.4814814814814763
-2.0072992700729824
-1.3035381750465602
-0.18867924528302155
2.079395085066165
1.2962962962963016
-1.2797074954296213
2.03703703703704
-1.2704174228675187
0.18382352941176733
-3.3027522935779765
2.46679316888045
0.7407407407407381
0
4.227941176470596
1.4109347442680724
-3.6521739130434807
-1.2635379061371765
2.010968921389386
0.7168458781362109
-3.0249110320284744
-0.9174311926605505
5.000000000000005
-3.527336860670194
7.4954296160877405
4.081632653061234
-5.3921568627451055
3.454231433506045
-6.176961602671111
11.921708185053372
-13.990461049284576
11.275415896487987
-8.637873754152828
5.272727272727271
-6.563039723661481
-1.2939001848428888
1.1235955056179803
3.1481481481481532
2.1543985637342833
0.175746924428825
-5.2631578947368425
5.000000000000005
-1.234567901234573
3.035714285714291
-2.946273830155984
0
-2.4999999999999973
0
1.8315018315018314
0
1.4388489208633042
4.078014184397171
-4.429301533219763
-1.2477718360071353
1.9855595667870063
0
1.2389380530973502
-1.9230769230769256
0.8912655971479501
-0.17667844522968448
0.8849557522123894
0.5263157894736792
-0.174520069808018
0.17482517482516488
-0.5235602094240789
-0.8771929824561403
1.5929203539822985
1.393728222996523
-2.9209621993127195
-2.3008849557522075
-3.079710144927541
0.18691588785046995
0.7462686567164153
5.925925925925931
-5.244755244755244
3.6900369003690034
-0.35587188612100146
3.5714285714285716
-6.0344827586206895
1.6513761467889883
-2.346570397111908
0.5545286506469448
4.227941176470596
-0.3527336860670244
1.5929203539822985
-1.9163763066202115
3.0195381882770924
-3.4482758620689653
-2.3214285714285663
3.473491773308955
-4.41696113074205
0.36968576709795886
0
0.18416206261510393
1.4705882352941255
-0.18115942028985763
-0.9074410163339383
0.73260073260073
-0.3636363636363688
1.0948905109489078
-1.0830324909747318
3.1021897810219032
-1.5929203539822985
-0.17985611510791621
-0.18018018018018275
0.722021660649817
-2.5089605734767
2.389705882352949
-0.5385996409335804
1.0830324909747318
-2.6785714285714284
1.834862385321101
-0.7207207207207181
0.18148820326679024
1.0869565217391202
1.4336917562724092
-0.7067137809187254
3.024911032028462
-0.1727115716753047
-1.7301038062283738
3.3450704225352212
-0.5110732538330567
-1.5410958904109564
1.391304347826082
3.602058319039454
-0.6622516556291367
7.166666666666662
-2.0217729393468074
1.4285714285714264
1.721439749608766
-2.9230769230769207
-0.15847860538827482
-3.0158730158730136
-0.16366612111293194
0.6557377049180304
-1.954397394136801
-2.657807308970102
-3.2423208191126256
5.114638447971779
0.671140939597313
-4.500000000000004
0
7.329842931937178
0
1.3008130081300766
0.3210272873194267
-1.4399999999999977
-2.5974025974025996
-4.166666666666667
-2.608695652173913
0
-2.3214285714285663
-1.2797074954296213
5.555555555555555
-4.385964912280702
9.357798165137616
-1.1744966442953066
2.037351443123944
-5.32445923460899
5.448154657293499
-1.1666666666666714
-2.192242833052272
1.0344827586206922
-4.436860068259388
4.8214285714285765
4.258943781942079
-0.6535947712418393
4.440789473684215
-9.606299212598428
-1.2195121951219439
5.46737213403879
-3.010033444816049
2.2413793103448225
3.541315345699834
-7.166123778501627
0.8771929824561403
1.5652173913043455
2.2260273972602813
3.852596314907868
-0.4838709677419309
-2.5931928687196133
3.993344425956736
-0.16000000000000228
2.5641025641025665
-6.093749999999998
4.825291181364391
-5.0793650793650835
2.8428093645484998
-2.1138211382113776
-3.488372093023258
1.0327022375215171
5.6218057921635385
-2.0967741935483826
2.1416803953871453
-2.0967741935483826
2.1416803953871453
-4.51612903225806
1.3513513513513464
-3.999999999999998
0.694444444444442
-6.20689655172414
10.11029411764706
-9.51585976627712
0.1845018450184397
3.1307550644567272
-3.5714285714285716
2.59259259259259
-1.9855595667870063
0
7.918968692449364
-3.0716723549488125
0
-0.176056338028159
0.7054673721340362
-3.5026269702276704
0.18148820326679024
-1.8115942028985506
0
1.4760147601475961
-1.6363636363636338
4.066543438077626
-3.0195381882770795
1.8315018315018314
-3.417266187050357
4.28305400372439
-1.6071428571428545
8.166969147005444
-0.671140939597313
-2.195945945945953
-0.6908462867012065
2.2608695652173862
-3.0612244897959138
-1.4035087719298196
2.4911032028469724
-4.166666666666664
8.333333333333323
-4.682274247491634
-1.7543859649122806
0.3571428571428622
2.4911032028469724
-1.0416666666666692
-4.385964912280702
5.1376146788990775
-1.9197207678882973
-1.601423487544494
1.9891500904159158
-3.368794326241132
10.091743119266056
-6.666666666666667
3.5357142857142803
4.760262159365308
-1.218307540335861
-0.06666666666666525
-2.935290193462305
3.058419243986244
-4.801600533511163
4.658493870402796
-4.451137884872819
0.7005253940455316
-3.4782608695652173
1.6576576576576607
1.2052463665366886
4.938704028021015
9.145527369826443
-9.755351681957189
-5.116909522195871
0.821428571428573
6.978391781792415
-2.0198675496688723
-2.8387968908415
0.9391304347826072
-6.271536871123364
7.830882352941172
-2.488919195363099
-0.3496503496503546
0
0.14035087719297945
0.3854239663629973
-0.174520069808018
-3.4965034965034962
-0.3260869565217386
-0.03635041802981302
0.07272727272727118
3.1976744186046475
4.507042253521131
4.11051212938005
-4.9190938511326845
-2.9271613342409784
0.7363253856942527
0.24364775495997315
0.7291666666666696
0.6549465701482169
-0.6164383561643826
6.822880771881463
-0.19354838709677008
-3.4583063994828707
0
-3.41479745564111
0.7625649913344847
3.1647746818025393
1.7005668556185447
1.639344262295082
-4.258064516129033
0
1.078167115902966
0
0.16666666666666904
-3.3943427620632263
3.34137099552187
-1.0000000000000024
0.2693602693602756
0.7387508394895865
-0.266666666666661
0
2.7406417112299355
8.32791151594014
-6.906906906906899
-2.548387096774191
2.6150281363786796
-6.38709677419355
4.617505168849069
2.4703557312252964
-0.03214400514303443
-0.3215434083601332
-3.193548387096769
0
0.2999000333222254
5.980066445182715
-5.8934169278996835
-1.7321785476349087
3.5593220338983076
4.713584288052366
-1.156611441075328
-1.9607843137254932
-1.6129032258064515
-1.57377049180328
6.3957361758827505
-6.073888541014405
5
0
3.428571428571423
1.2891344383057144
-4.484848484848486
4.6954314720812205
-7.181818181818185
-3.3300685602350626
6.889564336372844
3.285939968404421
-0.030590394616084465
-4.375764993880048
0.832000000000005
0.03173595683909238
-0.03172588832486679
-0.3490955252300951
1.9108280254777117
-2.34375
3.968000000000006
0.18467220683285676
-2.9800307219662026
-1.678277390753634
5.2818035426730985
-4.405016824717032
5.568000000000007
-4.516520157623528
2.793650793650802
3.1500926497838044
-4.191616766467062
2.0000000000000018
5.208333333333342
