3.204122787362763
1.1723838471558787
-2.8540772532188865
1.9659818864590313
1.7331022530329288
-0.8517887563884157
-0.3651202749140991
0.4526837680534647
1.4377682403433452
0.6981171990691795
0.7983193277310948
2.1258857857440576
-1.1632653061224467
-0.061945075366510706
-0.9710743801652869
-1.02232422282496
1.6441821247892099
1.119867274989638
-3.117309269893364
1.1219305673158364
1.214151140883402
-1.3236814891416706
4.254873192202883
0.16083634901487964
-3.1112003211561623
0.725088046405635
0.24681201151789153
0.9437833401723478
1.829268292682927
0.1996007984031936
0.936254980079679
0.65127294256957
2.6862745098039307
-0.47737254153141107
-1.3430544896392937
1.5169194865810878
-2.3180076628352535
1.1178662482839863
-0.9503491078355379
1.4294106128842787
-1.6795366795366773
0.21598272138228272
2.4882445141065923
0.36321926973809543
0.8000000000000087
1.9652305366591036
-2.6686434395848733
0.17136329017516702
2.2239118038395613
0.03718854592786268
0.40892193308551034
-0.7774898185857173
-0.1865671641791045
0.26168224299064996
-1.2863534675615171
0.13220018885742124
0.8487363259147491
0.9912100243126901
-1.2592592592592509
0.7689422355588726
0.018611576400525357
1.3025679196129514
-0.12858192505509403
0.12874747103180645
2.957384276267455
0.8028545941123997
-1.2035398230088414
0
-1.415263346470815
1.6536434671997136
-0.4290311047550907
-0.9874326750448833
0.19945602901179016
0.144770177343459
0.12649078424287052
1.0286951813751908
4.233654876741702
0.15424164524421205
-0.8213552361396227
1.3630089717046199
-1.242553191489354
0.6549465701482169
0.4452054794520587
-1.0398908966928098
-0.41343669250645604
0.3286628610966921
-2.0517241379310307
-1.408202781200493
-0.4284949116229204
0.2868925945848859
3.3077060611478637
0.13845621322258017
1.4517801590044896
-0.596252129471891
2.27934875749785
1.8096514745308427
0.3127057274522675
-1.575061525840857
0.5167527921320259
0.23217247097843735
1.2574454003970919
0.04901960784312982
-0.065327453862482
0.5229612681810828
0.01625751910258864
0.13003901170350365
1.7857142857142858
0.1594896331738437
-0.8598726114649645
0.06424670735624434
3.386837881219907
0.8849557522123788
-0.7540781779008892
-2.2794231663823745
3.030783878133911
0.8624672724472544
-1.0077874484654181
0.2622242788832401
1.5384615384615385
-2.393939393939387
3.818689847873317
-0.3139952153109912
2.0398980050997313
-1.0436572100543744
-3.0005941770647717
0
1.1944869831546638
1.3922518159806365
0.8955223880597015
-0.5621301775147862
1.6810473073489964
-0.08778346744696748
0.937179674915797
0.8994632235601401
-3.537023723939615
-1.9227902817111309
-3.4042553191489326
-0.770925110132155
1.7282384651973959
-0.5766832917705806
3.3234049224016378
1.577909270216959
0.9858103061986591
-0.7986984173938733
4.11510362308035
-0.042961477874832385
-4.813753581661894
1.7459361830222793
-1.3165680473372747
0.749512816669165
-0.08927242969796499
-0.625465376023834
2.0680353664019284
-1.6443987667009317
1.1195700850873265
0.9447888987304366
-2.8517110266159698
0.5419238295950659
-0.4641413385237345
-0.12033694344162975
-1.0692771084337385
0.7915968945044978
-1.0119317323667187
-0.503509307293249
1.7328630578132118
0.6783237865541152
0.5839197484653358
0.029770765108670064
-0.4166666666666599
-0.20920502092051566
-0.43426175501646863
0.15039855617386075
-0.5406217149722214
1.162615129095583
0.34328358208954546
0
0.32723486538748264
0.548554484803565
1.1943379534060614
0.5391228325805109
-0.4782608695652108
0.1893111984855038
2.8779069767441796
1.0172365074879974
0.13986013986013987
0.39106145251396013
-2.0728992765720613
-1.4064497797982636
1.5706051873198814
0.7093204709887928
-7.3249753486406535
-1.4135886912904627
-1.1409189022509987
0.12476606363068535
-2.819314641744552
-0.4327616605225087
0.9497746297488694
0.8929995216074027
0.8060692271218443
-0.2665412354970103
-1.1161767017764537
0.7790143084260696
-1.3882315822684894
-0.03199488081907622
1.184189470315247
0
-2.103431915230105
0.16155088852988692
-1.5967741935483835
-0.9998360924438654
2.9139072847682157
-0.8848133848133848
0.43824054536600093
-0.08080155138978669
-1.1159631246967456
0.09813542688911069
-0.4084967320261438
0.2625102543068126
1.440026182294216
0.2097112437490028
0.5634256278171281
0.8484072354730197
-1.507936507936508
0.5640612409347301
0.8012820512820513
-0.14308426073131594
0.6527622989969786
-0.6327111673521038
0.9869468322190276
0.015762925598994757
-0.6776989755713089
0.07933989209774674
-1.379419692405271
0.6430868167202572
-2.0607028753993575
0.7992170934594646
1.3268608414239556
0.04790801660810516
0.06384676775737866
0
0.36688467060138275
-0.36554354736174
0.5742542670282378
-0.36478984932592456
0.7004138809296365
0
-2.40278216882707
-1.441528992549397
-0.3779786359901322
-0.6763444407786247
2.159109782428168
0.6828158023085567
-1.760051671241721
1.5779092702169664
-4.174757281553391
-0.35460992907801797
-0.9150991357397013
-1.915512228493252
-0.5579773321708885
-0.40329651060844374
1.5492957746478793
1.7337031900138697
-2.4199045671438193
0.17464198393293748
-0.34867503486750345
-0.9797060881735519
1.784452296819792
0.3298038534976527
-0.5190311418685121
1.1304347826086956
-1.3929492691315601
0.19183815835368379
-0.5744125326370678
0.36764705882351345
-2.3896738182452353
0
-0.053609721229461796
-0.17879492222420884
-0.5194339960594622
0.3420957868203056
-1.7405347209761228
1.095690284879474
-2.9082369942196573
-0.4465116279069725
-0.20556905251355312
0.018726591760303883
-0.3370155401610313
0.01878639864738357
0.845229151014275
0.20487986589681928
-0.3159851301115326
-0.20510908073837575
-2.2608370702541145
0.01911680367043065
1.2041284403669636
0.09442870632672333
-2.0377358490565953
0.520030816640973
-0.5556620042153626
1.252408477842004
-0.6660323501427212
0.7471264367816048
-0.8366609621601022
-0.4026845637583936
-1.386214863303799
-0.09761811792269753
-2.1692397889388246
-0.49940071913703554
0.44167837783577363
0.3397961223266018
2.2310756972111645
0.9742790335151986
-2.663064453878824
-0.45598731165740575
-1.2348137821151255
-0.2823149828594429
1.3953488372092977
-0.7578779417630543
2.7331189710610864
0.3912363067292756
-2.12392829306314
-0.07963368504878242
-0.338712891014144
-0.03998400639743875
2.5
-0.11707317073171175
-0.6055870287165396
1.4740566037735736
-3.931822583769118
1.3709677419354862
-1.3126491646778087
-0.3426037887948385
3.8827098078867635
-1.2069301148530358
2.9359605911330005
0.21056661562021875
0.17191977077363463
0.0762776506483557
-1.391006097560967
0.0966183574879227
-4.8069498069498025
-0.08111944838775788
-4.911710980312562
0.7257203842049045
-1.8859927950836994
0.6047516198704128
-1.30957492486046
-0.4568196649989049
0.8959790209790135
0.28156811782543023
-0.8639308855291576
1.5032679738562043
1.073191672032625
0.6158420046719122
-0.2321654706627317
0.6558070657922621
-0.693568726355614
0.1269841269841318
0
-0.2536461636017851
-0.06357279084550849
-0.3392705682782067
0.042553191489359286
-1.382390472139515
1.380202717274107
-2.020846628376941
-1.3460703430308392
0.35211267605634305
-4.210526315789471
0.27472527472527214
-2.0091324200913268
-0.4659832246039143
0.5852059925093633
0.09308820107052225
-0.34875610323180656
0.11665888940737283
0.4893964110929773
1.0899814471243017
-0.06882312456984505
-0.3673094582185543
-0.09216589861750628
-0.5073800738007485
-1.8080667593880284
-0.6846081208687521
0.7368671262182132
-0.5663048607833964
-0.9254864736592258
0.11976047904191617
-0.11961722488038277
-0.31137724550898477
1.489668428640074
-5.208333333333334
7.042957042957055
1.2365842277181414
-0.5992164093108933
0
-4.0343148620449885
0.38656680357574846
3.8748495788207036
1.4596848934198225
1.4615208951815561
0.40513166779203497
-0.5379959650302699
1.149425287356327
-0.7798573975044563
0.022456770716363327
1.7287831162999654
-0.6621054954756124
-0.15552099533438024
1.0013351134846462
-1.4540647719761988
-1.11781801922647
-0.13565453312232031
-0.3848766130858023
1.4772727272727273
0.29115341545352996
-1.898168825368468
-0.27316184839517155
1.8260671079662176
0.2689979825151286
-1.2743125419181731
-0.36231884057971525
-0.659090909090904
0.34317089910775567
0.11399908800729594
0.5010248235026163
0.9290731928393305
0.022451728783121405
0.7182940516273824
-0.04457321149988604
0.20066889632106516
0.022251891410774976
-0.04449388209120993
0.6231916314266662
-5.24220305242204
-6.162464985994393
2.562189054726371
0.5335920446276955
-1.302774427020501
0.7088731361525243
-3.44660194174757
0.07541478129713709
0.27631248430041844
1.0521042084168308
-1.4129895884977661
0.5783253708825776
1.5250000000000057
0.02462447672986109
-2.412604628261943
0.8577194752775061
-2.426213106553274
1.0253781081773903
-1.6239533113423075
0.4126902244003154
-1.9008476753146761
-0.052369730295886
-0.5239717055279015
-1.5011851461680243
4.010695187165775
0.6426735218508998
1.2005108556832667
0.3281171125694123
0.12578616352201258
0.02512562814070923
-0.9796533534287952
0.025367833587017437
0.05072279989855152
0.5069708491761724
2.9508196721311446
0.3674669279764821
-1.83060776177691
1.1934361014420716
-0.12285012285012285
0.36900369003690037
-0.7107843137254847
