-1.7346938775510232
1.2461059190031183
-3.7435897435897494
2.0245071923281897
6.527415143603133
-1.9607843137254901
-1.1500000000000057
1.2645422357106728
-0.7492507492507493
1.509813789632612
0.09915716410511505
2.030708271421493
1.2621359223300943
-1.3422818791946227
-0.7288629737609329
-1.1257953989231577
-3.2673267326732645
0.05117707267144028
-2.915601023017897
-0.42149631190727677
1.4814814814814874
0
-1.459854014598546
1.4285714285714226
-4.068857589984342
0.05437737901032861
1.358695652173913
1.3404825737265416
2.0634920634920664
1.6070502851218218
-3.9285714285714226
0.10621348911311132
3.554376657824928
-0.5122950819672132
-2.3686920700308933
1.1075949367088578
-0.1564945226916969
0.9404388714733453
-3.83022774327121
0.7534983853605906
-1.655982905982903
1.0320478001086397
3.064516129032252
-0.36515388628064094
2.931937172774866
0.7121057985757913
1.2626262626262625
0
1.197007481296761
0.5421389847215349
-1.5196078431372522
0
0.5973120955699296
0.7422068283028204
-1.6208251473477324
-0.1497753369945139
2.75
0.19464720194647478
11.461874696454586
0.7407407407407358
-4.801038062283736
1.3175829168559772
5.246636771300444
-0.34086067319982233
2.992731936725096
-0.37359900373599236
0
0
0.958333333333338
0.04127115146512353
2.0214521452145235
0.28305701577031483
0.6451612903225784
-0.24038461538461312
-1.2048192771084338
-0.7317073170731754
1.719901719901727
0.6441223832528157
-0.23999999999999772
0.8821170809943819
2.305246422893475
0
2.020202020202038
0.6092916984005963
0.757002271006813
0
-2.516904583020281
0
-1.9653179190751424
-0.9433962264150966
2.2619047619047574
0.07760962359332116
4.071345482745251
0.8941877794336939
0.9970457902511036
0.25594149908591907
-0.18234865061998543
-7.818779685787351
6.7380103051922315
1.0025993316004413
0.4411764705882311
-0.8052708638360134
-0.9594095940959494
0.7451564828614009
-1.4053254437869656
0.22505626406600368
0.9356287425149701
0.11123470522803537
0.7777777777777862
-0.0367511944138268
-0.110294117647063
1.2145748987854292
-1.3090909090909173
1.2159174649963196
1.5289406625409496
0.39440659734672745
-3.9285714285714284
0.5576208178438662
0.4066543438077718
-3.5346097201767384
5.419847328244271
0.8327299058653191
-1.8312387791741553
0
-6.547183613752735
0.23483365949120263
-2.342834830144486
1.5193922431027636
1.6935801496652159
-0.2711076684740467
-3.611650485436898
-0.08058017727638543
1.0483870967741913
0.2394253790901813
-5.891719745222923
-1.395939086294421
1.544401544401542
1.394169835234479
-5.499999999999996
0
1.0141093474426732
0.8729812309035356
-0.6057983556901799
0.3918154114061845
3.0355594102341716
-0.29461279461278983
-0.8020261713803316
1.3191489361702105
4.745905081898367
0.7618283881315179
5.013927576601658
-1.3262599469496021
3.9554531490015408
-2.512005910602147
-3.258810155361867
0.8617312965139007
-3.7669902912621316
0.8474576271186417
3.801520608243286
-0.5397070161912018
0.1937984496124031
1.7794970986460437
-5.397187381223875
0.44194455604660277
0.9200000000000046
0.6738010305192186
-2.559055118110236
0.3636363636363659
1.1272141706924246
-0.5175159235668723
2.1608643457382977
-0.23501762632198303
1.1778563015312133
1.3581684128831977
-2.4502297090352134
0.7849293563579277
-1.1682242990654206
0.11820330969266467
0.3541912632821746
0.39215686274509803
-0.9765625
0.8284023668639031
1.2128325508607176
0.11596443757248218
-0.7722007722007722
-0.5836575875486382
-0.9393346379647772
-0.9877518767285658
1.7956903431763767
0
1.8816150529204168
0.07695267410544267
1.5378700499807765
0.07572889057174881
0.07567158531970815
-0.9073724007561351
-0.6486074017550726
1.2672811059907878
-0.26545316647705297
0.7604562737642585
1.5849056603773541
0.33432392273403944
-1.5920029618659797
-0.564334085778781
-5.978055240257287
0.2012072434607646
1.2048192771084338
0.1984126984126984
-0.9108910891089154
0.15987210231814777
-0.279329608938543
0.16006402561024638
0.11985617259288171
0.8379888268156402
-1.3058963197467286
0.2806736166800275
-1.1195521791283418
0.9704811969268003
10.612735282338807
-0.21723388848659156
3.8461538461538334
0.13976240391335923
0.17445917655268667
0.10449320794146795
-1.1134307585247003
0.633356790992263
-0.4545454545454585
-0.9132420091324082
1.169797943991476
0.24526979677647004
2.446696959105208
-0.03411804844763655
0.6484641638225178
-0.8816547982366789
-0.03421142661649768
-0.3422313483915127
-3.537087912087916
0.10679957280171284
0.28449502133713067
-0.28368794326241537
-0.07112375533427762
0.14234875444839049
-2.061122956645329
0.7982583454281525
4.283657307415399
-0.37970314118051984
3.776853776853769
-0.5008347245409015
-1.5100671140939597
0.23850085178875252
1.9714479945615266
-0.1000000000000038
2.435769102435773
0.9771986970684039
-5.967741935483871
0.8576329331046312
-2.312925170068031
-0.34818941504178275
-8.700209643605863
0.3061615001913553
7.058374666157954
1.0691375623663577
5.042313117066274
-0.06713662302785789
-0.9405441719852239
-0.983384198033224
6.541095890410967
1.832208293153323
-2.398989898989906
0.25873221216041764
-0.0645161290322544
0.0968366688185963
-2.8377942599161594
0.23232658479919968
-3.7748344370860853
0.7914659325533222
-1.6387845681119682
0
-2.6379729260673455
1.2477718360071302
0.10563380281690542
0.10552233556103108
-3.1623330990864367
0.5079825834542733
1.1913357400722062
0.32108455226542176
-0.8179231863442431
0.39440659734672745
-0.857142857142849
0.5043227665705969
1.0394265232974829
0
-0.42568286626462887
0.7837548984681114
0.0706963591375205
-0.7064641469445425
-2.917111348274651
1.1359472334188432
-4.275362318840584
0.757002271006813
1.652892561983484
0.14781966001477356
-3.985239852398528
0.6533435818601032
-4.849179075983196
1.0834670947030567
-6.312028582770942
0.423728813559322
-0.16877637130801929
0.5494505494505543
3.320722992854143
1.301871440195276
-5.582329317269078
-0.0425350914504442
1.6170212765957495
0.9212730318257908
-2.1576763485477133
0.8905852417302774
-0.672551492223621
0.2962336013542059
-0.9704641350211018
0.553898593949728
1.737288135593218
-0.16659725114535848
-1.1681268251981574
-0.3799071338117373
-0.16949152542373122
0.1697792869269973
-2.8389830508474527
0.5233318796336627
-4.034707158351415
-0.1356238698010773
5.975554549569936
0.042716787697562715
0.21349274124679762
-0.34086067319982233
-3.3347584437793976
0.7961079168509559
-2.0184291355857806
0.17913121361396203
-0.5364327223960611
-1.078651685393261
-2.589731940027255
0.373134328358201
-4.693308550185871
0.4388103364212607
-1.6990291262135921
0.6913580246913609
-2.0107896027464416
0.3003003003002974
0.5988023952095751
-0.19841269841270123
3.777335984095439
-0.335249042145602
0.7688611244593918
0.9060562708631406
2.315689981096411
0.046189376443415385
1.015697137580802
-1.59963436928702
3.1119368323269803
0.45045045045045046
-1.3901345291479794
-0.8640291041382472
-0.9633027522935754
0.04631773969430028
-4.444444444444442
0
-1.2112403100775193
0.6375674350171568
-1.8518518518518436
0
-0.5461767626613676
1.3479780329505684
0
-0.09852216748767913
-2.4161735700197267
0.6063668519454212
0.6529382219990012
0.7984031936127716
-0.5445544554455417
-0.4479840716774543
-1.0499999999999972
-0.3031834259727106
-2.635580334515974
0
-3.2274856845392965
0.26896180742334586
-0.16094420600858977
-0.21493820526598909
3.6618201400107764
0.7792207792207793
0.3608247422680354
1.5921931176168582
0.4044489383215283
0.5438066465256861
0.8713942307692211
-0.01985900109224111
0.5065051147085163
0.7312252964426826
-0.4512458308809042
1.4879779266850521
0.4369356248179463
0.396365042536733
-1.1747713047664892
-0.5651368995420426
0.1959823615874599
0.13691931540342353
1.2012891883973082
0.3667245705462222
-0.41346153846154504
-0.26069325094138845
-1.4714424007744396
0.06877579092158889
1.2567501227295053
0.3102879860370478
-1.275978733687779
0.8420640360325071
0.8835809301874074
0.9528392685274253
0.6292306225569612
0.009474182851733886
0.29367184539598545
0
0.2644752998961
-0.4239284032030173
1.8637653736991473
0.7708739667502538
4.193548387096771
-0.7518796992481153
1.6488413547237026
0.131521262604126
1.7513134851138352
0.5593803786574797
-5.00641848523748
0.9009009009009009
1.874999999999995
0.5258545135845825
-3.8360941586748085
-0.22665457842248413
4.36165379373012
0.43535045711798
-1.1703511053315947
0
-1.8859649122807067
0.26821636119804326
2.1399910833704783
0.1309471846355353
-1.1333914559720986
-0.1322751322751373
-0.4856512141280328
0.44365572315882873
-1.5459363957597172
1.3458950201884252
-0.9296148738379789
0.13404825737264653
1.3386880856760375
-1.1008366358432409
-0.5788067675868135
-0.5373936408419243
0.8554705087798314
-0.1339285714285765
-0.13410818059900892
0
1.6114592658907763
0.4845814977973543
2.9373081981587097
1.0221465076660892
-2.6559865092748667
