0
-4.96515679442509
0
-4.995417048579284
0
-4.968644476603961
0
-4.974619289340104
0
-4.967948717948717
9.106239460371002
2.83359093250902
-7.615230460921841
-4.9891540130151935
0
-4.96575342465754
4.924924924924927
-0.9730967372638705
-2.658959537572259
-3.50356294536817
2.7692307692307647
2.6946107784431095
-6.12244897959182
1.5527950310559004
-5.198776758409794
2.25806451612903
0
3.4700315457413184
0.9146341463414764
3.9274924471299006
-0.8720930232558057
4.105571847507327
0.8450704225352033
4.469273743016764
-1.0695187165775364
1.3513513513513513
-0.5333333333333409
-0.2680965147452931
-2.6881720430107525
0.2762430939226362
-3.3057851239669307
0
2.56410256410256
1.1111111111111072
-1.098901098901095
3.0555555555555594
-2.6954177897574123
-4.709141274238235
-0.2906976744186088
-1.457725947521866
-2.958579881656805
-2.439024390243894
-2.187499999999998
1.916932907348236
-2.5078369905956026
-0.9646302250803881
5.844155844155845
1.8404907975460165
-3.6144578313253093
-1.2499999999999956
1.5822784810126582
-4.049844236760126
7.467532467532469
2.1148036253776303
-5.32544378698224
1.8750000000000044
-1.5337423312883436
-0.31152647975078324
-2.187499999999998
-1.277955271565502
-3.236245954692557
-0.33444816053510995
-3.0201342281879264
-3.114186851211068
-1.071428571428574
0.722021660649817
-3.225806451612898
0.7407407407407381
2.941176470588238
4.642857142857145
-4.436860068259388
-4.642857142857145
4.868913857677905
-1.071428571428574
-0.36101083032490205
1.4492753623188352
0.3571428571428622
-3.558718861209964
0.3690036900368925
-2.2058823529411686
4.135338345864653
0
1.4440433212996466
-3.9145907473309656
2.9629629629629655
2.1582733812949564
-2.464788732394364
-1.8050541516245489
0
-3.3088235294117596
-1.1406844106463905
-0.7692307692307665
-4.263565891472874
-4.858299595141697
-0.08510638297872158
-4.940374787052812
0
-4.928315412186386
0
-4.995287464655979
9.126984126984127
2.7272727272727337
1.2389380530973344
2.272727272727271
-2.3076923076923044
-0.26246719160104426
-1.052631578947377
0.6205673758865273
1.3215859030837036
2.1739130434782608
-2.9787234042553163
-2.543859649122815
2.070207020702074
0.5291005291005335
-2.456140350877203
-4.496402877697842
-0.47080979284368113
-4.351939451277207
-0.09891196834816803
-3.0693069306930743
2.860061287027591
-2.085402184707059
-2.9411764705882266
-4.388714733542319
-0.5464480874317017
-2.19780219780219
-2.8089887640449436
-4.50867052023122
2.6634382566586035
-0.11792452830188427
-4.840613931523023
-4.3424317617866075
-0.6485084306095956
-2.0887728459530046
6.666666666666667
2.374999999999994
2.3199023199023356
-2.8639618138424843
4.545454545454535
-1.2925969447708512
-3.214285714285709
-0.4920049200492118
-2.1013597033374527
-2.020202020202022
1.8041237113402135
-1.8987341772151942
-1.5483870967741948
0.9174311926605542
-3.5064935064935123
-1.0767160161507412
-3.945578231292518
3.257790368271961
-4.938271604938276
-4.184704184704185
-0.45180722891565306
-3.7821482602118
4.245283018867918
0.15082956259426528
0.7530120481927818
-2.6905829596412643
4.147465437788026
0.4424778761061852
-2.2026431718061596
4.354354354354355
-0.14388489208632788
-0.5763688760806921
1.7391304347825973
-4.273504273504272
4.0178571428571495
3.2904148783977045
-3.4626038781163437
-3.586800573888092
4.0178571428571495
-1.8597997138769655
1.8950437317784241
-3.862660944206015
5.505952380952383
-0.2820874471085977
-3.536067892503536
0
0.7331378299120208
-2.4745269286753993
1.4925373134328306
-1.0294117647058736
3.714710252600297
-2.578796561604593
0.44117647058823894
4.685212298682288
-0.6993006993007091
4.929577464788741
0
4.02684563758389
0
4.387096774193546
-0.8652657601977786
-3.86533665835411
-1.1673151750972743
-4.986876640419945
0.276243093922646
-4.407713498622582
-0.5763688760806921
-4.057971014492757
-0.9063444108761405
-4.26829268292682
-0.6369426751592362
-4.487179487179491
-0.5033557046979907
-4.890387858347387
0.17730496453901906
-4.247787610619473
-0.739371534195934
-2.9795158286778425
-1.9193857965450987
0
-2.9354207436399284
0.6048387096774244
-5.4108216432865825
-2.330508474576259
3.036876355748366
1.2631578947368338
3.5343035343035516
4.819277108433721
0
4.980842911877408
0
4.927007299270064
0
0.8695652173913012
-5.6896551724137945
-4.936014625228512
0
-0.9615384615384581
4.660194174757268
2.411873840445267
2.3550724637681304
3.539823008849545
1.3675213675213689
2.5295109612141715
2.3026315789473633
4.983922829582002
0
4.900459418070435
0
4.963503649635047
-0.1390820584144739
4.317548746518113
0.5340453938584784
0.3984063745019835
4.4973544973545065
0.8860759493670809
4.0150564617314854
4.342581423401704
0.5780346820809125
4.482758620689662
0.4400440044004502
-0.3285870755750398
5.27472527472528
4.697286012526089
0.19940179461616503
3.9800995024875476
0.9569377990430759
4.928909952606631
0
4.968383017163495
0
-4.4750430292598935
-0.540540540540545
-4.981884057971005
0
-4.9571020019065735
0
-4.914744232698096
0
-4.957805907173002
0
-4.994450610432844
0
-4.906542056074765
0
-4.914004914004918
0
-4.90956072351421
0
-4.8913043478260905
0
-4.999999999999995
10.526315789473673
4.897959183673473
0
4.928664072632943
0
4.326328800988871
0.5924170616113829
0.11778563015311881
-5.058823529411761
-4.956629491945481
0
-4.954367666232071
0
-4.938271604938276
5.772005772005778
2.86493860845839
-7.427055702917766
-1.8624641833811
-1.459854014598535
4.1481481481481515
-6.11664295874823
0.15151515151516176
1.5128593040847147
1.4903129657227965
-4.845814977973556
-0.9259259259259336
-2.4922118380062326
2.2364217252396257
-1.8750000000000016
3.3439490445859867
-5.084745762711865
3.8961038961038996
-4.53125
-0.9819967266775859
0.1652892561983436
3.9603960396039644
-2.6984126984126973
-0.48939641109298937
0.4918032786885287
4.404567699836876
-5.156250000000001
2.141680395387148
-3.0645161290322642
-0.16638935108152725
-0.5000000000000041
0.16750418760470143
-3.846153846153853
4.695652173913036
-7.475083056478394
-3.231597845601447
-1.6697588126159528
-2.6415094339622582
-0.38759689922481516
4.474708171206235
0.37243947858472204
4.081632653061237
0.7130124777183606
4.955752212389369
0
4.890387858347387
0
0
-3.697749196141472
0.16694490818029695
1.6666666666666607
0
-1.1475409836065475
-0.8291873963515725
0.8361204013377896
-1.6583747927031596
1.1804384485666153
0
1.6666666666666607
-0.8196721311475381
0.9917355371900909
-4.74631751227496
-0.171821305841936
-4.991394148020655
0
4.891304347826096
-5.526770293609677
-3.2906764168190077
2.2684310018903613
-1.1090573012939093
2.9906542056074796
3.8112522686025403
-3.3216783216783132
1.2658227848101156
-3.7499999999999996
-2.5974025974025916
-2.285714285714288
-4.8732943469785575
0.40983606557377994
-2.8571428571428688
1.6806722689075646
3.0991735537190155
-5.4108216432865825
-2.9661016949152477
8.07860262008734
-2.020202020202031
7.0103092783505305
3.082851637764918
1.6822429906542196
-2.3897058823529553
7.532956685499066
4.728546409807364
0.16722408026755495
4.841402337228715
0
4.93630573248407
0
3.7936267071320184
-1.7543859649122824
0
-4.761904761904753
0
0.6250000000000006
3.881987577639751
-4.7832585949177915
-0.9419152276295212
-3.011093502377171
-1.3071895424836613
0.16556291390728123
2.314049586776869
-6.623586429725365
0.17301038062283366
2.417962003454226
-1.1804384485666004
-0.17064846416383403
-2.564102564102555
7.719298245614026
-1.3029315960912065
3.7953795379538025
-1.4308426073131932
4.354838709677412
-2.1638330757341526
2.369668246445503
-1.6975308641975357
-2.0408163265306105
-4.967948717948726
0
-4.890387858347387
0
-4.9645390070921875
0
-4.850746268656729
5.882352941176485
-3.5185185185185257
-1.1516314779270558
-0.9708737864077808
-1.7647058823529385
-3.992015968063876
4.573804573804588
-0.39761431411531734
-3.7924151696606687
0.6224066390041361
2.061855670103104
2.8282828282828216
-1.7681728880157144
-3.000000000000007
0.618556701030933
-1.6393442622950836
0
-2.083333333333326
4.468085106382977
-2.036659877800418
1.6632016632016648
-1.6359918200409014
-0.2079002079002035
0.2083333333333289
0.8316008316008324
-1.0309278350515427
0.2083333333333289
-2.2869022869022753
3.617021276595743
-0.6160164271047279
0.20661157024792948
-0.4123711340206098
-0.828157349896481
