5.9593023255813975
4.938271604938276
-2.091503267973858
0
-0.5340453938584784
-0.13422818791946023
-1.075268817204302
0
5.02717391304348
-0.5174644243208284
-0.6501950585175644
1.4397905759162346
-7.483870967741937
7.670850767085075
-5.958549222797927
1.9283746556473909
-7.0270270270270325
-4.796511627906978
7.175572519083965
-5.982905982905982
2.12121212121213
4.599406528189905
1.4184397163120643
2.0979020979020904
-7.671232876712323
-1.0385756676557905
-3.8980509745127403
8.112324492979713
-8.946608946608949
5.388272583201279
-2.2556390977443663
1.538461538461533
-6.66666666666666
5.3571428571428585
-5.5469953775038565
8.482871125611753
-1.5037593984962485
0.7633587786259515
0.7575757575757683
-6.165413533834588
6.410256410256401
-0.6024096385542175
1.363636363636375
0
-2.98953662182362
2.465331278890603
-3.6090225563909804
9.04836193447738
-8.297567954220316
0
1.0920436817472743
7.561728395061717
-7.460545193687225
6.666666666666662
-6.249999999999996
7.596899224806204
-5.619596541786751
4.580152671755722
-7.153284671532837
0.6289308176100634
-0.15625000000001055
-2.9733959311424023
3.5483870967741895
-2.8037383177570048
1.282051282051283
-4.905063291139248
4.991680532445921
0
-1.7432646592709895
1.6129032258064457
2.6984126984126973
-1.2364760432766626
-2.8169014084507
-0.9661835748792208
-0.8130081300813123
0
0.6557377049180334
6.67752442996743
-0.7633587786259515
1.9999999999999984
-1.9607843137254886
-5.692307692307694
2.773246329526916
-2.8571428571428528
5.228758169934645
-3.7267080745341645
5.806451612903216
-5.335365853658532
5.475040257648951
-6.106870229007625
5.6910569105691
2.615384615384614
-6.5967016491754045
4.012841091492777
-3.3950617283950715
-0.1597444089456835
3.680000000000007
2.6234567901234556
-6.315789473684209
-0.32102728731942953
0.6441223832528186
2.0799999999999983
0.7836990595611257
3.110419906687406
-0.6033182503770744
2.427921092564494
-1.1851851851851862
-2.548725637181408
-0.15384615384615058
0
4.160246533127882
-3.846153846153843
4.153846153846147
-1.033973412112251
5.522388059701495
2.545968882602542
1.3793103448275814
4.76190476190477
-5.71428571428572
-2.2038567493112966
4.507042253521131
0.8086253369272304
0.13368983957218966
2.8037383177570088
-1.4285714285714326
-7.773386034255598
6.71428571428571
1.4725568942436456
-8.443271767810023
-2.449567723342951
0.8862629246676588
0
5.124450951683743
0
-0.13927576601671013
2.510460251046021
-4.6258503401360525
5.135520684736096
-2.578018995929449
0
-8.913649025069635
9.021406727828744
-7.012622720897616
0
9.351432880844648
1.1034482758620698
-2.0463847203274264
4.596100278551533
-3.595206391478024
0.5524861878453043
-5.631868131868134
5.094614264919937
-5.817174515235457
2.941176470588238
-0.14285714285713982
3.0042918454935617
-7.222222222222228
2.5449101796407176
-5.985401459854004
5.590062111801233
0.7352941176470562
-0.14598540145985092
4.093567251461992
-0.28089887640450084
-4.366197183098587
-0.14727540500736064
0.8849557522123835
-2.631578947368417
1.501501501501496
0.4437869822485244
4.27098674521355
-0.42372881355932557
-7.80141843971631
-1.230769230769232
5.919003115264795
-0.29411764705881727
-0.7374631268436551
4.7548291233283715
-0.14184397163120266
-6.250000000000006
5.909090909090918
2.2889842632331923
-7.272727272727279
-0.4524886877828092
4.090909090909098
1.1644832605531306
-2.5899280575539656
1.0339734121122641
-5.263157894736834
-0.30864197530864906
0.15479876160990383
4.636785162287478
-1.92023633677991
2.40963855421687
0.7352941176470562
0
0
0
-0.14598540145985092
2.3391812865497097
-0.7142857142857117
-4.7482014388489215
1.8126888217522674
2.373887240356085
-5.362318840579712
4.747320061255737
-0.4385964912280738
0.5873715124816452
-0.7299270072992675
0
2.941176470588238
0.7142857142857117
-5.673758865248219
4.360902255639098
-4.8991354466858885
5.151515151515163
-7.060518731988475
3.4108527131782904
-12.443778110944528
9.246575342465754
-9.404388714733537
7.785467128027684
-8.667736757624397
7.908611599296999
-3.7459283387622078
0
5.414551607445013
1.9261637239165201
-5.354330708661416
2.3294509151414404
-2.439024390243908
0
-4.999999999999997
0.8771929824561372
-4.3478260869565215
4.545454545454546
0
4.3478260869565215
-0.1666666666666631
0.6677796327212026
0
1.9900497512437827
-2.439024390243908
-4.166666666666667
1.3913043478260883
-0.514579759862783
-1.7241379310344767
4.912280701754391
-4.180602006688963
-1.3961605584642245
3.539823008849545
2.5641025641025705
-7.166666666666662
0
4.129263913824049
-5.000000000000001
4.718693284936475
-4.332755632582323
-0.5434782608695536
-1.6393442622950793
5.555555555555552
-0.1754385964912243
1.054481546572928
-1.7391304347826024
2.6548672566371585
0
0.8620689655172383
0
-4.957264957264958
-1.079136690647475
3.2727272727272676
2.1126760563380302
-1.551724137931032
2.101576182136604
-4.288164665523156
-1.4336917562724028
1.8181818181818117
-3.3928571428571344
0.739371534195934
4.220183486238524
-2.8169014084507067
-0.18115942028985121
-0.3629764065335676
2.0036429872495343
0
-4.107142857142849
4.841713221601486
2.131438721136769
-6.956521739130441
4.672897196261682
-4.464285714285714
0
3.9252336448598126
-4.496402877697842
1.6949152542373023
-5.000000000000008
7.017543859649129
-4.918032786885254
7.8544061302682024
-0.17761989342806017
-3.9145907473309562
0
3.1481481481481466
2.1543985637342926
-1.933216168717053
2.3297491039426506
-2.451838879159364
-4.667863554757642
6.214689265536725
-2.4822695035460938
3.63636363636364
0
-4.210526315789477
-4.761904761904758
6.538461538461536
4.693140794223823
-8.965517241379303
-3.4090909090909203
7.254901960784317
2.3765996343692852
-7.1428571428571335
0
3.8461538461538494
0
-3.888888888888888
4.816955684007707
-4.227941176470596
-4.606525911708258
4.828973843058354
1.5355086372360858
0
-1.7013232514177667
-3.269230769230768
0
0
0.3976143141152997
2.9702970297029774
-3.8461538461538494
5.199999999999996
0
-0.7604562737642593
-0.38314176245209913
4.4230769230769145
-3.3149171270718183
3.428571428571423
-0.7366482504604058
-4.267161410018544
-3.6821705426356663
0.6036217303822988
-4.399999999999995
7.74058577405858
-4.854368932038835
0.20408163265305687
-4.684317718940945
1.495726495726502
0
1.0526315789473646
5.000000000000004
-3.7698412698412778
0
-3.5051546391752564
4.487179487179486
-3.8854805725971273
-4.680851063829782
4.687499999999999
2.3454157782515868
-7.08333333333333
0.896860986547086
-5.777777777777773
3.7735849056603805
-8.409090909090912
2.9776674937965284
0
0
-0.9638554216867478
0
-3.8929440389294436
3.2911392405063262
-1.960784313725492
0
-4.749999999999998
0
-3.6745406824147016
3.5422343324250654
-5.526315789473683
-2.506963788300832
-2.285714285714288
4.970760233918127
-9.470752089136486
-4.923076923076928
10.355987055016191
0
3.2258064516128995
2.2727272727272747
0
4.999999999999992
0
-2.1164021164021065
0.540540540540541
-3.225806451612906
0
0
3.333333333333336
-0.537634408602151
5.135135135135133
4.11311053984575
-1.4814814814814719
-2.2556390977443685
6.410256410256421
0
-4.819277108433739
3.7974683544303662
-3.658536585365841
0
-0.25316455696203116
1.52284263959391
-2.500000000000002
2.0512820512820533
-2.763819095477384
3.359173126614984
-2.749999999999997
-4.884318766066836
2.702702702702693
-3.9473684210526296
0
0
0
4.931506849315072
-2.0887728459530046
0
0
0
-0.7999999999999948
4.838709677419347
-6.410256410256411
-2.739726027397263
6.760563380281696
1.5831134564643814
-3.896103896103894
-2.702702702702705
0
0
-2.7777777777777803
4.857142857142855
0
4.90463215258856
-2.5974025974025996
0
-2.133333333333335
0
-1.9073569482288786
0.555555555555556
2.2099447513812174
2.702702702702693
-2.631578947368412
2.702702702702693
1.5789473684210542
0
-4.145077720207246
1.8918918918918874
2.1220159151193654
3.896103896103894
-3.0000000000000027
0.5154639175257737
0
2.5641025641025665
-7.250000000000001
4.851752021563346
-0.2570694087403658
