-2.935889754343922
1.944444444444448
-7.720254314259764
1.6076115485564229
0.8072328059412335
-0.06406149903907388
0.6410256410256411
0.38216560509553776
2.0621827411167515
0.5595275101025836
-0.24729520865533583
1.7663464518128258
1.218026796589525
-0.060168471720814874
1.2040939193257074
-0.7138607971445501
1.4679448771719523
1.9191024505462062
9.965237543453082
-0.42149631190727677
-1.111111111111108
-4.788657035848056
5.141893790390562
0.6680919294494923
-2.920095566764003
2.8165162701668067
0.29255319148936776
-0.8220631132325703
-0.3475935828877036
0.429299704856459
0.4808976756612373
0
-0.10635469290083331
-0.45248868778280243
3.342245989304813
0.6985769728331148
-2.261048304213775
0.26288117770767616
-0.681699003670678
-0.42238648363252973
-2.4390243902438997
2.961956521739124
1.3460015835312809
0
0.5989583333333363
-0.07765984985762656
5.5181347150259095
2.6270562239135744
-4.521531100478463
2.580806815334491
-3.566194430874442
0.05065856129685629
-3.848101265822782
-1.2374934175882013
-3.46574246867502
0
1.546534106600377
0.7614903453902669
1.8623481781376456
0.6359300476947627
-2.0800421274355014
0.6991126646948166
-1.1214953271028008
0.8371590602214328
-2.570969469737538
0.604727872457391
-2.213114754098367
0.9779267951941883
-1.826231322634191
0.8455467869222096
-1.9284516489659123
-0.1994870333428295
2.055968018275268
-4.029099048684941
4.839650145772602
0
-0.8620689655172477
0.8134642356241171
-0.6956037840845855
-2.9980386662930765
1.877527440785673
0.9356393535582681
-0.5898876404494446
0.6781576716586704
0.44905978108334715
-0.530874545962553
-1.4887640449438235
0.826917593384669
-2.912895927601813
0
-0.32041945819983186
0.4091174751607347
3.5797438882421284
1.3767912334925638
-1.3303769401330408
-0.5617977528089888
10.59322033898305
-3.0395913154533787
2.3972602739725937
1.4149729868793415
-4.1349568746829055
0
-3.96930404869013
-0.24800220446403343
-2.182320441988944
-0.3388873199661241
1.16180221025787
-0.2240896358543449
-1.0948905109488987
1.3057053647459453
1.3168954889324869
1.0785398230088432
-2.435020519835835
0.056085249579357434
-0.6446188340807206
0.19746121297601937
-0.33783783783783466
-1.694915254237288
2.0977011494252906
-0.9287925696594459
0.34090909090908766
-0.792751981879958
3.4817351598173647
-0.6618863761720998
-1.4436424208772873
-0.22535211267605954
-1.7504234895539212
1.8390804597701085
-0.8182844243792261
-0.3129445234708457
-0.11415525114154602
0.4857142857142825
-3.8669320443559756
0.029577048210578494
-2.3063276167947993
0.7566585956416465
-4.475818564133367
3.7735849056603774
-2.8484848484848415
0.3742981908920738
-0.4039776258545716
0.03120124804992909
-1.4348097317529702
0.6012658227848029
-0.8493236866939254
1.173857868020301
-0.9093759799310058
3.4493670886075876
-3.1202202508412324
1.1682980738869557
1.903870162297136
0.888208269525261
1.9732847601700063
0
-1.3099136647811782
-0.15082956259426847
-1.2990936555891273
7.131925313743499
-8.371428571428574
1.0601808543810523
-2.3758099352051976
4.930467762326177
-3.493975903614465
1.5605493133583022
-2.4892440073755275
0.9454774661203907
-0.8429597252575675
-0.3148614609571788
0.7264687302589875
-0.3762935089369673
6.32672332389047
2.989934872705733
-6.668582926128195
-0.18478595626731317
-0.27769207034866833
-0.3094059405940594
0.24829298572315686
0.06191950464395933
-0.7116336633663402
0
1.2776565908382747
-2.646153846153853
3.729456384323645
0.5789152955515035
0.06058770069675511
1.5743263699666934
-0.02980625931446281
0.9242695289206986
-1.211225997045797
-0.23923444976075198
2.6079136690647444
0.2337131171487033
-0.8160886039055701
0
0.14692918013517484
-0.4107981220657377
-0.6482027106658776
-2.8766310794780514
0.5801526717557183
-1.6393442622950751
0.27777777777777074
-2.4007386888273174
2.680542415641753
-3.347665847665858
0.12710517953607695
1.0155506188511547
-2.35626767200754
0.6756756756756647
1.981463726430184
-0.7834534628643058
-0.1895135818067033
0.03164556962026036
-2.8472002530844667
1.62813415825464
-6.408202499198974
0.4108182129407698
-1.8752130923968633
0.6254343293954174
10.531767955801104
11.840049984379874
-7.346368715083801
0.09044317154055212
3.1626506024096384
0.6715328467153318
-1.7111368909512858
-0.029507229271161374
0.1770956316410761
-0.9428403064230964
0.6543723973825071
0.17730496453901382
2.2418879056047265
-0.49047893825737027
1.1307625398666379
0.573394495412844
3.2212086659065027
-2.2369511184755653
0.7627118644067764
0.7849733669750523
-2.058414464534069
0.028401022436798037
-0.05678591709255782
0.6818181818181753
-0.1128668171557498
0.19774011299434707
0.14096419509444602
-0.39414414414413773
-1.1871113623516079
-0.4004576659038999
0.5456634118322901
1.6281062553556094
-1.602023608768968
-0.8283347614967249
-1.6705069124423997
0.7615700058582375
-7.005813953488379
0.9690528290090725
-1.733746130030967
-0.945179584120983
-3.180661577608143
1.1826544021025043
1.2987012987012987
1.2820512820512822
-0.31645569620253167
0.4126984126984163
0.5374644325007868
-0.5660377358490601
1.201771030993046
0.37499999999999645
0.6226650062266501
0.5569306930693104
-0.4000000000000035
0.4016064257028148
1.5076923076923008
-1.6671718702637164
0.15413070283600494
-0.9233610341643583
1.522211867039464
-0.520195838433289
-2.214703168255935
0
2.044668134633533
-1.0480887792848266
0.09345794392523718
-0.06224712107064694
-0.5605730302086612
0.7516442217350383
-1.025800435188067
0.21984924623117008
-0.4073958006894426
-0.15733165512901195
-0.12606366214939618
0.37866834963712387
0.12574662055956531
-0.06279434850863065
0.12566760917372832
0.3137747097583935
-1.032217704097595
0.34766118836916016
0.7874015748031497
-0.15625
0.2503912363067328
0.9366219169528567
-0.37117228580265654
0.34150884818378324
-1.7326732673267222
0.5037783375314754
-6.077694235588965
0.23348899266177073
0.7321131447587317
4.393789230260988
-2.5316455696202533
1.7207792207792245
-6.0325566549633045
5.978260869565226
-8.269230769230772
-0.7337526205450615
1.0207673354452578
2.0209059233449516
3.9959016393442583
1.280788177339894
0.5188067444876857
0.3870967741935447
0.5141388174807271
0.7033248081841396
-1.5238095238095275
0.19342359767892417
2.2200772200772128
6.200818382121495
-7.824540604623586
-1.09324758842443
-0.7477243172951922
-1.8997707173272227
-1.0684474123539194
0.4724940938238195
-2.8216325159556526
0.8641548565502938
-1.1309115832762204
0.03466204506066646
-1.0395010395010393
0.8403361344537735
0.10416666666667061
-0.34686090877558096
-1.3574660633484281
0.5998588567396068
1.7888460189407105
0.5168849069607168
0.10284538909839265
-0.37671232876713107
0.48126503953249716
-0.37632569278139677
-1.098901098901095
0.9722222222222262
-0.03438789546080562
1.2727898176814547
-0.6793478260869565
-0.03419972640217712
0.4447485460143727
0.23841961852860646
1.7329255861365838
0.16700066800267202
-1.000333444481494
-0.10104412260018678
1.146325016857713
-1.9333333333333371
1.8014955812372575
-4.808013355592647
2.420203437390381
-0.41095890410958513
1.203576341127923
-0.6795786612300373
0.10263427984947361
1.948051948051944
-2.2460610124036164
1.0631001371741995
-0.6786562606040041
-0.20498804236418378
-0.37658336186238367
2.7147766323023976
-4.41619270659083
0.10500525026251711
1.013986013986006
0.06922810661129992
-1.2452438602559746
0.9457092819614671
-1.873698820263698
-2.2277227722772315
0.7233273056057866
-2.298025134649902
2.2050716648291067
0.6472491909384949
0.4644515898535232
11.593172119487917
-9.687699171446793
0.49400141143261617
2.247191011235947
0.618131868131872
-0.3754266211604173
0.6166495375128508
2.042900919305414
0.9676343009676457
1.7184401850627853
0.0649772579597104
1.5909090909090835
-0.3835091083413195
-1.122874558870709
0.4866969500324465
-0.548918308040035
-1.753246753246746
3.734302709847969
-3.7591589678241335
6.322409798080094
-0.37359900373598653
2.34375
1.2824427480915996
-0.42206813385588704
-0.8477141992128402
2.992366412213744
0.7708271568336691
-4.619005589879373
0.7402837754472653
-3.306797305572569
0.06333122229258664
0.9810126582278553
0.7521153243497265
1.1508553654743354
3.1980319803198136
-1.9070321811680673
0.030376670716896335
-0.6680838141512264
-1.926016508712935
4.332917705735654
0.9560800717060021
-0.5918910920390649
-0.47633224173860256
-0.4187855219862501
0.3604686091919632
0.05986231667165179
0.5085252766975736
1.6666666666666734
0.11709601873535633
-1.3742690058479499
0.7411799584939223
-0.8240141259564483
0.29673590504451036
0.591715976331361
0.14705882352941177
-1.6740088105726838
-1.4336917562724047
1.0303030303030234
0.20995800839833398
-0.7482789583956898
-1.0856453558504289
-0.3048780487804878
3.4862385321100846
-2.895981087470436
1.4911746804625614
-2.638680659670168
0.09239297813366534
1.1384615384615349
8.548828719196843
-6.754484304932742
-0.15028554253080853
-0.09030704394943148
0.0602591141910351
0.3312255344775567
0.24009603841536956
-0.08982035928144053
-4.015582858855253
3.246955978769896
