0
4.838709677419351
-2.6923076923076894
2.766798418972329
-3.8461538461538463
-2
0
-1.8367346938775482
2.494802494802486
-0.20283975659228057
3.861788617886176
1.7612524461839503
0.19230769230769504
-3.838771593090211
-0.19960079840319644
5
-1.1428571428571455
-0.19267822736031104
4.054054054054057
4.82374768089054
-4.247787610619467
2.0332717190388196
1.4492753623188352
-0.8928571428571429
4.504504504504505
4.999999999999998
-2.7914614121510604
4.8986486486486465
-4.347826086956526
4.377104377104379
-4.354838709677424
2.023608768971337
-1.98347107438017
0.3372681281618935
-1.1764705882352988
-3.741496598639449
6.0070671378091856
3.999999999999998
-6.891025641025637
-0.5163511187607647
0.5190311418685195
2.065404475043022
-0.674536256323775
3.735144312393893
-5.728314238952537
-0.17361111111111358
2.95652173913044
0.8445945945945945
-2.8475711892797366
0
-3.6206896551724164
0.17889087656529773
-1.071428571428574
3.4296028880866403
-5.933682373472948
2.968460111317257
-5.945945945945941
3.44827586206896
-3.333333333333328
-2.1072796934865927
0.1956947162426642
-1.953125
0.99601593625498
-2.7613412228796954
1.4198782961460505
4
-2.6923076923076894
-2.766798418972329
4.268292682926817
-3.8986354775828462
2.434077079107511
0.19801980198020083
-5.138339920948619
0
3.125
-4.040404040404041
-0.631578947368415
-2.542372881355938
4.3478260869565215
2.2916666666666696
-4.276985743380858
3.829787234042547
-6.352459016393431
4.814004376367605
-2.9227557411273457
-1.075268817204301
6.086956521739125
4.918032786885258
-1.3671875000000056
-4.75247524752475
10.187110187110184
4.716981132075472
-3.243243243243238
4.655493482309125
-7.117437722419928
3.8314176245210727
-6.088560885608864
0
3.9292730844793713
4.914933837429114
-9.00900900900901
2.5742574257425686
-6.563706563706562
-4.545454545454537
0.4329004329004236
3.448275862068969
-5.416666666666669
4.625550660792955
-5.8947368421052575
4.697986577181195
-6.196581196581194
4.328018223234621
-3.4934497816593764
4.97737556561085
0
1.5086206896551786
3.3970276008492597
4.928131416837779
0
0
1.3698630136986218
-4.633204633204631
5.465587044534419
3.646833013435698
-2.7777777777777777
2.095238095238098
-1.3059701492537366
-1.890359168241966
0.19267822736031104
4.8076923076923075
-8.440366972477067
-3.807615230460919
6.041666666666664
0
-4.911591355599215
4.132231404958678
-6.944444444444445
3.1982942430703627
-4.95867768595041
4.130434782608693
-7.515657620041757
4.740406320541764
0.2155172413793134
4.946236559139779
-7.377049180327858
3.9823008849557455
0.851063829787231
4.219409282700422
-3.0364372469635628
4.801670146137796
-5.179282868525898
4.831932773109237
-6.4128256513025965
3.640256959314766
0
-3.719008264462804
-0.8583690987124433
3.6796536796536703
-6.6805845511482165
2.4608501118568102
-2.8384279475982472
0
3.82022471910113
-0.2164502164502195
3.470715835141001
4.192872117400419
-6.63983903420524
-4.094827586206893
4.044943820224713
3.2397408207343417
-0.4184100418409953
-4.411764705882356
4.835164835164841
4.821802935010476
-8.599999999999994
-3.0634573304157673
-0.4514672686230152
4.0816326530612175
-1.7429193899782074
-3.54767184035477
2.068965517241376
-3.1531531531531503
0.6976744186046445
3.926096997690538
-3.777777777777784
-3.695150115473428
5.27577937649879
4.328018223234621
-4.366812227074236
-3.6529680365296677
7.109004739336492
-1.9911504424778885
-0.6772009029345308
0
-2.954545454545448
2.8103044496487017
-1.1389521640091116
1.3824884792626762
0
3.1818181818181785
0.22026431718061987
2.4175824175824205
-0.42918454935622924
2.8017241379310436
-4.192872117400419
-0.2188183807439856
-3.5087719298245643
-2.954545454545448
1.17096018735363
4.62962962962963
-8.849557522123893
0.9708737864077635
-2.1634615384615348
-3.1941031941032043
5.329949238578684
-2.6506024096385574
1.4851485148514887
4.878048780487805
-8.372093023255816
2.030456852791889
-5.472636815920405
0
4.9999999999999964
4.260651629072689
-2.1634615384615348
-4.668304668304682
1.288659793814433
3.3078880407124793
-0.24630541871921532
-3.456790123456787
6.6496163682864475
-3.117505995203847
0.9900990099009866
4.166666666666674
-12.941176470588236
2.1621621621621543
-9.25925925925926
2.0408163265306207
-6.857142857142853
-1.8404907975460165
5.312500000000009
-1.7804154302670663
6.646525679758295
0
4.815864022662898
4.864864864864857
-0.25773195876287197
4.134366925064585
-0.7444168734491245
4.7499999999999964
-4.5346062052505935
4.7499999999999964
-8.591885441527449
-4.438642297650119
5.1912568306010884
4.415584415584423
-8.955223880597018
-4.098360655737705
7.40740740740741
-3.7135278514589007
5.7851239669421535
-3.124999999999989
7.526881720430099
-3.75
3.896103896103896
3.000000000000007
-3.155339805825253
-3.2581453634085142
-1.2953367875647668
3.9370078740157477
1.0101010101010064
0
-4.0000000000000036
3.385416666666678
-2.267002518891702
-4.123711340206171
4.032258064516129
3.875968992248062
-7.711442786069654
3.2345013477088833
0.5221932114882581
4.415584415584423
-7.462686567164178
4.032258064516129
-1.8087855297157696
-2.894736842105267
2.710027100271003
0
-0.2638522427440671
-3.439153439153432
0.2739726027397299
0
2.459016393442619
-3.4666666666666592
4.972375690607727
-2.894736842105267
4.065040650406504
-1.041666666666663
-1.3157894736842106
3.4666666666666592
-5.154639175257732
4.076086956521739
0
-3.133159268929493
1.6172506738544512
2.1220159151193556
-4.935064935064931
-4.098360655737705
7.692307692307679
2.116402116402128
-5.699481865284981
-1.9230769230769114
5.882352941176454
0.5291005291005366
-3.42105263157894
4.9046321525885475
-1.0389610389610353
0
0.7874015748031421
-3.3854166666666594
4.8517520215633345
0.25706940874036355
-4.102564102564107
1.6042780748663141
-6.052631578947361
-4.481792717086838
-0.8797653958944406
0
-3.2544378698224685
9.174311926605505
-11.484593837535016
-1.8987341772151942
0.6451612903225784
7.051282051282049
-11.077844311377245
7.407407407407406
-2.1943573667711576
4.807692307692319
-4.587155963302762
-3.525641025641019
0
-1.9933554817275794
3.7288135593220386
-7.843137254901968
-0.7092198581560258
-1.071428571428574
1.4440433212996466
3.2028469750889625
5.862068965517239
0
-3.9087947882736134
-8.813559322033901
5.20446096654276
5.936395759717313
-1.067378252168113
-1.8880647336480065
1.7182130584192439
2.702702702702693
-7.894736842105259
-2.9999999999999996
-4.6391752577319645
2.316602316602322
5.358490566037743
6.0171919770773625
-10.202702702702714
5.267118133935298
-0.35739814152966914
0.4304160688665746
3.214285714285709
-6.505190311418682
-3.7009622501850483
0
1.3835511145272845
-7.884761182714171
6.584362139917686
3.4749034749034835
-5.373134328358213
4.889589905362784
-9.323308270676693
4.892205638474294
-4.031620553359682
4.612850082372312
-0.15748031496062656
5.28391167192429
-2.621722846441945
0
-10.000000000000004
10
-1.0101010101010024
-8.86970172684459
18.087855297157635
7.804522246535365
-3.518267929634639
7.994389901823286
-2.8571428571428537
6.818181818181815
-1.9399249061326689
2.0421186981493316
-0.0625390869293295
4.505632040050055
-0.1796407185628598
0.059988002399508154
-0.1798561151079205
-3.903903903903896
-1.1249999999999982
-4.993678887484203
0
-4.990019960079841
0
-0.3501400560224015
-4.6380885453267755
-4.937361827560796
7.751937984496124
2.446043165467625
2.4578651685393234
-4.592186429061001
6.968390804597705
0
0.7387508394895865
-3.3333333333333335
0.27586206896551135
4.19532324621734
-1.3201320132013272
0
0
0
0
-4.347826086956513
6.2937062937062835
-3.552631578947363
-1.5006821282401135
-4.986149584487527
0.21865889212827522
4.872727272727273
-9.361997226074894
-3.596021423106355
-1.4285714285714264
-4.9919484702093335
10.169491525423723
5.000000000000002
-1.0989010989011014
-3.333333333333328
6.59003831417624
4.960460100647013
-1.1643835616438352
3.8808038808038843
0.40026684456304534
-4.318936877076414
1.0416666666666692
4.948453608247415
-8.447937131630644
4.935622317596562
-0.40899795501022834
2.6009582477755018
-1.9346230820547092
-4.693877551020405
6.995003568879375
-4.93662441627752
0.2105263157894692
4.69187675070028
-8.695652173913036
4.761904761904764
-0.4895104895104915
0
1.7568517217146873
2.8314917127071833
0.5372733378106116
0
1.5364061456245734
