0
1.2461059190031107
-1.5384615384615385
2.187500000000009
6.269113149847086
-5.0359712230215825
4.848484848484853
1.1560693641618456
-0.14285714285713474
2.718168812589401
0.41782729805013535
-2.9126213592232935
6.000000000000004
-2.5606469002695493
0.6915629322268326
1.098901098901095
-2.0380434782608696
-0.1386962552011017
0.6944444444444444
0.6896551724137931
-0.958904109589045
-2.074688796680498
1.8361581920903915
2.63522884882109
2.7027027027027026
-2.5000000000000075
0.40485829959515707
2.1505376344085945
0.26315789473684587
-0.2624671916010536
-0.26315789473684587
-7.651715039577834
3.714285714285706
-0.8264462809917278
0
-0.13888888888888098
0
-2.364394993045901
4.415954415954408
-0.40927694406548043
0.2739726027397299
0
0.13661202185791574
-1.7735334242837615
6.388888888888881
-2.0887728459529953
-0.3999999999999962
-2.2757697456492676
0.41095890410958513
-0.9549795361528006
0.13774104683196767
-0.9628610729023422
0.5555555555555635
-0.5524861878453117
0
2.7777777777777777
-2.297297297297301
-7.46887966804978
7.922272047832582
1.108033240997226
-0.684931506849315
-0.6896551724137931
0.8333333333333255
-8.815426997245167
6.495468277945615
3.2624113475177263
-0.9615384615384654
-0.1386962552011017
0
0
0.41666666666666274
0.9681881051175697
-0.41095890410958513
-0.6877579092159559
-0.13850415512466555
-0.1386962552011017
0.41666666666666274
0.13831258644537833
0
0.8287292817679479
-0.13698630136985523
0.27434842249655506
0
0.1367989056087668
-0.4098360655737666
-1.2345679012345756
-0.13888888888888098
0
-0.278164116828933
0.27894002789400674
0.13908205841445662
0
0.27777777777778173
-0.41551246537395725
0.27816411682891323
-0.1386962552011017
0.27777777777778173
-0.5540166204986228
0.13927576601672498
0.8344923504867793
-0.4137931034482719
-0.5540166204986228
0.13927576601672498
0.13908205841445662
0
0
0.13888888888888098
-0.1386962552011017
0.27777777777778173
-0.13850415512466555
-0.1386962552011017
0.27777777777778173
0
-0.2770083102493114
0.13888888888888098
8.044382801664371
-3.337612323491667
0.3984063745019883
0.793650793650805
-1.5748031496063029
-1.466666666666659
-1.217861975642768
-0.13698630136985523
-1.2345679012345756
0.6944444444444444
-5.9310344827586166
5.425219941348978
4.589707927677325
-4.1223404255319265
-0.1386962552011017
0.27777777777778173
-0.2770083102493114
0.27777777777778173
-0.2770083102493114
-0.13888888888888098
-0.13908205841447638
0.27855153203343014
-5.416666666666675
5.873715124816447
-0.1386962552011017
0.41666666666666274
-0.41493775933609567
0
0.13888888888888098
0.2773925104022231
-0.41493775933609567
0.13888888888888098
-0.1386962552011017
0.27777777777778173
3.8781163434903005
-3.7333333333333294
-0.2770083102493114
0.13888888888888098
-0.2773925104022034
0
0.13908205841445662
0
0
0.27777777777778173
-0.41551246537395725
0.27816411682891323
7.0735090152566
-6.606217616580322
0
0.13869625520112142
0.13850415512464587
0.13831258644537833
-0.5524861878453117
0.27777777777778173
-0.2770083102493114
0.13888888888888098
-0.1386962552011017
0.13888888888888098
0.13869625520112142
0.2770083102493114
-3.3149171270718307
2.999999999999992
-0.1386962552011017
0.13888888888888098
5.4091539528432815
-5.131578947368428
-3.1900138696255165
3.2951289398280763
2.63522884882109
-2.567567567567575
-0.5547850208044265
-0.5578800557880135
0.14025245441796427
-0.42016806722690664
0.14064697609002608
0.1404494382022392
-0.420757363253853
1.267605633802825
0.13908205841445662
0
0
-0.13888888888888098
-0.13908205841447638
0.27855153203343014
-0.6944444444444444
0.6993006993006993
0.6944444444444444
-0.2758620689655212
-0.41493775933609567
0.27777777777778173
-0.5540166204986228
0.41782729805013535
0.13869625520112142
-0.5540166204986228
-0.27855153203343014
-1.3966480446927376
0.5665722379603481
0.704225352112676
0.4195804195804156
0
0
0.5571030640668603
-0.2770083102493114
0.41666666666666274
-0.41493775933609567
0.27777777777778173
-0.2770083102493114
0.41666666666666274
-0.41493775933609567
-0.8333333333333255
-0.2801120448179311
0.5617977528089768
-0.8379888268156346
0.5633802816901489
-0.5602240896358622
0.8450704225352033
-0.8379888268156346
0.28169014084507443
1.2640449438202126
-0.6934812760055479
0.27932960893855147
0
-1.392757660167131
0.5649717514124374
-0.28089887640449834
0.704225352112676
-0.1398601398601319
0.42016806722688677
-0.6973500697350069
-0.28089887640449834
1.6901408450704265
-1.93905817174516
-0.2824858757062187
0.5665722379603481
0.28169014084507443
0.7022471910112359
-0.6973500697350069
0.42134831460673755
-0.6993006993006993
0.1408450704225272
-0.1406469760900061
0.42253521126760163
-1.8232819074333761
-1.000000000000004
1.875901875901872
-0.42492917847025097
0.42674253200568585
0
0
0.14164305949009706
-0.9900990099009941
0.28571428571428975
0
0
-0.14245014245015458
0.2853067047075647
-0.42674253200568585
0.4285714285714245
-1.2802275960170577
0.7204610951008645
-0.1430615164520866
0.42979942693409334
-0.14265335235377222
0.4285714285714245
-0.28449502133713067
0.4279600570613572
-1.4204545454545454
0.4322766570605146
-0.1434720229555359
0.8620689655172536
-0.14245014245015458
0.5706134094151294
-0.28368794326241537
0.14224751066857544
-0.14204545454546663
0.28449502133713067
-2.127659574468085
1.1594202898550683
-1.146131805157589
0
-0.7246376811594203
0.7299270072992701
-1.4492753623188406
0.2941176470588277
0.29325513196481356
0.2923976608186968
-0.29154518950435665
0.2923976608186968
-0.8746355685131113
0
-1.17647058823529
-1.4880952380952381
-0.9063444108761458
0.7621951219512195
0.4538577912254333
0
0.3012048192770913
-0.6006006006005878
0.15105740181268024
-0.15082956259425992
-0.3021148036253819
-0.15151515151514292
0.7587253414264036
-1.3554216867469964
0.4580152671755682
0
0
0.6079027355623187
-0.9063444108761458
0.3048780487804922
-0.9118541033434564
-0.15337423312884743
-0.15360983102917716
0
-0.6153846153846241
0.464396284829739
-0.15408320493067568
0.3086419753086464
-1.5384615384615385
0.46874999999999556
-0.46656298600310603
-0.15625000000000222
0.7824726134585401
2.3291925465838506
-0.4552352048558594
-0.4573170731707274
-0.7656967840735069
0.6172839506172928
-0.6134969325153461
0.3086419753086464
0.30769230769231204
-0.6134969325153461
-0.3086419753086464
0.30959752321981865
0.4629629629629586
-0.3072196620583543
0.15408320493065378
-0.5230769230769283
-4.113826167646144
6.322580645161293
-5.946601941747575
2.3225806451612865
-3.8461538461538427
6.032786885245913
-5.689548546691414
4.885245901639339
-4.657705532979051
4.229508196721309
-2.4850581944007524
2.709677419354838
-0.7537688442211006
-1.4556962025316482
-0.44958253050738783
-0.19354838709677008
0.1939237233354839
0.22580645161290414
-0.2252977148374647
-0.032258064516134076
-1.9038399483704418
5.263157894736847
-1.5625
1.4920634920634885
0.0938379730997846
0.406250000000008
0.062247121070638095
0.1555209953343834
-0.621118012422369
0.406250000000008
-0.40460628695923606
5.718749999999995
0.5025125628140754
-0.4411764705882311
-1.0339734121122641
0.7761194029850687
-0.17772511848339803
0.4747774480712065
0.4134672179562923
0
0.14705882352940342
1.6152716593245353
-11.705202312138729
13.387888707037643
-0.692840646651276
-0.14534883720929406
-1.0189228529839924
-0.2941176470588277
0.14749262536874413
-0.26509572901326484
-1.0632014176018885
1.5223880597014865
0.11761246692149117
0.14684287812042368
-0.29325513196481356
-0.2941176470588277
0.14749262536874413
0.4418262150220871
-0.29325513196481356
0.17647058823530082
-0.17615971814445763
0.3823529411764781
-0.23439789041900203
0.9397944199706323
-0.05819028222285721
0.7860262008733508
-0.057770075101086144
1.2427745664739875
-0.0856408792463635
0.31428571428571267
-1.7373967530618042
0.43478260869564805
-3.318903318903315
-1.0149253731343386
-0.6332931242460608
0.18209408194232218
-0.030293850348373254
0.6060606060606146
0.3012048192770913
0.24024024024025648
-0.5392450569203107
0.3012048192770913
0.6006006006006092
0.1791044776119471
-0.17878426698451214
0.2985074626865714
-0.29761904761905184
0.23880597014924865
0.05955926146516714
0.238095238095233
0.9501187648456065
-1.117647058823537
-0.05948839976203457
0.5357142857142848
-0.23682652457074688
0.44510385756676135
-0.14771048744462115
-0.4733727810650787
-2.7942925089179482
0.3058103975534994
0.6097560975609844
0.3030303030303073
1.2084592145015063
-0.2686567164179206
0.11972463334332911
0.5381165919282502
0.20814748736247482
0
0
0.5341246290801178
-0.2361275088547975
0.1183431952662907
-0.11820330969268986
-0.14792899408283183
0
1.9851851851851903
