0
-4.040404040404044
0
-4.210526315789466
0
-4.3956043956043995
0
-4.5977011494252915
0
-4.8192771084337265
0
-3.797468354430383
0
-3.947368421052635
8.219178082191789
3.797468354430369
0
-4.878048780487796
0
-3.8461538461538494
8.000000000000007
4.938271604938262
-5.882352941176462
3.7499999999999893
-7.228915662650596
1.2987012987012998
-1.282051282051283
1.2987012987012998
-2.564102564102566
-1.3157894736842117
-1.3333333333333346
4.054054054054058
0
2.5974025974025996
1.2658227848101276
4.99999999999999
0
4.761904761904766
0
4.545454545454549
0
4.3478260869565135
0
0
-4.166666666666659
-4.347826086956525
2.2727272727272747
-3.333333333333336
-1.1494252873563229
3.488372093023259
-6.741573033707871
2.40963855421687
1.1764705882352953
-3.488372093023259
2.40963855421687
-4.705882352941168
0
0
-2.469135802469138
3.797468354430369
0
3.658536585365857
-4.705882352941168
2.469135802469124
-6.02409638554216
3.8461538461538494
-3.703703703703707
0
2.564102564102566
2.499999999999988
1.2195121951219523
2.40963855421687
-4.705882352941168
3.703703703703693
0
2.380952380952383
-2.325581395348839
1.1904761904761916
1.1764705882352953
-1.1627906976744196
3.529411764705886
2.2727272727272747
-2.222222222222224
-4.545454545454549
5.952380952380958
1.1235955056179785
-3.333333333333336
3.4482758620689684
-2.222222222222224
4.545454545454549
-4.347826086956525
3.4090909090909123
-5.494505494505499
4.651162790697678
-3.333333333333336
4.5977011494252915
0
-3.2967032967032996
7.954545454545449
2.105263157894739
2.061855670103095
4.040404040404044
0
4.854368932038839
0
4.629629629629613
-8.849557522123883
-4.854368932038839
0
0
3.0612244897959213
-0.990099009900991
-1.0000000000000009
3.030303030303033
-1.960784313725492
-5.000000000000004
3.1578947368421084
3.0612244897959213
-4.950495049504955
3.125000000000003
1.010101010101011
4.0000000000000036
-6.730769230769236
-4.123711340206178
1.0752688172042901
0
-3.1914893617021187
-1.0989010989010999
5.555555555555547
4.210526315789478
-4.040404040404044
2.105263157894739
1.0309278350515474
-3.0612244897959213
-1.0526315789473695
1.0638297872340436
-5.2631578947368345
0
3.333333333333336
0
-4.301075268817208
0
3.3707865168539355
-2.1739130434782625
-1.111111111111112
0
-2.247191011235957
-2.2988505747126458
0
0
4.705882352941181
2.247191011235957
-5.494505494505499
3.488372093023259
1.1235955056179785
1.111111111111112
-1.0989010989010999
4.444444444444436
-2.1276595744680753
4.3478260869565135
-3.124999999999991
2.150537634408592
-6.315789473684205
1.1235955056179785
0
-4.444444444444448
1.1627906976744196
-4.5977011494252915
4.81927710843374
0
1.1494252873563229
2.2727272727272747
-1.111111111111112
-2.247191011235957
2.2988505747126458
1.1235955056179785
3.333333333333336
-1.075268817204302
5.434782608695644
0
-4.123711340206178
-3.225806451612906
3.333333333333336
-1.075268817204302
4.3478260869565135
3.125000000000003
-6.060606060606055
2.150537634408592
-6.315789473684205
1.1235955056179785
-2.222222222222224
3.4090909090909123
-2.1978021978021998
3.3707865168539355
-3.2608695652173942
-2.247191011235957
2.2988505747126458
-2.247191011235957
0
3.4482758620689684
-1.111111111111112
0
-4.494382022471914
2.3529411764705905
-2.2988505747126458
-3.529411764705886
3.658536585365857
-3.529411764705886
3.658536585365857
1.1764705882352953
-2.325581395348839
1.1904761904761916
-1.1764705882352953
2.380952380952383
-2.325581395348839
1.1904761904761916
-1.1764705882352953
-1.1904761904761916
1.204819277108435
2.380952380952383
-2.325581395348839
1.1904761904761916
-2.3529411764705905
2.40963855421687
1.1764705882352953
-3.488372093023259
2.40963855421687
0
-1.1764705882352953
-2.380952380952383
3.658536585365857
1.1764705882352953
-2.325581395348839
-2.380952380952383
1.2195121951219523
2.40963855421687
-3.529411764705886
-1.2195121951219388
-1.234567901234569
0
-1.250000000000001
2.531645569620255
-6.172839506172845
-3.947368421052635
6.849315068493157
2.564102564102566
-3.750000000000003
3.8961038961038996
-1.250000000000001
2.531645569620255
-2.469135802469138
-2.531645569620255
3.8961038961038996
0
4.99999999999999
0
1.1904761904761916
1.1764705882352953
-2.325581395348839
2.380952380952383
-1.1627906976744196
0
0
0
1.1764705882352953
1.1627906976744196
-3.4482758620689684
1.1904761904761916
1.1764705882352953
-4.651162790697678
3.658536585365857
0
-3.529411764705886
2.4390243902439046
-3.5714285714285614
3.703703703703693
-8.333333333333327
2.5974025974025996
-1.2658227848101276
2.564102564102566
-2.500000000000002
2.564102564102566
-1.250000000000001
2.531645569620255
-2.469135802469138
-1.2658227848101276
0
2.564102564102566
-3.750000000000003
2.5974025974025996
1.2658227848101276
0
-3.750000000000003
3.8961038961038996
-1.250000000000001
0
0
3.797468354430369
-6.097560975609748
3.8961038961038996
-5.000000000000004
2.6315789473684235
-2.564102564102566
-1.3157894736842117
1.3333333333333346
3.947368421052635
-3.797468354430383
-1.3157894736842117
4.0000000000000036
0
0
-2.564102564102566
-1.3157894736842117
0
1.3333333333333346
-1.3157894736842117
2.666666666666669
0
-1.2987012987012998
2.6315789473684235
-2.564102564102566
1.3157894736842117
-2.5974025974025996
2.666666666666669
-1.2987012987012998
-2.6315789473684235
-1.3513513513513526
2.739726027397263
-2.666666666666669
1.3698630136986314
-2.7027027027027053
2.7777777777777803
-6.756756756756763
1.449275362318842
-4.285714285714274
0
4.477611940298495
-1.42857142857143
1.449275362318842
1.42857142857143
2.8169014084507067
0
-4.109589041095894
0
4.28571428571429
-1.3698630136986314
1.3888888888888902
0
-1.3698630136986314
-1.3888888888888902
-1.4084507042253533
4.28571428571429
-6.849315068493141
4.41176470588234
-2.8169014084507067
-1.449275362318826
-2.9411764705882377
0
0
-1.5151515151515165
6.153846153846142
-4.34782608695651
7.575757575757565
-1.4084507042253533
0
0
-4.285714285714274
-4.4776119402985115
7.8124999999999885
1.449275362318842
-5.714285714285704
0
-4.545454545454549
3.1746031746031775
-7.692307692307699
0
3.3333333333333366
-3.225806451612906
5.000000000000004
3.1746031746031775
-4.615384615384619
4.838709677419359
0
4.615384615384619
0
2.9411764705882213
1.42857142857143
4.2253521126760605
0
1.3513513513513526
0
2.666666666666669
-1.2987012987012998
-3.947368421052635
0
-1.3698630136986314
1.3888888888888902
2.739726027397263
-2.666666666666669
2.739726027397263
-5.333333333333338
-1.4084507042253533
-1.42857142857143
1.449275362318842
2.85714285714286
4.1666666666666705
-8.000000000000007
4.347826086956526
-2.7777777777777803
1.42857142857143
-4.2253521126760445
2.9411764705882213
-5.714285714285704
-1.5151515151515165
6.153846153846142
-1.449275362318826
2.9411764705882213
-4.285714285714274
1.492537313432837
2.9411764705882213
1.42857142857143
0
2.8169014084507067
2.739726027397263
-4.0000000000000036
-1.3888888888888902
4.2253521126760605
1.3513513513513526
-4.0000000000000036
4.1666666666666705
-4.0000000000000036
4.1666666666666705
-6.666666666666672
-1.42857142857143
-1.449275362318826
2.9411764705882213
0
0
-2.857142857142844
4.41176470588234
-4.2253521126760445
1.4705882352941024
-1.449275362318826
2.9411764705882213
-7.1428571428571335
1.5384615384615399
-4.545454545454549
0
4.761904761904766
-3.030303030303033
4.687500000000004
4.477611940298495
-7.1428571428571335
0
1.5384615384615399
0
-1.5151515151515165
3.0769230769230798
-1.492537313432837
