2.07547169811321
0
-5.360443622920515
5.468749999999994
1.8518518518518519
1.3636363636363635
-8.609865470852013
2.0608439646712404
-0.19230769230769504
5.491329479768789
-6.2100456621004545
9.055501460564749
-3.6607142857142807
-3.1510658016682163
2.775119617224886
-0.37243947858473525
5.3271028037383195
2.7506654835847333
-3.3678756476683867
1.697944593386945
-2.987697715289975
1.9927536231883953
0.08880994671403955
0.7985803016858841
2.4647887323943762
2.5773195876288657
-2.8475711892797366
0
1.3793103448275814
0.8503401360544218
-2.613827993254633
3.3766233766233817
1.005025125628131
1.1608623548922103
-4.754098360655735
2.9259896729776176
-4.013377926421403
3.135888501742168
-3.6317567567567663
3.418054338299742
-0.16949152542373122
1.8675721561969465
-3.500000000000002
1.8998272884283272
-0.08474576271185959
1.7811704834605548
1.6666666666666667
1.639344262295082
-1.0483870967741913
5.786471067644669
-3.081664098613262
3.2591414944356187
-3.387220939183992
2.9482071713147318
3.250773993808063
7.646176911544219
-2.9944289693593196
4.809763101220379
-7.123287671232879
0.14749262536874413
-0.5154639175257857
5.107327905255371
-3.5211267605633805
-2.1167883211678875
2.3117076808351933
-1.8950437317784217
0.22288261515602628
0.8154188287620417
0.8088235294117605
1.6776075857038741
-0.7173601147776183
-3.034682080924868
2.3845007451564957
0
-0.5094614264920065
-3.291880029261156
0.9833585476550768
-2.247191011235955
0.6896551724137975
0.4566210045662057
2.5000000000000084
1.995565410199548
1.3768115942029027
2.8591851322373123
-4.378040305767902
0.43604651162790287
-1.8089725036179451
3.021370670596922
-0.2145922746781197
0.6451612903225847
2.7065527065526944
0.6934812760055479
-0.8264462809917278
2.5694444444444366
-1.7603249830737946
5.720192970365273
-0.9778357235984354
-3.6208031599736668
4.439890710382514
-1.2426422498364982
2.516556291390736
4.521963824289405
0.49443757725586085
5.596555965559652
-5.649388468258584
1.8518518518518519
-5.878787878787872
3.026400515131995
-6.062499999999993
-1.1310711909514417
-0.06729475100941744
-1.0101010101010102
1.4965986394557746
3.2171581769437076
-2.012987012987009
1.3253810470510272
1.2426422498364982
-0.5167958656330822
1.4285714285714213
-1.66453265044814
0.06510416666666297
3.8386467143786636
-2.819548872180451
-1.9987105093488036
1.9736842105263157
0.6451612903225806
-0.4487179487179414
2.1249195106245864
-1.6393442622950785
0.8974358974359011
1.3977128335451008
2.631578947368432
-0.9157509157509157
0
2.649414664202084
0.6002400960384154
-1.3126491646777976
-0.8464328899637277
-2.3170731707317143
-0.12484394506865708
0.625
-0.3105590062111801
3.3021806853582625
1.0253317249698362
-1.492537313432836
0
-2.30303030303031
3.5359801488833855
-2.4565608148591935
0
-1.6584766584766688
1.1242973141786454
-0.12353304508957198
-5.689548546691397
4.918032786885246
1.999999999999993
-1.5931372549019573
-0.8094645080946344
-0.1883239171374836
2.76729559748428
-0.4895960832313411
-1.3530135301352944
-2.930174563591033
3.08285163776494
-5.29595015576324
0.723684210526312
-1.1103853690398358
5.614266842800528
-1.9387116948092522
-0.38265306122450427
1.152368758002568
3.5443037974683507
-6.051344743276287
-1.6265452179570594
3.240740740740745
0.5765534913517013
-0.6369426751592356
-4.166666666666667
6.889632107023419
2.3153942428034973
-4.892966360856269
1.543408360128621
-2.9765674477517523
2.4151436031331706
0.44614404079030506
-1.0152284263959355
1.666666666666663
-1.5132408575031562
1.5364916773367514
3.404791929382097
-0.6707317073170697
0.5524861878453073
-1.5262515262515262
-2.045877247365165
0
3.037974683544311
-0.8599508599508634
1.5489467162329615
-1.159243441122639
1.0493827160493756
4.520464263897377
3.7989479836353013
-4.954954954954945
-0.11848341232228497
-1.3641755634638095
3.126879134095002
-3.0320699708454746
2.1647624774503873
-1.2360211889346642
0.6555423122765163
-1.4801657785671996
-3.3052884615384612
3.5425730267246665
1.4405762304922003
4.556213017751473
0.3395585738540027
6.034968979131409
1.0638297872340425
-6.000000000000003
-1.2318029115341482
-1.417233560090703
2.3576768257619287
-1.3483146067415763
3.3599088838268827
-3.7465564738292074
2.6330852890669854
-1.9520356943669825
0.3412969283276418
-1.1904761904761871
2.696500286861726
-3.35195530726257
2.601156069364162
-0.16901408450704866
1.9751693002257338
-0.6640841173215212
0.2785515320334262
-3.277777777777781
2.2400919012062066
-5.449438202247185
4.45632798573975
-9.385665529010238
5.084745762711861
-4.181600955794504
3.3042394014962486
-1.9915509957754878
2.155172413793103
-3.9180229053646776
-1.7565872020075353
3.575989782886331
0
0.12330456226881446
-1.970443349753705
1.947236180904537
-0.12322858903266608
-0.7402837754472478
0.062150403977622316
-2.670807453416156
2.7440970006381695
-5.3416149068322945
4.855643044619426
0.6883604505632004
4.412678682411432
-2.1428571428571397
2.0681265206812687
1.4898688915375446
-2.9947152084556796
13.014527845036321
1.7675415104445698
7.210526315789468
2.994599901816408
-7.054337464251673
3.5384615384615414
-4.259534422981671
0.1034661148473816
-2.739018087855303
5.100956429330512
-5.813953488372093
6.709608158883521
-3.7726358148893357
0.36591740721379434
-0.8854166666666607
1.9442984760903774
-1.2371134020618586
3.0271398747390457
-4.863221884498477
3.9403620873269314
-4.713114754098355
1.075268817204301
-2.7127659574468055
-0.10934937124112469
0.27367268746579093
2.9475982532751126
-2.067868504772007
-1.0286951813751908
6.6739606126914595
1.8461538461538431
-3.172205438066457
2.9121164846593834
-6.265790803436081
4.204851752021569
-4.293843766166586
3.5675675675675644
-3.8622129436325707
1.8458197611292106
-3.837953091684429
-1.662971175166297
-3.6076662908680976
5.1461988304093635
-3.8375973303670774
2.834008097165995
-4.04949381327335
-3.4583821805392767
0.9714632665452476
-3.0667468430547338
0.8064516129032329
0
-5.538461538461538
8.01302931596092
-5.729794933655006
5.950095969289816
-3.2608695652173947
0.9987515605493277
-2.410383189122377
4.3698543381887305
-0.9101941747572815
2.388242498469061
-3.9473684210526283
4.234122042341228
-5.256869772998812
2.143757881462803
-12.530864197530871
4.375441072688791
-5.814739688979036
-2.9432878679109997
5.843195266272194
-1.8867924528301807
2.635327635327627
5.06592643997225
-2.9062087186261594
2.0408163265306123
-4.533333333333341
4.539106145251397
-3.2064128256512916
0.7591442374051031
1.0958904109589003
3.997289972899733
-3.452768729641701
0.2699055330634317
-8.209959623149388
-0.29325513196481356
1.17647058823529
3.85174418604652
-1.4415675297410793
0.11360408974722848
-0.7801418439716272
-1.9728377412437592
3.3979874580720617
-4.160789844851908
0.42678440029432235
-0.058616647127772634
2.2580645161290205
-2.007456266131333
0.4975124378109502
-1.5725101921957083
1.1094674556213018
0
0.8485735186540052
2.4952850718119812
-2.3496107572540845
1.0871140745035512
-1.0897619730427173
1.3047260075384044
-1.774470520892952
0
-0.6701631701631611
-3.3294221179231593
2.533758155059933
2.4859425865640823
-4.576956396188278
3.5557573006506193
-1.9579193454120447
4.08345752608049
-4.410080183276057
0.4793289394847111
-0.1192605843768609
-3.5970149253731294
1.6256386437528985
2.498476538695918
-3.38882282996433
0
-2.3538461538461557
0.2048211753584411
0.28301886792452785
6.0834117278143545
6.0153709725096185
-0.3206468702077289
5.734265734265726
4.497354497354506
-2.544303797468361
5.7280166255357985
-2.972972972972975
0.02532286654848825
-2.696202531645564
-3.3433068817484157
2.8263795423957045
2.0942408376963275
-4.397435897435906
1.2471503285503647
1.3377483443708678
-0.013070186903679408
-2.732026143790854
1.9217847063566817
1.041666666666656
4.267258253947554
1.0513141426783343
-3.455536289323746
-1.205901218729952
-0.4934424100766259
-1.6703640871721275
0.8626410086264177
2.157894736842106
0.46367851622874734
1.8333333333333421
4.49452347979352
-3.3373493975903568
2.2061572977689092
-2.3414634146341484
2.4975024975024978
-1.924951267056528
0.6211180124223602
1.3827160493827217
2.1675596687774004
-4.7079856972586445
1.5634771732332708
-2.5123152709359684
1.3390601313794874
-2.5804038893044043
2.239283429302623
-0.16270337922404213
-0.33847311019179643
2.8050314465408857
1.5538969778539042
-4.0240963855421725
1.9959829274416312
-4.553846153846157
4.255319148936167
-2.3129251700680156
2.2917194226386455
-2.4260428270825694
9.095522009387292
-10.627906976744185
2.7322404371584628
-2.735562310030391
-2.3307291666666563
3.4928676176509668
3.0400618317660695
-2.300287535941979
-1.394753678822781
-0.8045678691928426
-1.229722658294084
2.0397350993377565
-1.9340602284527635
4.897418927862347
-3.3438485804416476
1.0443864229765163
-2.493540051679595
4.147343315224586
-3.498727735368957
2.3862887277521456
