-3.2911392405063373
3.1413612565445055
-7.86802030456853
-0.8264462809917302
10.555555555555552
3.015075376884414
0
2.682926829268301
-4.275534441805219
2.9776674937965284
0.24096385542168158
5.7692307692307745
7.500000000000001
1.2684989429175393
-4.384133611691023
2.838427947598251
-7.2186836518046675
-7.3226544622425696
5.432098765432093
-4.215456674473062
3.6674816625916957
0.4716981132075371
1.4084507042253638
3.240740740740733
-1.345291479820619
3.181818181818174
-6.387665198237886
-0.9411764705882362
0.23752969121139636
-2.8436018957346
2.4390243902439157
7.142857142857138
-5.1111111111111205
-0.4683840749414421
2.35294117647058
2.5287356321839156
-6.9506726457399015
3.3734939759036067
-3.4965034965035047
1.4492753623188528
-2.1428571428571392
3.406326034063252
-2.117647058823526
0
0.24038461538461026
-2.637889688249408
2.4630541871921316
-0.48076923076924183
0.4830917874396247
3.3653846153846074
-2.5581395348837077
0
-0.477326968973758
3.1175059952038344
-3.720930232558143
-1.2077294685990296
0.9779951100244508
13.317191283292976
-10.683760683760685
2.870813397129189
-3.4883720930232434
0.7228915662650448
-0.23923444976076047
4.796163069544368
-2.5171624713958884
3.2863849765258353
-4.090909090909104
3.0805687203791448
1.1494252873563382
4.772727272727272
-1.9522776572668272
-0.4424778761061853
-0.8888888888888897
-2.4663677130044914
-0.9195402298850583
2.5522041763341146
3.3936651583710487
1.9693654266958391
-2.1459227467811273
5.263157894736847
11.666666666666677
7.276119402985069
0.17391304347825717
4.1666666666666705
-2.999999999999995
2.9209621993127133
-9.015025041736227
4.587155963302752
-10.350877192982454
-6.849315068493161
24.36974789915967
2.1959459459459443
-4.297520661157021
2.7633851468048385
-2.857142857142856
-0.3460207612456827
-3.993055555555548
-9.403254972875233
5.788423153692616
2.641509433962275
3.6764705882352806
2.659574468085113
-0.518134715025911
3.645833333333333
-0.16750418760468655
5.7046979865771785
-2.539682539682542
1.1400651465798093
-2.4154589371980735
-5.280528052805271
4.006968641114974
2.847571189279731
-5.374592833876223
-1.5490533562822697
-4.195804195804184
0.1824817518248136
3.2786885245901587
3.880070546737209
-4.244482173174873
0
-1.4184397163120581
-0.7194244604316553
-0.18115942028985121
-7.259528130671496
6.457925636007829
0.18382352941176078
-2.935779816513764
3.0245746691871482
-3.669724770642205
-1.1428571428571355
1.3487475915221463
-0.5703422053231818
0
-0.5736137667304062
0.5769230769230816
6.6921606118546775
-9.498207885304664
0
-0.1980198019801938
3.968253968253972
-4.3893129770992445
-0.9980039920159646
-0.6048387096774244
-0.8113590263691691
2.65848670756646
4.780876494023909
-7.604562737642575
2.6748971193415616
-1.6032064128256527
-0.4073319755600909
0
1.8404907975460276
-2.208835341365468
1.437371663244359
-2.834008097166003
1.041666666666663
-1.2371134020618477
-1.252609603340284
-1.0570824524313045
2.3504273504273576
-3.340292275574116
3.239740820734349
-2.3012552301255296
5.353319057815846
13.821138211382108
5.000000000000004
-9.183673469387756
-0.7490636704119857
-3.2075471698113196
-0.974658869395708
5.314960629921251
0
-2.8037383177569994
1.5384615384615399
-0.5681818181818229
1.7142857142857115
-2.808988764044934
-1.5414258188824674
3.326810176125243
2.2727272727272747
-3.888888888888888
0
-1.3487475915221634
1.5625000000000013
-0.9615384615384581
1.7475728155339778
-3.053435114503819
-1.5748031496063006
2.2000000000000064
1.76125244618395
-0.5769230769230816
-0.1934235976789127
0.5813953488372141
0
-0.38535645472062546
0
-1.3539651837524234
0
1.3725490196078487
0.5802707930367553
-1.730769230769228
-2.1526418786692822
-2.599999999999998
-0.41067761806982467
1.443298969072171
-3.2520325203252063
3.7815126050420296
-1.8218623481781526
1.8556701030927991
0.20242914979756652
1.414141414141402
0.7968127490039848
-2.9644268774703453
-0.2036659877800364
-0.6122448979591887
1.437371663244359
-1.0121457489878685
-1.6359918200409014
1.0395010395010544
-2.0576131687242905
1.6806722689075646
0
0.41322314049587733
-2.263374485596714
3.368421052631582
5.702647657841146
-6.16570327552987
2.4640657084188935
-2.2044088176352767
-1.6393442622950836
10.000000000000009
0.7575757575757582
-4.3233082706767
0.3929273084479462
0.7827788649706464
1.1650485436893128
-1.3435700575815794
1.3618677042801612
-4.030710172744721
2.7999999999999936
-1.361867704280144
-1.1834319526627317
1.3972055888223611
-0.3937007874015839
0.19762845849803706
-1.3806706114398477
0.9999999999999964
2.9702970297029774
-3.8461538461538494
3.800000000000008
-4.046242774566473
2.4096385542168517
-1.9607843137254835
0.8000000000000007
-2.7777777777777715
-1.6326530612244912
-1.4522821576763543
-4.210526315789477
-4.175824175824165
-3.2110091743119393
9.241706161137454
3.9045553145336163
-0.41753653444677374
0.6289308176100682
-1.6666666666666683
1.4830508474576332
-0.2087682672233776
0.41841004184099523
-0.4166666666666578
2.510460251046027
-1.2244897959183774
1.0330578512396658
0.4089979550102344
-1.2219959266802545
0.618556701030933
-1.6393442622950836
1.4583333333333393
1.437371663244359
-0.6072874493927175
4.8879837067209815
-4.660194174757286
2.647657841140527
-3.1746031746031775
-4.50819672131147
3.0042918454935554
3.9583333333333415
-3.2064128256513054
-2.484472049689443
-0.4246284501061481
1.4925373134328228
1.0504201680672232
2.702702702702719
-1.8218623481781526
1.8556701030927991
-3.643724696356287
-1.260504201680664
0.8510638297872347
5.274261603375527
-5.811623246492986
0
2.1276595744680775
0
-0.4166666666666578
4.6025104602510405
-5
-1.0526315789473646
-4.680851063829782
-1.7857142857142871
6.590909090909091
1.2793176972281366
-3.7894736842105203
2.84463894967177
-1.0638297872340388
3.2258064516128915
-5.208333333333334
-1.978021978021975
-0.22421524663676654
-2.921348314606739
3.703703703703707
2.678571428571411
-3.913043478260864
-0.4524886877827958
-2.0454545454545623
-1.3921113689095037
2.8235294117647083
-5.0343249427917565
12.048192771084336
-1.0752688172043163
-3.913043478260864
-7.239819004524893
9.512195121951235
4.677060133630288
-2.127659574468096
-0.21739130434782147
0.21786492374727204
0
-2.173913043478253
3.333333333333341
7.741935483870955
4.191616766467066
-3.4482758620689604
-1.5873015873015888
-3.427419354838708
-1.8789144050104354
-0.42553191489362685
-2.136752136752129
0.6550218340611408
7.375271149674616
-5.858585858585859
5.150214592274683
-5.918367346938775
-1.0845986984815772
1.9736842105263324
4.301075268817189
-7.010309278350513
1.108647450110861
0
-1.315789473684202
1.7777777777777795
-3.7117903930130987
0.9070294784580507
0
1.5730337078651548
-1.5486725663716683
-0.8988764044943828
-1.1337868480725584
-0.4587155963302858
0.46082949308756826
-2.0642201834862557
-3.9812646370023406
1.7073170731707388
1.9184652278177476
-3.5294117647058907
1.4634146341463536
-0.9615384615384623
0.7281553398058312
-2.40963855421688
-1.2345679012345636
-1.5000000000000013
-4.568527918781729
4.787234042553195
0.25380710659899064
1.7721518987341618
-2.9850746268656634
0.7692307692307756
3.053435114503808
-2.7160493827160463
0.50761421319797
-5.303030303030302
2.666666666666669
-1.8181818181818254
3.1746031746031775
-2.5641025641025665
-4.473684210526314
17.90633608815428
3.504672897196249
-3.3860045146726745
0.46728971962615823
-2.09302325581395
-0.23752969121139636
-2.1428571428571392
-2.433090024330913
4.23940149625935
-0.9569377990430631
0.24154589371982307
-0.9638554216867478
-0.4866180048661912
0.24449877750610727
2.1951219512195306
-0.2386634844868896
-2.6315789473684075
1.9656019656019672
-0.24096385542170298
-3.381642512077287
2.2499999999999964
-0.9779951100244508
0.9876543209876553
4.6454767726161466
-4.906542056074765
4.422604422604415
-3.7647058823529447
4.6454767726161466
-1.6355140186915953
4.513064133016637
0.2272727272727224
5.442176870748304
-4.301075268817208
3.3707865168539204
-15.652173913043473
0.25773195876289257
1.0282776349614404
1.5267175572519096
-0.7518796992481265
0.5050505050505055
-0.7537688442211006
5.06329113924051
-4.096385542168683
0.5025125628140708
-1.749999999999996
3.8167938931297685
-2.205882352941173
2.7568922305764265
-2.926829268292675
1.5075376884422125
-2.4752475247524774
0.25380710659899064
0.759493670886071
-3.2663316582914548
1.818181818181814
2.040816326530614
-2.500000000000002
2.3076923076923155
-9.022556390977451
6.336088154269973
7.253886010362689
-0.24154589371980165
-1.9370460048426168
3.456790123456804
-3.102625298329374
0
-1.9704433497536855
-4.522613065326636
4.736842105263162
2.763819095477384
-3.667481662591685
-1.52284263959391
-1.2886597938144284
0
0
