-3.2608695652173942
2.247191011235957
-10.439560439560449
4.2944785276073665
-2.3529411764705905
5.421686746987956
2.85714285714286
7.222222222222216
2.590673575129536
8.585858585858583
0.9302325581395358
3.6866359447004644
1.3333333333333246
4.385964912280706
-8.403361344537803
-1.376146788990837
-3.255813953488365
4.3269230769230695
-3.6866359447004644
0.4784688995215422
0.476190476190466
0
-1.8957345971564
2.898550724637684
-0.9389671361502356
0.4739336492891105
-2.8301886792452855
2.9126213592233037
-5.1886792452830335
0.9950248756218916
0.4926108374384351
0.4901960784313621
-0.975609756097562
2.4630541871921316
-3.3653846153846287
-4.477611940298501
3.125000000000003
-1.010101010101011
1.020408163265307
0
1.010101010101011
0
0
2.499999999999991
-4.390243902439018
3.571428571428563
-4.433497536945806
0
1.546391752577321
-4.568527918781729
0.5319148936170218
0.5291005291005296
-2.105263157894727
0
1.0752688172042901
1.0638297872340436
-0.5263157894736847
0
-3.174603174603166
1.092896174863389
1.081081081081082
1.6042780748662997
-1.0526315789473695
1.0638297872340436
0.5263157894736847
2.094240837696337
-2.0512820512820533
0.5235602094240842
-2.0833333333333353
3.7234042553191524
-2.5641025641025665
0
-2.105263157894727
2.150537634408592
-2.105263157894727
2.150537634408592
-0.5263157894736847
3.1746031746031775
-3.589743589743593
1.5957446808510654
-2.0942408376963253
-1.6042780748663115
1.6304347826086971
-1.069518716577541
0
-0.540540540540541
1.6304347826086971
1.069518716577529
-5.820105820105814
0
2.247191011235957
-3.8461538461538494
2.285714285714288
-0.5586592178770955
-1.6853932584269677
0
0
0
1.142857142857144
1.6949152542372896
-0.555555555555556
0.5586592178770955
-0.555555555555556
0
-1.117318435754191
4.519774011299439
-2.702702702702705
2.7777777777777803
-1.621621621621623
0
-0.5494505494505499
4.972375690607727
-1.5789473684210424
1.6042780748662997
2.105263157894739
7.731958762886594
1.9138755980861262
9.859154929577464
0
2.991452991453004
-7.468879668049798
-4.48430493273543
-0.4694835680751074
-1.4150943396226532
-3.3492822966507103
-0.990099009900991
-2.0000000000000018
-2.040816326530614
5.208333333333338
2.970297029702973
-6.250000000000005
0
-1.0256410256410267
-1.5544041450777217
2.6315789473684235
2.0512820512820533
-3.5175879396984957
2.604166666666669
-4.568527918781729
2.1276595744680873
-4.166666666666659
4.3478260869565135
-1.0416666666666676
2.6315789473684235
-3.589743589743593
4.255319148936175
-4.081632653061228
1.0638297872340436
0.5263157894736847
2.094240837696337
-3.589743589743593
0
0.5319148936170218
0.5291005291005296
-0.5263157894736847
2.1164021164021185
-2.072538860103629
4.232804232804237
-5.583756345177659
4.301075268817196
-3.6082474226804044
0
-2.139037433155082
3.2786885245901547
-3.7037037037036953
0
1.6483516483516498
2.702702702702693
-3.6842105263157814
0.5464480874316945
-1.6304347826086971
0
-1.1049723756906087
3.351955307262573
-1.081081081081082
-3.8251366120218613
2.8409090909090935
0
-2.2099447513812174
-1.1299435028248597
0.571428571428572
-0.5681818181818187
0
0
0.571428571428572
0
0
-1.7045454545454561
1.7341040462427761
0.5681818181818187
0.5649717514124298
-4.494382022471914
1.764705882352943
0
0.5780346820809253
0.5747126436781614
-0.571428571428572
0.5747126436781614
-0.571428571428572
0
0.5747126436781614
-0.571428571428572
-0.5747126436781614
-0.5780346820809253
0
-1.1627906976744196
1.1764705882352953
0.5813953488372098
-2.3121387283237014
0
-1.183431952662723
-1.197604790419163
1.81818181818182
0.5952380952380958
-1.7751479289940846
-3.012048192771074
0.6211180124223608
-4.938271604938276
3.2467532467532494
1.8867924528301903
2.469135802469124
4.81927710843374
0
4.02298850574713
-2.7624309392265216
0
1.1363636363636374
3.3707865168539355
-1.6304347826086971
3.314917127071826
-1.6042780748663115
1.6304347826086971
-0.5347593582887705
4.838709677419347
-6.153846153846149
3.2786885245901547
-3.7037037037036953
1.6483516483516498
-2.702702702702705
0.555555555555556
-1.657458563535913
0
-0.5617977528089892
0
-0.5649717514124298
-2.8409090909090935
1.7543859649122824
-5.172413793103452
6.060606060606066
0
0
2.285714285714288
-2.7932960893854775
0
-4.02298850574713
1.7964071856287442
-3.529411764705886
-6.097560975609748
-3.2467532467532494
0
9.395973154362409
6.748466257668719
-7.471264367816086
0
1.2422360248447077
1.226993865030676
-3.6363636363636265
2.51572327044024
-1.8404907975460003
8.124999999999993
-6.936416184971092
-1.8633540372670823
4.430379746835433
4.848484848484853
-2.890173410404627
2.380952380952383
-3.488372093023259
0
-2.409638554216856
0
-1.234567901234569
-3.1250000000000027
1.9354838709677435
-1.2658227848101276
2.564102564102566
0
-1.8750000000000016
1.9108280254777086
-1.8750000000000016
1.9108280254777086
-2.500000000000002
-0.6410256410256415
-0.6451612903225812
0.6493506493506499
-0.6451612903225812
-1.9480519480519498
2.6490066225165587
-0.6451612903225812
0.6493506493506499
0.6451612903225812
-1.282051282051283
0.6493506493506499
-5.1612903225806495
2.040816326530614
-2.666666666666669
0.6849315068493157
-1.3605442176870761
-3.448275862068969
-1.42857142857143
0.724637681159421
1.4388489208633106
0
4.255319148936175
2.040816326530614
-6.666666666666672
0
-0.714285714285715
-1.4388489208632949
0
4.379562043795608
-6.293706293706284
-5.970149253731348
3.968253968253972
3.8167938931297742
-5.8823529411764754
5.468750000000004
-4.444444444444448
0.7751937984496131
-1.5384615384615399
-0.7812500000000007
0.7874015748031503
0
-4.687500000000004
0.8196721311475418
0.8130081300813016
0
0.8064516129032265
0
3.200000000000003
0
-1.5503875968992262
-1.5748031496063006
-3.200000000000003
3.3057851239669453
-4.0000000000000036
0.8333333333333341
-0.8264462809917363
4.1666666666666705
-5.600000000000005
1.6949152542372898
0
3.3333333333333366
-2.4193548387096797
2.479338842975209
-2.4193548387096797
-1.6528925619834727
6.722689075630258
2.362204724409451
-2.3076923076923097
2.362204724409451
-4.615384615384619
8.870967741935493
-6.666666666666671
3.1746031746031775
-2.3076923076923097
0
-5.511811023622052
4.1666666666666705
-4.800000000000004
-5.882352941176458
3.5714285714285543
0
0
0.8620689655172422
0
-0.8547008547008556
-1.7241379310344844
0.8771929824561412
-2.608695652173896
0.8928571428571237
4.424778761061951
0.8474576271186449
-5.042016806722693
-0.8849557522123705
-0.8928571428571436
3.6036036036035863
-13.04347826086956
5.000000000000004
-5.714285714285719
-4.040404040404044
3.1578947368421084
2.040816326530614
8.000000000000007
4.629629629629613
-1.7699115044247609
8.108108108108095
1.6666666666666683
10.655737704918042
-10.37037037037038
1.6528925619834727
-2.4390243902439046
0.8333333333333341
0
3.3057851239669453
-3.200000000000003
3.3057851239669453
-3.200000000000003
-0.8264462809917363
1.6666666666666683
-1.6393442622950836
0
0
-1.6666666666666683
1.6949152542372898
-2.500000000000002
2.5641025641025665
-2.500000000000002
0
-1.709401709401711
1.7391304347826104
-0.8547008547008556
1.7241379310344844
1.6949152542372898
0
-0.8333333333333341
-0.8403361344537823
0.8474576271186449
0.8403361344537823
4.1666666666666705
0
-2.400000000000002
-3.278688524590167
1.6949152542372898
0.8333333333333341
0
1.6528925619834727
-2.4390243902439046
0
0.8333333333333341
0.8264462809917363
-1.6393442622950836
-0.8333333333333341
0.8403361344537823
0
-0.8333333333333341
0
0.8403361344537823
-0.8333333333333341
0
0
0
1.6806722689075646
-1.6528925619834727
-1.6806722689075646
0
0.8547008547008556
-4.237288135593224
-4.424778761061932
4.629629629629613
0
-0.8849557522123705
-2.6785714285714306
4.5871559633027355
0
-0.8771929824561412
3.539823008849561
-2.5641025641025665
-1.7543859649122628
2.678571428571411
0
-1.7391304347826104
1.7699115044247804
0
0
0
