-10.760869565217375
3.410475030450662
-11.425206124852775
6.250000000000009
-5.882352941176478
3.7234042553191524
6.025641025641022
4.957678355501816
4.60829493087558
9.030837004405289
0.8080808080808087
5.110220440881761
4.575786463298384
3.7374658158614413
-5.448154657293506
4.925650557620812
0
4.51727192205493
-2.0338983050847474
2.9411764705882337
0
-4.201680672268908
0.1754385964912243
2.977232924693519
-0.5102040816326573
-1.7094017094017033
2.0000000000000036
0
-4.603580562659854
4.468275245755139
-4.277159965782721
-1.6979445933869484
3.0000000000000004
-4.58958517210944
-0.37002775208141464
-2.9712163416898822
1.2440191387559885
-1.7013232514177667
5.288461538461528
0
-0.9132420091324169
0.46082949308756416
-4.22018348623854
0.4789272030651409
1.3346043851286993
-0.7525870178739423
0.6635071090047251
1.2241054613936044
1.023255813953483
-0.27624309392264607
-2.4930747922437635
0
-1.5151515151515165
4.615384615384619
-2.757352941176477
-3.5916824196597426
5.294117647058833
0
-4.189944134078222
-0.777453838678312
0.09794319294808801
0
-4.696673189823879
0.5133470225872581
-0.30643513789580556
2.4590163934426252
-4.0000000000000036
4.1666666666666705
-5.199999999999996
-1.898734177215187
3.1182795698924637
4.275286757038583
-8.699999999999992
4.052573932091995
-7.999999999999997
-0.22883295194507522
4.5871559633027355
-0.5482456140350761
-0.7717750826901906
0
3.555555555555559
1.8240343347639476
-3.2665964172813537
-0.5446623093681802
-1.9715224534501805
0.5586592178771029
-0.5555555555555635
-0.5586592178770831
0.11235955056179535
4.377104377104383
-3.118279569892483
0
-4.994450610432844
4.672897196261686
-5.580357142857142
0.5910165484633443
-4.5828437132785025
3.3251231527093768
-3.3373063170441135
1.972872996300865
1.9347037484885146
4.507710557532631
0.34052213393869873
2.3755656108597383
2.430939226519324
2.4811218985976313
2.421052631578952
0
4.6248715313463435
0.1964636542239644
4.411764705882364
0.4694835680751073
4.485981308411219
4.919499105545624
0
0
4.94458653026428
4.224207961007307
-3.195635229929853
-4.589371980676331
5.316455696202539
0.5608974358974381
-4.541832669322711
-0.751252086811351
-3.784693019343995
-3.846153846153842
9.090909090909092
4.583333333333339
0.3984063745019835
4.920634920634929
0.07564296520423439
0
4.988662131519275
4.9676025917926525
0
4.526748971193417
-8.661417322834648
-3.0172413793103443
4.814814814814817
-3.5335689045936394
2.930402930402933
2.064056939501773
-2.6499302649930194
-4.369627507163332
3.8202247191011223
3.1746031746031838
-5.104895104895108
3.0950626381724384
-3.0736240171551086
-0.8112094395280325
-0.3717472118959029
0
1.7164179104477644
2.7146001467351373
-2.9999999999999996
3.019145802650958
-3.0736240171551086
-3.3185840707964678
3.43249427917621
2.4336283185840712
-2.015838732901376
0.6612784717119755
1.0948905109489078
-3.176895306859202
1.41685309470544
0
0.7352941176470562
-4.379562043795618
2.4427480916030557
-2.011922503725779
0.3041825095056969
3.7907505686125855
-0.14609203798392675
0.7315288953913653
-2.904865649963692
3.964098728496643
-3.956834532374106
-0.6741573033707855
3.3182503770739027
2.11678832116789
-3.8598999285203783
-1.858736059479554
2.4242424242424265
-3.1065088757396446
4.961832061068705
0
0
-1.8181818181818181
0.29629629629629
3.76661742983753
-0.996441281138794
-1.8691588785046713
4.322344322344321
-4.3539325842696694
3.083700440528634
3.205128205128213
-0.6901311249137312
0.5559416261292569
0.4837595024187872
3.713892709766169
-2.320954907161801
4.548540393754243
-2.5324675324675363
-2.3984010659560258
0.477815699658705
-0.8152173913043546
0.2054794520548023
-2.939166097060844
5.000000000000006
2.2803487592219978
-1.57377049180328
-0.06662225183211051
-1.9333333333333276
-3.4670292318151024
5.633802816901413
0.6666666666666643
-0.26490066225165
1.9256308100929558
0.6514657980456003
-1.9417475728155271
3.7623762376237644
2.989821882951658
-2.903026559604698
0
4.707379134860052
0.24301336573511023
4.545454545454546
4.057971014492749
0.5571030640668603
2.216066481994452
2.710027100271003
3.95778364116095
0.7614213197969651
-4.030226700251893
2.887139107611552
-3.0612244897959253
2.368421052631575
-3.856041131105399
3.7433155080213867
-4.381443298969062
7.547169811320747
4.260651629072689
-1.2019230769230769
3.1630170316301633
-2.358490566037736
2.1739130434782576
-1.4184397163120435
-3.597122302158273
7.960199004975112
4.8387096774193585
0
0
0.2197802197802229
-1.9736842105263126
-1.1185682326621924
-4.524886877828054
-0.47393364928910625
-5.0000000000000036
0
-4.761904761904758
0
-4.9999999999999964
4.4321329639889235
-3.978779840848806
0.552486187845292
2.4725274725274686
2.144772117962478
0
4.986876640419943
5
0
5.0000000000000036
-4.535147392290249
1.9002375296912046
-2.5641025641025674
0.4784688995215379
-2.1428571428571397
1.9464720194647132
2.863961813842489
-0.2320185614849221
-1.1627906976744187
1.4117647058823564
2.55220417633411
0.9049773755656075
1.5695067264573894
2.207505518763797
-0.21598272138227714
-0.432900432900439
5.217391304347823
4.752066115702489
0.19723865877710908
3.543307086614182
1.3307984790874443
3.939962476547845
0.9025270758122744
0.17889087656529773
-4.999999999999995
-4.6992481203007515
4.339250493096638
2.079395085066165
-6.851851851851857
-0.5964214711729566
-2
0
4.897959183673467
4.863813229571985
-4.82374768089054
3.50877192982457
1.3182674199623272
4.832713754646843
-1.4184397163120517
4.856115107913661
-0.5145797598627739
4.999999999999998
-9.195402298850576
4.882459312839065
-1.7241379310344827
2.1052631578947416
-3.7800687285223415
-4.464285714285714
8.411214953271028
1.3793103448275814
-0.5102040816326483
-1.8803418803418828
2.6132404181184667
1.5280135823429517
-1.0033444816053416
0.5067567567567519
-1.0084033613445402
1.8675721561969465
-2.833333333333338
1.2006861063464886
-0.6779661016949129
4.6075085324232
-5.546492659053832
2.072538860103632
-4.906937394247037
2.8469750889679615
-1.0380622837370144
-2.27272727272728
1.9677996422182495
3.333333333333331
1.018675721561972
2.5210084033613445
-0.819672131147541
0.16528925619834944
-1.6501650165016502
-2.013422818791951
-1.7123287671232876
-1.9163763066202115
1.2433392539964527
-0.3508771929824611
-0.28169014084506444
2.0480225988700504
-2.110726643598614
2.1562389536938826
-6.1937716262975755
-1.9918849133161165
-2.5216409484380944
-0.540540540540529
-4.464285714285722
-4.997968305566845
10.521813515825496
4.837461300309598
-0.2583979328165385
-3.9600296076980026
-0.34682080924855435
4.988399071925751
-6.077348066298337
-2.901960784313719
1.9386106623586303
-3.724247226624397
-0.2057613168724309
-3.2989690721649514
5.4584221748400905
-1.9409623938536207
6.804123711340201
4.826254826254827
-6.298342541436454
4.75628930817609
-2.926829268292674
-2.01005025125628
-1.3806706114398477
-2
6.897959183673474
3.092783505154634
-1.3333333333333313
-2.327327327327331
3.920061491160644
1.701183431952666
-3.7454545454545496
-1.7755950132225118
-1.8846153846153786
-1.2152097216777822
3.1746031746031775
-2.6923076923076894
2.766798418972329
2.115384615384618
-3.9548022598870083
-1.9607843137254901
-2.200000000000003
0
2.2494887525562404
-3.200000000000003
5.371900826446283
-1.9607843137254901
3.799999999999997
-6.165703275529856
4.312114989733048
-1.1811023622047132
2.5896414342629424
-3.4951456310679556
0.3621730382293757
2.485966319165988
-3.5211267605633747
2.4736415247364127
-2.8492283339928726
0
3.4215885947046836
0.03938558487592757
-2.7165354330708573
0.16187778227437938
-2.2626262626262577
0
7.193054981397264
-5.322020825298877
6.272912423625251
-1.5714833269451902
1.518691588785049
-1.9946298427311069
3.405088062622313
1.059803179409529
-1.7602996254681607
-3.354937094929466
1.4595660749506802
-2.799377916018658
1.2399999999999949
-2.8052153299091165
2.560975609756093
0
-0.9116131589377742
-0.4000000000000057
3.333333333333341
4.547221142635049
-3.53159851301115
6.3583815028901824
-5.869565217391308
-0.30792917628946054
-4.40154440154439
-0.6462035541195482
1.2195121951219396
-3.4136546184738874
11.85031185031184
1.8215613382899702
-2.227090178897406
-2.912621359223305
-6.961538461538457
7.275733774286887
-7.976878612716765
-1.591289782244552
-1.6170212765957404
3.373702422145318
-2.008368200836807
4.440649017933386
-3.6385936222403945
-6.406448875689443
4.941069809610154
1.5118790496760321
-2.255319148936175
