-6.989247311827952
-4.816955684007707
0
-4.655870445344138
-0.21231422505307404
-4.04255319148937
-0.8869179600886926
-4.921700223713641
0
-4.941176470588235
0
-4.950495049504955
0
1.5625000000000016
-6.410256410256411
-4.931506849315061
0
-3.746397694524505
8.982035928143722
3.0219780219780183
0.5333333333333338
4.509283819628645
-7.360406091370559
2.4657534246575428
-7.219251336898395
-4.322766570605197
-0.6024096385542175
0
-4.84848484848484
0
-3.503184713375806
4.620462046204625
-9.148264984227131
-1.0416666666666599
-3.859649122807013
-1.8248175182481847
6.6914498141264
4.181184668989551
0.6688963210702198
4.983388704318949
0
4.746835443037972
0
4.8338368580060465
0
4.899135446685877
-4.3956043956043995
0
-4.5977011494252915
3.91566265060242
-6.376811594202905
1.8575851393188871
-0.30395136778116205
-0.9146341463414576
-3.6923076923076956
3.8338658146964892
-5.846153846153844
-1.6339869281045838
0.33222591362127013
0.6622516556291397
-1.3157894736842117
3.333333333333336
-3.5483870967741895
3.0100334448160484
-4.220779220779217
3.389830508474564
-7.868852459016387
0
-0.7117437722419935
4.659498207885301
-6.506849315068491
0
-2.1978021978021998
4.494382022471914
-8.960573476702509
1.1811023622047168
3.112840466926073
3.3962264150943513
-5.474452554744538
0.38610038610039504
4.2307692307692255
0.3690036900369089
3.308823529411759
2.1352313167259807
-0.6968641114982584
3.1578947368421
-4.081632653061228
2.1276595744680873
-0.6944444444444451
0
1.0489510489510576
-1.3840830449827002
-1.4035087719298258
2.4911032028469693
-2.0833333333333353
1.4184397163120581
-2.0979020979020997
-2.857142857142844
1.102941176470581
-1.454545454545456
2.214022140221404
1.8050541516245424
-0.35460992907800665
0.35587188612098886
-2.4822695035460938
2.5454545454545396
-2.1276595744680873
1.449275362318842
0
2.85714285714286
-3.124999999999995
2.1505376344086042
0
1.7543859649122744
-1.7241379310344767
1.7543859649122744
-2.0689655172413812
0.7042253521126767
-0.3496503496503422
-1.75438596491229
1.42857142857143
2.1126760563380302
-4.1379310344827624
-1.079136690647475
-0.3636363636363559
2.189781021897796
-0.714285714285715
1.7985611510791464
-1.413427561837457
0
-0.3584229390681086
2.158273381294966
-3.1690140845070376
-1.454545454545456
0.7380073800738014
0.7326007326007332
-2.909090909090912
-0.7490636704119857
0
0
0.3773584905660465
3.0075187969924837
-5.1094890510948945
0
-0.38461538461539346
3.0888030888030915
-3.3707865168539275
2.325581395348839
-2.651515151515162
2.7237354085603225
-4.1666666666666785
2.371541501976287
-1.5444015444015458
-0.3921568627450897
0.7874015748031503
-0.390625000000009
0
4.705882352941181
-4.494382022471914
0
-0.7843137254901968
0.7905138339920956
-1.5686274509803937
0
-1.1952191235059684
0.8064516129032265
1.1999999999999922
2.7667984189723436
-4.615384615384619
2.0161290322580574
-1.9762845849802302
-1.2096774193548308
1.2244897959183594
1.612903225806453
-0.7936507936507944
1.999999999999993
-1.9607843137254835
3.200000000000003
1.162790697674411
3.4482758620689773
6.296296296296293
9.059233449477345
0.6389776357827482
4.761904761904759
0
4.848484848484853
-1.1560693641618507
-2.0467836257309897
-2.985074626865674
-4.923076923076928
0
-4.854368932038832
0
-4.761904761904766
2.50000000000001
-1.0452961672473955
-3.1690140845070376
3.2727272727272676
-1.760563380281684
2.1505376344086042
0
1.4035087719298258
-2.7681660899654004
0
-2.4911032028469693
-1.4598540145985412
-1.4814814814814827
1.5037593984962419
3.3333333333333277
3.225806451612898
-1.0416666666666599
-1.75438596491229
-2.142857142857129
1.459854014598525
-0.3597122302158197
3.610108303249101
-4.181184668989551
0
0.3636363636363559
1.8115942028985605
-3.9145907473309562
1.4814814814814827
0
3.649635036496337
-1.4084507042253533
-0.35714285714284955
-1.7921146953404954
0.3649635036496272
0.727272727272728
-0.7220216606498201
2.181818181818184
-2.1352313167259807
-1.0909090909090837
1.102941176470581
-0.3636363636363559
0
-0.3649635036496434
4.029304029304025
-3.873239436619714
2.564102564102558
-1.7857142857142796
2.181818181818184
-1.7793594306049916
1.0869565217391395
-1.07526881720431
1.449275362318842
-3.571428571428559
2.962962962962949
-2.15827338129495
-0.7352941176470594
0
2.5925925925925863
-2.8880866425992804
3.345724907063192
-5.395683453237408
1.9011406844106566
-8.582089552238806
0
0.40816326530611374
0
-1.2195121951219432
4.938271604938257
-3.921568627450967
-1.6326530612244912
4.149377593360981
-0.3984063745019836
-3.200000000000003
-0.8264462809917363
0
0
6.2499999999999964
3.9215686274509842
-6.037735849056593
-1.2048192771084436
1.6260162601626031
3.5999999999999943
-3.4749034749034697
4.399999999999995
-3.4482758620689604
3.968253968253972
-3.053435114503819
2.362204724409451
-5.769230769230766
3.673469387755096
-3.5433070866141674
2.0408163265306047
-1.999999999999993
3.265306122448964
-5.533596837944652
4.6025104602510405
-4.800000000000004
2.9411764705882475
-1.2244897959183774
2.0661157024793497
-2.4291497975708523
2.4896265560165998
-0.809716599190284
1.6326530612244912
-1.6064257028112463
2.0408163265306047
-2.400000000000002
0.40983606557377994
0
0.8163265306122456
-3.643724696356287
-3.361344537815129
1.7391304347826104
0.42735042735043727
-0.8510638297872347
2.5751072961373414
-2.928870292887041
2.5862068965517264
-1.6806722689075646
2.5641025641025665
-3.7499999999999942
-0.4329004329004429
1.3043478260869674
-0.858369098712447
-0.4329004329004429
2.1739130434782727
-0.42553191489362685
-1.709401709401711
-5.217391304347812
0
-0.9174311926605512
0
4.16666666666666
4.444444444444448
-5.531914893617016
1.3513513513513424
2.2222222222222143
0
-4.347826086956506
8.181818181818167
-8.403361344537803
2.7522935779816535
-0.8928571428571436
3.153153153153146
-4.36681222707424
0
-1.8264840182648419
1.395348837209314
-2.7522935779816535
-1.8867924528301903
0.4807692307692205
-1.4354066985645841
0
0
-0.9708737864077678
0.4901960784313621
-2.439024390243894
0.49999999999998934
-2.4875621890547177
-1.5306122448979607
20.20725388601036
3.448275862068969
1.6666666666666683
3.278688524590167
-4.761904761904766
-7.4999999999999885
9.009009009008995
-0.8264462809917363
-2.083333333333326
0.4255319148936079
-1.2711864406779578
-3.433476394849788
-1.3333333333333246
8.558558558558554
-6.639004149377599
5.777777777777773
-5.882352941176458
4.910714285714279
-6.382978723404252
4.545454545454529
-3.0434782608695583
0.896860986547086
3.111111111111104
-0.8620689655172422
2.1739130434782727
5.106382978723409
-2.834008097166003
0.4166666666666763
-4.5643153526971085
0
0.43478260869566226
-0.4329004329004429
-2.608695652173896
2.678571428571411
-4.347826086956506
-6.363636363636369
5.3398058252427125
3.6866359447004644
0.444444444444435
-0.4424778761061853
2.666666666666669
3.89610389610389
-1.249999999999992
0
1.2658227848101182
2.500000000000002
-2.4390243902439046
2.9166666666666785
-5.263157894736855
2.1367521367521483
-2.510460251046027
1.716738197424894
-2.531645569620255
1.7316017316017331
-0.8510638297872347
1.2875536480686611
0
0.8474576271186449
0
2.5210084033613467
-1.6393442622950836
1.6666666666666683
-0.4098360655737618
1.6460905349794253
-2.024291497975719
1.2396694214876136
-2.040816326530623
1.2500000000000104
-0.4115226337448654
0.41322314049587733
-0.4115226337448654
0.8264462809917363
-0.8196721311475418
3.3057851239669453
-1.999999999999993
1.6326530612244912
2.0080321285140488
0.7874015748031503
18.75
8.881578947368421
9.969788519637465
1.0989010989010999
-10.869565217391314
-7.01219512195122
-2.9508196721311433
3.3783783783783816
6.209150326797383
3.999999999999997
-2.66272189349112
0
-1.2158054711246211
-1.538461538461533
0
0
-1.5625000000000082
3.1746031746031775
-3.999999999999997
4.166666666666663
-4.615384615384612
1.9354838709677435
-5.379746835443036
1.3377926421404545
-4.620462046204611
4.498269896193768
-1.986754966887419
1.3513513513513526
-0.6666666666666673
2.0134228187919483
-0.9868421052631661
-1.6611295681063065
1.6891891891891833
1.6611295681063212
-1.6339869281045838
0
-1.3289036544850363
