7.42101396032329
0
-0.3419972640218806
-3.9121482498284164
-1.071428571428574
-2.527075812274366
-2.5185185185185173
-1.2158054711246211
-0.7692307692307665
3.7209302325581426
-5.530642750373694
4.0348101265822764
-1.0646387832699662
2.6133743274404293
-3.2209737827715337
2.167182662538695
2.7272727272727364
4.4985250737463085
0.2822865208186374
-1.477832512315277
-2.7142857142857197
2.0558002936857647
-6.258992805755403
-0.9976976208748964
0.8527131782945692
-3.8431975403535743
3.0375699440447703
4.965089216446849
0
4.951958610495196
0
5.000000000000006
-8.249496981891351
3.581871345029241
-3.5285815102328866
-1.8288222384784198
3.5767511177347275
0
-0.2877697841726685
1.0101010101010142
-3.0714285714285694
2.9476787030213734
0.14316392269147868
3.502501786990709
-3.314917127071826
0
0.4285714285714321
-1.9914651493598943
2.0319303338171344
1.3513513513513478
-2.8070175438596516
-0.722021660649817
-1.6000000000000048
-1.6999260901699826
2.4812030075187974
0
0.07336757153338068
-0.8797653958944354
-1.0355029585798727
0.14947683109117768
0.2238805970149206
2.010424422933727
-0.802919708029193
2.207505518763802
-2.6637868970482432
-0.14792899408283708
0.44444444444444814
1.696165191740403
-3.1907179115300908
1.8726591760299627
-3.0882352941176467
-1.3657056145675244
0.6923076923076912
-2.0626432391138243
3.1201248049922023
-1.6641452344931968
3.461538461538456
-4.981412639405205
0.704225352112675
-0.5439005439005323
1.0156249999999922
2.70688321732405
-3.5391566265060157
-0.07806401249024034
1.953125
-0.7662835249042254
2.316602316602322
0.7547169811320728
-1.8726591760299627
-1.8320610687022918
-1.0886469673405816
2.908805031446535
-1.604278074866303
0.15527950310558675
-0.3875968992248117
0.3112840466926142
0.155159038013961
2.0139426800929496
-2.9612756264236944
0.15649452269171635
1.7968749999999893
-1.7651573292402045
1.7187499999999911
-1.5360983102918533
0.7800312012480471
1.7801857585139351
-0.4562737642585589
1.757066462948819
-1.7267267267267299
-1.3750954927425494
2.7885360185902357
-0.527505651846272
5.530303030303034
4.9533381191672605
0
4.993160054719565
0
4.9511400651465785
0
4.965859714463071
0
4.967474866942637
-3.887323943661979
-4.806565064478314
-0.1231527093596033
-1.6029593094944392
3.8847117794486055
2.23160434258143
2.6548672566371643
4.425287356321857
0.5503577325261302
4.980842911877396
0
4.223149113660056
0.7003501750875467
1.838052657724794
-6.682926829268299
-4.96602195504443
1.4301430143014389
0.5965292841648558
4.366576819407001
4.958677685950418
-4.232283464566926
-1.8499486125385376
-0.7329842931937202
1.002109704641338
-0.7832898172323686
-4.210526315789477
5.219780219780216
0
-1.5665796344647371
-1.8567639257294504
4.324324324324328
-0.25906735751295706
-2.5974025974025974
-1.3333333333333333
0
-2.1621621621621543
0.552486187845292
-1.9230769230769114
-3.0812324929972026
-1.7341040462427786
-3.235294117647063
-2.127659574468072
-1.5527950310559115
-1.8927444794952615
6.752411575562705
4.819277108433718
0
4.5977011494252915
-4.120879120879121
3.1518624641833854
-4.444444444444448
1.7441860465116321
0.5714285714285795
-2.840909090909091
-0.5847953216374352
-1.7647058823529453
1.796407185628747
2.058823529411773
-2.0172910662824286
-1.7647058823529453
1.796407185628747
-2.9411764705882355
8.18181818181819
4.761904761904749
0
0
-1.8716577540106838
-1.9073569482288903
-0.8333333333333255
-0.5602240896358622
-3.943661971830982
-0.29325513196481356
-2.9411764705882355
4.242424242424238
-6.395348837209291
-1.242236024844727
4.08805031446541
2.1148036253776303
-3.8461538461538383
-2.7692307692307647
2.215189873417708
-1.857585139318879
-0.3154574132492046
-0.9493670886075971
-3.514376996805116
-3.6423841059602577
3.4364261168384878
-0.3322259136212672
1.3333333333333286
0
4.934210526315789
3.44827586206897
-4.545454545454546
0.9523809523809547
-5.031446540880507
-3.6423841059602577
6.185567010309268
0
-1.6181229773462784
0
-1.315789473684206
-2.333333333333331
2.047781569965863
1.0033444816053536
-0.6622516556291367
1.2666666666666633
-1.8433179723502262
0.6036217303822928
2.333333333333331
0.9771986970684062
-1.2903225806451568
-3.2679738562091503
3.851351351351341
-1.6265452179570592
2.579365079365083
-0.06447453255963757
0.19354838709677008
3.026400515132007
1.1249999999999982
1.915945611866494
-4.063068526379613
3.0341340075853376
-1.7177914110429517
2.933832709113601
-2.5469981807155744
-0.4355942750466726
-1.5625
-1.5873015873015872
0.3870967741935516
-0.38560411311054305
0.06451612903225669
-0.6447453255963872
-1.9467878001297905
2.9781601588352156
-6.29820051413882
0.13717421124828238
-4.109589041095888
-4.999999999999995
8.796992481203008
2.9716655148583255
-2.8187919463087243
0.138121546961323
-1.9999999999999942
-1.477832512315277
1.071428571428574
0.42402826855124026
-1.0555946516537673
2.7738264580369756
2.145328719723187
0
1.4227642276422823
0.13360053440213476
-0.6671114076050677
-2.2834116856950963
2.405498281786939
0.6040268456375829
-2.935290193462305
3.092783505154634
1.7999999999999972
4.780615586116571
-3.874999999999995
0.6501950585175529
-0.7105943152454858
0.06506180871829254
-0.19505851755527395
-2.9315960912052073
1.2080536912751658
2.785145888594164
-5.612903225806446
2.187286397812703
-1.1371237458193977
-0.06765899864681858
-1.8280297901150953
0
-1.2413793103448256
-1.8156424581005572
2.9871977240398286
0
-2.6933701657458604
-0.638750887154009
0.7142857142857117
2.8368794326241162
-4.137931034482756
-2.8776978417266212
0
0
-3.555555555555559
1.9969278033794147
-0.677710843373493
4.624715693707364
-8.840579710144931
-3.65659777424484
2.145214521452158
-0.8885298869143877
0.7334963325183362
-0.8899676375404485
1.5510204081632613
2.0900321543408342
-2.0472440944881876
-2.652733118971062
0.6606110652353433
0.08203445447087603
1.475409836065586
0
-1.3731825525040382
-1.7199017199017268
2.0833333333333335
0
-0.40816326530612823
4.836065573770491
-7.505863956215787
3.127641589180044
-6.393442622950816
4.5534150612959685
-6.197654941373537
1.7857142857142954
-4.824561403508778
4.976958525345631
-2.8972783143107996
-1.8083182640144762
-2.0257826887661037
1.973684210526307
-4.239631336405521
4.908565928777668
-0.8256880733944941
1.29509713228491
3.6529680365296837
4.845814977973575
-6.638655462184881
4.950495049504958
0
4.116638078902233
-3.3772652388797373
-1.8755328218243874
5.386620330147706
1.401483924154987
-3.6585365853658622
-2.109704641350211
3.1896551724138016
-0.5847953216374292
0.8403361344537785
0
0.5833333333333357
-0.5799502899751473
-3.916666666666672
-0.17346053772766326
-3.5621198957428337
4.504504504504505
-1.1206896551724053
2.0052310374890903
-0.5982905982905856
-1.1177987962166875
-1.9130434782608752
-0.7092198581560291
0.3571428571428654
2.313167259786475
-3.4782608695652204
4.504504504504505
0.4310344827586268
2.489270386266087
-3.6850921273031787
3.4782608695652204
-3.529411764705882
-1.1324041811846757
4.1409691629956
-3.9763113367174334
-0.4405286343612241
-3.9823008849557615
8.57142857142857
0
-2.5466893039049148
4.96515679442509
0
4.564315352697086
0.39682539682540247
4.901185770750982
0.07535795026375122
4.668674698795188
-5.683453237410078
-2.364607170099151
0.3906249999999917
-2.7237354085603087
12.079999999999998
4.211277658815131
0.6849315068493127
-1.7006802721088436
0.34602076124567965
-3.4482758620689653
2.85714285714286
-1.7361111111111112
5.300353356890459
-3.3557046979865772
-1.1805555555555551
-0.07027406886858599
1.898734177215187
-2.0703933747412058
-2.536997885835091
-2.3861171366594367
6.888888888888887
0.13860013860013565
-3.391003460207602
3.5100286532951177
0.8304498269896263
-1.5099519560741292
-0.9756097560975526
2.74454609429978
-5.479452054794513
3.260869565217386
-4.701754385964913
3.829160530191455
-4.964539007092194
0
-1.4925373134328437
0
-1.8181818181818064
-1.234567901234569
0.3906249999999917
0
-2.3346303501945442
2.9482071713147344
-0.23219814241485573
-1.9394879751745537
6.962025316455688
-0.07396449704141854
-4.885270170244264
-0.3891050583657505
0.46874999999999
0
0.4665629860031143
0.23219814241485573
-4.015444015444013
-1.8503620273531813
0
-1.4754098360655716
0.08319467554076362
-0.24937655860348598
-3.4999999999999996
1.8134715025906656
-2.7141645462256023
-0.5231037489102048
-0.43821209465381866
3.345070422535218
-3.0664395229982917
1.845342706502628
0.17256255392579442
-0.9474590869939659
5.73913043478261
2.796052631578946
-5.760000000000004
-1.4431239388794561
-0.5167958656330639
-1.7316017316017407
6.784140969162992
