-1.2797074954296213
-2.59259259259259
-4.3726235741444945
1.789264413518898
7.617187499999997
-0.18148820326679024
-5.272727272727271
5.566218809980803
-4.000000000000005
1.5151515151515234
5.597014925373134
11.660777385159012
-9.177215189873424
1.9163763066202115
-2.5641025641025643
1.5789473684210502
-3.2815198618307404
7.142857142857143
-7.5
-0.9009009009009009
0.3636363636363688
0.18115942028984477
-4.159132007233268
-0.18867924528302155
2.6465028355387497
0
-0.18416206261509083
0.1845018450184397
-1.4732965009208052
10.093457943925232
-9.33786078098472
2.2471910112359605
-4.0293040293040345
1.7175572519083944
-2.8142589118198877
0.5791505791505874
-0.9596928982725528
0
-1.3565891472868272
0.9823182711198428
-3.307392996108941
1.4084507042253434
-0.9920634920634921
-0.20040080160320928
-0.8032128514056197
1.4170040485830018
-2.5948103792415256
-0.20491803278687362
0.4106776180698064
0.6134969325153462
1.2195121951219396
0.8032128514056339
-1.5936254980079765
1.214574898785428
-1.7999999999999972
0.81466395112016
-2.6262626262626205
0.6224066390041434
-1.6494845360824684
-1.0482180293501047
-0.211864406779664
0.8492569002123111
3.999999999999997
3.2388663967611366
-1.7647058823529385
2.3952095808383147
-4.483430799220268
0
0.40816326530612823
-1.219512195121954
0.823045267489709
-2.0408163265306123
0.41666666666667257
-3.3195020746887995
5.793991416309003
3.4482758620689715
-3.333333333333339
0.40567951318458995
-0.8080808080808052
1.8329938900203637
1.2000000000000028
-1.7786561264822105
0.8048289738430554
2.5948103792415114
-2.1400778210116758
2.9821073558648115
-4.826254826254827
4.665314401622727
-6.201550387596905
-0.8264462809917327
-0.8333333333333304
-1.2605042016806751
5.957446808510633
-1.4056224899598309
1.4256619144602765
-2.4096385542168592
3.2921810699588505
-3.98406374501992
4.771784232365139
0.5940594059405885
-0.5905511811023566
-0.9900990099009901
1
2.5742574257425686
-1.7374517374517349
0.19646365422397136
0.3921568627451036
0.7812499999999972
9.49612403100775
0
0
-2.3008849557522075
0.36231884057970243
0
-0.36101083032490205
4.347826086956519
-3.4722222222222223
2.5179856115107886
-3.333333333333331
-1.9963702359346667
-0.5555555555555503
-0.18621973929236763
-1.6791044776119377
5.123339658444014
-5.054151624548732
0
-0.7604562737642558
3.0651340996168472
-2.973977695167276
-3.4482758620689733
2.579365079365088
-0.7736943907156782
0
0.9746588693957116
-3.6679536679536655
-0.20040080160320928
-3.0120481927710845
-1.449275362318832
1.2605042016806751
-1.2448132780083017
1.050420168067227
2.079002079002079
-3.2586558044806546
-0.631578947368415
1.059322033898305
0
-1.2578616352201286
3.821656050955408
-2.862985685071572
5.0526315789473655
-4.609218436873742
0.42016806722688177
0.20920502092050508
-5.845511482254691
3.7694013303769305
1.0683760683760684
-2.3255813953488254
-0.2164502164502195
-0.21691973969631545
0.4347826086956584
-1.5151515151515211
2.4175824175824205
-3.004291845493559
0.4424778761061852
-1.9823788546255476
-0.8988764044943788
3.401360544217687
1.0964912280701753
-1.5184381778741927
-0.22026431718061987
-1.5452538631346486
2.4663677130044874
-3.501094091903723
2.72108843537414
0
0.8830022075055314
-1.0940919037199124
-0.22123893805310046
0.6651884700665125
-1.5418502202643078
1.1185682326621924
-1.9911504424778885
0.9029345372460625
0.4474272930648674
-1.336302895322943
1.1286681715575622
4.241071428571441
1.2847965738757907
0.6342494714587829
-0.4201680672268967
-0.2109704641350241
2.536997885835101
-3.711340206185561
0
0.4282655246252585
-0.4264392324093726
-0.8565310492505475
2.807775377969772
-2.731092436974799
-6.69546436285096
5.324074074074067
-0.2197802197802229
-0.22026431718061987
-1.5452538631346486
2.690582959641246
0.2183406113537149
-1.9607843137254872
-1.3333333333333366
0
0.45045045045045684
-1.7937219730941798
-0.45662100456620036
0.6880733944954063
3.8724373576309863
-0.8771929824561372
3.0973451327433597
-3.2188841201716736
1.9955654101995532
-1.9565217391304317
-1.9955654101995532
2.714932126696823
1.9823788546255476
-2.1598272138228944
1.1037527593818985
-1.091703056768559
-1.9867549668874143
0.45045045045045684
-1.1210762331838564
0.9070294784580466
2.0224719101123565
-0.8810572687224638
1.1111111111111112
-1.098901098901099
0
0.22222222222222537
0.4434589800443364
-0.22075055187636716
1.1061946902654867
-3.282275711159737
-1.3574660633484195
2.522935779816517
0.8948545861297507
-2.2172949002217295
0.45351473922901525
-0.2257336343114996
1.1312217194570136
-2.4608501118568262
2.293577981651376
-1.5695067264574054
-0.911161731207286
0
-1.1494252873563218
-0.46511627906977404
2.336448598130841
-4.794520547945193
-2.398081534772182
-1.4742014742014775
-0.2493765586034948
-5
-3.9473684210526314
16.16438356164383
0.4716981132075539
-1.4084507042253553
0
-1.428571428571432
-0.2415458937198102
2.1791767554479557
0.4739336492890894
0.23584905660377695
2.8235294117647127
-2.9748283752860507
-3.301886792452827
4.634146341463411
0
-0.9324009324009291
1.882352941176464
-2.0785219399538075
0
-0.47169811320753713
3.554502369668246
-4.1189931350114515
2.147971360381858
-3.037383177570087
3.6144578313253013
-2.3255813953488373
3.5714285714285716
-2.528735632183911
-2.830188679245273
2.184466019417472
-0.7125890736342144
-0.9569377990430589
0.9661835748792237
-1.9138755980861177
-0.9756097560975575
1.4778325123152745
-1.9417475728155442
1.2376237623762376
-0.24449877750611596
0.24509803921568976
2.689486552567241
-3.33333333333333
0
-1.2315270935960592
0
-0.7481296758104844
-2.512562814070352
-0.7731958762886525
0
-1.2987012987012987
3.684210526315786
-3.299492385786795
-1.8372703412073565
8.823529411764719
4.914004914004914
-0.7025761124121879
0.7075471698113308
-2.34192037470726
0.7194244604316478
-1.428571428571432
-2.6570048309178778
4.962779156327544
3.3096926713948127
-3.203661327231134
1.8912529550827526
-4.176334106728548
0
-4.842615012106537
0.5089058524173101
0.7594936708860688
3.0150753768844294
-5.609756097560969
2.0671834625322925
-2.784810126582282
2.604166666666667
-1.2690355329949239
-4.627249357326471
4.8517520215633345
2.3136246786632353
1.256281407035176
6.45161290322581
-7.459207459207449
-2.0151133501259553
2.05655526992289
3.778337531486146
-4.368932038834961
0.5076142131979767
-4.2929292929293
3.95778364116095
-3.0456852791878064
3.403141361256537
-2.784810126582282
2.5520833333333437
-1.2696800406297613
0.30864197530863535
-1.2820512820512822
16.883116883116884
-14.399999999999993
0
0.36344755970922493
-0.15519917227106875
0.051813471502580366
4.557224236147087
-5.646359583952454
-0.2624671916010536
0.2105263157894692
-3.623949579831921
2.779291553133504
1.325556733828208
-1.5698587127158594
0.2658160552897433
2.1739130434782616
-5.033731188375707
2.896174863387965
18.693574083908675
-15.480984340044747
-1.6940179989412403
-2.3155627355950443
-1.9294377067254764
-0.8431703204047138
0
2.4376417233560073
3.7631433314886538
-4.853333333333334
0.896860986547086
-3.888888888888885
17.919075144508657
-17.05882352941175
0.47281323877067544
-2.4117647058823537
0.12055455093429521
2.2877784467188382
-0.5297233666862853
-2.66272189349112
0
7.720364741641335
-2.990970654627526
5.875509016870262
-1.098901098901095
5.99999999999999
-0.9433962264150929
0.2645502645502683
1.0026385224274474
-2.5078369905956133
0.42872454448016234
0.693703308431177
4.557498675145731
-2.5848960973137434
-1.9250780437044612
0.26525198938990535
-3.7037037037037
4.890109890109893
0.7333682556312235
-0.20800832033280886
-0.46899426784783665
-0.6806282722513223
4.533473906167631
-4.689863842662631
4.550264550264567
-4.554655870445354
4.559915164369032
-3.4482758620689644
-1.5231092436974747
1.226666666666669
0.8956796628029408
-2.1409921671018286
4.535752401280691
3.9305768249106667
4.125736738703339
-3.301886792452827
-1.951219512195115
0.8955223880597
-9.516765285996053
6.75749318801089
0.5615109749872355
-1.624365482233504
-0.5159958720330128
1.0373443983402453
1.8993839835729003
-2.4181360201511355
0.15487867836859878
-2.2164948453608235
0.8434370057986302
-1.5682174594877194
0
-1.6463090812533125
2.5917926565874754
-2.894736842105267
-0.27100271002710413
1.521739130434789
4.49678800856531
-5.0204918032786905
0.8629989212513492
-1.443850267379677
0.8138903960933184
2.960172228202372
-1.4113957135389419
0.8483563096500538
2.5236593059936934
-3.282051282051285
-2.1739130434782616
1.6802168021680342
0.42643923240937254
-1.645435244161352
1.0253642741500146
-1.976495726495713
-0.16348773841962472
1.1462882096069915
0.05396654074472752
-2.588996763754048
-0.3322259136212554
-0.27777777777778173
0.27855153203343014
-0.3333333333333262
4.515050167224072
-4.160000000000006
