0
-4.982817869415817
0
-4.882459312839051
0
-4.9429657794676825
0
-5
0
-4.8421052631578885
0
-2.654867256637174
7.727272727272725
-0.4219409282700332
5.296610169491525
-1.6096579476861252
-0.6134969325153317
2.674897119341558
-2.0040080160320644
-3.4764826175869032
3.389830508474564
-1.8442622950819645
-0.8350730688935253
-2.7368421052631517
5.844155844155834
-3.2719836400818028
1.9027484143763336
1.2448132780082868
-0.4098360655737618
-3.0864197530864197
6.581740976645437
3.3864541832669235
1.5414258188824745
4.743833017077798
-0.18115942028985763
3.8112522686025434
1.048951048951039
1.9031141868512136
-5.942275042444822
-4.512635379061372
-0.1890359168241993
-4.166666666666659
1.976284584980237
-1.937984496124031
2.3715415019762762
0
1.3513513513513569
2.095238095238098
-1.8656716417910448
-2.8517110266159693
1.3698630136986218
2.7027027027027137
-1.3157894736842157
0.5714285714285661
-2.272727272727265
-2.9069767441860463
2.1956087824351327
-3.3203125000000053
1.0101010101010102
-2.5999999999999943
1.2320328542094339
-1.825557809330626
2.2727272727272756
4.040404040404041
-1.3592233009708794
-1.5748031496062938
0.5999999999999943
-0.5964214711729566
-1.5999999999999943
0
0
0
-2.439024390243908
3.125
-0.2020202020202049
3.0364372469635628
-4.518664047151272
-1.6460905349794326
1.8828451882845307
1.2320328542094339
-3.448275862068957
-1.050420168067227
1.910828025477704
0
-1.2500000000000029
-0.8438818565400814
1.9148936170212736
-3.549060542797486
2.3809523809523685
-0.21141649048624592
-0.423728813559328
0
-1.276595744680854
-0.8620689655172383
-0.2173913043478292
0
1.525054466230943
-1.5021459227467873
-0.21786492374727978
-1.9650655021834031
0.8908685968819567
-0.22075055187636716
-1.7699115044247882
-2.7027027027026933
3.935185185185175
-0.22271714922049315
0.6696428571428668
-0.2217294900221761
1.3333333333333366
0.657894736842099
0
2.396514161220047
-2.9787234042553163
2.8508771929824497
-1.9189765458422146
0
-1.3043478260869596
2.4229074889867874
-5.376344086021505
3.1818181818181785
-2.8634361233480115
0
-0.680272108843547
3.4246575342465757
-7.284768211920524
0
-4.52380952380952
0
4.987531172069826
4.988123515439433
-0.9049773755656236
0.45662100456621657
-0.454545454545461
0
-2.5114155251141423
-4.68384074941452
2.457002457002457
4.0767386091127
-3.456221198156682
2.3866348448687353
-1.8648018648018583
-1.187648456057007
-2.8846153846153912
-0.9900990099009866
0.9999999999999964
-0.9900990099009866
0
0
0.7499999999999929
0.2481389578163807
1.4851485148514887
0.4878048780487874
-1.4563106796116538
0.24630541871921532
-0.49140049140049835
2.2222222222222188
-0.9661835748792237
-2.4390243902439024
0.5000000000000071
1.7412935323382976
-3.6674816625916873
-0.5076142131979587
-0.5102040816326603
-1.538461538461542
0.7812500000000111
-1.8087855297157696
-2.894736842105267
0.5420054200542083
-4.0431266846361185
0.8426966292134751
-0.27855153203343014
5.307262569832418
-4.24403183023873
-0.2770083102493114
0.5555555555555635
1.9337016574585517
-2.9810298102981068
-1.9553072625698207
1.7094017094017133
0.28011204481791124
0.8379888268156545
-0.2770083102493114
-1.6666666666666705
1.1299435028248548
2.5139664804469435
-1.9073569482288903
0.8333333333333255
-1.9283746556473713
1.9662921348314486
2.203856749311307
0
-2.4258760107816673
2.762430939226519
-1.6129032258064553
4.371584699453556
8.376963350785328
-3.6231884057971016
7.2681704260651605
-7.009345794392524
0.5025125628140775
1.750000000000007
3.194103194103187
-8.571428571428575
2.604166666666667
1.0152284263959355
2.261306532663331
-2.948402948402955
-3.037974683544311
3.6553524804177697
0.755667506297222
1.750000000000007
2.2113022113022076
0.9615384615384581
-4.52380952380952
5.2369077306733205
0.23696682464453628
1.4184397163120601
0.9324009324009291
2.078521939953824
-4.977375565610866
5.714285714285711
1.1261261261261262
2.895322939866379
0.8658008658008627
2.7896995708154444
2.0876826722338206
3.476482617586918
-0.9881422924901185
3.592814371257479
-2.119460500963394
-0.984251968503937
0.39761431411531384
-0.9900990099009901
-2.4000000000000057
1.639344262295091
-2.4193548387096833
0.8264462809917327
1.844262295081979
-4.0241448692152915
-6.498951781970652
2.91479820627802
-3.2679738562091503
3.8288288288288355
-1.9522776572668081
2.2123893805309733
5.844155844155834
-4.498977505112466
0
0.8565310492505323
0
-1.0615711252653928
-1.2875536480686725
0.2173913043478292
0.21691973969631545
-2.1645021645021645
1.7699115044247724
-4.3478260869565215
-1.8181818181818117
-8.333333333333336
7.070707070707063
-9.66981132075472
7.049608355091392
-4.634146341463411
0
-1.790281329923281
-0.2604166666666704
1.5665796344647558
-0.7712082262210724
1.0362694300518098
-1.7948717948718023
3.6553524804177697
3.022670025188906
-3.4229828850855712
3.291139240506322
-1.9607843137254835
2.5
-3.170731707317066
0
2.7707808564231593
0.4901960784313795
-2.682926829268296
1.754385964912288
0.9852216748768438
-1.951219512195115
0.9950248756218869
-0.24630541871921532
0.7407407407407337
2.2058823529411904
-2.398081534772182
-3.1941031941032043
5.0761421319796955
0
1.2077294685990339
2.625298329355612
-2.7906976744186114
0.4784688995215379
-2.380952380952381
-1.951219512195115
1.9900497512437738
3.170731707317066
3.0732860520094665
3.2110091743119233
2.666666666666673
-1.2987012987013018
9.210526315789464
4.41767068273093
-2.4999999999999947
-0.9861932938856015
1.1952191235059646
2.3622047244094544
0.5769230769230714
-2.294455066921598
1.3698630136986218
-1.9305019305019306
0.5905511811023706
0
0.39138943248531455
-0.5847953216374214
1.3725490196078487
-1.1605415860735036
-0.1956947162426642
0.1960784313725518
0.1956947162426642
1.171874999999989
-5.4054054054054
2.65306122448979
-4.771371769383696
-3.966597077244256
-0.8695652173913012
3.5087719298245643
-5.084745762711876
4.910714285714293
0
3.4042553191489393
1.440329218106987
-3.853955375253547
7.805907172995787
1.7612524461839503
-3.0769230769230798
0
-0.39682539682538837
-0.3984063745019977
2.200000000000003
0
-1.9569471624266144
3.792415169660676
-3.0769230769230798
-0.7936507936507908
-4
0
2.5000000000000058
-4.837398373983745
3.5882101665954713
-1.0309278350515463
-2.0833333333333335
-1.9148936170212736
1.5184381778741773
-2.0085470085470036
3.794156127344095
-1.050420168067227
0.6369426751592296
0.8438818565400814
-0.8368200836820054
0
0
-4.430379746835446
3.2671081677704286
4.318084651560487
-3.688524590163929
4.25531914893617
-7.387755102040812
-0.08814455707359882
3.573003970004405
2.214650766609879
-0.20833333333333628
-3.966597077244256
3.0000000000000058
-4.136766568172226
9.423161602818144
4.989939637826955
-4.484476811038705
-4.8154093097913435
2.403035413153458
-1.1939069575957149
0.8333333333333304
-0.8677685950413259
0.8336807002918002
-4.423315419594875
6.228373702422135
-0.48859934853419157
-3.150572831423893
-2.40811153358682
2.294372294372284
-2.2429115531104427
2.943722943722942
-2.018502943650128
1.1158798283261717
-3.1833616298811545
0.3068829460762836
-0.3496503496503422
0.657894736842099
-3.442265795206968
1.2184115523465684
0.4904146232724005
-1.0647737355811822
2.242152466367713
-2.280701754385963
-0.6732495511669754
0.6326253953908747
-2.4696901661427964
2.3480662983425487
-2.789023841655425
4.812586765386391
-2.8697571743929298
-0.9090909090909058
2.0642201834862353
1.5730337078651748
1.725663716814146
-2.305350152240094
0.48975957257346137
-2.9242357111209576
1.7800091282519424
-0.7623318385650301
0
-0.22593764121102897
-2.5815217391304204
0.836820083682007
-4.794836330106052
5.569007263922529
0.32110091743119396
-3.5208047553726547
-2.7488151658767856
4.483430799220281
0
-1.5858208955223874
-0.47393364928910625
-1.47619047619047
-0.048332527791211034
1.547388781431336
1.6666666666666734
-2.4824355971897005
-1.4889529298751139
1.9502681618722504
0
-2.7737924438068
3.049680275454998
-1.2410501193317327
-1.8849685838569383
1.527093596059107
-1.989325570111597
3.168316831683171
0.7197696737044078
0
-3.1919961886612587
3.2480314960629926
-2.001906577693049
0.5350194552529328
2.080309627479437
-2.7488151658767856
2.0955165692007784
-2.147971360381858
-0.2439024390243937
0.2933985330073461
-1.9990248659190644
4.378109452736314
0.09532888465204754
-3.428571428571423
2.071005917159754
-5.65217391304347
