4.413145539906106
-2.8327338129496455
0.647848218417402
2.9885057471264367
-5.22321428571428
0
-0.8007536504945911
4.226020892687562
-4.2369020501139
8.420551855375841
2.632733655111891
6.028217186831977
-6.612903225806454
2.0293609671848087
-5.628438425730009
2.242152466367713
-4.166666666666667
-0.6864988558352403
1.152073732718894
-2.5056947608200457
1.0747663551401923
2.542764678687009
-1.983769161406675
-2.943882244710214
-1.2796208530805633
-0.9121459433509388
3.633720930232558
9.303412809724172
-7.613344739093247
0.09259259259258733
3.1452358926919572
0
-1.345291479820628
4.363636363636361
-3.963414634146339
-2.67573696145125
1.6309412861137
4.034846400733613
0.04407227853679785
0.44052863436123346
-1.491228070175441
5.8771148708815755
-1.3036164844407159
-5.581593523647207
1.8050541516245489
4.432624113475177
-0.8488964346349746
2.696917808219183
0.08336807002917408
7.455226988754688
-2.868217054263568
6.145251396648047
-2.5939849624060063
1.7367811655731376
-3.1107738998482612
-2.70164447924824
4.668008048289748
-2.8835063437139667
7.086302454473477
0.5545286506469501
-3.8235294117646976
13.149847094801213
-12.432432432432435
1.0802469135802513
5.343511450381679
3.5507246376811636
-4.37368789363191
-1.207464324917677
-0.11111111111111532
1.5943641082684508
0.8029197080291929
-1.88269370021723
0
-5.46125461254613
1.5222482435597324
-5.4209919261822455
4.105691056910579
1.132370167903154
-1.9305019305019304
-5.590551181102358
-1.4178482068390348
-1.6920473773265652
1.1187607573149716
-0.425531914893617
1.5811965811965762
0
-0.7572570466975107
-5.002119542178894
4.373047746541728
2.3941855493800746
0.5427974947807981
-1.4119601328903677
0.5897219882055627
2.0938023450586263
0.32813781788350405
0.49059689288635205
-2.3596419853539508
2.875000000000002
-4.333738355609566
1.6088060965283706
-1.416666666666669
1.4370245139475932
-0.5416666666666714
2.55550900712192
-0.7352941176470634
1.6049382716049405
-4.090724989874441
1.3513513513513464
-1.708333333333331
-2.501059771089447
1.7391304347826086
1.7094017094017093
-3.2773109243697527
-1.8245004344048605
3.849557522123889
-0.04260758414997628
-1.5345268542199464
1.5151515151515151
-0.34115138592751015
-0.3851091142490275
-0.21477663230240548
-0.12914334911752534
-3.8793103448275863
4.0358744394618835
-3.405172413793106
2.0080321285140563
-1.6622922134733085
2.224199288256228
-0.26109660574413524
-0.1308900523560135
-0.5242463958060363
0.13175230566535415
-0.39473684210526566
-2.245706737120209
-0.9909909909909859
-3.3666969972702483
-1.4595103578154398
0.3344481605351116
3.5238095238095264
0.2759889604415797
-2.6146788990825636
3.6269430051813414
-1.0454545454545505
1.056499770326142
-1.0909090909090935
3.033088235294115
-5.173951828724351
3.433678269049864
-0.6821282401091405
0.6868131868131868
-2.228285584356528
2.232558139534889
-1.1373976342129208
2.16290842153704
-2.7027027027027026
-1.5740740740740766
2.6340545625587932
0.6416131989000943
-1.138433515482696
4.09949332105021
-2.9646017699114995
2.9639762881896945
-5.270150575730737
2.6647966339410885
-4.781420765027322
4.160688665710195
-2.9384756657483955
2.9328287606433245
-6.525735294117642
3.0481809242871134
-2.1946564885496156
2.0975609756097615
1.8633540372670698
0.8911819887429671
1.394700139470014
-0.9628610729023358
-2.5000000000000027
2.8015194681861377
-0.9699769053117757
-1.8190298507462712
2.6128266033254155
-4.814814814814817
6.031128404669263
-2.5688073394495388
-0.18832391713747912
0
-0.42452830188679513
1.3737565135007133
-0.32710280373831246
-0.1406469760900194
-0.5633802816901355
3.399433427762034
-3.0136986301369837
-1.1299435028248614
3.3809523809523783
-2.3030861354214647
2.7817067421027843
0.9174311926605505
3.727272727272722
-0.08764241893075751
0.7017543859649098
19.991289198606275
-6.170598911070781
0.11605415860735449
12.055641421947445
3.413793103448268
-5.068356118706232
3.9690902704601374
-6.148648648648645
4.13966882649388
-6.809540269616311
0.14836795252224674
0.5555555555555556
-1.9889502762430855
0.3757985719654265
-0.7113440658929367
2.224736048265473
0.3319808188860115
1.727941176470584
0
0.5782435851102359
0
1.329500538986701
1.3475177304964578
-0.6648005598320623
1.091933779499832
0.627177700348436
-6.50969529085873
2.2222222222222223
2.1739130434782608
-3.9361702127659655
1.845699520118125
2.10221094599493
2.94639687610934
-6.827586206896556
3.5159141376757956
0.5362888809438685
-1.20910384068278
-3.275737940964731
4.093784890212133
-2.5384340364676317
-3.8517975055025677
2.2510492178557713
0
-2.3880597014925287
3.899082568807335
-3.6423841059602773
4.390988927071402
-2.011704462326262
4.516610675625242
-3.642857142857139
0.11119347664937411
-0.7774898185857173
4.440298507462678
-1.3933547695605493
-3.6956521739130395
0.3762227238525207
4.1604197901049345
-8.024469233537237
0
0.4303599374021887
0.11686793922867604
1.3229571984435708
-2.227342549923189
5.06677140612726
-3.5514018691588785
5.038759689922481
-0.36900369003690037
-3.0740740740740784
0.2292701566679491
0.7243614182233996
3.7093111279333884
-2.8832116788321085
-0.03757985719655119
1.466165413533826
-4.779547980733597
5.369649805447475
0
1.5509601181683856
4.7272727272727275
-3.6805555555555634
-0.7209805335255949
1.6702977487291297
0
0
0
-0.24999999999999595
4.403866809881851
-1.063100137174219
-0.03466204506066646
0.5547850208044462
3.0344827586206935
-3.7817938420348094
0.8695652173913043
-1.3103448275862108
3.4241788958770134
-2.7702702702702666
-4.690757470465601
3.5362741523878922
0
-0.6690140845070343
-0.0354484225452048
5.035460992907797
4.996623902768404
0
4.983922829581994
-0.39816232771822707
-4.981549815498152
0
-1.779935275080906
5.0741350906095475
2.790843524615878
-0.24405125076266362
0
-4.80122324159021
-4.079665917121743
2.9470864032149877
3.6434612882238278
-4.23728813559322
4.162569649295309
-7.551919446192573
3.267528931245734
-0.461437046802893
4.238410596026494
0.7306226175349464
0.9145380006307087
2.5624999999999964
-3.6867763558805504
-0.2530844669408451
-1.046622264509994
-2.5000000000000036
4.865220249835638
-1.1285266457680323
0.19023462270133887
-2.025316455696195
-1.776485788113695
0.03288391976322456
1.2491781722550992
3.3441558441558477
-3.2359409362236917
5.8441558441558445
-3.926380368098163
2.554278416347382
1.6500622665006264
-4.961715160796321
3.1260070899129837
1.4687499999999964
0.09239297813366534
-1.5076923076923008
4.779756326148064
-4.5915324985092365
-3.125
0
-3.870967741935484
5.469798657718124
2.513522112631237
-2.762259466170074
0
-2.3300351101181014
-2.6143790849673203
2.7516778523489895
3.7883736120182965
-4.310887350534924
2.4991779020059077
-0.9945460378569028
4.990278677900187
-9.29012345679013
-3.946920721333776
0.1062699256110561
-0.21231422505308659
-0.6028368794326201
-2.0692115590438855
-2.73224043715847
4.119850187265918
-3.273381294964037
1.896615842320574
-6.715328467153286
3.2863849765258237
-4.545454545454546
3.1746031746031744
1.769230769230778
1.9652305366591036
-4.521868050407705
4.037267080745332
-6.75373134328358
2.4409763905562203
-6.289062499999998
-4.460191746561074
-0.5235602094240789
3.508771929824561
0.7627118644067845
4.289318755256513
0.6451612903225784
-2.003205128205128
-0.2452984464431702
4.05737704918033
-1.0634107916502626
2.1098726114649726
0.11695906432748981
4.283489096573208
0.07468259895443936
2.9477611940298423
-3.117071402682119
5.723905723905728
4.033970276008485
7.75510204081633
0.5997474747474676
2.008158142453729
-1.6302676099661677
0.06253908692932728
0.5625000000000036
-4.5680546923554965
2.246825138391396
-2.229299363057325
0.032573289902287535
0
0.1953760989905457
2.1124471888202794
-2.2915340547421987
2.2801302931596092
-0.6687898089172047
-1.1542160949022013
1.2974375608173856
2.8498238872878567
-2.8019925280199254
1.2171684817424764
0.9177215189873346
2.8535591094387027
1.097560975609763
0
1.1158021712907082
3.728004771846108
-4.140310523289257
-3.149370125974805
2.8801486528336984
-3.6122817579771223
1.3116801998750747
3.3292231812577104
-7.249403341288786
4.2779028626568065
-2.344231955582963
4.04295641187617
-3.916211293260467
4.202211690363352
-5.21528198908429
4.926423544465763
-1.2195121951219512
2.530864197530861
-4.485249849488254
4.254648597541759
-4.443772672309549
4.2708003796267
-3.003640776699039
5.974350954019401
-3.7190082644628166
0.5518087063151476
-0.426829268292676
2.4188609920391846
-6.038863976083704
-0.09545020680878503
1.1146496815286624
0.5984251968503865
-2.661239824671259
0.38597619813446304
-0.384492149951953
1.96204567385012
2.2082018927444795
-9.999999999999993
8.367626886145397
