-1.230769230769232
7.476635514018699
-13.768115942028986
9.915966386554619
0
0.15290519877675515
0.1526717557251876
9.908536585365859
-2.0804438280166484
1.983002832861198
-0.2777777777777842
-0.13927576601671013
-4.463040446304048
0
9.927007299270082
9.960159362549788
0
4.951690821256041
0
0.23014959723822037
4.362801377726739
3.3003300330033083
-3.08839190628329
0.5494505494505573
3.278688524590152
-3.7037037037037
0.4395604395604497
2.297592997811806
-0.10695187165775173
0
-2.4625267665952935
4.281009879253574
-8.842105263157894
3.810623556581987
-0.11123470522802877
0
-0.6681514476614755
-0.5605381165919362
-4.396843291995477
-4.952830188679244
0
-4.3424317617866075
0
-4.928664072632943
5.184174624829466
3.6316472114137515
-7.384230287859823
-3.378378378378378
0
-1.398601398601406
0
0.7092198581560258
4.225352112676067
4.999999999999989
-0.9009009009008931
4.935064935064933
0
4.950495049504955
0
0
-3.3018867924528434
-4.999999999999992
0
4.878048780487803
0
-3.0599755201958385
8.080808080808088
4.906542056074765
0
0
4.899777282850773
0.849256900212315
-5.6842105263157805
-4.5758928571428585
-0.3508771929824694
-4.342723004694827
0
-4.294478527607369
0
3.846153846153844
0
-3.7037037037037015
8.974358974358976
0
-3.5294117647058907
-4.634146341463403
9.97442455242966
4.651162790697679
-1.2222222222222159
1.2373453318335144
-6.111111111111119
-1.7751479289940661
-3.1325301204819462
-4.228855721393023
9.090909090909092
-4.2857142857143
-0.7462686567164021
-1.6290726817042704
6.624203821656046
-3.8231780167263865
9.06832298136644
0
4.783599088838268
0
-3.152173913043469
4.938271604938266
0
-4.385026737967916
-0.22371364653243372
-3.2511210762331744
-1.6222479721900411
-4.475853945818619
9.741060419235524
4.943820224719095
-8.886509635974305
-1.880141010575795
1.9161676646706605
4.817861339600472
0
3.1390134529147913
-3.26086956521738
4.494382022471914
-8.064516129032258
4.678362573099398
-6.815642458100553
4.916067146282975
-0.34285714285713553
4.816513761467888
-8.533916849015329
0
-2.5119617224880275
4.049079754601228
-5.306603773584918
0
4.981320049813205
0
-4.50771055753261
-4.968944099378886
10.065359477124177
-1.4251781472683993
3.614457831325288
4.651162790697679
0
-3.7777777777777763
5.658198614318709
1.6393442622950858
3.1182795698924637
-4.066736183524511
0.10869565217393004
-4.1259500542888246
1.925254813137032
4.999999999999992
0
0
8.67724867724868
3.407984420642645
5.7438794726930436
-0.7123775601068573
-1.345291479820631
7.181818181818174
-16.03053435114503
-4.545454545454556
11.005291005291015
0
-1.1439466158246043
0
-7.618129218900667
7.828810020876826
-7.8412391093901315
9.663865546218489
-7.375478927203061
-3.6194415718717647
3.648068669527895
9.730848861283638
-4.716981132075472
9.900990099009901
-3.8738738738738716
2.1555763823805103
-0.1834862385321062
0.27573529411764114
3.5747021081576587
-5.663716814159296
0.8442776735459648
2.3255813953488373
-1.8181818181818117
7.407407407407397
-7.068965517241382
5.751391465677189
-5.7017543859649145
-6.697674418604657
10.169491525423744
9.502262443438903
-3.8842975206611476
-3.267411865864151
-6.666666666666667
4.666666666666669
-5.368516833484985
-0.4807692307692376
1.159420289855082
9.837631327602669
-0.8695652173913012
9.649122807017541
-3.200000000000003
-5.702479338842971
12.182296231375991
2.734374999999997
-1.9771863117870705
8.378588052754072
-10.307802433786694
-3.4317637669592957
3.3057851239669453
-7.519999999999995
-1.8166089965397998
4.845814977973575
-4.285714285714284
1.8437225636523185
-0.5172413793103491
2.2530329289428215
-2.796610169491526
-7.497820401046217
10.084825636192274
2.311643835616435
-4.602510460251037
4.12280701754385
0.16849199663017145
-6.055508830950383
3.4019695613249845
0
-0.5194805194805238
3.1331592689294987
1.4345991561181428
9.983361064891858
-14.296520423600608
5.825242718446603
8.673894912427015
5.2187260168841245
-3.0634573304157673
0.9029345372460572
-9.470544369873226
9.390444810543647
-6.325301204819277
-8.360128617363337
11.578947368421055
-6.761006289308185
4.30016863406408
11.479385610347617
-11.965192168237843
6.095551894563429
-1.1645962732919282
3.6920659858601637
-9.015151515151512
-0.08326394671107233
-4.083333333333335
4.257167680278021
-6.583333333333326
-5.619982158786804
7.466918714555757
-0.17590149516270515
-13.74449339207049
-11.542390194075578
15.473441108545034
9.000000000000004
-8.899082568807344
5.7401812688821785
-1.0476190476190421
2.021174205967267
-1.9811320754716895
0
-2.0211742059672844
8.055009823182715
-7.727272727272725
-1.4778325123152745
0.8000000000000007
0
-0.09920634920634709
-0.19860973187685774
1.890547263681587
-2.9296875000000067
1.0060362173038193
-0.0996015936254959
-0.09970089730807366
4.491017964071867
-8.118433619866298
3.846153846153857
-4.004004004004008
-4.3795620437956195
8.94220283533261
-8.008008008008016
16.430903155603914
2.8037383177570163
2.6363636363636287
-2.0372010628874992
10.036166365280284
-0.9860312243220971
21.161825726141068
-1.9863013698630079
0.27952480782668865
4.459930313588854
-7.805203468979319
1.3024602026049183
2.4285714285714275
1.115760111576012
-3.655172413793099
0
-6.370794559770942
3.5168195718654363
3.323485967503701
0
-4.93209435310936
-8.721804511278195
15.485996705107073
2.853067047075609
-8.7378640776699
4.711246200607897
-5.660377358490562
1.1538461538461566
-1.1406844106463905
5.307692307692303
-1.533966398831257
3.4866468842729885
-2.8673835125447926
0
-2.9520295202952056
6.463878326996196
-6.571428571428571
5.886850152905195
-3.321299638989163
0
-1.0455563853622147
8.67924528301887
-9.58333333333334
11.367127496159759
-7.8620689655172455
2.844311377245515
-4.148471615720526
6.150341685649207
-0.9298998569384891
11.407942238267148
-6.092028515878156
-10.282953761214632
4.769230769230763
12.628487518355366
-10.821382007822686
13.084795321637433
-9.372979961215263
5.206847360912985
-8.949152542372884
2.010424422933727
-8.68613138686131
15.107913669064754
-9.791666666666666
1.2317167051578148
-5.703422053231939
4.354838709677412
0.0772797527047897
11.505791505791509
-9.972299168975066
-7.307692307692302
4.149377593360995
-1.4342629482071831
-2.667744543249799
7.890365448504993
-1.1547344110854532
0
-2.6479750778816187
3.8400000000000034
-0.77041602465331
0
-4.503105590062112
-0.8130081300813123
0.8196721311475527
-6.504065040650412
-1.217391304347831
5.369718309859166
-6.349206349206346
-1.8733273862622732
3.0000000000000004
-10.679611650485445
13.932806324110674
11.708586296617533
-9.161490683229824
8.974358974358982
-2.117647058823526
0
-5.9294871794871815
14.735945485519595
-14.699331848552342
12.27154046997389
-7.906976744186043
8.164983164983155
-1.089494163424115
0
-0.07867820613691237
4.3307086614173285
-9.509433962264149
-5.587989991659716
9.982332155477023
-3.6144578313252955
1.6666666666666607
0
-2.0491803278688527
12.133891213389132
-8.208955223880595
3.9837398373983612
-7.114933541829542
11.111111111111098
-10.909090909090905
10.969387755102048
-3.908045977011506
-4.226475279106853
0.3330557868443041
-2.240663900414949
0.509337860780989
-1.942567567567571
2.4117140396210264
1.7661900756938524
-3.2231404958677587
-1.793339026473107
9.478260869565217
-0.31771247021444915
0.47808764940238024
4.123711340206197
-1.3709063214013821
0
-5.7915057915057915
3.9344262295082006
-3.3123028391167186
8.809135399673735
-9.520239880059966
0.24855012427505682
4.132231404958678
-3.9682539682539684
0.49586776859504544
0.7401315789473673
3.428571428571428
-3.3149171270718227
0.24489795918366825
-5.456026058631922
10.852713178294572
0.1554001554001659
-4.809930178432901
0
5.867970660146704
2.386451116243268
0.6766917293233071
-0.6721433905899914
-0.7518796992481309
1.81818181818182
-3.1249999999999996
-1.3056835637480795
0.3891050583657643
-2.7131782945736407
2.1513944223107533
0.6240249609984405
-1.0077519379845021
-5.794831636648397
9.226932668329187
-0.3805175038051804
-0.6875477463712747
-8.307692307692308
8.557046979865769
-1.9319938176197837
0.8668242710795998
1.0937499999999905
-7.032457496136014
7.5644222776392365
-1.0819165378670694
-2.3437500000000053
0
-3.760000000000005
4.655029093931842
-4.606830818109612
1.9983347210657803
-5.224489795918372
9.043927648578817
