1.310615989515079
2.199223803363518
-6.8354430379746836
-2.853260869565217
6.153846153846146
4.611330698287228
-3.0226700251889196
4.545454545454553
-1.7391304347826155
3.6662452591656023
-3.0487804878048674
4.654088050314467
-1.6826923076923144
3.7897310513447495
-2.826855123674914
0
-1.2121212121212077
-4.907975460122704
3.6129032258064435
-4.732254047322528
7.189542483660117
4.39024390243904
-5.373831775700944
4.691358024691368
-3.5377358490566118
2.689486552567245
-3.6904761904761965
1.3597033374536396
0.4878048780487918
0.7281553398058312
-1.5662650602409731
-0.12239902080783092
0.36764705882352156
4.39560439560441
-3.274853801169604
1.5719467956469262
-3.214285714285709
3.9360393603935853
-5.68047337278106
2.2584692597239724
-3.4355828220858924
4.955527318932652
-3.026634382566586
2.372034956304613
-1.707317073170717
0
-0.12406947890818594
-1.7391304347826155
-0.12642225031605292
2.531645569620244
1.2345679012345636
3.53658536585367
-5.182567726737332
2.484472049689432
-4.606060606060605
2.5412960609911077
-2.7261462205700204
0
-3.0573248407643225
4.336399474375822
-3.0226700251889196
3.1168831168831197
-2.0151133501259464
0
-3.0848329048843213
2.1220159151193654
-1.9480519480519527
3.841059602649007
-3.4438775510204027
2.3778071334213964
5.5483870967741895
0.24449877750610727
6.097560975609756
2.413793103448286
7.407407407407409
4.597701149425282
0.2997002997002933
4.9800796812749
0
4.933586337760924
-7.95660036166366
2.1611001964636607
-6.923076923076929
-4.958677685950418
1.521739130434789
-2.034261241970016
-2.950819672131143
0
-3.4909909909909964
4.317386231038497
0.5592841163311042
4.894327030033365
-3.605514316012724
4.730473047304727
-3.0462184873949494
2.3835319609967374
2.539682539682542
4.953560371517033
-1.6715830875122903
4.499999999999993
0.4784688995215379
4.952380952380948
0
4.809437386569884
-5.8874458874458995
1.1959521619135307
0.3636363636363559
-0.36231884057970243
-0.8181818181818169
3.024747937671861
-7.740213523131681
-4.435872709739625
0.4036326942482255
0.10050251256282978
-1.6064257028112463
4.489795918367341
-7.128906250000004
1.8927444794952653
2.4767801857585163
-0.1007049345417904
-3.225806451612906
-3.437500000000001
-0.7551240560949329
0
-0.10869565217391074
1.0881392818280702
2.260495156081818
0
-2.105263157894729
-1.6129032258064553
0.3278688524590094
-4.684095860566446
2.171428571428566
2.3489932885906137
-2.4043715846994607
2.4636058230683164
-7.213114754098362
4.8292108362779755
-4.8314606741573
-3.187721369539567
0.1219512195122142
4.8721071863580825
-5.342624854819967
4.294478527607358
-2.235294117647053
4.5728038507821775
-1.0356731875719203
-1.7441860465116321
6.15384615384617
-0.22296544035675975
2.458100558659225
0.872410032715377
2.594594594594597
0.31612223393044636
-4.936974789915955
4.419889502762415
-8.571428571428559
4.16666666666666
-4.999999999999992
2.339181286549699
-6.971428571428565
4.791154791154776
-1.52403282532238
0.7142857142857202
1.654846335697385
4.4186046511628
-8.240534521158132
-1.699029126213599
0.9876543209876553
0.24449877750610727
-1.219512195121947
0.6172839506172928
1.4723926380368002
1.6928657799274556
-2.259215219976213
-2.6763990267639977
-0.5000000000000004
4.14572864321607
-1.9300361881785089
0
-0.12300123001231934
0
-0.8620689655172231
1.3664596273291854
-2.205882352941173
1.5037593984962307
2.8395061728395117
1.2004801920768264
-0.4744958481613185
-4.052443384982119
8.695652173913034
4.4571428571428635
-0.1094091903719889
-1.4238773274917937
0.7777777777777809
-3.969128996692386
-0.11481056257177454
0
-3.3333333333333237
2.259215219976213
2.09302325581395
-4.897494305239177
0.5988023952095893
-4.523809523809533
-0.49875311720697196
-4.887218045112789
10.276679841897225
4.77897252090801
-6.499429874572409
-1.8292682926829096
6.8322981366459485
3.953488372093022
-5.369127516778509
3.42789598108746
-7.771428571428568
4.832713754646847
0.11820330969266886
-3.187721369539567
0.1219512195122142
-0.6090133982947711
3.5539215686274406
0.9467455621301785
-0.3516998827666983
0
-1.17647058823529
-2.6190476190476266
3.5452322738386424
2.1251475796930306
-2.890173410404624
-1.7857142857142898
4.4848484848484755
2.0881670533642867
-6.47727272727273
0.8505467800729074
0.7228915662650448
-0.5980861244019011
-1.925391095066187
3.4355828220858817
-5.575326215895608
2.3869346733668393
-1.9631901840490815
2.628285356695858
-0.6097560975609627
2.331288343558276
-4.316546762589922
3.383458646616536
-3.0303030303030303
2.374999999999994
-1.8315018315018359
3.233830845771164
-3.73493975903615
0
-1.0012515644555704
-0.12642225031605292
1.8987341772151942
0.621118012422347
-4.938271604938265
-3.766233766233767
-1.2145748987854232
-4.91803278688525
7.183908045977011
4.557640750670239
-7.051282051282049
2.758620689655175
0.5369127516778528
-2.5367156208277755
7.6712328767123354
4.961832061068699
-5.575757575757576
4.878048780487803
-2.0807833537331692
0.12499999999999734
-0.24968789013732304
4.881101376720908
-8.472553699284019
2.3468057366362416
0.25477707006370015
-2.66836086404066
2.0887728459530046
1.0230179028133002
-0.6329113924050722
-1.2738853503184668
1.6774193548387084
-1.6497461928933996
0.3870967741935516
-2.1850899742930583
1.9710906701708208
-2.706185567010309
2.516556291390734
2.0671834625323013
-2.0253164556962044
0
-0.25839793281654344
-1.9430051813471434
3.0383091149273387
0.7692307692307756
-2.7989821882951733
1.4397905759162346
-3.0967741935483897
0
0.13315579227696123
3.058510638297878
-1.6774193548387084
1.1811023622047225
-2.723735408560311
0
4.133333333333328
2.4327784891165223
-1.6249999999999987
1.397712833545112
-2.0050125313283225
4.603580562659839
-3.667481662591685
2.6649746192893398
0.6180469715698481
3.071253071253071
-1.5494636471990557
-4.963680387409203
4.331210191082801
4.63980463980465
2.2170361726954435
7.5342465753424674
-16.242038216560513
2.154626108998743
-5.583126550868488
3.1537450722733156
1.7834394904458672
5.006257822277852
-5.00595947556616
-0.8782936010037565
1.139240506329112
0.12515644555694352
0.8750000000000036
-2.4783147459727406
-1.0165184243964431
5.263157894736833
-5.731707317073157
4.52781371280724
-7.3019801980198
-0.667556742323095
-0.8064516129032324
4.065040650406502
-6.640624999999997
-1.6736401673640182
0.8510638297872412
1.9690576652601923
1.2413793103448256
2.1798365122615824
0.6666666666666643
-0.6622516556291367
-2.5333333333333385
-1.9151846785225675
2.7894002789400303
4.20624151967435
-6.380208333333324
0
-0.1390820584144739
-0.9749303621169833
4.078762306610408
1.2162162162162142
-5.6074766355140175
-4.9504950495049584
9.672619047619053
2.4423337856173637
-6.2251655629139035
4.519774011299439
-5.270270270270277
0
0.14265335235377727
-1.7094017094016984
0.8695652173912987
4.166666666666667
-3.4482758620689653
0
-1.2857142857142836
1.3024602026049183
-1.4285714285714235
-1.4492753623188481
4.411764705882351
1.4084507042253598
-0.2777777777777842
-4.45682451253481
2.0408163265306074
-2.142857142857148
2.627737226277381
2.418207681365575
-4.3055555555555625
4.499274310595073
-2.916666666666666
3.57653791130186
-2.7624309392265216
2.414772727272726
-6.934812760055479
4.172876304023848
-2.4320457796852635
4.1055718475073215
0.7042253521126861
4.755244755244753
-1.735647530040052
-4.6195652173913135
0.14245014245015208
-4.409672830725469
1.3392857142857122
2.64317180616741
2.2889842632331923
4.195804195804193
-2.013422818791951
-2.054794520547938
-0.839160839160846
2.2566995768688316
-1.9310344827586163
2.67229254571026
-0.6849315068493127
-4.137931034482756
5.1798561151079054
0.9575923392612898
0
-1.7615176151761502
0.27586206896551135
3.0261348005502153
-4.806408544726305
-1.1220196353436196
-0.2836879432624053
0
-0.9957325746799471
4.741379310344828
-3.429355281207133
0
-1.7045454545454561
2.6011560693641576
-0.8450704225352058
2.982954545454545
-3.4482758620689653
0
-0.14285714285713982
0.14306151645207132
-1.2857142857142836
-2.1707670043415392
2.0710059171597717
4.347826086956519
-4.444444444444448
-0.4360465116279106
0.8759124087591313
0
1.1577424023154859
2.2889842632331923
-2.9370629370629366
3.7463976945244926
-2.0833333333333384
0
-1.2765957446808491
1.29310344827586
0.14184397163120266
1.841359773371116
-4.728789986091804
4.963503649635047
-6.2586926286509055
1.6320474777447986
-6.277372262773719
0.311526479750786
-4.347826086956525
0
2.2727272727272676
4.761904761904759
0.15151515151516176
0.15128593040846877
4.8338368580060465
-4.8991354466858885
0
-5.000000000000002
0
-4.944178628389149
5.201342281879188
0
4.944178628389163
