3.9960039960039997
2.3054755043227684
3.1924882629107967
-4.458598726114651
0.952380952380949
3.6792452830188735
2.0018198362147466
5.709188224799275
-5.569620253164558
9.919571045576419
-6.666666666666669
9.930313588850163
-8.478605388272573
-0.3463203463203543
7.9930495221546485
6.516492357200327
-5.21148036253776
5.9760956175298805
-0.7518796992481309
10.000000000000004
-13.154269972451791
0
-4.837430610626483
0
-2.999999999999995
9.707903780068719
-6.734534064212995
0.755667506297228
0.5833333333333357
0.6628003314001663
0.5761316872428007
-4.173486088379703
6.490179333902645
0
-6.57578187650361
9.785407725321878
-7.584050039093033
2.3688663282571856
-3.140495867768587
-9.726962457337889
10.302457466918714
2.399314481576687
-1.4225941422594137
1.7826825127334538
-7.256046705587998
9.892086330935266
-3.109656301145669
9.797297297297298
-11.461538461538463
-1.8245004344048574
-0.1769911504424898
0
3.368794326241142
-1.8010291595197327
1.4847161572052396
-9.552495697074006
9.705042816365362
0.9540329575021788
-4.123711340206189
2.1505376344086042
-0.2631578947368521
-1.934916446789788
-2.7802690582959686
0
0.18450184501844624
9.116022099447516
-11.476793248945143
2.001906577693032
5.046728971962626
2.313167259786475
1.6521739130434738
-0.7698887938408885
-0.3448275862068892
2.07612456747405
-10.2542372881356
1.983002832861198
3.888888888888888
5.971479500891265
-9.587888982338104
-1.6744186046511602
5.298013245033117
7.277628032345001
-3.517587939698492
0
-0.3472222222222148
-0.2613240418118566
3.842794759825339
4.62573591253153
3.135048231511259
0.9353078721745847
-6.718146718146712
3.2284768211920576
-2.9671210906174896
4.876033057851239
-3.15208825847124
2.115541090317344
-0.876494023904392
2.0900321543408342
-6.141732283464563
1.5100671140939574
0.909090909090919
-5.8149058149058215
7.739130434782614
0.0807102502017739
-4.032258064516129
5.462184873949582
-4.302788844621521
4.412989175686922
-2.4720893141945672
2.8618152085036765
-0.7949125596184391
0.8814102564102518
-4.686258935663224
-1.6666666666666607
3.389830508474564
1.639344262295091
-0.5645161290322603
4.217356042173557
-5.369649805447467
0.8223684210526286
-1.8760195758564473
6.3175394846217765
-7.271305707584048
5.396290050590224
-2.480000000000004
2.378999179655463
-2.8044871794871766
2.2258862324814475
-2.338709677419362
1.98183319570603
-0.24291497975707985
3.0844155844155763
-1.8897637795275468
2.3274478330658037
-1.4901960784313686
2.0700636942675144
-3.1201248049922023
-1.7713365539452548
3.1147540983606623
0
4.372019077901436
4.722010662604716
-7.490909090909087
5.738993710691813
-5.650557620817842
2.0488573680063027
-1.0810810810810718
2.263856362217011
-0.0763358778625938
1.4514896867838007
-2.7861445783132472
4.570100697134004
-2.0740740740740695
-6.732223903177008
6.8126520681265195
-8.04859529233106
10.239471511147814
-0.14981273408239382
0.9002250562640601
0.2973977695167355
-1.4825796886582732
0.9029345372460572
1.2677106636838176
-1.0309278350515505
-1.1160714285714313
4.890895410082772
-6.81492109038737
7.005388760585066
-5.179856115107918
0
0.1517450682852775
-4.469696969696969
5.075337034099926
-20.000000000000004
0
19.9056603773585
0.0786782061368984
0
10.062893081761
-6.357142857142861
10.52631578947369
0.8281573498964749
-1.437371663244347
-9.513888888888896
3.607060629316966
9.925925925925926
-1.078167115902966
4.8365122615803875
-9.161793372319687
6.509298998569386
-7.320349227669576
0
-1.8115942028985506
-2.583025830258313
5.227272727272737
-1.4398848092152703
0
0
4.0905770635500405
0
-1.26315789473684
-5.614783226723532
1.6566265060241012
7.037037037037032
-4.913494809688576
-0.1455604075691381
-0.5102040816326551
-3.2234432234432195
4.390613171839503
-1.305293691080491
-6.098457016899339
13.380281690140853
-10.144927536231888
4.454685099846391
0.22058823529412602
-1.3206162876008913
1.115241635687735
0
-1.0294117647058736
3.789004457652301
-3.6506800286327827
2.8231797919762185
-4.552023121387276
0
-0.37850113550341186
-0.9118541033434726
-0.30674846625766217
2.3076923076923133
-1.8796992481203008
-0.3831417624521127
-1.230769230769232
0.311526479750786
0.15527950310558675
0
-0.07751937984495959
0
-1.0861132660977546
1.9607843137254901
-4.923076923076928
5.016181229773471
-6.009244992295848
-1.6393442622950762
1.5833333333333293
0.16406890894176662
-0.245700245700255
-2.216748768472903
0.0839630562552459
2.3489932885905986
3.278688524590167
-3.0952380952380856
20.393120393120377
-4.693877551020405
-4.068522483940045
2.6041666666666643
-3.1907179115300908
0
-4.9438202247191025
4.964539007092205
-0.07507507507507347
0.6761833208114189
-5.223880597014934
-1.5748031496062938
5.920000000000003
-4.380664652567976
0.23696682464454472
4.964539007092205
-2.327327327327331
-4.996156802459649
10.032362459546928
-4.999999999999998
4.411764705882355
-4.966641957005189
8.580343213728547
-4.9568965517241335
0
-4.83749055177627
5.1628276409849105
-0.0755287009063428
-2.4943310657596376
0
2.9457364341085195
-4.743975903614451
0.1581027667984156
-4.972375690607741
9.634551495016613
4.848484848484853
-5.924855491329482
-0.1536098310291826
0.15384615384615058
-0.1536098310291826
0.7692307692307665
-4.885496183206098
7.062600321027279
-4.872563718140932
0.315208825847131
-1.1783189316575047
3.3386327503974558
-1.1538461538461566
0
-4.747081712062252
1.0620915032679656
-4.93128536782538
0.4251700680272169
3.6409822184589307
-3.921568627450984
-4.42176870748299
2.224199288256228
4.264577893820715
-0.6677796327212026
4.117647058823531
-3.147699757869254
4.999999999999997
-0.23809523809523303
-4.534606205250599
0.24999999999999467
0.581878636741482
-3.8842975206611476
-0.2579535683577054
5.258620689655183
-4.50450450450451
0
-2.4871355060034386
7.651715039577845
-0.7352941176470577
-4.279835390946499
0
-4.557179707652632
0.540540540540545
-0.9856630824372709
0
-0.4524886877828118
0.9090909090909058
-4.954954954954945
4.265402843601889
-0.8181818181818169
-4.949587534372144
1.35004821600772
4.662226450999051
-0.9090909090909058
-4.954128440366981
7.142857142857146
1.2612612612612664
-2.5800711743772324
-2.191780821917794
-2.801120448179278
-3.938520653218061
7.7999999999999945
2.0408163265306185
-0.9999999999999948
1.0101010101010048
-0.9090909090909058
-4.954128440366981
0
3.1853281853281863
-3.086997193638916
0.09652509652509447
4.050144648023143
-4.819277108433732
-0.09737098344693074
0.19493177387913815
3.988326848249029
2.3386342376052385
-1.371115173674592
1.8535681186283697
-2.6387625113739848
2.7102803738317847
-1.000909918107365
0
-4.963235294117656
4.9323017408123775
-0.4608294930875478
-4.907407407407417
-0.09737098344693074
-4.8732943469785575
9.01639344262296
3.0075187969924837
-7.755474452554757
3.264094955489615
-7.950191570881226
4.994797086368371
-9.415262636273532
0
4.923413566739598
0.10427528675703636
4.6875000000000115
4.4776119402985
-9.04761904761904
-4.60732984293195
-0.32930845225026745
-4.515418502202644
1.38408304498269
-1.59271899886233
0
4.04624277456647
0.5555555555555635
-0.5524861878453117
3.888888888888885
0
4.278074866310164
0
-4.5128205128205074
6.766917293233072
0.10060362173038015
8.743718592964834
-1.1090573012939093
-0.1869158878504633
-8.988764044943812
-0.7201646090535008
-1.5544041450777237
0
4.631578947368416
8.048289738430592
-2.886405959031662
-1.2464046021092905
-6.116504854368939
3.412616339193382
-10
5.555555555555555
3.5789473684210513
0.10162601626016043
-7.512690355329952
0.10976948408342248
6.359649122807019
0
0
2.164948453608256
-6.054490413723508
5.4779806659505885
-4.684317718940945
0
1.495726495726502
2.6315789473684212
0
0
-2.5641025641025643
-0.2105263157894692
0.21097046413501658
0
-0.1052631578947346
0.21074815595363092
-0.3154574132492046
0.21097046413501658
0.5263157894736917
6.178010471204186
-1.3806706114398477
3.000000000000007
0
0.09708737864077462
2.7158098933074624
-0.09442870632672132
-4.2533081285444165
3.06021717670285
-1.819923371647505
0.09756097560975402
-0.09746588693956908
0
0
-7.024390243902444
7.55508919202519
0
-0.4878048780487874
-3.921568627450967
2.0408163265306047
0
0
-9.399999999999995
10.375275938189839
0
-0.19999999999999574
