-1.3879598662207282
0.05087332541969722
-0.17796610169490754
1.5366329909160292
-2.516722408026748
2.4101552448751957
-4.396984924623116
-0.1314060446780552
1.1403508771929824
2.6799653078924623
-0.32941971450292173
-1.805084745762708
4.927936480538526
-1.957558809014637
-0.22651006711409777
-0.27747414445471746
-0.7335581787521117
0.22933831648688063
-2.542372881355932
-1.7391304347826086
3.16814159292035
1.0464916795333716
-2.5806451612903305
0.3921226908330429
3.2288863813905087
-1.6228033296897297
1.487179487179495
0.28633990230755124
-0.4114880752435223
1.6949152542372803
-0.5223880597014887
0.02500625156288693
-1.033333333333341
0.6567867969013289
-1.1293290948636439
1.8444876893138127
-2.3095455678325125
-0.994982566544778
-2.001374334306816
2.804803225523709
-3.401824537471233
2.383053839364519
-0.9913793103448276
0.9055289508054063
1.0354646647683148
2.3144589631907
-1.176961602671111
1.19097896781822
-1.1018363939899871
0.10128291694801195
1.4249578414839874
2.4856596558317285
-2.8796236210253086
0.8936774409087151
-2.682119205298021
0.37427696495407375
-4.644067796610166
1.1286882332029902
0.3954653308726601
0.6565126050420168
-2.478476389251239
0.23185304084179675
1.3078291814946659
0.6410819355405246
0.8376963350785261
0.20768431983386043
0.6044905008635578
0.41201716738197036
-0.30774491366044704
-0.5316412279197432
0.603448275862069
2.219365895458448
-2.607091960767888
-1.867791358237222
0.9297430049995735
1.6772399409055316
-1.5213675213675175
-4.426314875889602
-1.0624772974936474
0
-1.2758145938503984
-0.483451097062088
-1.363976083707038
0.3978026141314686
2.254716981132084
1.4853768797859497
11.32727272727272
1.4208721215090716
1.0466988727858293
1.9123505976095618
-4.440969507427674
2.2336769759450132
-2.3369347739095674
0.30320413013193853
-1.870915032679746
3.055532428607114
-2.076264339957994
-0.6682616945796477
-1.8604651162790773
1.5572105619499064
-1.4166666666666667
1.0904480135249444
-1.7392758591855657
1.7615522083227
-1.8815855494229805
1.5852723088724228
-1.6947730514304928
0.025603823504306095
1.424914675767922
0.6141162614620976
0.7441471571906431
0.4232716408000588
-0.10743801652892186
-0.2233804914370849
-0.9452736318408036
0.4520341536916199
-0.19166666666666288
1.861901978792682
-1.6639344262295044
-0.14170209218971788
-0.5759599332220443
1.4188565191839553
-1.233443708609279
0.24306428631297386
-2.458193979933118
0.394308246185508
-0.35860655737705305
2.5364181662382097
-1.7299013872638993
1.011990815545528
-0.9681764606836168
0.8076171044801497
-2.6817338505650157
1.3778162911611864
-2.333532780579552
0.29756695256433496
-0.5671902268760908
0.5704256252742431
-0.27050610820243537
-2.0036748621926757
-0.22321428571428573
2.7651006711409476
-2.925809822361558
-0.968783638320771
-0.09057971014492754
2.411604714415223
-1.5226628895183976
0.341603739661988
0.22397419817237052
1.564315723607759
-1.1881710966379158
0
0.908524093702685
1.5094006531909179
-3.5130434782608773
0.9372746935832815
-0.34821428571429386
1.245408117552199
-0.8761061946902735
-0.008927774305857429
-0.625
-0.2695417789757412
-0.6666666666666748
-0.2358062760747242
-1.2454545454545496
-0.5799502899751409
0.3425925925925968
0
0.08304881424747287
1.041858749769517
-2.144356236882927
1.7251025736665422
-0.24750206251719178
0.19297923175885948
1.0914427221865626
0.03629105425511373
-0.779974605477953
1.3711151736745886
-1.217312894499549
1.2140575079872162
-2.03823953823953
1.8044559013073014
-1.4650027129679912
0.9361233480176254
-0.40007274049826
0.7851013328464405
-3.0344202898550723
0
-0.08407286314807015
0.5890052356021113
0.18589088205223533
1.8554596901382316
1.1203206120775984
3.0444964871194338
-0.8041958041958082
-2.5378921395840637
-1.871609403254977
-0.11978254860406842
-1.2177121771217754
1.7837131116922056
-2.7158454904119766
1.6504762802980288
1.9576915939877655
0
0.27300027300027296
1.6426172973953996
-2.491071428571437
0.3571101547477421
-2.874087591240876
-0.04697040864255519
-0.01879699248120728
1.3724384282760047
-1.2889465875371002
-0.6106153123532174
-0.5482041587901658
2.2619273902299897
-1.2732342007434987
0.6871881765979436
1.729618548990277
1.0936494807462633
-1.9727272727272769
1.0850412686636415
-2.614678899082569
1.3565708902496554
-1.6730179384701178
1.1437754041024584
-1.5981308411214867
0.1234685155285359
-0.24663251754886514
0.22822365918601095
-0.30360531309298344
0.7708412637990233
0.9160449523089826
0.8796556241811803
-2.411873840445269
0.3707224334600847
-0.5966474097926112
0.9717987804878093
-1.170032081524803
-0.1336643116288038
-3.6998087954110943
2.4123895562394475
-1.4055835595191826
2.153180611542619
-0.5871029836381049
-0.3098073385613365
0.31077012722152525
-0.1258592312905588
-1.9484296238852181
-0.14829461196243204
0.6633663366336678
-0.16720763253664261
-0.3251231527093551
0
-1.9274488484728673
0
-3.5073573876234696
2.03676624190516
-3.0197563721977687
-0.580536204348744
1.0829175071663708
0.021006196828057114
3.96933739367847
2.3734976265023735
-0.8385951065509076
-1.3033529002089366
1.310483870967742
2.6766169154228945
-3.7309816842717423
-0.14093013891684894
2.3084677419354818
1.4878313134298968
-1.6504854368932038
1.2438302073050256
-1.3553042121684735
0.34595235741820696
-1.7237982663514577
1.0323744612608954
-2.8373015873015897
2.093118235654482
-1.490149014901488
1.705583756345173
-2.9646636055100752
1.5944861639748997
-2.197245848521673
1.8324878351796299
-1.7181781211874723
-0.2793007137684954
-0.5186721991701245
0
-0.26068821689259647
2.237323575535805
0.17384190612537534
-0.8574928542262125
-1.544481054365733
0
1.4013804643380021
0.24752475247524516
-1.7181069958847783
1.0049199204438422
-3.046947870245619
1.549973276322822
-2.115789473684213
-2.978814926336158
0.25493238749722397
0
0.4090657822001156
1.937899141158325
-2.0306761719593815
1.4222712238147714
-1.1196869224915702
1.0993843447669305
-4.001739886907358
-2.5826914363389166
2.604651162790695
2.1985494106980936
-4.8125970281658885
2.0503261882572255
-2.363013698630142
1.7186951946685427
-4.149425287356324
2.614222328816413
0.29215846675236645
2.307154509438354
-3.849658314350792
1.137171286425007
-1.229796205200281
0.7944978062374061
-1.0705882352941203
-0.8205494113449848
6.34292565947242
1.0260457774269955
-2.6785714285714284
0.7798165137614627
-0.876194811106046
-0.355871886120999
-1.5668202764976984
-0.28089887640449174
5.434272300469479
1.747745741957035
4.288840262582062
0.27276542173729634
2.0087884494664205
-0.2871794871794825
-3.528080641843249
0.010662117496537237
0.47974413646055436
1.220159151193634
-4.696016771488464
2.287725472943242
0.49462365591398094
3.5737213781296786
-4.576446280991731
1.0068203962325382
-0.25723472668810043
-0.06447453255964139
-5.784946236559135
3.149965761241715
-2.400973666740422
1.7231606393832821
-0.6909617742115159
-0.9650993154528137
0.7138810198300232
-0.07875787578757108
0.7994595203242904
0
-2.8708668453976816
0
-2.863714778608393
-0.04735969689793716
-3.0087656953328703
0
0.732779677576942
1.8428709990300736
0.7738095238095238
0
-3.1541642055522794
0.512320078067827
0.16990291262135646
0.557305548824815
0.28915662650602136
2.2825564632388278
-3.3826638477801216
0.34038414782396725
-1.7809546886358048
0
-5.05735783890465
1.3381837079381518
-0.8076923076923018
0.03877471888328222
-0.3746770025839764
-0.06484243288808196
-0.9992213859330451
0.8257963035784596
5.148205928237117
2.0029673590504506
17.636363636363637
8.191653786707883
-8.161904761904765
0.38369801928860786
-7.871900826446286
1.9735366674142212
0.3518803606773747
1.895682664913429
-0.5807076029680587
-0.05408328826392644
2.0129870129870153
3.3312115425419027
4.774127310061601
1.1268985791278785
-1.4534883720930232
1.8682399213372665
-3.281853281853282
0.3393213572854269
-3.5906107022080787
-1.3205405963066084
3.5337166753789813
0.7775421589417395
-2.33466933867735
1.98009643993023
-3.0181086519114686
2.074688796680498
-3.739837398373979
0
-1.5519425675675722
1.7372654155496028
-3.478444186781912
2.36977175930981
4.459142308512916
0.6842320261437839
0.730297190384425
-2.930218507703154
1.2033195020746912
0.8405084050840438
-0.5082333807684489
-1.920719248058843
0.5416666666666714
-0.5387484459179491
-0.5208333333333334
-0.3036649214659662
0.6196828064278939
1.2317327766179493
-3.083109919571043
-1.3618470050005271
3.0525293927300132
1.109482939083109
-1.2525879917184288
1.8660236922109308
-1.481938870021621
-0.010446046171514577
-1.9536147095695826
2.1736814064997314
-2.6280112629054053
-0.9960372710720861
1.2115967113803598
-0.8123129542539571
0.9913793103448325
1.7498932991890712
-3.6912751677852396
2.351916376306623
-2.606382978723404
0
-3.506280720917534
1.652705456191988
-1.5033407572383073
-8.422837761447145
3.777777777777781
0.6899833452295925
-0.3662570888468836
1.7194355508122852
-2.751224061552799
0.6952769120115025
2.1666666666666723
1.0137497086926044
-1.603414465336253
