-3.5810810810810887
4.695164681149277
-6.091030789825966
-0.21382751247327964
5.214285714285722
4.752206381534283
-1.4906027219701952
0
-0.13157894736841358
0.13175230566534166
-2.3026315789473686
-0.8754208754208831
-2.5135869565217317
2.9965156794425165
-3.1123139377537363
0
-3.3519553072625583
3.179190751445091
-2.240896358543429
2.0057306590257964
-1.8258426966292094
1.2875536480686571
-0.6355932203389871
2.1321961620469083
-4.2449547668754315
2.32558139534885
-2.5568181818181976
2.0408163265306207
0.4999999999999919
3.553660270078181
-1.5785861358956645
-0.27894002789400674
4.12587412587413
4.701141705842847
-7.312379730596539
-2.0069204152249176
0.5649717514124374
3.651685393258419
-2.8455284552845455
-1.1157601115760072
4.79548660084625
1.4804845222072793
1.7904509283819552
2.866449511400655
-0.3799873337555379
0.6357279084551811
0.9475679090334806
4.6307884856069945
-5.861244019138746
-1.0800508259212307
3.4039820166987873
0.6211180124223602
1.5432098765432098
4.498480243161097
-6.689936009307737
2.1197007481296795
2.8083028083028045
3.2660332541567696
-1.1500862564692351
2.210587550901677
-1.8212862834376715
-4.985507246376808
0
-4.942037827943865
0
0
-4.749679075738129
-0.26954177897574505
-0.6756756756756757
-0.6802721088435374
-3.356164383561648
-1.7717930545712262
7.4314574314574395
-0.5372733378106188
1.7555705604321368
3.450564034505652
-3.271327774214236
3.4482758620689578
-3.2051282051282053
6.622516556291391
-4.099378881987574
3.626943005181343
-5.124999999999993
5.401844532279307
0.8750000000000036
5.328376703841384
-4.000000000000007
-2.450980392156863
0.6909547738693611
5.364940736119771
-2.4274718768502037
1.7597087378640637
-3.5778175313059037
-1.0513296227581872
5.5625000000000036
4.203670811130843
-0.6249999999999968
-6.174957118353351
5.30164533820842
1.8518518518518452
0.8522727272727273
1.2394366197183035
-0.5564830272676684
2.8539451594851837
-3.1556039173014208
3.20224719101123
2.177463255307567
4.1022908897176436
-2.8659160696008157
1.685985247629077
-0.8290155440414478
3.4482758620689626
-1.8181818181818152
2.674897119341558
-1.1523046092184284
0.6588950836289827
0.5035246727089627
-0.7014028056112254
0.5549949545913334
-0.6522829904666388
-2.575757575757573
-1.503369621565581
1.2631578947368451
1.6632016632016573
-5.061349693251537
-1.992460958535266
2.142857142857146
3.066164604626137
-4.227557411273484
0.8174386920980926
-0.9729729729729791
1.2008733624454242
-5.231930960086309
2.333523050654538
-0.8342602892102335
-2.4677509814918706
-1.437607820586544
2.042007001166861
-4.516866781017727
0.5988023952095808
3.5714285714285716
-2.068965517241376
0.880281690140845
3.025014543339144
-1.5810276679841802
-1.8932874354561167
1.1695906432748537
3.9306358381502955
-0.8342602892102335
-2.9725182277061193
7.052023121387276
1.457883369330463
-1.3304949441192122
1.402373247033438
-2.127659574468085
3.0978260869565157
-5.271481286241434
-2.0589872008903667
-0.6818181818181753
0
-4.633867276887885
2.0395920815836868
0
-1.2345679012345645
-1.8452380952380918
-1.4554275318374807
0.9846153846153811
2.7422303473491776
-2.431791221826806
-1.3373860182370751
0.12322858903264856
0
0
3.2615384615384686
-1.6090584028605583
1.5748031496062957
-3.100775193798443
-0.06153846153845804
-0.3078817733990148
0.061766522544777214
-1.790123456790127
0.06285355122564068
-1.8216080402009909
2.3032629558541227
-1.2507817385866167
0
8.169727675744145
1.756440281030445
-5.178365937859608
-0.9708737864077808
3.0024509803921604
3.331350386674595
-2.302820955670697
1.2374779021803317
-4.249126891734582
4.498480243161097
-1.0471204188481742
2.2927689594356293
-2.9310344827586174
1.835405565423324
-2.3255813953488373
2.2619047619047685
-2.910360884749709
0.7194244604316478
-2.9761904761904763
-0.3067484662576687
3.7538461538461503
0.41518386714117267
-2.1854695806261173
1.6908212560386542
-1.009501187648466
-1.8596280743851197
7.029339853300733
2.798400913763567
-3.0555555555555554
0.8595988538681948
-0.8522727272727273
0.8595988538681948
-1.3636363636363669
2.5345622119815703
2.9213483146067354
1.8013100436681286
-0.1608579088471911
1.8259935553168667
-4.008438818565398
4.1758241758241725
-2.3734177215189876
1.2425715829281532
-1.760939167556036
0
-3.313416621401409
0
0.11235955056179137
-1.122334455667789
0.39727582292850006
-0.22611644997173866
2.946175637393761
3.1370390753990187
-5.976520811099262
0
1.0783200908059056
2.0774845592363937
-3.4103410341034195
1.309794988610485
2.6981450252951
3.119868637110026
-2.5477707006369488
2.396514161220047
-2.074468085106386
1.955458989679519
-0.7991475759190197
0.9667024704618751
1.4893617021276657
-0.4716981132075501
-5.897840968931026
2.9658645775042034
-3.8043478260869565
3.898305084745766
-7.28656878738445
3.225806451612903
-2.3295454545454515
0.3490401396160525
-1.33333333333334
1.3513513513513582
0.2898550724637681
1.0404624277456713
-3.4897025171624843
2.845287492590404
-1.9596541786743549
1.7048794826572637
-1.271676300578028
-0.35128805620610226
1.9976498237367837
1.9009216589861817
-2.656868287167901
-1.2775842044134662
1.882352941176464
1.5011547344110987
-2.4459613196814627
-1.4577259475218658
0.591715976331361
2.0588235294117645
-2.074927953890487
-1.0594467333725788
0.713860797144567
1.4766686355581806
-1.6298020954598436
-0.5325443786982282
-0.47590719809636106
2.5104602510460183
-2.8571428571428603
-2.100840336134454
3.0042918454935656
2.0238095238095273
-2.975495915985994
2.7059530968129883
-0.7611241217798661
0.2949852507374631
6.470588235294118
-0.22099447513812467
-1.8272425249169342
1.522842639593902
-2.7777777777777777
2.857142857142857
-4.166666666666667
4.3478260869565215
-6.999999999999997
5.017921146953408
-6.59840728100115
5.846528623629734
-2.819332566168012
4.5589105979869675
-7.757644394110979
3.069367710251688
-0.6551518761167328
1.9184652278177388
-4.000000000000007
-0.18382352941175428
-0.122774708410078
-0.4302397049784811
0.4938271604938342
0.5528255528255388
-1.9547953573610195
2.056074766355147
-1.953601953601964
1.7434620174346274
-0.7343941248470116
6.041923551171401
4.1860465116279
1.5625000000000064
-4.010989010989017
0
1.3737836290784236
1.637492941840771
2.611111111111105
-0.3789929615592792
-0.326086956521736
-1.8538713195201775
-2.388888888888895
2.447353443369386
-3.3333333333333335
1.609195402298857
-2.036199095022637
1.039260969976912
-0.3999999999999935
2.008032128514056
-3.768278965129368
2.5715955581531302
-4.273504273504273
1.6071428571428503
-2.4604569420035083
-0.3003003003003003
1.42168674698796
-1.9244476122594494
1.9985465116278966
3.906899418121371
-0.0799999999999922
2.9394944527050133
1.5666666666666629
2.822448309812929
-3.6918821151186285
-0.8506407423773709
0.13370473537604963
-1.969511516635151
0.09080590238366913
2.0639600816511603
-4.333333333333339
-1.2775842044134662
0.7176470588235287
0
0.5256395280925159
0.9644434115733189
-2.232708021636549
-0.5297233666862894
2.4970414201183426
-0.12700611938575157
0.06936416184971361
-0.7047134935304984
-0.8726003490401396
1.76056338028169
-4.025374855824693
2.9323398629972504
-4.378283712784588
0
0.9035409035408972
2.8436592449177085
-5.059418755147662
-0.6692279092824291
0.07485963817840058
2.106969205834699
-1.9047619047619073
3.9332835449340258
-3.9640718562874278
2.7559546078064696
0.6674757281553363
-1.98915009041592
2.029520295202959
-2.338758288125374
2.4564868534748734
1.734939759036142
-0.568450971103747
0.047641734159130845
2.91666666666667
1.2145748987854217
-1.1314285714285657
-1.73390359496012
0.5175861663333698
0.058513750731418554
-0.15204678362572568
2.1436101675061474
-2.4426605504587267
-0.08228517691312236
-1.9176470588235242
-1.0435408420295125
-1.0181818181818223
-0.8082292432035226
1.24691358024692
1.816851603462986
-2.6706586826347354
-0.024609326934903437
0.578461538461537
-0.7586882036221299
0.850801479654762
-0.8191710478053572
0.4684418145956551
1.8282208588956992
0.3132907579226475
0.7687687687687694
-1.0847538443199387
2.3740660400096396
-3.5668040023543273
-1.1108398437499958
2.407110233304516
1.0125361620057902
-2.4224343675417677
0.06114711997064591
0.39110241994623246
1.4122230338446513
-2.13685474189676
-0.502944062806669
-0.12328936012821393
0.11109739538327268
-0.6905055487052875
-0.6704742984852324
-1.1875000000000036
0
-0.9487666034155599
-1.21328224776501
2.805429864253396
2.4270623742454815
-2.1485573971761815
0.6775407779171795
-5.047357926221332
3.609397558734742
-1.2541170509247466
-0.8210391276459276
-0.4397878670288493
1.8188904768091538
-3.1517162179405367
2.2397891963109204
1.6237113402061922
1.2934313974131322
0.7636454682023028
2.9941607653124747
-2.4004825090470554
0.11123470522803537
-0.8395061728395146
2.066733067729097
1.9516955354964556
-3.6850921273031805
-1.689440993788819
2.350265352539802
-3.13580246913581
-0.4588325261279626
-0.8322663252240609
