-1.0869565217391266
14.285714285714292
-17.788461538461537
11.111111111111102
-11.315789473684204
18.100890207715114
-5.025125628140704
7.671957671957688
-7.37100737100737
-3.7135278514589007
-1.6528925619834556
-4.481792717086838
4.985337243401747
7.821229050279343
-8.808290155440412
-5.965909090909094
0.9063444108761243
4.191616766467062
-4.597701149425271
11.445783132530112
-8.108108108108109
2.9411764705882355
-2.571428571428567
2.932551319648094
-2.849002849002849
-0.29325513196481356
0.5882352941176554
-0.5847953216374352
6.176470588235298
2.216066481994452
-7.5880758807588
2.6392961876832803
4.857142857142866
-0.8174386920981042
-3.021978021978026
-2.266288951841352
-1.4492753623188406
0
5.000000000000008
-1.960784313725498
-2.2857142857142776
-1.7543859649122846
2.0833333333333206
9.037900874635573
-1.3368983957219251
-3.7940379403794
4.5070422535211305
-5.390835579514825
2.56410256410256
-3.611111111111103
6.628242074927945
0
-0.5405405405405482
4.347826086956526
-9.114583333333334
7.736389684813762
-5.585106382978727
11.54929577464789
-8.080808080808088
2.4725274725274686
-2.412868632707771
1.6483516483516523
-5.405405405405405
0
3.428571428571437
15.469613259668492
-10.526315789473681
-3.7433155080213867
0
-2.499999999999996
5.12820512820512
-4.336043360433608
2.2662889518413722
0.8310249307479145
-2.4725274725274686
5.633802816901408
-1.8666666666666742
0.2717391304347865
-0.8130081300812931
-3.5519125683060224
0
0
1.699716713881024
-10.584958217270188
11.21495327102804
0.28011204481791124
-2.5139664804469235
0.5730659025788047
2.279202279202271
0.8356545961002905
-2.486187845303883
-3.682719546742202
0.8823529411764622
0
0.5830903790087547
0
3.4782608695652257
4.481792717086819
-4.55764075067023
0.5617977528089768
0.5586592178771029
-3.333333333333341
9.195402298850583
-3.684210526315786
7.103825136612024
1.0204081632653024
-2.272727272727269
1.0335917312661462
-2.557544757033248
-4.199475065616801
5.47945205479452
-2.5974025974025974
6.933333333333336
-1.2468827930174564
4.545454545454538
-3.3816425120772915
6.500000000000003
-0.23474178403756202
-3.5294117647058822
6.341463414634149
-6.651376146788988
6.879606879606873
-10.114942528735629
3.836317135549872
-4.187192118226608
-1.7994858611825084
10.732984293193702
0
2.364066193853428
-6.928406466512703
5.210918114143925
2.5943396226415127
-3.678160919540233
-0.2386634844868769
-2.8708133971291767
-1.4778325123152745
-6.999999999999993
-1.8817204301075343
2.1917808219178005
1.8766756032171659
-0.5263157894736917
-1.8518518518518408
5.390835579514825
0
0.7672634271099671
6.598984771573607
-8.333333333333334
3.3766233766233693
-3.7688442211055277
-0.7832898172323686
0
7.631578947368418
-3.9119804400978033
-0.763358778625947
-1.7948717948718023
-2.872062663185364
4.032258064516129
-8.527131782945748
10.451977401129952
2.046035805626591
-0.7518796992481132
4.040404040404044
-3.883495145631071
6.060606060606057
-0.7142857142857075
4.556354916067143
-1.146788990825688
-0.2320185614849221
-5.813953488372093
-7.160493827160491
8.244680851063832
3.194103194103187
-3.5714285714285716
-9.876543209876543
7.945205479452052
5.0761421319796955
-3.3816425120772915
-4.7499999999999964
1.837270341207338
-1.546391752577305
1.0471204188481638
-1.0362694300518098
0.7853403141361182
4.675324675324668
-4.2183622828784015
0
2.3316062176165766
7.341772151898732
-4.481132075471695
-4.938271604938271
1.2987012987012987
6.9230769230769305
-0.7194244604316649
-4.589371980676325
-1.5189873417721556
3.084832904884326
0.4987531172069719
0.4962779156327614
-4.938271604938271
-1.8181818181818257
1.8518518518518594
4.15584415584416
-5.735660847880309
3.4391534391534506
-6.905370843989777
1.098901098901095
2.717391304347826
7.40740740740742
-4.926108374384237
2.0725388601036197
-2.2842639593908594
-3.6363636363636327
0.808625336927216
-0.5347593582887586
4.032258064516129
2.3255813953488333
-5.5555555555555625
5.614973262032089
-3.037974683544311
2.088772845953014
-0.7672634271099853
-3.8659793814432994
1.3404825737265416
2.116402116402128
-1.2953367875647668
-0.7874015748031608
2.116402116402128
0.7772020725388528
-1.542416452442163
-1.8276762402088662
1.0638297872340388
-2.105263157894729
2.9569892473118125
3.6553524804177697
-1.7632241813602085
0
1.538461538461542
2.020202020202013
-1.7326732673267222
0
-1.0075566750629865
1.0178117048346202
-4.282115869017639
-1.8421052631579022
4.021447721179625
-2.835051546391738
2.9177718832891095
0.5154639175257806
-1.538461538461542
0
0.7812500000000111
7.493540051679583
-5.769230769230766
0
-3.0612244897959253
2.105263157894729
-3.3505154639175188
0
-8.799999999999992
9.356725146198816
-5.614973262032089
3.116147308781874
0.5494505494505573
2.185792349726768
-4.010695187165775
4.456824512534823
-2.3999999999999964
-4.371584699453556
1.4285714285714286
3.0985915492957785
-4.644808743169406
0.28653295128940237
3.428571428571437
0
-1.9337016574585713
3.6619718309859075
-3.5326086956521663
3.943661971830982
-1.3550135501355014
0
1.6483516483516523
-3.513513513513506
2.5210084033613405
1.9125683060109173
-3.4852546916890006
8.055555555555552
-4.370179948586108
7.526881720430099
-6.999999999999993
2.1505376344085945
-3.42105263157894
0
-3.8147138964577807
1.983002832861198
-1.9444444444444524
2.2662889518413722
-2.7700831024930745
-0.28490028490028896
2.000000000000008
6.162464985994386
1.8469656992084509
1.5544041450777237
-5.35714285714286
-1.8867924528301963
2.4725274725274686
4.55764075067025
-4.358974358974367
0.26809651474531215
-0.5347593582887586
-1.8817204301075343
1.91780821917809
2.1505376344085945
-6.578947368421052
-0.8450704225352033
1.1363636363636322
4.494382022471914
-0.8064516129032372
-0.27100271002710413
-0.8152173913043401
0.8219178082191703
-2.44565217391304
-1.9498607242339714
2.2727272727272645
1.9444444444444524
-1.9073569482288903
1.9444444444444524
-0.8174386920981042
0.8241758241758359
-1.9073569482288903
-3.333333333333341
0.5747126436781691
6.857142857142853
-2.4064171122994615
1.64383561643836
-0.8086253369272351
-4.347826086956506
1.1363636363636322
0.28089887640449834
-0.8403361344537934
-1.9774011299434908
0.5763688760806793
-2.005730659025776
1.754385964912264
-1.1494252873563178
3.1976744186046555
0
1.1267605633802777
2.2284122562674216
-3.269754768392378
-3.6619718309859075
4.970760233918115
-4.456824512534823
4.3148688046647345
1.1179429849077658
-1.0503040353786692
-4.134078212290494
2.972027972027981
-1.980758347481615
0.11547344110854257
3.2295271049596237
-1.6201117318435707
5.621805792163555
-7.258064516129039
6.666666666666658
-5.543478260869564
0.11507479861909997
-0.2873563218390641
-1.3832853025936713
4.909409701928696
2.506963788300832
-2.9891304347825933
-3.8655462184874017
4.312354312354303
-3.9106145251396613
0.6395348837209269
-1.1554015020219486
0.7013442431326767
-4.17875798026697
7.692307692307689
0.6749156355455423
-3.5754189944133916
-1.5063731170336125
0.5294117647058815
-0.5266237565827961
-0.7647058823529354
12.033195020746874
-10.264550264550254
0
-5.601415094339618
3.68519675202998
0.3012048192770913
-1.801801801801785
0.3058103975534994
6.707317073170741
-4.685714285714288
-5.575539568345322
3.04761904761905
-0.18484288354899037
5.493827160493831
3.8619075482738454
-8.281690140845065
-2.0270270270270383
4.075235109717882
-5.662650602409646
8.620689655172423
-1.5285126396237598
3.462686567164169
-1.9042123485285536
0.4705882352941076
4.508196721311494
-8.571428571428577
-0.36764705882352156
4.305043050430499
3.066037735849054
-4.86270022883296
-4.990980156343947
6.962025316455683
-2.3668639053254354
5.757575757575753
2.0057306590257964
-2.41573033707865
5.929763960852029
-6.467391304347815
0
4.532248692620555
-1.0561423012784754
-1.1235955056179734
-1.1363636363636525
-1.494252873563207
-0.8168028004667477
7.588235294117642
0
-2.1869874248223
5.925097820011172
-8.443271767810014
5.590778097982702
-6.8777292576419296
-0.644783118405624
0.7669616519173983
8.313817330210783
-5.891891891891891
0.5169442848937384
1.028571428571427
-1.8665158371040629
2.881844380403458
0.28011204481791124
-2.1787709497206538
1.3706453455168384
2.647887323943656
0
-0.27442371020854645
-3.6873968079251602
5.600000000000002
-8.008658008658012
5.588235294117643
-1.9498607242339714
-2.1590909090909234
0
3.019744483159115
2.0293122886133204
1.1049723756906038
3.278688524590152
-10.052910052910047
-4.705882352941181
6.6666666666666785
-1.620370370370377
-3.8235294117646976
0
3.9755351681957096
