3.41796875
-1.7941454202077485
1.9230769230769231
-1.8867924528301887
8.076923076923082
-0.5338078291815023
-4.47227191413238
-1.1235955056179803
0.8522727272727327
-0.657276995305167
0.945179584120983
1.4981273408239781
-1.1992619926199366
-0.18674136321194085
0.28063610851262594
-1.4925373134328437
-0.7575757575757549
-0.19083969465649125
0.5736137667304098
0.38022813688212115
-0.5681818181818128
-0.19047619047619319
7.633587786259542
0
1.0638297872340452
-0.43859649122807015
-0.6167400881057293
-0.7092198581560258
5.624999999999998
0.5071851225697451
0.925147182506303
0.4166666666666667
-0.9958506224066414
-1.0896898575020932
-1.7796610169491478
-0.4314063848144952
6.585788561525125
-0.8130081300813008
3.9344262295081944
-0.6309148264984205
4.920634920634912
1.0590015128593084
0.29940119760479467
-1.492537313432836
-0.9848484848484934
-0.3825554705432288
-0.691244239631319
-1.0054137664346567
-1.171875
-0.5533596837944686
2.9411764705882377
1.0810810810810854
-3.514132925897638
-0.39588281868566905
-2.225755166931635
-0.24390243902438793
-0.32599837000815457
0.16353229762878402
0.08163265306121985
-0.4893964110929807
0.819672131147541
-0.8130081300813008
-0.32786885245902103
0
0.5756578947368445
0.5723630417007383
2.6016260162601648
-0.4754358161648245
-1.3535031847133667
-0.16142050040355355
-0.9700889248181106
-1.2244897959183674
-0.7438016528925667
-0.08326394671106938
-1.4999999999999976
-0.16920473773265893
1.3559322033898258
0
0.8361204013377926
1.1608623548922103
0.9016393442622904
0
1.5434606011372916
0
2.959999999999991
-0.5439005439005351
1.0156250000000089
0
-1.1600928074246049
0.15649452269170802
0.23437500000000888
1.0132501948557933
0.4629629629629586
0.9216589861751284
-1.9025875190258752
0
-0.23273855702095528
-2.1772939346811797
-3.7360890302066796
0
0.4954582989265141
-0.5751848808545628
0.16528925619834944
0
0.41254125412541254
0
-0.6573541495480667
-0.5789909015715491
0.08319467554076065
-0.581878636741482
0.16722408026756092
0.25041736227044836
0.4995836802664518
0.7456503728251793
-2.055921052631579
0.6717044500419911
0.41701417848206834
0.24916943521594448
1.5741507870753864
-1.5497553017944465
-2.982601491300753
1.024765157984631
-3.465765004226538
-0.2626970227670728
-1.3169446883230904
1.24555160142348
0.175746924428825
-0.08771929824560905
0.0877963125548677
-2.4561403508771904
-1.7985611510791366
-1.2820512820512873
4.545454545454551
0.9760425909494181
-3.6028119507908563
-2.0966271649954393
-1.7690875232774725
1.3270142180094842
-1.403180542563143
-0.09487666034156406
-1.8043684710351298
0.8704061895551174
0.4793863854266539
0.09541984732825241
0.3813155386081901
0.4748338081671415
-0.6616257088846907
2.378686964795433
0.09293680297398563
0
0.7428040854224671
0.829493087557609
-1.8281535648994514
-1.3035381750465602
6.792452830188681
-1.0600706713780943
1.6071428571428545
-1.5817223198594
2.4107142857142883
-0.6974716652135982
-0.17559262510974788
0.2638522427440608
1.5789473684210502
-2.417962003454229
4.778761061946907
1.2668918918918919
-1.0008340283569666
0.8424599831508003
3.5923141186299055
-1.6129032258064515
-1.147540983606562
0.4975124378109524
-1.0726072607260702
0.9174311926605456
0.5785123966942173
0.24650780608052356
0.6557377049180304
-0.6514657980456003
-2.459016393442623
-0.8403361344537815
0
-1.0169491525423753
-0.5136986301369815
-1.8932874354561124
4.122807017543862
-0.08424599831508721
-1.0118043844856566
-2.555366269165247
1.8356643356643305
-0.4291845493562232
-0.8620689655172413
-0.43478260869565216
-0.34934497816594384
-0.17528483786151502
-1.3169446883230904
-0.35587188612100146
-0.9821428571428521
1.3525698827772767
-0.7117437722420029
0.5376344086021582
-2.4064171122994678
-0.27397260273972346
6.868131868131868
0.5998286203941755
5.87734241908006
-0.3218020917135893
-3.631961259079903
0.6700167504187581
2.4958402662229617
-1.136363636363641
-1.888341543513955
0.08368200836819609
-2.0066889632106952
0
-1.0238907849829375
-0.8620689655172413
1.391304347826082
1.2006861063464886
5.762711864406778
9.134615384615378
2.3494860499265915
-0.1434720229555359
-1.2931034482758499
-1.0189228529839924
-0.9558823529411848
-3.26651818856717
6.753645433614722
3.3069734004313402
2.644398051496181
0.20338983050848228
2.571041948579149
-0.39577836411609124
-1.3245033112582782
-0.6711409395973155
-1.418918918918915
-0.7539410555174738
-0.13812154696133774
-0.41493775933609567
-1.9444444444444524
0.5665722379603481
2.676056338028177
-1.1659807956104369
1.040943789035392
-0.3434065934065934
0.27567195037905284
-0.2061855670103171
-3.3057851239669307
-0.3561253561253561
0.6433166547533993
-0.5681818181818262
-1.3571428571428612
0.07241129616219719
-1.2301013024601946
-0.1465201465201382
-3.0080704328686885
0.15128593040848493
0.07552870090634012
-2.0377358490565953
-5.392912172573199
-1.4657980456026036
4.710743801652894
1.8942383583267492
-0.774593338497289
-0.15612802498047512
1.4855355746677135
-2.1571648690292844
3.4645669291338628
-0.9893455098934637
0
-0.07686395080706712
-0.23076923076923953
-0.5397070161912018
1.6279069767441816
0.30511060259344447
-1.8250950570342248
0
-1.6266460108443024
0
-1.259842519685035
1.275917065390745
0
0.7874015748031497
-0.5468750000000022
-2.5923016496465023
-1.3709677419354862
0.16353229762878402
3.673469387755102
-0.6299212598425175
-0.871632329635506
0.07993605115907956
-1.277955271565502
1.1326860841423996
-1.8399999999999976
1.6299918500407498
4.3303929430633445
-1.4604150653343626
0.1560062402496233
1.0124610591900178
-1.0023130300693779
1.1682242990654206
-1.2317167051578093
1.0132501948557933
-2.7006172839506175
0
-1.5067406819984073
0.08051529790659767
-3.1375703942075557
-0.3322259136212672
-0.7500000000000048
0.5877413937867363
-0.6677796327211997
0
-1.932773109243695
0.17137960582690903
-1.112061591103517
1.7301038062283738
-2.891156462585027
0
10.070052539404553
1.829753381066028
-2.109375000000002
-0.2394253790901813
-5.2
0
-1.0126582278481036
-1.108269394714405
0.25862068965517
0
-1.633705932932065
-0.3496503496503546
0.08771929824560905
0.5258545135845825
-2.1795989537925022
0
0.9803921568627401
0.88261253309797
2.449693788276463
0
-3.074295473953881
0.9691629955947086
-3.4904013961605584
-0.5424954792043348
0.5454545454545403
1.1754068716094135
-1.6979445933869577
0.7272727272727247
-2.256317689530686
0.738688827331484
-2.7497708524289646
0.942507068803016
-1.3071895424836522
0.5676442762535424
3.3113828786453396
0.5099253323620491
0.6160536329045179
-0.7743562038537722
1.143375680580754
0.26915485375920634
-3.2390837508947783
-0.12946180876641444
-0.7407407407407381
0.7089552238805885
-1.8340125972582344
0
-0.2642007926023789
-0.5676442762535558
-1.6175071360608837
1.2572533849129566
-2.387774594078319
0.782778864970643
-1.7864077669902945
-0.13839462238038808
-0.7721243318154832
1.755786113328018
3.196078431372554
-0.2470074102223115
-4.228571428571426
0.039777247414471
-0.8349900596421365
1.4033680834001518
8.442071965203645
-2.1148587055606267
5.4945054945055
-1.4830508474576332
2.65232974910395
0
-0.48882681564246006
-1.4035087719298196
-4.412811387900363
0.33507073715562125
-4.192949907235618
2.6142525174283526
-2.24570673712022
0.3861003861003916
1.538461538461533
0.18939393939394208
1.1342155009451822
0.5046728971962675
0.8926910916868084
0.829493087557609
-1.9744058500914174
0
2.4431182394628914
-1.6020389586746815
-0.09250693802034628
-0.7407407407407381
-1.5298507462686572
0.6062902614626757
-0.7909604519774043
1.727410782080493
-2.7617092741183127
1.1322203032047657
-1.878557874762812
1.5084122993618276
-3.048199657077541
0.21615248575358503
-3.3137254901960738
-0.020279862096948115
-0.6693711967545605
1.4702879313865609
-0.4226202455222396
0.020210185933720932
0.02020610224287333
0.5858585858585842
2.8519783088973725
1.0544815465729334
-1.0048309178744022
1.3078274448565328
-1.1560693641618525
0.9746588693957116
-0.7722007722007695
-0.09727626459143417
0.7984420642648424
0.7341576506955227
-1.2274645186037603
0
-0.44660194174756673
-5.402769650867961
2.515463917525771
0
-0.38213998390989085
-0.565313951140725
4.14213197969543
0
1.1698186781048965
-0.09635767970706717
-2.777777777777787
0.19841269841270123
-0.8712871287128667
0.838993208150209
-1.8423137876386684
1.2916246215943503
2.1916716477385965
-0.17547280171572685
0.09765624999999445
-0.11707317073171175
-2.28560265676889
0.07996801279488033
-1.0187774670395626
0.4036326942482399
-0.6633165829145694
-0.4653986240388587
-0.203293352307368
1.5889183133020859
-1.8247443352716997
0.12254901960784778
-1.3463892288861763
-0.5169561621174524
-0.08314279775514269
0.2288329519450789
0.539643005396426
-0.06193228736581573
1.1361288989878213
1.511437908496736
-2.1730382293762682
