-0.5641748942172153
-0.28368794326241537
-9.38833570412517
5.180533751962319
-0.746268656716418
3.007518796992481
-1.7518248175182523
1.1887072808320909
0.7342143906020558
3.3527696793003083
-0.4231311706629215
9.065155807365448
-7.532467532467529
0
4.915730337078651
-4.685408299866131
3.792134831460678
-2.976995940460085
1.5341701534170074
0.27472527472527863
0.41095890410958513
14.597544338335611
-9.880952380952378
1.4531043593130704
-2.3437499999999964
0.6666666666666666
-2.384105960264897
0.5427408412482924
1.349527665317139
0.39946737683090733
-1.989389920424403
2.706359945872801
-1.054018445322808
3.0625832223701885
6.459948320413436
1.6990291262135817
-1.4319809069212446
18.644067796610177
-18.469387755102037
-0.25031289111389593
-1.8820577164366372
2.8132992327365764
-0.3731343283582231
2.2471910112359694
-2.075702075702079
2.867830423940146
0.24242424242424587
-1.451027811366388
0.7361963190183979
0.1218026796589629
-0.3649635036496316
-0.732600732600743
-2.8290282902828996
0.12658227848100545
1.137800252844508
0.37499999999999645
-0.8717310087173137
1.7587939698492534
-3.0864197530864197
1.656050955414009
-2.7568922305764447
1.9329896907216497
1.3906447534766229
-1.2468827930174564
1.2626262626262625
-0.2493765586034948
-1.5000000000000036
0
0.8883248730964504
-1.5094339622641546
1.149425287356329
0.5050505050504943
0.7537688442211163
0.7481296758104667
-0.9900990099009866
-1.750000000000007
1.9083969465648856
0
5.368289637952574
0.11848341232226814
-2.485207100591709
0.4854368932038731
-1.690821256038637
-0.3685503685503825
-2.466091245376079
-1.2642225031605563
2.304737516005136
-1.3767209011264185
-0.6345177664974619
-0.7662835249042074
1.9305019305019304
0.8838383838383874
-1.0012515644555837
1.137800252844508
-1.25
1.2658227848101267
0.5000000000000071
-5.0995024875622
4.718217562254271
2.0025031289111315
-2.0858895705521507
-1.6290726817042571
1.783439490445867
0.500625782227774
-0.37359900373598653
1.25
-1.8518518518518519
-1.8867924528301887
2.051282051282044
0.5025125628140775
-0.5000000000000071
1.1306532663316655
-0.7453416149068253
0.12515644555693906
-0.1249999999999929
-0.12515644555695685
-0.6265664160401003
0.2522068095838624
-0.5031446540880574
-0.12642225031604845
-1.0126582278480976
-0.1278772378516733
-0.5121638924455717
1.0296010296010258
-2.5477707006369426
-0.5228758169934715
0.1314060446780664
2.0997375328083914
-2.056555269922872
0.2624671916010536
0.1308900523560135
-0.26143790849673576
-2.6212319790301444
0.40376850605652376
1.206434316353895
0.13245033112582028
-4.62962962962963
0
0.970873786407771
-0.4120879120879082
1.2413793103448354
0.6811989100817438
-2.706359945872801
-2.086230876216968
1.1363636363636322
2.387640449438206
3.978052126200262
0
-0.7915567282321825
0
1.3297872340425532
-0.9186351706036783
1.3245033112582782
-1.3071895424836601
3.178807947019875
1.4120667522464625
-2.4050632911392475
-1.297016861219196
-0.5256241787122096
0.5284015852047443
-0.3942181340341619
1.5831134564643838
-1.558441558441562
0
-0.5277044854881154
-0.5305039787798483
0.6666666666666666
2.1192052980132376
-1.686121919584951
-1.1873350923482737
0.1335113484646119
1.0666666666666629
-0.6596306068601583
-0.3984063745019883
-0.13333333333332575
0.1335113484646119
-0.7999999999999924
1.2096774193548272
-1.4608233731739633
-0.1347708894878821
-1.4844804318488454
0
-1.5068493150684854
-0.13908205841447638
0.41782729805013535
1.5256588072122172
0.4098360655737666
-0.5442176870748376
1.3679890560875514
-0.2699055330634125
2.165087956698233
1.0596026490066188
0
-0.3931847968545179
0
-0.39473684210525944
-1.7173051519154519
0.9408602150537481
-0.9320905459387333
0.13440860215053
1.4765100671140863
3.0423280423280574
-3.2092426187419765
0.39787798408487685
-3.8309114927344856
1.3736263736263736
-0.5420054200541891
-0.1362397820163604
-1.909959072305582
2.2253129346314244
-0.9523809523809562
-0.4120879120879082
0.6896551724137931
1.0958904109589003
-0.6775067750677507
0.40927694406548043
-0.8152173913043401
1.36986301369863
-3.3783783783783785
0.979020979020983
-1.2465373961218915
0.9817671809256703
-0.41666666666666274
0
-0.5578800557880135
2.664796633941102
-1.9125683060109366
0.5571030640668603
-0.5540166204986228
-1.6713091922005612
3.257790368271971
-1.9204389574760021
2.6573426573426655
0
0.8174386920980848
-0.2702702702702741
-1.761517615176148
0
-0.9655172413793143
2.506963788300832
-3.26086956521738
2.6685393258426844
-0.9575923392612704
0.1381215469613181
0
0
-0.4137931034482719
-0.6925207756232686
-0.4184100418410002
1.1204481792717047
-1.2465373961218915
0.420757363253853
-0.13966480446926582
0.979020979020983
-2.4930747922437635
0.8522727272727191
-5.3521126760563345
-2.232142857142857
1.2176560121765558
0.4511278195488679
2.245508982035928
-1.9033674963396738
2.8358208955223967
1.1611030478954965
-0.4304160688665669
-1.0086455331412143
-0.727802037845706
0.5865102639296063
-0.29154518950435665
1.461988304093567
2.305475504322758
0.1408450704225272
0.14064697609002608
1.2640449438202126
-2.0804438280166435
0.708215297450425
-0.7032348804500704
1.558073654390947
-1.3947001394700138
2.828854314002829
-2.063273727647868
1.1235955056179734
7.638888888888889
6.580645161290315
-5.447941888619855
0.3841229193342015
-3.9540816326530717
-1.062416998671975
21.208053691275165
1.8826135105204904
-9.02173913043478
-2.0310633213859055
5.121951219512199
0
-2.4361948955916573
-1.3079667063020148
0.6024096385542169
0.5988023952095808
0.8333333333333367
-1.2987012987013087
15.909090909090924
-1.0319917440660473
-3.7539103232533977
-0.3250270855904628
5.869565217391311
0
-7.392197125256676
-1.552106430155217
-0.33783783783783466
3.2768361581920966
5.798687089715533
3.205791106514989
-2.2044088176352736
-1.6393442622950762
1.9791666666666725
-0.20429009193054426
-2.5588536335721597
-3.1512605042016806
-1.3015184381778773
1.6483516483516483
-7.027027027027027
0.34883720930232226
2.5492468134414867
-0.45197740112994994
-2.043132803632233
0.9269988412514452
6.0849598163031136
2.0562770562770467
-2.014846235418867
-1.8398268398268427
-3.638368246968023
0.11441647597253353
-2.171428571428578
1.6355140186915955
-1.1494252873563218
1.976744186046515
4.104903078677302
-1.9715224534501612
0.8938547486033488
-0.44296788482834054
-0.7786429365962211
-0.6726457399103234
-1.4672686230248275
2.176403207331049
-1.45739910313901
-1.59271899886235
-1.1560693641618498
-6.900584795321644
5.527638190954781
0.952380952380949
-2.004716981132079
0
1.1070998796630587
1.5234467983813391
-3.86869871043376
2.195121951219509
-0.6205250596658664
-2.449567723342947
2.166420482520932
-2.289156626506031
0.17262638717632622
1.4278680452978962
-0.9466019417475742
-1.739769664297968
0.1496259351620827
-1.6434262948207088
-3.8227848101265773
1.2108449591997916
-1.794538361508465
1.562500000000009
-0.3129074315515112
-0.07847240387128965
-2.0157068062827306
0
-0.8816457387122584
10.242587601078158
-10.195599022004895
0.4628369180506445
-0.921409214092131
0.7932166301969341
4.0434192672998694
-0.8868022952530082
-0.7894736842105189
-0.26525198938992417
-3.590425531914897
1.103448275862065
-4.583901773533424
0.3717472118959181
3.019943019943006
1.6316371681416024
-4.707482993197271
-0.05711022272987757
0.08571428571428896
3.4827290893519804
1.0482758620689725
3.3306033306033274
-0.5812417437252282
-2.8700504916290335
2.3255813953488413
-2.1122994652406395
-0.24583447145587628
1.4786418400876207
-0.7015650296816112
0.4619565217391351
-0.21639166892074194
2.331255082678231
-2.6490066225165565
-1.3605442176870748
1.7103448275861999
-0.5966910767561673
-0.6548431105047804
0.7140895358418158
0.9271884374147703
1.594163739529866
-1.75531914893618
-0.5143475906875954
-1.7687074829931935
-0.2770083102493114
1.9444444444444524
-0.9536784741144452
0.30261348005501904
0.7953922106417969
-0.19047619047619124
0.872410032715377
7.108108108108114
-0.07570022710068416
-0.2525252525252561
-0.5063291139240579
0.5852417302799083
-1.3407538578294995
0.5897435897435818
-1.5804231455518671
2.227402227402226
-0.8107423359513563
-1.4048531289910529
-2.5647668393782435
6.85987769210316
-1.0947997014182576
-1.6100628930817624
-0.025568908207614448
-1.6624040920716077
1.5604681404421177
-1.5364916773367334
0.2600780234070073
0.6225680933852192
-3.2998195411188482
1.8928285790455903
0.7326007326007355
-0.7272727272727302
-0.31397174254316446
-0.5249343832021072
0
-1.79419525065963
2.095647501343367
-1.6315789473684144
0.7223113964686891
-1.7264276228419617
1.0810810810810771
0.5080213903743445
0
-1.5695663740356567
3.9189189189189264
-1.9245773732119686
0.7955449482895708
-2.7887398053143784
7.30717185385655
-6.784363177805795
0.10822510822510592
-0.8648648648648656
