2.0547945205479503
-2.013422818791951
6.8493150684931505
-1.9230769230769162
-1.1764705882353037
0.5291005291005296
3.2894736842105265
-1.9108280254777004
7.012987012987013
0
4.975728155339808
4.97109826589595
0
4.955947136563869
0
4.931794333683113
0
5
-5.809523809523804
2.1233569261880594
-0.9900990099009866
1.5000000000000036
-0.9852216748768438
0.4975124378109346
0.6930693069306959
3.7364798426745405
1.1374407582938313
4.9671977507028995
0
1.7857142857142954
3.1578947368421
4.931972789115647
0
4.943273905996754
0
4.942084942084946
0
4.93009565857248
-8.555399719495096
-4.984662576687106
10.492332526230822
4.967129291453614
0
4.9408489909533815
-0.26525198938992656
4.986702127659575
0
4.939835338822046
0
4.948702474351239
0
4.370327774583082
0.5509641873278316
4.986301369863014
-8.402922755741125
-4.843304843304852
-0.11976047904191361
-4.976019184652278
0
-4.73186119873817
0
-4.966887417218543
0
-4.8780487804878
9.157509157509157
-2.3489932885906017
-2.4054982817869512
-4.929577464788728
0
-1.8518518518518519
6.792452830188681
0
4.946996466431091
-4.040404040404038
8.771929824561404
0
4.838709677419355
4.923076923076928
0
4.692082111436954
-0.2801120448179311
3.932584269662917
-8.37837837837838
-4.719764011799414
0.6191950464396373
-4.307692307692303
-0.6430868167202664
-4.8543689320388355
10.204081632653061
4.938271604938276
0
4.705882352941181
-0.28089887640449834
-0.5633802816901489
-0.8498583569405019
-3.142857142857147
8.259587020648981
4.9046321525885475
0
4.935064935064931
0
4.9504950495049505
0
4.952830188679249
0
4.943820224719108
0
4.925053533190572
0
4.897959183673467
0
4.863813229571985
-8.534322820037108
-4.868154158215008
0
-4.9040511727078835
0
-4.932735426008975
10.377358490566035
4.487179487179491
0.4089979550102308
4.887983706720974
-0.19417475728155617
4.669260700389103
-1.858736059479554
-0.37878787878787074
-3.231939163498104
-4.715127701375243
4.742268041237107
2.3622047244094544
-2.115384615384618
-3.5363457760314287
-1.2219959266802474
1.6494845360824684
-6.490872210953338
-1.9522776572668081
7.079646017699105
3.0991735537190084
-2.0040080160320644
2.4539877300613555
-1.5968063872255573
3.0425963488843815
-6.889763779527559
-4.439746300211405
6.194690265486719
1.8749999999999971
-2.2494887525562404
-3.7656903765690317
0.8695652173913012
-4.5258620689655205
4.96613995485328
-4.516129032258068
2.4774774774774806
0.879120879120876
-1.7429193899782074
-2.2172949002217295
-0.9070294784580466
-1.8306636155606504
-2.097902097902095
2.1428571428571397
-1.3986013986014019
-4.49172576832151
5.6930693069307035
-4.449648711943807
0.24509803921568976
4.156479217603919
-0.23474178403756202
4.470588235294114
-6.3063063063063005
0
-2.4038461538461537
2.216748768472903
0.7228915662650534
4.784688995215311
-4.109589041095885
-3.809523809523813
5.940594059405937
-1.8691588785046664
-1.428571428571432
1.4492753623188441
-3.0952380952380887
-3.9312039312039344
2.8132992327365764
1.9900497512437738
0.7317073170731638
-1.6949152542372778
4.926108374384237
0
4.929577464788736
4.9217002237136365
0
4.904051172707899
0
4.878048780487802
0
4.844961240310077
0
-3.1423290203327223
-1.9083969465648856
-4.863813229571985
0
-4.907975460122697
0
-4.946236559139779
7.692307692307689
-4.411764705882356
3.076923076923074
-2.7718550106609747
4.166666666666663
-1.0526315789473684
-0.21276595744681154
3.6247334754797502
-2.4691358024691414
-0.4219409282700332
1.906779661016946
0
-2.28690228690229
1.702127659574462
1.4644351464435206
4.53608247422681
-1.5779092702169708
1.6032064128256598
1.972386587771203
4.061895551257242
0
4.46096654275094
-6.4056939501779375
3.802281368821293
-8.424908424908427
3.5999999999999943
-8.301158301158296
-4.4210526315789505
4.1850220264317155
-1.0570824524312896
-1.9230769230769202
1.9607843137254872
-0.641025641025635
2.5806451612903287
-3.563941299790362
0
-2.39130434782609
-0.6681514476614636
2.0179372197309386
1.5384615384615448
-0.865800865800878
-0.6550218340611292
5.4945054945054945
3.125
-7.878787878787876
-4.824561403508778
5.529953917050688
3.493449781659392
-8.016877637130795
0
-4.816513761467893
3.132530120481921
-7.71028037383177
-4.556962025316449
3.1830238726790334
0.7712082262210906
3.061224489795907
0.7425742574257531
1.2285012285012284
-1.4563106796116538
3.2019704433497465
-1.9093078758949813
2.1897810218978067
-2.380952380952381
7.560975609756101
4.9886621315192645
-0.6479481641468622
4.3478260869565215
-5.625000000000006
1.1037527593818985
-2.6200873362445325
0.22421524663677447
-1.342281879194634
2.0408163265306087
1.5555555555555618
0
-3.7199124726477084
-3.86363636363637
6.146572104018916
2.0044543429844066
-3.9301310043668063
1.3636363636363669
-3.587443946188344
2.558139534883724
-5.668934240362812
-1.9230769230769333
0.24509803921568976
0.7334963325183479
0
2.9126213592232904
1.179245283018868
4.662004662004662
0.22271714922049315
4.8888888888888955
0
4.872881355932197
0
4.848484848484846
0
4.8169556840077075
0
4.963235294117652
0
4.903677758318734
0
4.841402337228713
0
4.93630573248409
0
4.8558421851289655
0
4.920405209840819
-4.9655172413793025
4.208998548621177
0.6963788300835655
4.70262793914247
-6.869220607661826
-0.425531914893613
5.413105413105409
5.0000000000000036
0
4.8906048906048865
0
4.9079754601226995
-9.35672514619883
-4.903225806451609
0
-4.884667571234747
10.271041369472186
3.75161707632601
-1.1221945137157179
-0.37831021437578455
-4.430379746835443
-0.7947019867549594
1.2016021361815639
1.0554089709762495
-5.87467362924282
-4.8543689320388355
2.769679300291554
2.6950354609929157
-5.524861878453038
-1.023391812865501
-3.692762186115214
2.607361963190188
-0.7473841554559043
2.108433734939746
0.11799410029498274
2.20978196817914
-0.40357451715191867
4.920405209840819
-0.5241379310344765
-1.9689406544647832
2.659123055162653
-4.381372278864691
4.49567723342938
-0.02757859900716495
-4.027586206896554
0.8623167576890034
-1.2539184952978193
-1.875901875901872
-3.176470588235289
1.3973268529769163
-2.8759736369083306
-3.7631091918568855
1.7628205128205152
2.330708661417329
-4.832256078793476
-1.6817593790427008
1.4802631578947463
0
-1.102106969205834
0
-1.3438216978039992
0
4.983388704318936
4.113924050632902
-4.924012158054704
-0.8951406649616405
0.516129032258065
-0.032092426187424784
-4.462279293739959
-1.8817204301075343
-1.9520547945205489
3.87705204331121
-2.757229320780083
3.73443983402489
1.1999999999999982
4.973649538866936
0
4.989017885158456
0
4.991034070531984
0
4.9530315969256895
0.027122321670748892
4.934924078091107
0.05167958656329721
4.984504132231405
0
-4.89544895448955
-0.10346611484738528
-4.997410668047643
10.520577814118287
2.836004932182505
1.8465227817745706
4.0734636213798066
0.8823529411764718
4.956268221574329
0.0213675213675323
2.00811792352061
-1.1937172774869116
3.7515896566341738
-0.7763023493360623
-0.1441218859378223
-4.845360824742271
1.6251354279523293
-5.7995735607675885
-0.4300588501584376
-4.56922027733577
-0.023820867079556957
-4.908267810340725
1.4532698571786655
3.4823413188441505
4.988066825775665
0
4.978404182768806
0
4.915547856214818
-9.432404540763674
3.6918869644484897
-2.3076923076923013
2.8121484814398197
-4.091903719912482
1.300479123887749
3.648648648648659
4.99782703172533
-8.46440397350994
-4.7026904815735895
-0.3084223013048528
-4.9976201808662575
10.521042084168325
0.6346328195829581
4.324324324324328
4.987046632124358
0
4.996915484268969
0
4.974539757148451
0.018656716417906734
4.999067338183175
0
4.992005684846336
-9.509306260575304
-0.16828721017202003
-4.832365611537738
-4.99901594174375
6.981562046819966
0.6971340046475589
4.269230769230767
4.998155662117302
0
4.9885824696996375
-9.503095198259997
-0.25882787946016
-4.745134383688605
-4.923136797042228
10.417519443307416
4.8934198331788705
-1.6964127937798212
