-5.065032516258129
-0.9221446449743117
-5.30514559234144
-1.361976972760467
0.1423487544483986
6.837242359630422
-3.1931878658861095
1.7042330951071987
-0.2432432432432371
2.0997019777837984
0.8093405864402161
0.026322716504349235
-1.0657894736842135
0
-2.7397260273972632
3.924517981676473
-3.2631578947368363
-0.36724700761698115
2.4573378839590445
1.21252498334444
-2.52764612954187
-1.4046461372231196
2.8219178082191814
3.3839594990674096
0.6958762886597909
-2.738674174558482
2.355263157894734
3.8693919526931513
-1.2871287128712843
2.7582748244734203
-1.9521717911176184
0.3608760577401664
0.4339739615623063
0
12.44444444444444
-1.2077294685990339
-5.556790397866193
-3.5067074605789545
2.4756097560975556
-3.593954540045214
1.8516232563881
13.925584777602712
-4.085106382978721
0.9316770186335378
-3.5714285714285716
-2.894586894586892
9.259476587255014
2.9860365198711016
4.171881518564873
2.122547056467766
0.6372549019607843
0
5.280077934729668
1.7673729989821327
6.964902709583574
1.1560693641618418
-4.403361344537823
0.035161744022511515
-9.244288224956067
0.12587141750580505
8.87728459530028
-0.00888178346213131
5.338426008171979
0.34572898220759835
-4.689075630252097
5.801445953094688
-4.200000000000007
-1.617954070981203
-2.0866489832006994
2.9438324002167153
-4.1403508771929864
-2.8001464128843256
-1.5722086236113768
2.324246771879479
-5.430921667601413
4.7444894731639815
0.4435217514390908
1.4468245020668793
-3.704389701796629
0.01923446816695956
1.4903846153846154
0.8053055423969683
-0.9022556390977358
-1.3562215477997137
-5.009133737140651
1.224696356275306
-2.489751024897508
1.773995077932727
3.264483627204039
-1.4440433212996455
-0.5247005247005314
3.2941878980891857
-1.9366027555641327
2.181175083513465
-4.211538461538457
2.188315599277249
-3.0844793713163043
0.1419014798297159
-3.37044534412955
1.1940923850424192
-1.8010557913259473
-0.9170443765152361
1.0425531914893569
3.3796588755527504
14.471942152968737
-1.0676156583629892
0.4586330935251717
0.08056575060425128
-8.121645796064398
1.2461059190031107
-1.1057692307692308
5.007292173067574
-8.129629629629626
2.8018544648256354
1.9803921568627496
0.9421265141318933
-1.447619047619052
-1.6235021260146845
3.7033398821218118
-1.8660604338353741
-0.21235521235521673
0.04836525440123815
-0.038673498984807465
-5.213270142180103
6.204081632653057
1.6525749423520413
-1.5784499054820458
1.7478152309613029
-2.227465785747986
3.224249444927103
-4.283175909473483
3.0385930630190434
-0.047411340792717624
1.2996869367232755
-2.6128488480988823
-1.9040292335801583
-1.0391138123713384
-2.6052501238236707
1.8205858421480854
0.9889121965837556
-1.2561819980217652
5.980166282680562
-4.413988657844995
0.009888262632257762
-1.334783468459561
-0.01002104419280717
1.0523150932050511
-0.8132500247942014
4.209579042095792
0.710036461331785
-1.4767530487804879
-1.1604293588627683
-0.567459152724789
0.16727344288104354
-0.8447937131630671
1.0402219140083218
-0.3921953132660065
0.2165567477113934
-0.9134662606816686
1.8041237113402109
-1.4800389483933831
3.567898794228122
-1.717721156598912
2.000194193611021
-2.38933841028081
2.0089721084454757
-2.4474187380497154
0.3626029008231999
2.626696611659027
2.5689819219790677
-1.920222634508353
1.2011727986380447
-1.7383177570093373
0.3994673768308748
-0.23683213338385753
1.3863830595385185
2.931535075395706
-0.46405823475886343
-1.1427004296553616
1.3316071758831018
-1.4783719656871734
1.8247499073731055
-0.5639952697170969
0.7776049766718508
-1.1437908496731946
2.6629935720844813
-3.1932021466905227
-0.19403122978840517
0.22218107757821362
0.3417698134121602
0.4418668876001063
3.0061405920630726
-2.936204288637779
-1.7783481529012823
2.2585160989267425
1.2685954184539439
-0.6038211968276693
0
-0.11787106718652478
-1.9517066085693537
2.2127580779557534
0.36231884057971014
-0.7761732851985478
0.8822994360560139
-0.7393382021458678
1.516940684894161
-2.952755905511811
2.710676747187912
-0.9515260323159703
1.5044408192858354
-1.544642857142853
-2.6933889543846963
0.44734389561975346
1.326776767489326
-0.5860269206116532
0.018421295017043884
-0.7090892347361677
1.2799109627156329
-1.73992673992674
4.380242311276794
-1.580357142857147
1.6057334663884646
-1.9732142857142776
0.19127425084250924
-1.7454545454545496
0.009252405625475243
-0.027754648903708195
-0.9716823986674071
0.4298663676292063
4.215129803666135
-5.107142857142861
0.028227324049675814
1.2980904900762096
2.005757266227125
-2.6945835229858814
1.038450743755254
-3.342592592592584
-2.088322636267848
3.4145386948439462
2.1759697256385997
-4.425925925925922
0.7653555512497445
1.3844822613210357
1.4698909435751542
-1.308411214953271
1.09848484848484
-2.810041213937805
-0.732459521973777
0.747572815533985
3.7872217403873907
-5.218198700092855
0.4408307210031348
0.4486491758509838
1.7962909020293232
-1.0396795116367885
-2.6506024096385543
0.15841584158416067
-1.5322261763542901
-1.6163035839775146
0
-0.1632653061224513
5.273916598528212
-1.563106796116507
0
-1.67669395403886
-0.43133714514996035
-0.25186379206125326
4.504595495404506
-3.7498791920363455
-2.5906215483482233
3.3501700855581897
2.7328944743666446
-3.0097087378640777
0.3803803803803758
-0.7479058635819705
-1.5271777353561673
0.6529945923885294
1.3583375570197644
-0.13001300130012547
2.1430002002803903
-2.8725490196078387
0.5854446351064857
-1.9267436026091365
-0.10232272587741738
0.30728259756222476
-0.13274788113958486
-1.0224948875255624
3.285123966942144
-0.47009401880375395
-0.11054165410511735
-3.0684104627766597
2.1172807472755557
-0.8537452993190342
-1.599179907739623
0.8125846442337815
-0.7957011470497102
-1.4791666666666714
0.32776485514908255
3.1826325218674305
-0.7251557552854685
1.4197530864197485
0.020288090890651804
1.0649087221095335
-2.3582538886101356
2.1274409044193265
-5.404045486565366
3.000000000000005
3.2844453625283982
-1.9200000000000046
0.2243066884176229
-5.066124109867747
1.8002571795970803
-2.0210526315789523
7.434464976364423
-2.6200000000000045
2.0024645717806533
-4.298801973220571
0
2.0828950136755684
-0.03091508656223769
1.7008555818987732
0.01013581998783932
-0.050673963717441976
2.4133035895355865
-1.871287128712869
-3.1278377560286548
3.24966149359441
-1.735095329365473
3.6238579201313987
0.05944125222904921
-3.366336633663366
2.5102459016393444
-2.328835582208891
3.356528857961518
-2.5940594059405986
2.6326489123805743
-2.0303060314945034
-0.30327537403962795
-1.16609207057392
0.14363393864778673
-0.11269337158078298
0.09230769230768998
-1.9571677425965799
0.14632107023412322
-0.6887914840325634
-2.469525010508617
1.6700786553173148
2.5328529037727825
-3.607235142118861
-0.28951318893416744
5.118829981718466
1.2480818414322297
0.01010407194098303
1.8387553041018434
-3.839285714285719
4.198906427318689
-4.277227722772282
0.34133223003724333
1.0205133491392617
2.8469387755102016
-2.460561563647183
-0.19326619875902526
-0.5299633102323731
-3.247950819672136
1.0801652017367411
4.766893661602934
-2.05
1.0515569167942782
-3.75833501717518
-0.052487927776611376
2.5417498161957703
-2.6836013520434223
1.7366592990211556
-1.9966894268570317
0.10556317956296844
2.003585363281662
-2.7809366277266596
6.337728626116548
-4.2
3.3402922755741127
-3.656565656565661
-0.3669532396728874
0.45248868778281265
4.29499266708569
-2.2298111691442393
4.509965070885554
-7.26432714046987
2.5757896968412197
-3.8648341428128643
0.010749220681503037
0.9888220120378381
0.05321413367390379
0.08509733007126417
2.635774258688497
-2.2574298436367473
4.4390295582159105
-4.230066950699932
3.3682872577057466
-1.239881135362232
0
-1.6808466486822922
3.398058252427177
-4.21514594815268
2.1417155034629753
-0.37554767369080144
0.3769633507853427
-1.6378051324848786
0.7529960759359448
2.0736842105263205
-1.990306280292881
0.08417508417509136
-1.5979814970563546
-0.27777777777778023
2.5069637883008333
-2.790551839464876
1.924524244704868
-1.8987341772151898
0
-1.7634408602150513
-1.4448336252189191
0.9218125277654452
2.34400792340706
-0.4516129032258113
2.38712464895226
-4.420297499736257
6.379690949227368
-3.2060593484125315
-0.7396291135169876
-1.511879049676026
-1.3157894736842106
0.26666666666666416
0.05540780141843972
1.9714254070218262
4.2576300640816696
1.8439420772997235
10.474631751227493
-4.527777777777787
3.7726699641160018
2.345794392523356
1.360606337320801
-2.999999999999996
1.9782669267205306
-0.35519125683060937
0.5301160771410458
-3.863987635239567
3.0830338566294597
1.5504587155963385
1.1654169301653141
-3.0630469726736878
0
-1.2805158912943428
-0.05599104143336218
0.2987861811391266
0.5399366970768902
0.9074074074074032
-1.8168471279133744
0.39252336448598557
2.215602308694838
-0.16393442622950405
-3.0651340996168708
2.9267833615659833
0.38401755508823676
-1.5939520903543127
-0.7774898185857173
5.1119402985074585
0.28399006034789187
-0.8938053097345052
1.2501116171086704
-1.5698033336273198
