-0.9472259810554842
-0.34153005464480873
2.8101439342015038
-3.3333333333333335
0.7241379310344906
0
-2.9099623416638134
4.90126939351198
-2.857142857142857
4.463667820069197
-3.511096389532947
-0.10298661174047764
-2.1305841924398585
4.634831460674153
0
-0.033557046979873405
-4.934541792547831
-2.012711864406776
3.6756756756756714
0.10427528675704253
-2.7777777777777777
4.642857142857143
-1.0921501706484602
1.1042097998619698
3.8225255972696206
4.667981591058511
0.314070351758794
4.539762053850971
0.4192872117400522
0
-3.5788845809722636
-1.0207237859573186
5.625
-3.4911242603550328
5.8859595340282
0.17371163867979814
-2.3121387283236996
1.183431952662722
2.222222222222229
1.8306636155606342
-5.393258426966289
2.731591448931113
2.196531791907521
0.2828054298642534
3.553299492385777
2.396514161220047
0.5319148936170213
2.1164021164021163
-0.5958549222797956
0.5994266353922365
-2.2279792746114047
-0.052994170641226454
5.03711558854719
4.820797576981328
-4.261979292078013
0.6036217303822881
1.2000000000000028
2.766798418972329
-6.25
0.10256410256409673
4.764344262295088
1.7114914425427872
-5.769230769230769
-1.98979591836735
2.030192608016661
0.5102040816326531
-0.3553299492385729
1.6556291390728475
1.3279879729391015
4.846686449060342
0.21226415094339085
4.96587432337021
-2.4215246636771326
-1.194852941176468
0.3720930232558192
-0.3707136237256772
-1.0930232558139508
0.9169997648718498
3.494874184529357
1.7559657811796514
-1.9469026548672592
1.511732851985557
-3.3340742387197158
2.5293170843872157
4.171338865216422
-0.9687836383207751
-1.3043478260869565
0.02202643171806668
1.7617264919621227
-0.43280675178532785
4.607693979569657
0.3532100560980654
-1.511387163561079
0.48349800294303374
-0.2719665271966551
1.7411369834277348
2.6185567010309256
0.4621257785814771
1.6200000000000045
-1.1808699074985238
-3.7442740489942263
-0.2689840678667518
0.22821576763485948
1.4282757193127669
7.0204081632653015
4.481311975591152
-4.033582770578577
3.4613921643210435
-4.6875
2.025072324011572
-1.3232514177693762
1.5325670498084292
-1.6037735849056605
1.7066155321188834
7.805429864253391
2.833158447009452
1.9217687074829854
1.117970966127156
-1.155115511551155
1.1519198664440697
-5.809539527974902
-2.5757841247590756
-4.65827338129496
-1.8864365214110543
-4.787540857527405
0.585621970920847
-1.8470186709496175
4.27490284311721
-1.92232247940369
1.5200000000000045
4.117415287628049
1.0406811731315042
-5.093632958801496
1.7955801104972309
-3.372746656328742
-1.7051153460381143
-8.26530612244898
4.5383759733036655
-1.1066184294530728
1.8936948568969252
-5.934530095036964
1.9982038616973585
-6.163328197226502
0
0.7975604034717282
1.0006981615080315
-1.0138248847926215
1.7225325884543707
2.311212814645314
2.885260568105564
6.173913043478256
2.743652743652751
2.411319250697482
-4.650710254913403
3.1020408163265283
2.9097387173396654
-6.789767262935172
0
-4.2096574494428465
3.1882809133993995
-6.200417536534445
3.672379256621411
-2.2971232288535828
-0.39551746868820287
1.4118685197440939
-1.675005438329343
4.4911504424778785
-0.06351894982003205
0.042372881355929794
-0.8894536213468845
-3.568376068376066
0.1551074673166383
-0.5309734513274286
5.427046263345191
-2.025316455696207
-0.4306632213608958
-2.054498269896194
0.7065577390152452
-0.43850032887524665
1.7176833296630598
-0.19484736956050602
0.21691973969631237
-1.5367965367965417
1.5607825895801326
0.9956709956710006
1.3716245177882505
7.463002114164907
2.262443438914016
-3.2897268180069195
2.2478615476427315
-1.5369649805447427
1.9561351511558935
-1.1434108527131739
1.0782199568712016
-3.3359193173002413
1.0834670947030567
-3.9301310043668143
-0.8057851239669375
6.332014163715887
-89.71596474045054
-6.857142857142859
0
-8.997955010224947
0.6741573033707802
9.151785714285717
5.930470347648259
-8.1081081081081
-0.6302521008403451
4.2283298097251585
3.0425963488843815
0.5905511811023706
1.7612524461839503
-0.5769230769230714
2.514506769825913
-7.547169811320755
1.632653061224484
-4.216867469879507
2.0964360587002093
-0.6160164271047315
3.3057851239669453
-2.5999999999999943
1.4373716632443443
-2.834008097165989
0
-1.6666666666666607
4.872881355932197
-3.43434343434344
-0.2092050209204902
0.419287211740033
3.966597077244256
-4.618473895582324
0
-1.4736842105263217
0.42735042735043344
1.702127659574462
2.092050209205021
-2.6639344262295026
1.8947368421052602
-2.066115702479339
0
-0.8438818565400814
-1.276595744680854
1.2931034482758652
1.702127659574462
-3.1380753138075317
2.375809935205187
13.29113924050634
2.793296089385475
-7.789855072463776
11.198428290766213
-3.5335689045936394
1.0989010989011014
-2.3550724637681237
4.82374768089054
-8.672566371681414
0
-2.9069767441860463
-0.7984031936127716
-7.444668008048295
-4.78260869565218
12.328767123287685
1.6260162601625958
-0.4000000000000057
2.208835341365465
-2.554027504911586
-1.6129032258064602
0.6147540983606645
-1.8329938900203637
2.6970954356846413
2.0202020202020203
1.7821782178217793
0.19455252918288216
0
-6.796116504854369
7.708333333333339
0
-2.321083172147007
-2.7722772277227694
1.0183299389002036
0.4032258064516043
-0.2008032128513942
0.4024144869215206
1.0020040080160322
-4.365079365079357
3.1120331950207465
4.426559356136812
-2.119460500963394
4.921259842519685
-6.75422138836772
1.8108651911468783
-1.3833992094861716
0.20040080160320928
-0.5999999999999943
0.20120724346075314
-0.6024096385542111
-1.0101010101010102
-1.2244897959183703
0.20661157024793683
0.2061855670103122
-0.4115226337448618
-1.0330578512396695
2.9227557411273457
-2.028397565922921
2.277432712215324
-2.2267206477732824
-0.6211180124223544
-1.0416666666666667
-0.21052631578947667
-0.8438818565400814
-0.851063829787231
-1.2875536480686725
4.78260869565218
-7.883817427385901
0
5.405405405405403
2.777777777777787
-6.0291060291060266
-3.761061946902661
2.2988505747126435
2.9213483146067354
-1.9650655021834031
2.2271714922048997
-3.7037037037036944
0
0.22624434389138984
0
1.1286681715575622
-1.7857142857142796
0.6818181818181753
-0.6772009029345308
-1.1363636363636365
0.4597701149425353
-2.0594965675057337
-0.9345794392523332
-1.415094339622645
1.9138755980861348
-0.704225352112686
-2.836879432624104
2.6763990267639937
2.1327014218009444
-2.55220417633411
1.428571428571432
-0.9389671361502314
-2.3696682464454977
0.9708737864077635
0.4807692307692205
-0.7177033492822898
-3.132530120481921
0.7462686567164107
-1.2345679012345678
0.5000000000000071
4.4776119402985
2.1428571428571397
-1.1655011655011656
4.339622641509442
-5.06329113924051
5.666666666666673
0
-6.128886885984691
8.017282765242447
-5.77777777777778
4.905660377358487
-4.271582733812947
2.865194927195864
-0.18264840182648015
4.528819762122607
-10.02188183807441
4.085603112840467
-6.588785046728972
6.303151575787902
2.5882352941176503
3.1651376146788888
-8.314806580702523
1.842870999030063
-0.9047619047619109
-3.8923594425756787
1.3499999999999979
4.588061174148987
3.773584905660381
0
-0.4999999999999974
-3.837368661489264
-2.8978622327790946
3.620352250489229
-0.33050047214353295
0.3789673140691703
-4.152902312411527
-0.09847365829640362
-1.675702316412025
0.2506265664160437
-1.0500000000000043
1.5664477008590312
-0.29850746268657846
-1.4471057884231495
6.379746835443046
-0.047596382674924144
1.523809523809525
2.016885553470918
-3.632183908045973
0
-3.435114503816805
-1.9268774703557165
0.9068010075566736
2.096854717923106
-1.9559902200488928
-1.446384039900245
4.048582995951402
1.605058365758764
0.5265677357587335
2.380952380952381
-2.232558139534886
-0.09514747859181528
-4.428571428571427
2.1425012456402577
-0.2439024390243937
-1.711491442542777
2.338308457711437
-2.7710257656781736
3.9000000000000057
0.5774783445620666
-2.679425837320568
2.7040314650934154
-2.34561991383438
2.2058823529411904
-1.4868105515587637
1.752677702044788
-2.5358851674641034
2.356406480117822
-2.685851318944855
1.9714144898965114
-0.4349927501208306
0
-0.9708737864077808
2.450980392156863
0.8133971291866111
-0.3322259136212638
1.6190476190476184
5.435801312089972
2.133333333333335
4.00348128807658
-4.476987447698746
1.8396846254927803
0.1720430107526845
3.9072563331902113
-4.297520661157021
-0.6908462867012096
-2.3043478260869614
0.13351134846462456
-0.266666666666661
-1.9607843137254959
-2.272727272727273
4.1860465116279
-1.6964285714285672
0.8174386920980914
-5.405405405405403
1.3333333333333388
-0.3759398496240688
1.179245283018868
-1.0256410256410204
0.3297220913801238
11.784037558685437
-3.1919361612767663
7.375271149674617
2.42424242424243
2.682445759368835
3.1502112946600085
-1.8994413407821287
5.163249810174637
-3.3574007220216595
