0.18050541516245744
3.963963963963969
0.8665511265164644
4.29553264604811
0.6589785831960437
4.582651391162025
0.31298904538340494
4.0561622464898734
0.8995502248875477
4.011887072808325
0.857142857142849
4.674220963172821
0.2706359945872647
4.723346828609987
0.2577319587628903
4.627249357326489
0.24570024570023172
4.656862745098054
0.23419203747071266
4.672897196261682
0.2232142857142889
4.677060133630293
0.21276595744681154
4.777070063694268
0.20263424518743955
4.752275025278047
0.1930501930501958
4.720616570327558
0.18399264029439083
4.775022956841128
0.1752848378615275
4.811898512685914
0.1669449081803029
4.833333333333331
0.15898251192369064
4.8412698412698365
0.15140045420137552
4.8374905517762485
0.14419610670513128
4.823614110871122
0.1373626373626491
4.801097393689986
0.1308900523560135
-30.065359477124183
0.18691588785046995
-4.944029850746267
0
-4.906771344455348
0
-4.953560371517039
0
-4.994571118349614
0
-4.914285714285711
0
-4.927884615384626
0
-4.930467762326159
0
-4.920212765957451
0
-4.895104895104895
0
-5.000000000000008
0
-4.953560371517021
0
-4.88599348534202
0
-4.9657534246575326
0
-4.86486486486487
0
-4.924242424242414
0
-4.9800796812749
10.482180293501047
3.605313092979124
1.2820512820512742
4.520795660036167
0.34602076124567965
4.6551724137931085
0.32948929159801604
4.76190476190476
0.15673981191222794
-4.851330203442881
0
-4.934210526315789
0
-4.8442906574394415
0
-4.9090909090909145
0
-4.9713193116634695
0
-4.828973843058361
0
-4.862579281183927
9.55555555555555
4.056795131845842
-8.57699805068226
-4.9040511727078835
0
-4.932735426008975
0
-4.952830188679249
0
-4.962779156327544
0
-4.960835509138378
0
-4.945054945054937
0
-4.913294797687869
10.334346504559267
4.958677685950425
0
4.986876640419943
-9.499999999999993
-4.9723756906077465
0
-4.9418604651162665
0
-1.834862385321105
-2.4922118380062326
-4.792332268370607
0.3355704697986506
-4.682274247491634
9.824561403508774
0
-3.8338658146964835
0
-3.3222591362126246
4.467353951890025
-7.565789473684202
-1.4234875444839932
-3.249097472924183
3.7313432835820897
-7.913669064748199
0
-1.5625000000000082
2.777777777777775
1.9305019305019306
3.787878787878788
1.0948905109489078
4.981949458483751
0
4.951856946354887
-0.32765399737876105
2.235371466140696
-7.073954983922839
-3.8062283737024147
1.0791366906474846
0
-1.8505338078291926
0.7976794778825324
-1.7985611510791366
0.2930402930402868
-4.017531044558064
-1.0654490106544945
1.538461538461533
2.196969696969704
-4.818383988139365
-2.6479750778816187
0.7199999999999989
-1.8268467037331249
1.7799352750809114
2.14626391096979
-5.058365758754866
0
-2.4590163934426146
1.5966386554621808
3.3085194375516984
4.963971176941547
0
4.958047292143404
-6.104651162790697
-0.15479876160990383
-0.3875968992248117
0.7782101167315147
-1.9305019305019306
-1.4960629921259805
0
-1.9984012789768186
0.5709624796084852
1.7842660178426653
-1.2749003984063756
-1.9370460048426166
0.49382716049383124
0.7371007371007359
-0.7317073170731695
-1.7199017199017268
1.750000000000007
-1.7199017199017268
0
0
0.8333333333333304
-1.6528925619834653
3.6974789915966344
1.2965964343598066
-2.1599999999999966
-0.2452984464431818
-1.1475409836065475
1.1608623548921955
-2.2950819672131098
-1.845637583892623
-0.08547008547008365
-1.9674935842600398
0
-0.1745200698080397
-1.7482517482517421
-1.9572953736654861
0
-1.996370235934654
0
-1.9444444444444522
0
-1.983002832861181
0
-1.926782273603093
0
-1.9646365422396788
0
-1.9038076152304737
3.881511746680294
0
1.9665683382497472
1.9286403085824597
0
1.9867549668874085
0
1.948051948051956
0
1.9108280254776986
0
1.9642857142857202
0
1.9264448336252245
0
1.975945017182119
0
1.9376579612468445
0
1.9008264462809954
-3.8118410381184153
-1.9392917369308487
0
-1.9776440240756699
0
-1.9298245614035143
0
-1.9677996422182367
0
-1.9160583941605915
0
-1.860465116279063
-0.09478672985783472
-1.9924098671726669
0
-1.9361084220716291
0
-1.974333662388954
0.6042296072507604
-1.801801801801799
3.3639143730886856
-1.8737672583826555
0.10050251256282978
1.8072289156626475
-2.9585798816568114
1.829268292682924
3.093812375249506
4.84027105517909
0.09233610341643386
4.9815498154981634
-0.8787346221441249
4.609929078014197
-9.152542372881355
2.145522388059689
-6.9406392694063905
1.9627085377821498
2.887391722810384
4.5837231057062695
-7.692307692307687
2.2286821705426396
-3.412322274881528
-1.6683022571148178
1.1976047904191716
0
0.9861932938855981
0
-1.3671875000000056
-1.7821782178217793
0.30241935483870325
2.41206030150754
-2.845927379784094
0
1.1111111111111054
0
-0.19980019980019553
0.10010010010009797
-1.7999999999999972
-0.9164969450101819
0.20554984583761124
2.051282051282044
-6.633165829145731
0.10764262648010295
-3.118279569892483
0.4439511653718194
0.9944751381215453
0
-2.625820568927792
-1.6853932584269702
-3.1999999999999926
0
-3.4238488783943435
0.24449877750610727
-4.024390243902429
2.2871664548920028
2.6086956521739015
4.963680387409203
0
4.844290657439446
0.11001100110010767
0
4.945054945054957
-4.712041884816765
5.71428571428571
-1.2474012474012395
-2.2105263157894828
1.1840688912809603
-0.7446808510638327
-2.4651661307609904
1.098901098901095
0.10869565217393004
-1.411509229098814
0.22026431718061204
-2.9670329670329623
1.0192525481313688
-5.717488789237666
-2.0214030915576684
-2.7912621359223353
2.372034956304613
-5.731707317073157
-2.5873221216041418
5.179282868525893
3.9141414141414206
-3.6452004860267397
-4.161412358133671
3.2894736842105265
0.6369426751592447
-1.6455696202531744
1.6731016731016832
0.8860759493670809
0
-1.7565872020075244
2.0434227330779073
-0.12515644555694352
-1.8796992481203052
-1.2771392081736863
-1.6817593790427008
6.315789473684217
0
-2.72277227722772
-3.81679389312978
3.7037037037037073
-1.7857142857142816
0.7792207792207742
2.8350515463917607
-7.51879699248121
0.2710027100271065
-2.162162162162164
0.8287292817679504
-1.2328767123287652
-2.9126213592233006
3.4285714285714315
4.143646408839777
-5.4376657824933705
0
-0.2805049088358987
-1.9690576652602048
1.578192252510765
0.42372881355932557
-2.953586497890295
0
-0.14492753623189383
3.047895500725689
-6.760563380281685
-0.1510574018126856
-3.6308623298033313
1.2558869701726856
-5.426356589147296
1.639344262295091
-0.4838709677419395
4.700162074554296
0.15479876160990383
4.94590417310665
0
4.860088365243006
0
4.915730337078647
0
9.772423025435069
-0.12195121951219254
6.5934065934066055
3.092783505154634
7.111111111111118
2.697095435684645
4.040404040404044
-8.64077669902913
-4.888416578108404
-0.11173184357541663
-4.921700223713641
0
-4.823529411764707
-0.12360939431396523
-4.950495049504955
10.416666666666677
4.83490566037736
-7.649043869516307
-0.12180267965897153
-1.951219512195124
-2.9850746268656634
1.6666666666666654
-0.7566204287515714
0.7623888182973266
2.1437578814627987
-0.12345679012345416
-1.9777503090234876
2.1437578814627987
1.2345679012345636
-1.3414634146341395
-0.4944375772558609
-0.49689440993789963
2.6217228464419584
-2.6763990267639977
2.499999999999991
-3.17073170731706
0.7556675062972242
-1.2499999999999956
1.265822784810122
0.8750000000000036
1.8587360594795583
1.2165450121654457
-3.1249999999999973
2.2332506203473907
-0.4854368932038947
-3.2926829268292632
-0.3783102143757801
1.139240506329112
1.3767209011264008
-1.3580246913580178
1.7521902377972536
-2.8290282902829076
-1.1392405063291233
0.512163892445583
-0.38216560509553327
0.25575447570331933
-1.6581632653061211
-0.7782101167315124
0
0.784313725490191
2.3346303501945487
-2.5348542458808527
0.2600780234070165
0.7782101167315124
2.7027027027027137
-1.0025062656641612
-0.5063291139240511
-0.2544529262086573
0
-2.295918367346935
-3.394255874673626
8.648648648648631
-0.49751243781093474
-0.8750000000000036
