-5.797101449275357
4.1758241758241725
-12.236286919831219
5.288461538461528
-2.5114155251141423
2.5761124121779724
-1.3698630136986172
3.2407407407407374
-0.22421524663677447
0
2.471910112359554
0.8771929824561372
-0.2173913043478292
1.525054466230943
0.8583690987124433
-4.25531914893617
-3.111111111111108
-0.45871559633028175
-0.23041474654378208
-2.309468822170901
2.8368794326241202
3.4482758620689653
-1.7777777777777715
-1.1312217194570136
1.3729977116704675
-1.1286681715575622
0.6849315068493248
2.0408163265306087
-3.777777777777784
3.4642032332563515
2.678571428571435
0.4347826086956584
-6.277056277056289
2.078521939953824
-0.2262443438914059
-1.3605442176870781
-2.528735632183911
6.603773584905671
-6.415929203539835
-0.23640661938532936
1.8957345971563913
1.860465116279063
2.739726027397267
-3.111111111111108
1.8348623853210944
-1.3513513513513546
3.881278538812792
0
-0.4395604395604458
0
2.6490066225165627
-3.6559139784946297
1.1160714285714286
-1.7660044150110314
0
0
-3.146067415730334
0
0.2320185614849221
3.7037037037036904
-2.678571428571419
4.357798165137611
-4.1758241758241725
3.4403669724770642
-1.1086474501108647
0.6726457399103075
0.6681514476614795
-1.7699115044247882
3.1531531531531503
-3.9301310043668063
1.3636363636363669
0.448430493273533
-0.44642857142856196
-3.3632286995515694
1.6241299303944217
2.0547945205479583
5.592841163310962
5.296610169491525
-6.438631790744473
-8.172043010752683
1.4051522248243427
1.6166281755196372
-9.090909090909092
0.25000000000000355
3.241895261845379
1.4492753623188441
-3.5714285714285716
8.148148148148142
-5.936073059360718
-2.6699029126213625
3.9900249376558636
-3.836930455635495
0.7481296758104667
1.9801980198019908
0.4854368932038731
0.9661835748792237
-0.9569377990430589
0.4830917874396204
-3.365384615384612
2.9850746268656607
-2.4154589371980677
3.4653465346534618
-1.9138755980861177
1.7073170731707386
-0.47961630695444324
0.4819277108433803
3.11750599520383
6.0465116279069795
1.7543859649122744
1.2931034482758652
-4.25531914893617
1.999999999999997
-1.7429193899782074
3.7694013303769305
-5.128205128205125
0
0
1.8018018018018114
-1.5486725663716876
0
-0.4494382022471974
4.740406320541764
-2.8017241379310285
1.1086474501108647
-5.043859649122816
3.926096997690538
-2.666666666666673
3.4246575342465757
-2.8697571743929298
2.272727272727273
-6.888888888888891
-6.205250596658714
6.870229007633595
-1.428571428571432
0.2415458937198102
8.433734939759036
-9.55555555555555
2.457002457002457
-1.6786570743405342
1.7073170731707386
-4.55635491606716
4.522613065326644
-4.086538461538468
2.2556390977443574
0
2.2058823529411904
-5.035971223021586
-1.0101010101010064
2.295918367346935
-0.2493765586034948
-0.25000000000000355
0
1.0025062656641568
-2.729528535980135
0
3.061224489795907
-7.6732673267326765
1.8766756032171659
5.2631578947368425
0.9999999999999964
-4.2079207920791974
0.25839793281652274
-0.25773195876287197
0.5167958656330639
-1.2853470437017995
2.3437499999999964
-4.071246819338408
0
1.8567639257294315
-3.124999999999989
1.3440860215053763
0.7957559681697537
1.5789473684210564
-1.5544041450777237
2.368421052631575
-0.25706940874036355
-4.123711340206171
3.2258064516128915
-2.083333333333326
1.5957446808510676
0
-0.2617801047120456
1.5748031496063029
-1.5503875968992284
1.0498687664041957
0.7792207792207718
-3.0927835051546286
0
-0.5319148936170288
2.941176470588239
-0.25974025974026343
1.3020833333333335
-2.827763496143963
-0.26455026455024955
-3.7135278514589007
1.1019283746556632
-3.8147138964577807
4.2492917847025495
-5.1630434782608665
2.0057306590257964
-1.1235955056179734
1.7045454545454382
-10.614525139664797
0
4.374999999999996
3.592814371257494
-3.7572254335260236
3.6036036036036125
-3.7681159420289774
0.3012048192770913
-0.30030030030028326
0.6024096385542039
2.9940119760479043
2.6162790697674376
-3.3994334277620277
2.6392961876832803
-1.7142857142857184
-2.03488372093022
-1.1869436201780583
6.90690690690692
6.179775280898864
0
-4.497354497354486
3.047091412742386
-2.9569892473118315
0.8310249307479145
-2.7472527472527473
3.672316384180803
-0.8174386920981042
3.021978021978026
-5.066666666666663
3.932584269662917
-0.8108108108108031
-0.2724795640327014
-1.6393442622950858
-2.499999999999996
2.279202279202271
0.27855153203343014
-3.0555555555555594
5.157593123209182
-8.174386920980925
3.857566765578626
-2.571428571428567
2.052785923753653
-1.7241379310344667
0
1.461988304093567
0
0.5763688760806793
2.5787965616045807
-0.27932960893853165
2.8011204481792715
-15.531335149863764
4.838709677419355
-6.461538461538466
0
-7.565789473684202
6.761565836298927
-6.000000000000002
-0.7092198581560258
0
0
0
0
-7.142857142857143
4.615384615384612
-1.4705882352941124
2.985074626865674
-1.8115942028985506
2.5830258302583
0
2.949640287769785
-3.843466107617056
-1.5261627906976678
1.8450184501845017
0.36231884057970243
-0.5054151624548757
4.86211901306241
-2.975778546712801
1.6405135520684766
6.947368421052634
4.330708661417324
-4.779874213836476
2.7080581241743733
-7.39549839228296
3.333333333333336
5.376344086021497
-0.19132653061224084
-2.619808306709266
0
0.06561679790026106
1.3770491803278744
0.32341526520051056
4.771115409413284
-1.2923076923076975
1.3092269326683346
0.30769230769231204
3.6809815950920113
-5.147928994082825
0.24953212726137958
-4.667081518357187
-0.45691906005222116
3.4754098360655696
0.760456273764265
-2.8301886792452895
1.6181229773462784
-5.477707006369424
-0.2695417789757355
-0.20270270270271037
4.265402843601901
-4.805194805194807
0.2728512960436504
1.0884353741496609
0.6056527590847904
-4.8829431438127
4.711673699015471
-6.447280053727339
-0.933237616654695
-0.21739130434783432
1.5976761074800336
4.717655468191566
2.047781569965863
-5.953177257525076
-1.1379800853485074
3.884892086330929
-3.047091412742379
-1.571428571428576
-2.0319303338171215
3.7037037037037037
-2.285714285714288
-0.1461988304093536
6.149341142020496
-5.586206896551728
15.41271000730461
-13.734177215189872
2.6412325752017565
-5.075053609721236
-0.9789156626505949
-0.5323193916349831
0.15290519877675515
-0.6106870229007639
2.073732718894006
-17.45673438675695
4.8313582497721
-23.652173913043484
-4.897494305239177
7.784431137724555
4.111111111111103
-5.549626467449302
0.22598870056496695
1.2401352874859213
0
-3.674832962138085
0
-1.849710982658961
0.23557126030623762
1.057579318448882
4.302325581395361
-6.911928651059096
-0.47904191616765446
0
-0.12033694344163401
-0.6024096385542254
-0.6060606060606146
0.6097560975609844
2.4242424242424154
-3.076923076923075
3.5409035409035523
-5.778301886792455
3.754693366708372
-5.548854041013258
2.1711366538952737
-1.0000000000000009
3.5353535353535275
-5.243902439024387
0.3861003861003893
-1.6666666666666654
4.172099087353328
-1.8773466833541972
4.974489795918375
-6.318347509113006
0
2.0752269779507153
0
-4.701397712833547
0
-2.133333333333335
-3.1335149863760154
-1.8284106891701812
-0.42979942693410095
-4.460431654676266
0
-4.969879518072291
1.267828843106182
3.59937402190924
4.9848942598187325
-0.2877697841726685
4.761904761904763
-6.887052341597796
-3.1065088757396446
-1.8320610687022918
-1.2441679626749622
0.3149606299212671
-4.238618524332817
9.344262295081972
4.9475262368815605
-7.714285714285714
3.5603715170278702
-1.0463378176382703
-4.078549848942605
9.133858267716537
-3.8961038961038903
8.70870870870871
4.972375690607727
-1.9736842105263088
4.563758389261743
-8.985879332477538
1.5514809590973246
-1.3888888888888962
3.5211267605633805
0.5442176870748304
1.488497970230045
-4.400000000000001
-4.741980474198045
7.174231332357251
4.371584699453543
-0.39267015706805447
0.9198423127463784
2.604166666666669
1.52284263959391
-1.2499999999999956
3.037974683544306
1.8427518427518252
4.342581423401704
-5.664739884393065
-3.1862745098039187
2.278481012658224
4.826732673267334
-9.090909090909095
0
-4.935064935064933
-4.91803278688525
5.603448275862065
-4.761904761904757
2.285714285714288
4.050279329608939
-4.429530201342283
0.2808988764044884
1.540616246498604
0
0
3.4482758620689653
-3.4666666666666637
-1.795580110497236
0.8438818565400789
-4.463040446304048
7.445255474452566
-4.6195652173913135
0.2849002849002915
-4.971590909090904
2.5411061285500733
2.0408163265306074
1.7142857142857157
0.8426966292134777
-2.506963788300832
4.0000000000000036
-1.0989010989010999
0
-1.3888888888888962
-2.8169014084506943
0.14492753623188095
-4.0520984081042
5.580693815987936
0
2.571428571428567
