-1.0723860589812295
-1.6260162601626056
-3.3057851239669307
0
-3.7037037037037157
-1.4792899408284026
-2.7027027027026986
1.2345679012345636
3.6585365853658627
2.9411764705882355
0.5714285714285795
2.5568181818181777
-5.263157894736838
-1.461988304093567
2.670623145400589
-4.335260115606936
3.3232628398791584
4.678362573099398
-3.6312849162011096
-0.8695652173912961
0.5847953216374144
-0.8720930232558057
2.3460410557184668
-0.28653295128940237
-1.1494252873563178
2.034883720930241
-1.7094017094017133
0.5797101449275445
0.5763688760806793
1.4326647564469914
-0.5649717514124174
2.2727272727272645
-3.611111111111103
-0.2881844380403499
-1.445086705202312
3.5190615835777
-2.266288951841352
4.3478260869565215
-4.72222222222223
1.1661807580175094
-1.7291066282420788
2.6392961876832803
-1.7142857142857184
4.941860465116288
0
4.986149584487527
0
4.749340369393151
0
3.778337531486146
-8.009708737864088
0.2638522427440671
-0.5263157894736917
1.0582010582010732
0.261780104712027
1.8276762402088849
-3.5897435897435863
0.7978723404255244
-0.7915567282321825
1.0638297872340388
-0.5263157894736917
0
-2.3809523809523774
0.5420054200542083
4.312668463611863
3.3591731266149796
-6.750000000000007
1.8766756032171659
0.5263157894736917
3.6649214659685825
-6.8181818181818254
2.9810298102981068
-6.842105263157897
1.4124293785310735
0
1.1142061281337008
0
3.3057851239669502
-2.933333333333337
2.7472527472527473
-5.347593582887701
1.4124293785310735
-1.392757660167131
1.1299435028248548
-4.189944134078212
0.8746355685131321
0.5780346820809125
-2.0114942528735513
-1.1730205278592334
0.2967359050444935
0.2958579881656847
-0.29498525073746734
0.2958579881656847
1.4749262536873158
0.2906976744186088
0
-2.3188405797101366
-0.2967359050445146
-0.5952380952381037
2.9940119760479043
-4.9418604651162665
1.2232415902140628
3.625377643504519
1.457725947521866
-4.597701149425271
0.6024096385542039
-0.29940119760479467
0.9009009009009138
-1.7857142857142898
-1.5151515151515151
0.9230769230769144
3.3536585365853706
-0.884955752212381
0
-1.1904761904761862
0.9036144578313167
-1.7910447761194073
0.30395136778115933
-3.636363636363634
-1.572327044025157
1.2779552715654907
-0.9463722397476363
-2.2292993630573226
-1.3029315960912007
-2.9702970297029774
0.3401360544217736
-3.389830508474576
-1.7543859649122806
-3.214285714285709
-2.583025830258313
1.5151515151515234
0
1.8656716417910448
-0.73260073260073
-2.2140221402214073
0
-4.905660377358493
-1.1904761904761934
-3.6144578313252955
-0.8333333333333304
-4.201680672268908
3.070175438596488
-7.659574468085109
-1.3824884792626762
2.8037383177570163
2.181818181818184
2.7580071174377268
4.935064935064922
0
4.8679867986798815
0.0786782061368984
4.952830188679237
0
4.9438202247191025
-0.07137758743754309
-2.142857142857148
5.401459854014601
-0.9002770083102425
5.939902166317259
4.947229551451187
-1.697045883092392
4.987212276214841
-5.846528623629724
-3.5575679172056964
-1.2072434607645857
1.8329938900203637
-1.6000000000000014
-1.0162601626016285
0.7529089664613362
-4.551630434782608
9.110320284697504
0
-0.4566210045662119
0
-2.424639580602878
3.4251175285426445
-4.545454545454553
-3.4013605442176873
2.6760563380281748
1.508916323731143
-1.689189189189189
0.34364261168384147
2.3972602739726003
1.6722408026755853
-2.499999999999994
0.8771929824561336
-1.6722408026755853
-2.3809523809523787
4.808362369337975
1.0638297872340436
3.8815789473684204
4.939835338822046
0
4.948702474351239
0
2.3576768257619327
-6.5168539325842705
3.9663461538461546
-2.890173410404624
3.452380952380942
-2.5891829689298005
0.4134672179562923
-1.8235294117646983
-3.834631515877774
-1.1838006230529674
-4.413619167717524
0.659630606860156
0
0.7208387942332859
-0.5204944697462595
5.493786788750817
0
2.417854928704281
-2.542372881355921
0.2484472049689388
-0.867410161090462
5.624999999999991
-1.7751479289940661
6.867469879518054
4.960541149943645
-0.05370569280344556
0.7522837184309542
2.0266666666666615
2.9273392577104147
0
-0.4570848146267133
2.295918367346935
2.743142144638407
-3.398058252427198
-0.7537688442210985
2.5316455696202533
-0.4938271604938342
-4.2183622828784015
-1.5544041450777237
-1.0526315789473646
-0.5319148936170288
5.347593582887701
3.5532994923857832
-6.127450980392157
-2.0887728459529953
-1.6000000000000039
0.5420054200542083
4.312668463611863
3.3591731266149796
1.5000000000000036
4.926108374384237
-6.338028169014091
1.2531328320802007
-5.940594059405937
1.5789473684210564
-2.072538860103638
-3.439153439153432
7.39726027397261
1.0204081632653024
-5.303030303030306
0
-4.26666666666667
-0.8356545961002707
-3.932584269662917
-4.678362573099419
8.895705521472388
3.6619718309859075
-5.1630434782608665
-1.4326647564469914
1.7441860465116321
0
-0.5714285714285795
1.1494252873563382
-1.1363636363636525
-1.7241379310344667
6.725146198830401
3.8356164383561606
1.0554089709762495
4.960835509138397
-3.731343283582089
-1.2919896640826873
1.0471204188481638
-1.0362694300518098
4.188481675392655
0.25125628140703876
0
-2.0050125313283136
-2.8132992327365764
-0.26315789473684587
-2.374670184696566
1.6216216216216255
-2.9255319148936207
-0.2739726027397299
0.8241758241758359
-0.8174386920981042
-2.19780219780219
0.5617977528089768
-4.469273743016744
-2.046783625731002
1.1940298507462643
0.29498525073746734
-3.5294117647058907
1.524390243902439
-3.0030030030030033
-0.928792569659434
5.937499999999996
0.5899705014749347
-1.7595307917888603
-2.089552238805979
-2.743902439024386
1.567398119122257
-3.7037037037037015
4.487179487179494
-1.8404907975460165
3.125
-3.9393939393939412
4.416403785488966
-8.761329305135957
-4.304635761589406
-0.6920415224913471
0
4.529616724738678
0.3333333333333381
4.651162790697669
4.761904761904762
-0.3030303030303073
2.127659574468094
1.1904761904761862
-2.35294117647058
0
-1.506024096385542
-1.5290519877675839
0
-3.4161490683229854
1.9292604501607649
-2.2082018927444773
0
0.3225806451612949
-1.607717041800643
2.9411764705882306
-0.317460317460322
-1.9108280254777004
0
-4.220779220779223
-3.7288135593220386
3.16901408450705
1.0238907849829375
3.7162162162162087
0
-1.6286644951140066
0.3311258278145742
-2.9702970297029774
-1.3605442176870701
6.20689655172414
-2.5974025974025996
7.666666666666657
3.4055727554179613
-2.275449101796401
0.24509803921568105
0.9168704156479348
-1.2719563900666313
4.601226993865031
2.052785923753653
-2.2413793103448105
-2.704291593180487
-0.6042296072507638
1.8237082066869346
-5.7313432835820945
-3.419886003799868
4.131147540983612
0.566750629722921
-5.44771446462117
-0.0662251655629125
-2.7170311464546066
0.9536784741144453
-5.870445344129561
-1.075268817204291
4.855072463768115
0.7601935038009635
0.2057613168724236
-4.859685147159474
2.0863309352517923
2.536997885835104
-2.5429553264604876
0.9873060648801169
-0.06983240223463538
0.27952480782668865
-1.7421602787456447
-0.35460992907800665
-2.2064056939501815
-2.110625909752554
-2.2304832713754568
-1.292775665399239
-3.6979969183359045
-4.959999999999994
0.16835016835016475
0
-1.7647058823529482
4.790419161676652
0.1632653061224455
4.971475142624297
0
4.968944099378873
0
4.955621301775148
-3.664552501761801
2.3408924652523795
6.790564689063611
-0.1338688085676009
-3.083109919571039
0.4840940525587725
-1.720578114246387
-0.9103641456582564
1.5547703180211934
-0.34794711203896267
2.444134078212288
-0.13633265167007208
-1.3651877133105874
0.6920415224913593
-1.7182130584192439
2.5874125874125817
-1.363326516700745
0
-4.837595024187983
1.1619462599854768
-0.8614501076812578
-0.21723388848661213
-9.651669085631351
0.08032128514057481
9.149277688603522
1.9117647058823515
-3.4632034632034534
-2.4663677130044848
1.762452107279683
0.1506024096385644
-1.1278195488721832
-1.1406844106463905
2.7692307692307647
2.1706586826347376
-2.930402930402933
3.698113207547171
-3.493449781659392
0
0.4524886877828092
-2.4024024024024047
1.230769230769232
2.4316109422492422
-4.376854599406527
-0.6982156710628383
2.0312499999999982
-1.071975497702914
0.9287925696594367
0.4601226993865069
-1.2213740458015279
-0.5409582689335416
0.310800310800318
1.471727343144845
-1.8320610687022918
-0.8553654743390314
1.4117647058823508
-2.5522041763341075
3.7301587301587356
-0.5355776587605224
-1.307692307692307
-0.23382696804364272
1.7968749999999893
-0.07674597083652945
-0.4608294930875478
0.15432098765431768
-2.080123266563941
-1.57356412273801
1.278976818545165
-1.7363851617995314
2.088353413654631
