-0.9803921568627417
4.554455445544563
-4.924242424242437
0
2.3904382470119545
-0.7782101167315183
0.39215686274510714
1.5625000000000013
-2.1153846153846216
3.1434184675835
-2.857142857142864
3.9215686274509842
-3.0188679245283048
2.1400778210116793
-4.571428571428576
4.790419161676652
-3.04761904761905
1.57170923379175
-0.5802707930367553
0.1945525291828925
4.854368932038835
1.8518518518518452
-1.0909090909090837
2.022058823529401
0.36036036036036867
2.333931777378813
-5.614035087719303
3.9033457249070627
-5.008944543828269
-0.7532956685499066
-1.3282732447817722
-1.9230769230769333
3.333333333333332
-0.37950664136621587
0.5714285714285762
3.787878787878791
-4.927007299270081
-0.19193857965450647
-1.730769230769228
3.7181996086105578
-3.0188679245283048
1.750972762645929
-2.6768642447418847
-1.7681728880157144
0.19999999999999574
2.7944111776447222
-2.524271844660209
1.5936254980079696
-1.9607843137254835
3.000000000000007
-4.660194174757286
-0.2036659877800364
0.20408163265305687
2.647657841140527
-3.571428571428566
0
-5.349794238683141
5.434782608695652
-10.309278350515465
7.816091954023006
2.1321961620469008
3.549060542797493
-1.0080645161290287
1.8329938900203637
-3.000000000000007
2.680412371134037
-3.614457831325313
3.9583333333333415
-4.4088176352705535
3.7735849056603903
-3.232323232323235
2.296450939457209
-2.040816326530623
1.6666666666666683
-2.049180327868845
0.41841004184099523
2.0833333333333446
0
-3.0612244897959253
-2.9473684210526248
4.121475054229924
3.750000000000013
-5.622489959839362
2.9787234042553123
-4.132231404958682
2.8017241379310325
-3.1446540880503036
2.8138528138528116
-3.157894736842113
1.7391304347826104
-3.8461538461538405
0
-0.2222222222222175
2.2271714922048917
1.525054466230943
1.716738197424894
-1.898734177215187
4.086021505376333
-7.0247933884297495
2.2222222222222143
-4.7826086956521685
-7.7625570776255675
8.910891089108917
2.045454545454542
-3.3407572383073574
2.5345622119815743
0.4494382022471814
4.026845637583906
3.2258064516128915
4.1666666666666705
-1.999999999999993
2.0408163265306047
-0.19999999999999574
0.20040080160320214
13.800000000000008
4.217926186291728
3.0354131534570086
8.01963993453354
-6.060606060606053
-1.6129032258064602
-2.131147540983605
4.1876046901172534
-2.0900321543408342
-3.940886699507393
-0.8547008547008517
3.275862068965524
2.1702838063439045
-0.3267973856209226
-2.9508196721311433
3.040540540540536
-6.557377049180319
2.6315789473684115
-1.3675213675213689
2.2530329289428215
-3.5593220338983045
3.3391915641476184
-6.122448979591842
6.884057971014507
-5.084745762711876
3.0357142857142847
-0.6932409012131568
1.221640488656185
-2.586206896551715
4.247787610619457
-3.225806451612895
2.280701754385963
-2.0583190394511166
2.2767075306479843
-5.13698630136986
1.0830324909747222
-2.4999999999999942
1.831501831501825
-0.17985611510790986
-0.9009009009008977
-0.3636363636363559
-1.4598540145985412
-0.5555555555555601
0.7448789571694606
-4.251386321626625
-1.5444015444015458
4.3137254901960915
0
1.127819548872173
2.044609665427515
-8.014571948998187
-0.9900990099009866
0.9999999999999964
-0.9900990099009866
1.4000000000000057
1.577909270216964
-0.3883495145631157
1.1695906432748635
-1.926782273603093
-1.3752455795677856
3.5856573705179406
1.730769230769228
-4.725897920604915
2.5793650793650773
-0.1934235976789127
2.713178294573637
-3.5849056603773493
2.5440313111545967
-2.2900763358778646
1.3671875000000056
-3.082851637764935
2.1868787276341832
-2.1400778210116624
2.1868787276341832
-0.7782101167315183
5.294117647058833
-2.607076350093104
-2.294455066921608
1.174168297455961
1.9342359767891615
-2.8462998102466694
1.3671875000000056
-1.7341040462427888
0.980392156862759
-1.747572815533995
0.7905138339920956
-0.9803921568627417
1.5841584158415856
-2.9239766081871243
1.2048192771084258
-3.1746031746031775
1.6393442622950836
-4.032258064516133
0.8403361344537823
-0.2083333333333289
1.670146137787058
-1.6427104722792623
1.8789144050104354
-2.2540983606557443
3.144654088050322
-2.4390243902439046
1.8749999999999971
-2.0449897750511177
-8.141962421711893
12.727272727272716
9.879032258064521
-7.33944954128441
0.3960396039604052
0
2.1696252465483123
-2.702702702702697
0
-0.5952380952381001
1.996007984031947
-0.19569471624267465
1.9607843137255008
-3.269230769230768
0
1.7892644135188838
2.539062499999998
-1.904761904761898
-1.9417475728155442
1.3861386138613918
1.5625000000000013
-2.1153846153846216
2.1611001964636607
-3.0769230769230798
2.182539682539689
-1.747572815533995
-0.19762845849801952
0.594059405940599
2.362204724409451
-1.9230769230769333
2.9411764705882426
-1.1428571428571355
2.1194605009633802
0.5660377358490614
2.0637898686679232
-1.8382352941176567
2.6217228464419584
0.9124087591240843
0.3616636528028856
-5.405405405405403
0
4.380952380952389
-1.4598540145985412
4.259259259259251
1.420959147424513
-6.479859894921193
1.123595505617987
0.9259259259259226
2.7522935779816415
-5.357142857142854
2.83018867924529
3.4862385321100824
0
-3.5460992907801296
2.022058823529401
0.7207207207207214
0
1.610017889087654
2.1126760563380302
-4.310344827586207
0
-2.5225225225225167
0.18484288354897943
1.1070110701107103
2.0072992700729824
-7.334525939177104
2.5096525096525077
-1.6949152542372856
3.065134099616861
-0.5576208178438709
1.6822429906542196
-2.5735294117647163
0.943396226415091
2.2429906542056095
0.5484460694698401
-2.0000000000000058
-1.113172541743963
0.375234521575977
-0.9345794392523332
-0.18867924528301486
-1.7013232514177667
0.3846153846153764
2.4904214559386952
-2.616822429906536
4.606525911708258
-2.5688073394495516
2.6365348399246815
-4.403669724770646
-1.1516314779270558
-5.048543689320401
2.249488752556244
0.9999999999999964
1.9801980198019908
-2.524271844660209
3.386454183266949
-1.3487475915221634
1.3671875000000056
-3.4682080924855607
2.395209580838326
-2.9239766081871243
2.4096385542168517
-1.3725490196078314
0.5964214711729495
-0.5928853754940585
-0.5964214711729672
1.6000000000000014
1.1811023622047168
-3.6964980544746986
0
1.0101010101010064
0
0
0
1.4000000000000057
7.297830374753454
-7.536764705882355
1.3916500994035665
-2.74509803921568
-1.0080645161290287
1.8329938900203637
2.2000000000000064
-3.326810176125243
-0.809716599190284
1.0204081632653024
0.8080808080808087
-2.605210420841681
0
1.2345679012345598
4.674796747967489
-4.854368932038835
2.0408163265306047
-1.999999999999993
1.836734693877548
-2.2044088176352767
2.2540983606557443
-3.6072144288577275
0.8316008316008324
1.237113402061866
3.869653767820764
-2.352941176470573
-1.4056224899598448
2.0366598778004
-2.9940119760478936
0.20576131687242358
-0.2053388090349032
4.1152263374485445
0.7905138339920956
-3.7254901960784217
2.8513238289205636
-4.158415841584158
0.6198347107438068
-0.41067761806982467
2.061855670103104
-7.272727272727278
1.307189542483671
-6.236559139784947
-0.2293577981651531
1.3793103448275978
2.2675736961451167
-1.330376940133029
-1.1235955056179734
4.090909090909084
1.965065502183403
-2.141327623126331
2.188183807439817
-1.7130620985010723
0.21786492374727204
-5.434782608695652
-2.9885057471264345
-0.23696682464454472
-2.6128266033254235
2.1951219512195306
4.2959427207637155
-2.5171624713958884
0
-1.408450704225343
0
0.9523809523809532
4.481132075471686
-4.063205417607217
-0.9411764705882362
4.038004750593823
2.5114155251141628
3.7861915367483276
-1.2875536480686802
4.130434782608704
3.549060542797493
-2.0161290322580574
0.8230452674897126
-2.8571428571428688
-2.1008403361344463
-1.072961373390554
-3.4707158351410006
1.7977528089887655
3.3112582781456834
-3.2051282051281937
4.635761589403972
-4.430379746835442
2.6490066225165587
-7.311827956989262
-1.8561484918793316
3.309692671394791
0
1.1441647597253963
1.8099547511312233
-1.1111111111111072
1.1235955056179734
-1.5555555555555618
1.5801354401805934
-2.8888888888888866
2.0594965675057173
-1.345291479820619
3.4090909090908967
-4.175824175824165
2.7522935779816535
-4.241071428571437
3.263403263403256
-1.5801354401805734
1.1467889908256839
0.22675736961450763
0.2262443438913979
0.45146726862303527
1.1235955056179734
-1.1111111111111072
-2.0224719101123565
4.357798165137603
2.1978021978022095
-1.720430107526883
-0.6564551422319529
-1.7621145374449354
0.896860986547086
-1.5555555555555618
1.3544018058690859
-0.6681514476614755
0.6726457399103195
-3.1180400890868722
2.298850574712656
-0.8988764044943828
3.1746031746031673
-5.054945054945045
3.0092592592592564
-2.0224719101123565
-0.9174311926605512
1.3888888888888797
1.5981735159817416
0
1.7977528089887655
3.0905077262693084
5.995717344753753
-4.848484848484853
3.821656050955408
-7.566462167689165
-0.4424778761061853
4.666666666666666
5.732484076433131
-3.614457831325313
0.2083333333333289
2.494802494802497
