-5.8495821727019495
2.0710059171597717
-3.768115942028995
-3.915662650602407
5.64263322884013
-3.2640949554896235
-1.5337423312883383
0
-4.049844236760121
-0.9740259740259821
0.6557377049180334
2.605863192182413
1.269841269841271
-4.388714733542324
5.573770491803291
3.1055900621117902
-6.626506024096378
3.225806451612906
-0.9375000000000078
4.731861198738168
-2.409638554216856
1.5432098765432043
2.735562310030391
3.2544378698224947
-1.7191977077363911
-0.8746355685131267
-1.764705882352943
4.790419161676652
-0.28571428571427965
-0.8595988538682019
2.0231213872832323
1.983002832861198
-3.8888888888888924
2.0231213872832323
-2.266288951841349
2.028985507246372
-3.1249999999999964
-2.639296187683293
-2.409638554216856
0.30864197530863535
2.153846153846149
3.91566265060242
0
2.8985507246376705
-0.8450704225352058
2.2727272727272747
-1.666666666666668
-2.542372881355928
-0.5797101449275367
0.5830903790087468
-3.1884057971014585
0.29940119760479733
-0.2985074626865741
-4.191616766467057
2.1874999999999947
-2.140672782874613
3.437499999999996
-4.229607250755291
0.6309148264984233
3.4482758620689618
-7.878787878787873
-1.3157894736842117
-2.999999999999995
-3.436426116838491
8.540925266903907
-1.6393442622950762
-3.333333333333336
3.1034482758620796
-1.3377926421404693
3.389830508474564
-0.6557377049180334
-2.6402640264026283
-1.3559322033898316
-4.467353951890046
1.079136690647491
0
4.982206405693955
3.389830508474564
-0.9836065573770428
2.6490066225165587
-3.225806451612906
0
1.6666666666666607
3.278688524590167
-6.03174603174603
1.3513513513513526
-2.999999999999995
-0.34364261168385674
5.172413793103446
4.590163934426234
-2.5078369905956137
-3.536977491961411
8.666666666666659
4.2944785276073665
0.5882352941176476
4.970760233918127
-2.2284122562674114
1.1396011396011407
1.1267605633802829
4.456824512534823
-5.8666666666666725
-0.8498583569405044
-4.0000000000000036
-4.761904761904753
0
0
-1.8750000000000016
3.821656050955403
-7.361963190184043
0.9933774834437021
-1.6393442622950762
3.333333333333336
1.2903225806451624
-1.2738853503184724
-1.9354838709677435
2.960526315789469
0.9584664536741294
2.531645569620255
-6.79012345679013
-0.33112582781457717
-0.6644518272425108
0.3344481605351099
1.6666666666666607
1.9672131147541003
-2.250803858520895
1.9736842105263175
-4.1935483870967705
3.0303030303030254
1.6339869281045694
0
4.823151125401926
0
4.907975460122704
-4.970760233918127
7.384615384615391
4.871060171919768
-9.289617486338805
2.40963855421687
-5.882352941176462
3.124999999999989
-3.0303030303030196
0.31249999999999334
0.9345794392523442
-1.234567901234569
1.8749999999999878
2.760736196319028
0
1.4925373134328306
3.2352941176470553
4.843304843304853
0
4.891304347826079
0
9.844559585492238
0
9.905660377358489
-16.523605150214593
-1.0282776349614404
10.909090909090896
5.386416861826708
-4.222222222222231
4.408352668213467
-1.999999999999997
0.9070294784580507
-2.696629213483148
3.6951501154734445
-1.7817371937639213
2.0408163265306087
6.222222222222228
4.811715481171539
-2.9940119760478936
2.6748971193415616
1.0020040080160284
1.1904761904761827
-0.5882352941176345
1.577909270216964
-5.631067961165049
-4.115226337448563
1.5021459227467873
4.6511627906976685
-7.676767676767674
-1.5317286652078836
1.3333333333333246
3.7280701754386145
-5.4968287526427195
2.684563758389264
-6.971677559912861
3.0444964871194564
-5.681818181818182
2.409638554216859
0.2352941176470538
4.929577464788732
-6.487695749440717
0.4784688995215422
-2.6190476190476266
4.6454767726161466
-1.4018691588785162
-4.976303317535544
5.486284289276824
0
-1.1820330969267305
1.6746411483253658
-6.352941176470588
-4.773869346733666
0
-4.749340369393144
8.310249307479232
4.603580562659839
-9.046454767726154
-4.8387096774193585
0.28248587570620864
1.4084507042253598
-6.111111111111117
0
-4.733727810650879
0
-1.8633540372670823
4.746835443037972
0
4.8338368580060465
-0.2881844380403525
4.913294797687859
-0.5509641873278242
4.709141274238226
0.2645502645502707
4.749340369393144
-5.79345088161209
-4.812834224598934
5.898876404494381
0
0.2652519893899148
3.1746031746031775
-7.692307692307688
1.94444444444444
-1.9073569482288786
-3.333333333333336
-0.28735632183907434
0
-0.2881844380403525
2.6011560693641576
-4.225352112676054
4.999999999999998
-9.243697478991587
4.3209876543209775
0.5917159763313615
0
-4.117647058823533
2.453987730061352
1.4970059880239601
4.1297935103244745
-1.4164305949008449
-4.310344827586205
2.1021021021020974
2.3529411764705905
-6.321839080459776
3.06748466257669
-2.6785714285714244
3.363914373088681
-6.8047337278106514
3.809523809523813
-7.6452599388379205
-0.6622516556291397
1.3333333333333346
0
4.934210526315787
4.702194357366769
0
4.491017964071867
0.28653295128939216
1.9999999999999953
2.801120448179274
4.90463215258856
0
4.935064935064933
0
4.950495049504955
0
4.952830188679244
-0.674157303370792
0
4.9773755656108545
4.741379310344842
0
4.938271604938257
-3.13725490196077
1.214574898785417
-0.3999999999999915
2.2088353413654502
-6.876227897838893
-2.9535864978903072
8.043478260869568
4.828973843058354
0
4.99040307101727
0
4.936014625228528
0
4.878048780487793
0
4.983388704318949
-0.6329113924050638
0.15923566878980552
-5.087440381558033
-4.857621440536014
0
-4.929577464788721
0
-5.000000000000008
0
-4.8732943469785575
0.6147540983606609
-4.8879837067209815
0
-4.925053533190568
2.0270270270270236
4.856512141280348
0
0
4.842105263157904
-4.819277108433739
5.274261603375527
4.208416833667334
-0.1923076923076882
0.7707129094412337
4.01529636711281
2.022058823529401
-2.5225225225225167
0
4.251386321626609
-1.5957446808510614
-0.7207207207207214
-4.900181488203259
10.305343511450381
4.844290657439435
0
4.950495049504963
0
4.874213836477981
-1.1994002998500761
0
2.2761760242792164
4.896142433234422
0
4.950495049504945
0
4.851752021563346
-7.455012853470437
-5.0000000000000036
0
-4.970760233918127
0
-4.923076923076928
0
-4.854368932038832
0
-4.931972789115647
10.375670840787121
4.862236628849268
0
4.94590417310665
0
4.712812960235645
-9.142053445850918
-4.953560371517033
0
-4.885993485342017
0
2.739726027397263
-2.833333333333332
-4.631217838765016
0
-0.3597122302158197
2.3465703971119116
-1.234567901234573
-0.17857142857142477
-3.577817531305907
3.8961038961038956
3.5714285714285747
-4.655172413793096
3.978300180831822
-8.173913043478256
2.2727272727272747
-1.4814814814814827
-0.7518796992481209
0.18939393939393534
-1.1342155009451722
-3.6328871892925503
-1.785714285714283
-2.82828282828284
1.6632016632016648
2.044989775051136
-3.6072144288577275
-1.2474012474012395
-4.631578947368416
4.635761589403972
-4.008438818565409
5.71428571428571
0
4.989604989604994
4.9504950495049505
-3.773584905660381
0
0.39215686274510714
2.148437500000006
-2.6768642447418847
-1.9646365422396788
1.2024048096192306
2.3762376237623783
-7.156673114119926
4.791666666666676
-2.584493041749501
0
0.20408163265305687
3.2586558044806546
-1.9723865877712135
0
0
0.6036217303822988
-2.599999999999998
2.4640657084188935
-3.4068136272545075
2.697095435684645
-7.474747474747478
-0.873362445414848
3.0837004405286272
2.5641025641025665
-5.624999999999991
0.4415011037527499
1.3186813186813298
3.9045553145336163
-7.306889352818364
-1.126126126126142
1.5945330296127629
-1.345291479820619
2.7272727272727093
-1.106194690265483
-1.3422818791946223
4.0816326530612175
-6.100217864923753
-1.3921113689095037
5.176470588235288
4.921700223713661
-6.609808102345426
2.739726027397263
-2.2222222222222143
-1.1363636363636525
-2.2988505747126355
-1.17647058823529
0.9523809523809532
0.23584905660376854
3.0588235294117623
4.337899543379004
-4.595185995623631
-1.376146788990837
0.697674418604657
-3.6951501154734445
2.3980815347721736
2.8103044496487146
-2.7334851936218705
2.5761124121779937
-3.8812785388127837
3.5629453681710297
-2.522935779816521
0
-1.6470588235294183
-0.9569377990430631
4.83091787439614
2.3041474654378002
-5.855855855855871
