-0.4999999999999953
0.5025125628140655
1.8333333333333357
0.16366612111293194
4.248366013071886
1.880877742946713
1.8461538461538505
3.9274924471299006
-1.1627906976744145
2.9411764705882355
0.4285714285714245
4.694167852062585
0.2717391304347865
4.878048780487816
0
3.1007751937984382
1.2531328320802007
0.3712871287128678
3.5758323057953216
3.2142857142857175
1.7301038062283736
4.9886621315192645
0
4.967602591792666
0
4.938271604938269
-5.392156862745098
-1.9689119170984515
-2.7484143763213473
-4.999999999999994
0.6864988558352337
-5.000000000000006
0
-4.9043062200956875
0
-4.9056603773584975
0.2645502645502683
-4.353562005277041
6.62068965517241
4.139715394566627
0.7453416149068253
4.932182490752158
-1.5276145710928288
0.8353221957040607
1.7751479289940828
2.3255813953488373
-1.2499999999999936
0.8055235903337038
-0.5707762557077626
-3.5591274397244486
1.3095238095238027
-4.112808460634548
6.617647058823537
2.183908045977018
-5.736782902137242
4.057279236276856
-2.522935779816517
0
3.5294117647058822
4.318181818181815
0
4.793028322440094
-2.28690228690229
-2.127659574468085
3.260869565217391
0
0
-0.10526315789473085
1.2644889357218003
-3.9542143600416204
4.767063921993506
0.1034126163391875
0.6198347107438105
-0.30800821355237307
-0.6179196704428366
-3.5233160621761717
8.807733619763697
1.5794669299111634
2.0408163265306065
4.761904761904762
-2.727272727272727
4.485981308411212
0.35778175313059546
3.2976827094474177
-0.6902502157032022
4.344048653344918
-2.4979184013322233
-3.9282664389410713
1.3333333333333333
0
1.5789473684210502
0.1727115716753047
-0.7758620689655221
-0.08688097306689342
0.6086956521739155
-3.1979256698357847
3.125
-3.0303030303030303
-0.9821428571428521
-2.4346257889991008
3.5120147874306813
-1.7857142857142858
0.6363636363636389
-2.439024390243905
1.7592592592592646
-3.548680618744318
0.3773584905660431
-0.37593984962406546
1.9811320754716928
-0.46253469010175763
5.111524163568774
0.7957559681697663
3.4210526315789522
0.9329940627650503
-1.0924369747899136
1.7841971112999102
-1.5859766277128478
0.9329940627650503
0.8403361344537815
-4.166666666666667
5.043478260869564
0.08278145695364944
-0.16542597187758712
4.391052195526096
-4.603174603174601
-0.998336106489187
2.9411764705882355
0.40816326530612246
0.5691056910569129
0.08084074373483777
0.9693053311793238
-0.47999999999999543
3.93890675241158
0.23201856148490557
-0.6944444444444489
-0.23310023310021988
-0.31152647975078324
0.07812499999999556
2.2638563622170227
0.7633587786259542
1.4393939393939437
0.14936519790887873
1.7151379567487035
0.4398826979472099
3.430656934306561
0.9174311926605585
-1.2587412587412667
1.274787535410773
0.8391608391608312
0.5547850208044462
0.9655172413793143
0
0.6147540983606596
0.06788866259334304
-0.6784260515603799
-0.6147540983606596
0.41237113402061465
0.5475701574264281
1.225323349217143
-0.47074646940147186
-1.0810810810810771
0.4098360655737666
0.47619047619046845
0.2031144211239075
0.4729729729729653
0.20174848688635602
2.885906040268464
-2.348336594911952
3.6072144288577195
0.5802707930367542
0.5769230769230805
0.063734862970041
0.8917197452229335
1.0101010101010064
-0.1875000000000071
0.18785222291797832
0.37499999999999645
-2.1793275217932755
2.800763844684918
-1.1764705882352977
-1.1278195488721698
-1.7743979721166103
0.5806451612903263
-1.8601667735728067
-1.8300653594771317
-1.198402130492665
-0.26954177897574505
0
-0.13513513513512745
0
0.2706359945872647
0.13495276653172542
0.20215633423179444
0.8742434431741839
-1.2666666666666704
-0.06752194463200156
0
1.3513513513513513
-0.6666666666666666
-0.33557046979865773
0.20202020202020968
0.6720430107526881
-1.8024032042723743
-0.06798096532970382
0.8163265306122371
0
-1.2820512820512668
-0.13670539986330624
-0.3422313483915127
-0.27472527472527863
-0.1377410468319481
0.0689655172413754
-0.4135079255685695
-0.20761245674741272
0.13869625520112142
0.41551246537395725
1.2413793103448354
-0.5449591280654028
0.13698630136985523
-0.8207934336525231
2.689655172413797
0.06715916722632258
0.26845637583893
-0.26773761713521127
1.1409395973154286
0.0663570006635851
0.39787798408487685
-0.26420079260238155
0.13245033112582028
-0.6613756613756614
-0.19973368841543473
-1.0006671114076051
-0.5390835579514901
0.27100271002710413
0
0.13513513513512745
0
0.13495276653172542
-0.8086253369272351
-0.13586956521738358
0.5442176870748376
0.13531799729363236
0.40540540540540154
0.2691790040376889
0.33557046979865773
-0.4682274247491563
-0.33602150537634407
-0.2022926500337231
0
0.13513513513512745
-0.6747638326585695
-0.13586956521738358
-1.0204081632653061
-2.4054982817869415
2.323943661971839
0.06882312456985155
-2.1320495185694597
-0.4919184820801244
-1.1299435028248548
0.14285714285713474
-0.6419400855919952
0.5025125628140622
1.7857142857142858
-0.21052631578948167
0.4219409282700582
-0.7002801120448179
-6.417489421720749
0.9796533534287953
-2.3134328358208913
0.07639419404124852
2.5190839694656577
0.5212211466865142
-1.7037037037037122
-2.034664657121318
1.8461538461538505
0.15105740181268024
1.282051282051295
0.07446016381235615
-2.9017857142857184
-0.3831417624521073
3.3076923076923164
-1.7125837676842972
1.8181818181818226
-0.29761904761905184
0.1492537313432751
2.831594634873332
-1.1594202898550683
-0.7331378299120235
0.4431314623338215
0.07352941176470171
-4.041146216017634
1.0719754977029141
-0.5303030303030217
0.07616146230007183
1.5981735159817307
-0.8239700374531793
0.6797583081571039
0.0750187546886679
-3.5982008995502333
-0.3110419906687447
3.4321372854914243
-0.45248868778280116
0.07575757575757146
-1.5897047691143031
1.9999999999999956
0.45248868778280116
-4.579579579579575
0.07867820613690679
-0.3930817610062893
0.07892659826361036
0.15772870662460792
0.15748031496063217
2.4371069182390004
-0.15349194167307523
0.3074558032282903
-0.3831417624521073
0.07692307692307256
0.07686395080706712
-3.2258064516128946
-1.5873015873015872
-0.080645161290318
0.08071025020177103
0.080645161290318
1.5310233682514147
-1.3492063492063515
-0.08045052292839447
1.3687600644122406
1.667990468625889
-2.968749999999998
-0.4830917874396204
-0.32362459546924877
-0.16233766233766464
11.869918699186988
-2.325581395348829
11.458333333333336
6.608811748998649
-5.823418910457097
0.13297872340424777
6.5737051792828725
9.657320872274143
-1.3636363636363669
9.96543778801844
-6.128863279203781
4.352678571428578
-3.5828877005347533
0.38824181919023215
2.5966850828729218
0.376952073236412
1.3948497854077222
-2.380952380952381
2.818428184281837
0.15814443858724903
-0.05263157894736543
-0.05265929436545251
4.0674394099051625
0.24301336573511023
4.9696969696969715
0.07698229407236172
0.7692307692307665
-0.28625954198473014
-0.7846889952153044
0.30864197530863535
-0.8269230769230764
-0.13573783207291115
0.019417475728151477
-0.11648223645893063
-0.07774538386784499
-0.31122349737404514
0.1463414634146397
-0.04870920603995262
0.8284600389863631
-0.43499275012083405
0.5145631067961176
0.1642036124794762
0.135004821600772
-0.23112480739600258
1.5444015444015526
0.8555133079847828
5.2591894439208415
0.5372492836676167
3.998931243320266
-0.05994690417058592
0.7626392459297349
-16.404456161238205
1.5768056968463857
0.1502253380070162
-1.1500000000000057
-2.7314112291350416
3.1409256370254766
1.8453161238277687
1.1683168316831751
0.2250929731845662
2.4314031832828915
0.571973307912292
0.28436018957345705
-0.09451795841209293
1.9867549668874118
-0.09276437847865893
3.9925719591457725
0.8928571428571429
0.8407079646017724
0.04387889425186236
-0.9649122807017494
0.5314437555358674
0
0.08810572687224169
0.3080985915493033
-8.29311101360246
2.3923444976076556
-1.8691588785046729
-0.9523809523809523
-1.730769230769228
1.1741682974559715
-3.2882011605415915
4.25
-0.23980815347721823
-0.09615384615384069
1.2030798845043311
-0.5706134094151293
0.43041606886657374
-0.19047619047619319
-0.28625954198473014
-3.684210526315784
0.3477396920019814
3.9603960396039604
0.04761904761904491
3.046168491194672
0.6928406466512702
3.9908256880733894
-4.278782531980586
5.0691244239631335
0.8771929824561403
2.130434782608698
0.9365687526607018
-1.2652889076339098
0.38445108927808874
4.340425531914889
-0.08156606851549292
5.346938775510213
-0.038744672607525274
3.10077519379845
-1.1278195488721805
-2.433460076045619
1.3250194855806614
2.6923076923076925
-0.37453183520599254
-3.7593984962406015
1.4843750000000044
-0.6928406466512745
0.3875968992248062
3.474903474903475
-2.2388059701492535
-0.11450381679389747
0.11463507833397454
0.19083969465648856
-0.26666666666666233
-0.07639419404124852
1.6055045871559588
-0.07524454477049985
0.15060240963854565
-0.37593984962406013
0.5283018867924443
-0.9759759759759633
0.07581501137224739
0.03787878787879649
0
0.719424460431646
-5.2631578947368425
9.325396825396826
-0.036297640653365784
-0.2541757443718187
0.10921004732435799
-1.8909090909090869
0.07412898443290905
3.3703703703703787
