1.6528925619834711
0
-4.55284552845528
0.5110732538330446
4.406779661016951
-0.9740259740259763
1.639344262295082
-4.51612903225806
4.391891891891882
-4.207119741100315
2.3648648648648622
2.310231023102308
2.4193548387096775
0.31496062992126433
1.7268445839874322
4.012345679012359
-6.824925816023751
0
-0.9554140127388445
0.48231511254018833
3.840000000000009
0
4.930662557781184
1.321585903083709
3.6231884057971016
0.1398601398601319
4.748603351955316
4.133333333333326
0.7682458386683848
4.955527318932645
0
4.600484261501225
0.34722222222221893
4.4982698961937615
0.3311258278145821
4.84048404840483
0.10493179433369205
3.773584905660371
-8.383838383838382
-4.961411245865491
0
-4.872389791183298
-0.1219512195121882
-4.395604395604406
-0.2554278416347418
4.225352112676071
-5.036855036855047
4.139715394566627
-2.608695652173906
-2.9336734693877693
-2.1024967148488756
0
-0.6711409395973155
-2.7027027027027026
-0.5555555555555635
2.5139664804469435
1.4986376021798287
1.7449664429530163
-2.374670184696566
1.6216216216216255
-3.324468085106383
3.576341127922963
1.3280212483399736
4.849279161205771
-1.25
-3.1645569620253164
-1.1764705882353015
2.116402116402128
-1.683937823834193
-3.2938076416337285
3.8147138964577616
3.4120734908136408
0.3807106598984736
-3.792667509481669
1.4454664914586184
2.0725388601036197
-2.030456852791871
-4.015544041450788
2.564102564102572
-1.9736842105263157
0.13422818791945546
-0.8042895442359174
4.864864864864857
0.38659793814434457
-2.4390243902439095
2.105263157894729
-5.670103092783495
2.595628415300535
-0.7989347536617768
0
-1.7449664429530163
3.6885245901639383
-3.6890645586297905
0.6839945280437757
3.3967391304347827
3.1537450722733325
-4.33121019108281
0.1331557922769754
2.5265957446808396
-4.0207522697795
-0.5405405405405482
2.5815217391304426
-2.516556291390736
-0.27173913043476716
-1.498637602179848
3.7344398340249003
-6.666666666666667
3.142857142857147
-3.3240997229916975
4.871060171919779
-1.6393442622950858
4.999999999999992
0
1.8518518518518594
1.2987012987012987
4.871794871794868
-4.400977995110018
3.7084398976981987
-4.6855733662145465
-2.9754204398447572
4.26666666666667
-0.25575447570332843
0.5128205128205201
1.2755102040816326
-2.267002518891702
-2.9639175257731925
-1.3280212483399736
0.5383580080753778
1.0709504685408262
0.13245033112582028
1.3227513227513228
-3.394255874673622
-1.6216216216216255
0
-4.945054945054937
-4.913294797687869
1.3677811550152064
1.4992503748125936
3.3973412112259926
2.857142857142857
-1.9444444444444524
0.991501416430599
-5.18934081346424
0.5917159763313694
2.35294117647058
-4.885057471264356
2.567975830815714
3.0927835051546304
-2.428571428571433
1.3177159590044007
3.3236994219653138
-0.979020979020983
-0.847457627118636
2.849002849002849
0
-1.93905817174516
-2.9661016949152463
0.43668122270741944
-2.4637681159420333
2.8231797919762345
1.445086705202312
-2.56410256410256
-1.7543859649122846
2.8273809523809397
-2.3154848046309615
7.2592592592592675
-1.5193370165745972
6.591865357643763
-8.947368421052628
0
0.8670520231213791
-2.292263610315178
-0.4398826979472099
-1.325478645066282
0.4477611940298465
1.485884101040119
1.0248901903367538
-0.7246376811594203
1.167883211678828
1.298701298701307
0.9971509971510012
0
-1.4104372355430181
1.4306151645207439
1.6925246826516058
-3.744798890429943
3.1700288184437873
-2.5139664804469235
1.5759312320917027
-0.846262341325823
3.4139402560455276
-2.338376891334254
-4.225352112676056
2.058823529411773
-1.1527377521613995
0.29154518950437736
-2.7616279069767318
1.7937219730941532
-0.5873715124816322
-0.2954209748892213
1.629629629629621
-3.206997084548089
2.108433734939746
-2.6548672566371643
-0.15151515151514292
0.6069802731411099
-0.15082956259425992
-0.45317220543806214
-2.1244309559939385
-3.7209302325581373
2.7375201288244697
-0.6269592476489007
-1.5772870662460567
-1.2820512820512775
1.4610389610389587
0.16000000000000228
1.916932907348236
-0.7836990595611285
-0.7898894154818326
0.31847133757962237
0.7936507936507936
5.511811023622047
-5.820895522388058
-0.31695721077654965
-2.0667726550079446
0
-0.9740259740259763
0
3.770491803278684
-1.7377567140600227
1.4469453376205765
1.426307448494451
-5.781250000000004
1.1608623548922103
-1.8032786885245924
10.016694490818042
-9.104704097116853
-0.1669449081803029
-1.8394648829431344
-1.3628620102214724
-0.34542314335059715
-0.17331022530329535
5.555555555555547
1.151315789473689
-2.27642276422764
0.6655574043261208
-0.16528925619834944
-0.4966887417218496
-1.1647254575707202
2.3569023569023546
5.921052631578962
0.7763975155279502
18.952234206471488
13.730569948186522
5.125284738041002
5.417118093174431
-6.47482014388489
-4.835164835164841
-5.427251732101604
-5.982905982905989
6.4935064935064934
0.9756097560975575
-4.106280193236705
9.445843828715365
0.46029919447639983
4.6964490263459435
-7.002188183807446
0.5882352941176471
-5.497076023391816
3.2178217821782287
-4.196642685851319
1.3767209011264008
-2.098765432098769
-2.017654476670863
-2.9601029601029563
-2.1220159151193747
-2.8455284552845455
-3.3472803347280413
7.359307359307372
-0.5376344086021582
-0.8108108108108031
1.77111716621253
-3.882195448460516
-1.1142061281337008
-1.1267605633802777
-0.7122507122507122
-0.4304160688665669
0
1.7291066282420584
3.116147308781874
1.7857142857142818
3.6437246963562795
0.13020833333334444
1.1703511053315883
-1.028277634961436
-2.9870129870129833
1.3386880856760375
3.038309114927341
-3.5897435897435863
-3.4574468085106496
2.4793388429752223
-4.435483870967757
-0.5625879043600444
-2.9702970297029823
7.28862973760933
-1.358695652173913
-3.5812672176308467
-3.999999999999996
5.654761904761901
-1.408450704225352
5.857142857142849
0
2.564102564102572
-4.73684210526315
0.1381215469613181
0
-1.2413793103448354
-4.329608938547478
1.167883211678828
-1.7316017316017358
2.643171806167418
-2.7181688125894214
3.0882352941176388
-1.4265335235378032
-0.14471780028942738
-2.1739130434782608
6.0740740740740655
0
-4.189944134078212
1.7492711370262433
-5.730659025787966
0.7598784194528876
-2.111613876319746
0.46224961479198323
1.2269938650306704
0.45454545454545026
0
1.5082956259426847
-6.092124814264479
1.265822784810122
2.8124999999999956
4.8632218844984845
0
0.28985507246377223
-0.2890173410404665
-3.7681159420289774
2.7108433734939714
-2.7859237536656973
0
4.977375565610855
-8.764367816091946
2.9921259842519774
-5.198776758409794
4.193548387096765
0.061919504643972535
-1.5779702970297078
0.4401131719585054
-1.251956181533642
2.884310618066561
-1.848428835489838
-0.8160703075957251
1.234177215189864
-2.844638949671773
2.6061776061776136
-2.06961429915334
-3.2981107909061835
2.1854304635761594
0.8101101749837978
-0.964320154291227
1.785134696527104
1.0522959183673528
-3.4395708425370772
4.248366013071886
4.984326018808789
-4.896984174380414
-2.6687598116169586
1.1290322580645207
3.285486443381184
-6.886967263743063
-0.8291873963515755
2.642140468227434
-1.792114695340504
-0.36496350364963315
-3.096903096903096
-0.6872852233677074
-1.2802768166089877
-3.4349807220469692
-4.9001814882032715
-0.0763358778625938
0.6111535523300234
-5.542900531511013
-3.1350482315112442
0.373443983402489
-4.712691194708559
10.151843817787418
2.835762111067345
2.068173113749518
4.990619136960607
0
4.93209435310936
-0.03405994550408042
-0.715502555366272
-5.044612216884004
2.5298156848572435
-4.652802255904125
6.839186691312376
-3.8062283737024147
0.6834532374100637
9.253304751697035
6.572923479398317
2.7922675667382526
7.462686567164179
2.361111111111115
4.966078697421977
-8.996897621509815
0
-5.000000000000014
-0.11961722488038024
-4.880239520958081
-2.423670129052564
0.4193548387096742
4.529392868615483
0.4302397049784898
2.8151774785801766
-4.821428571428575
-0.0625390869293295
-0.7822277847309136
3.7212235887732565
-2.9492246883551196
1.472431077694232
0.030873726458777433
-1.0493827160493714
1.9338739862757248
0.9791921664626692
2.4545454545454612
-2.070393374741209
7.218363032316523
-4.366197183098584
-0.6480117820324182
-3.646605395790089
-1.3846153846153935
-4.992199687987513
0
-4.926108374384237
-0.06908462867011943
-4.873833390943657
-0.10901162790698088
0
-4.728992360858484
0
2.100038182512398
4.973821989528802
-4.453152832205201
-0.8202833706189369
-0.37593984962406546
0
-4.188679245283017
0.4332414336352872
-0.7058823529411754
0
-0.8293838862559275
3.1461569095977664
-0.42471042471042253
1.1632415664986457
1.1115369873514724
-0.8718726307808963
-0.07648183556405191
-0.11481056257174736
0.038314176245203106
4.940635771734964
-4.85401459854014
-1.6494054468738002
0.5070202808112285
0
-0.07760962359332392
