10.419485791610269
-0.12254901960783618
3.926380368098163
-10.035419126328216
23.228346456692915
-6.176783812566572
9.875141884222478
0.20661157024793683
-0.309278350515461
0.31023784901757717
-0.9278350515463976
1.9771071800208178
-2.0408163265306123
0.10416666666666075
0.31217481789803475
0.5186721991701244
-0.5159958720330237
-0.41493775933610544
5.416666666666669
1.7786561264822105
3.106796116504857
0.37664783427494486
1.6885553470919432
0.9225092250922509
-1.2797074954296213
3.7037037037037037
1.250000000000005
2.292768959435621
2.586206896551724
4.9579831932773155
-0.48038430744596355
-4.907481898632336
-0.08460236886633547
-4.995766299745971
10.516934046345808
2.903225806451608
-6.89655172413793
4.7979797979798
-3.5341365461847434
-0.08326394671106938
-0.6666666666666643
3.9429530201342304
0.9685230024212983
4.396482813749001
0.5359877488514679
4.9504950495049505
0
0.2902757619738587
0.7235890014471781
0
0.9339080459770197
4.056939501779351
0.8891928864569162
0.4067796610169453
1.4179608372721098
0.39946737683090733
0.9946949602122015
0.4596191726854817
0.9150326797385658
0.25906735751295706
1.0981912144702768
3.4504792332268406
1.482396541074741
0.48691418137552217
0.9085402786190188
0.18007202881153145
0.8388256440982658
0.41592394533570326
0.8284023668639087
0.2934272300469484
0.9947337624341653
3.7659327925840094
1.1725293132328276
0.27593818984547464
0.7705008255366019
0.16384489350082543
0.7633587786259572
0.1623376623376531
0.9724473257698603
2.140181915462814
2.7763226820324687
0.40774719673802823
2.0812182741116723
0.2486325211337643
0.9424603174603203
0.29484029484029206
0.6369426751592413
1.0710808179162554
-5.973025048169559
-4.969262295081962
0
-4.959568733153633
0
-4.991491775382876
0
-4.955223880597022
0
-4.962311557788931
0
-4.95703899537343
0
-4.937413073713507
0
-4.97439648866129
0
-4.926866820631259
0
-4.939271255060724
0
-4.9403747870528205
0
-4.928315412186381
0
-4.995287464655983
0
-4.9603174603174605
0
-4.9060542797494815
0
-4.939626783754116
0
-4.965357967667433
0
-4.981773997569859
0
-4.987212276214841
0
-4.979811574697178
0
-4.957507082152975
0
-4.9180327868852425
0
-4.858934169278988
0
-4.942339373970346
0
-4.852686308492209
0
-4.918032786885238
0
-4.980842911877397
0
-4.838709677419351
0
-4.872881355932212
0
-4.89977728285077
0
-4.918032786885249
0
-4.926108374384237
0
-4.92227979274611
0
-4.904632152588567
0
-4.871060171919758
0
4.819277108433718
0
4.310344827586207
0.5509641873278316
4.931506849315061
0
4.960835509138397
-0.9950248756219047
0.5025125628140775
0.7499999999999929
1.4888337468982666
-2.444987775061125
-1.0025062656641568
5.822784810126575
-0.23923444976075198
5.035971223021569
0
4.794520547945209
-4.793028322440078
10.06864988558352
3.5343035343035254
-8.23293172690762
-4.814004376367621
0
-4.827586206896555
0
-4.830917874396135
0
-4.822335025380707
10.133333333333326
4.116222760290564
0.6976744186046445
3.926096997690538
0.8888888888888857
4.1850220264317155
0.6342494714587829
4.201680672268908
-8.669354838709687
-4.856512141280344
0
-4.872389791183298
0
-4.878048780487805
0
-4.871794871794868
0
-4.851752021563354
0.849858356940522
-4.775280898876412
0
0.29498525073746734
4.411764705882353
-4.5070422535211305
0
1.769911504424783
-2.3188405797101366
2.07715133531156
-3.7790697674418525
1.2084592145015063
-2.985074626865672
0
-0.6153846153846241
1.2383900928792746
-2.1406727828746264
0.9374999999999911
-1.857585139318879
1.8927444794952615
2.786377708978346
-0.9036144578313381
-2.735562310030391
-0.6249999999999978
-0.6289308176100606
1.265822784810122
0
0.31250000000000444
-0.9345794392523387
-2.201257861635218
0.9646302250803767
1.5923566878980893
3.134796238244514
0
0.30395136778115933
-1.5151515151515151
-2.1538461538461515
-0.6289308176100606
0
0
0.3164556962025249
2.5236593059936934
2.1538461538461626
2.409638554216859
2.35294117647058
2.0114942528735718
1.6901408450704265
0
-4.9861495844875465
-4.956268221574332
0
-4.907975460122704
0
-1.9354838709677464
0
-1.9736842105263088
0
-1.6778523489932886
0
-1.706484641638225
0
-1.7361111111111112
0
-1.9787985865724462
0
-1.946647440519103
0
-1.9852941176470558
0
-1.9504876219054748
0
-1.989288446824788
0
-1.95160031225605
0
-1.9904458598726114
0
-1.9496344435418376
0
-1.9884009942004988
0
-1.9442096365173325
0
-1.9827586206896588
0
-1.934916446789788
2.869955156950675
-0.610287707061903
-1.3157894736842135
-1.9555555555555613
0
-1.9945602901178503
0
-1.9426456984273899
0
-1.9811320754716895
0
-1.9249278152069398
0
-1.9627085377821325
0
-1.9019019019018968
0
-1.9387755102040944
0
-1.9771071800208067
0
-1.910828025477704
0
-1.948051948051945
0
-1.986754966887414
0
-1.9144144144144135
0
-1.9517795637198816
0
-1.9906323185011703
0
-1.9115890083631826
0
-1.9488428745432416
0
-1.9875776397515654
0
-1.9011406844106398
0
-1.9379844961240356
0
-1.9762845849802302
0
-1.8817204301075343
0
-1.9178082191780779
0
-1.9553072625698402
0
-1.99430199430199
0
-1.8895348837209287
0
-4.740740740740745
10.108864696734065
4.943502824858752
0
4.979811574697176
0
4.9999999999999964
0
4.884004884004889
0
4.8894062863795105
0
4.994450610432865
0
4.968287526427049
-9.466263846928493
-4.894327030033365
0
-4.912280701754384
0
-4.9200492004920084
9.702457956015524
-0.9433962264150951
-1.3095238095238237
0.24125452352233234
-5.174488567990379
0
-4.568527918781729
-0.39893617021275746
-4.53938584779706
-4.895104895104903
0
0
3.2352941176470553
3.418803418803422
-4.269972451790628
3.4532374100719454
-5.4242002781641245
2.794117647058829
-6.723891273247506
-1.6871165644171693
-0.7800312012480471
-1.729559748427678
-2.719999999999999
1.9736842105263175
2.903225806451608
4.231974921630101
0.6015037593984968
4.783258594917778
0.14265335235377727
4.985754985754994
0
4.884667571234739
0
6.209573091849941
-3.8976857490864933
4.435994930291516
-2.184466019417472
2.2332506203473907
-6.917475728155343
-1.043024771838332
-4.479578392621869
0.13793103448275568
-0.6887052341597771
5.131761442441056
-2.374670184696566
0
-0.2702702702702765
0.9485094850948548
-1.4765100671140983
0.13623978201634587
-1.0884353741496609
-2.0632737276478608
-0.28089887640450084
3.9436619718309895
0
2.9810298102980997
-1.447368421052624
4.672897196261677
1.020408163265307
-4.545454545454549
11.24338624338625
1.0701545778834705
8.823529411764707
0.5405405405405482
4.408602150537636
3.8105046343975197
-8.43253968253968
-4.658721560130007
-0.3409090909091038
-4.6750285062713814
-0.23923444976076047
-4.916067146282975
10.340479192938213
4.4571428571428635
-0.21881838074399726
0.5482456140350955
-5.452562704471101
-0.3460207612456674
-1.041666666666665
0
3.976608187134501
2.3622047244094384
-5.164835164835153
-3.1286210892236537
1.9138755980861262
3.1690140845070376
-5.119453924914668
-1.0791366906474804
0.48484848484847454
-0.8443908323280882
-4.136253041362539
2.4111675126903602
-6.195786864931846
2.3778071334213964
2.06451612903226
4.677623261694048
-4.710144927536229
0
0.5069708491761729
-2.90037831021437
2.0779220779220795
1.0178117048346065
-2.7707808564231815
0
2.461139896373062
-1.390644753476616
0.8974358974359011
