-4.4224422442244204
1.6179952644041018
-0.09951456310680494
1.4601909667387538
5.675287356321839
-1.4004078857919824
-2.4797756940614
1.7132891853038865
-2.7641334569045455
0.9364500679105054
1.6477809254013263
1.444563147382596
-1.9207875457875374
0.8379823066688367
0.1064814814814899
-0.6613328400314563
9.338919925512101
0.059609980413867454
5.26595744680851
1.0611419909044972
-3.8920000000000075
2.3848170807841256
-1.8170731707316998
2.2605887467395314
-0.20243734564152394
1.4239928597508988
0.37600000000000366
0.023910098031398305
-1.7211155378485983
1.3458731960434496
1.85
0.14727540500736377
5.7803921568627485
-0.9416475124193702
2.8742514970059947
0.7712456344586662
-1.4133574007220249
1.2486954611201608
4.314725401906009
7.480280835572506
-6.761290322580643
2.027401051757539
1.3377416073245105
-0.45006608777124657
1.800000000000006
0.5431642205015541
-1.0164203612479414
-0.200726597103571
1.2433510638297902
-0.17731660865568039
-2.1069078947368483
0.0016801357549751138
-0.2822580645161321
0.0808734330772372
0.7154882154882155
0.21897200167154807
-0.08005870972046471
0.48741403485343887
-0.07807308970099365
1.2401708975445855
2.139608203747191
0.636635477958914
4.399501581520171
0.5845268698739108
4.102899564913146
0.5392292966637874
1.8779069767441834
0.439422473320781
0.14062499999999484
0.12340600575895726
-6.499872495962374
0.4469832419164217
3.9249996228862747
1.5748602946512809
-1.8419548442412066
0.016013742702820664
1.586562254373963
-0.41838606143970397
1.7395683453237358
0.4115459135329359
0.8887323943662023
0.7650318995965332
-0.278474348494707
-0.19172524938175806
0.19487750556792874
-0.3612114476243401
1.5407138873396542
-0.6110538963268108
-3.901630284609003
-1.5182011616539244
4.82189781021898
-0.0041780984081470395
2.979108635097488
-0.7560286181852559
1.259198691741614
-0.005383290267006301
0.9515477792732142
-4.008959163811375
7.058333333333331
1.1909395189538436
1.8371794871794895
0.00881245829818612
-2.4005538771399775
1.1311312602375738
-1.4832291799515391
-0.14887309539529042
0.5069231965980444
-0.6062716871122118
2.839603908997705
0
-1.8323847503186572
1.2996696190978205
-0.3946700507614259
-0.11211762157753663
0.2959145929261083
-0.5506593923670746
2.451406649616366
0.0037445236341872748
0.7276585122316548
-2.6145248627684223
1.171860089320925
0.35968508690293993
2.895989974937348
0.0109607726126784
-0.377496346809547
1.5291529152915335
-3.114578442349607
1.8962646320550782
-2.065853658536581
-0.007471421811575272
-3.7297633872976337
-0.08925683979043576
3.605831477549329
0.2736781594831311
-3.5468594217348
-0.12145644365195798
-4.046571798188877
0.5231084506282719
-3.226931330472108
-1.1821936413781533
1.0546836650257334
0.5537590384855542
-5.769336940319108
-1.8221232716193994
-1.81118338604763
0.4239219618926148
-5.567911881742393
4.106516270648746
2.028441270622988
1.6683259420158743
-0.38427299703263557
-0.44979967531017895
-1.8866230793398984
-2.3895208759035014
-0.28276389995470097
1.5196616011279962
-2.686728395061734
0.3187491079782484
0.6686689851406921
0.18372250051033742
-2.0971786833855828
2.7488713137587624
-5.377148288380925
0.11856145435383708
1.1726973684210555
0.8209646741339229
4.7099229256022355
0.25100478910978274
-3.5298454732573528
0.012738042162922457
4.018340444501059
0.7713970858332256
-0.4085662211421573
0.6542526421741263
-0.4409090909090964
0.6254850933662112
-3.696309739866903
0.8700295244676115
2.2185894441849605
0
-0.12946462569492043
0.027451578465764556
2.0598280173202332
-0.05676810230208507
-0.2272013871242691
-0.4958875788401243
-0.37489837092355305
-2.6371865979537246
2.2569228858810466
-0.1184006800449343
0.9711246200607847
0.6035611613660706
-0.30221424296827976
-0.1470632371919953
-1.4923354373309314
-0.527865501090812
1.0275916013558073
0.6831534362617844
-0.8594562808160311
-0.5018935073230825
0.4860824505892492
-1.0861132660977446
1.171856978085349
-0.43473634608660455
-0.15419611914322473
-0.273700305810392
-4.498551080173572
0.022476600253673252
0.04173287748189362
-2.002342483995703
-1.1395078504887024
0.6028186741301299
-5.399443593922334
0.4054500843962654
-1.102253032928949
0.003504836674623714
-2.2062173623523735
-0.388840109663659
-1.4373088685015225
-0.7136208501396281
-0.1636029411764639
-0.23936219182117802
2.7555785238367556
1.3022236591586738
3.7323356797106335
1.4016135648844523
-4.509136268626526
0.05472294303518798
-3.151023288637974
0.19856450613911442
-1.3126556733269061
0.9524511339142575
1.1697507208292173
0.03968325546998914
-1.3486954797064636
1.2099501032661308
-2.795485327313773
-0.23594107046649113
-1.3836126629422754
-0.4418679305851849
2.080685848680838
-0.17837235228540252
-1.3699650063286326
0.32460179663319655
0.4890895410082769
-0.40995881692249414
-0.05826958139885272
-0.921572315215347
0.5049354593773797
-0.09254712348431507
1.3365597292852112
-0.3581822252070707
0.694600464315142
-0.5392038376438651
-2.267586413175559
0.03825554705432287
-3.75717017208413
-1.3986291844640835
-8.432229856339786
-0.9439774677639515
9.667458959948462
1.0350624886062179
0.28468323977545745
-0.08396305625524406
2.5390156062424896
-1.1102655661573815
5.278216258879242
1.2107581295098935
-4.018444102886983
0.7119291543670705
-2.304597701149429
0.20197266505873251
0.8082191780821953
-0.6056723545512748
-1.8515263373762265
0.015919447595172068
1.5658263862636996
-0.40745964582354216
-1.0110149488591589
0.28017327027777794
3.48346444211069
0.03063666826233344
1.3016596160104132
-0.3401296271801364
-2.076183614265941
-0.28269372265035747
2.0737864077669936
-0.16740222188403936
2.3685213414634183
-0.22895221785827638
0.8208955223880597
-0.4422649888971065
1.2490474154755453
-0.3891836322581796
-0.32988702751516824
-0.5232794645168481
1.6859049424710633
-1.2174167367382072
1.358253145817906
0
1.5938218862964215
0.06289647240641903
-1.003915089256845
-0.22495147216226521
-8.661975672284944
-4.052951129690462
-16.608228386481038
-16.9005324177738
2.398131792461301
-0.9911701070112753
4.7721702152792105
2.5338932889878545
-4.873824839188526
-9.998555122092183
0
-9.998394605875745
0
-9.99964325211372
0
-4.998414460123686
4.451954771143668
2.6563873132539744
2.2802443674851127
1.4951493247099175
-6.3985306244846045
-4.997797445036231
0
-4.999367702229918
0
-4.996228424368812
0
-4.997431226939423
0
-4.999754191042713
0.07762368039743324
-1.7529344847200006
-3.1736842105263134
-3.4679567320758795
-1.5822963004673762
-4.994850669412974
0
-4.998494429388738
0
-4.995245641838349
0
-4.997664642690338
0
-4.993678887484191
0
-4.997412582242932
0
-1.9531553964671942
7.087301587301584
4.706143926480397
0.27604756511891926
4.997529469894823
0
4.994957983193275
0
4.328339095914979
0.6382717564747676
4.994511525795835
0
2.6892025323807838
2.2454751131221746
4.9952978923493925
0
0.005268703898836094
-5.005005005005005
-4.996949697742772
8.698190309398715
1.5037593984962405
3.2857142857142807
1.8390451308846931
3.1036217303822844
-3.4004976338000596
1.979797979797982
1.2282091917591103
-1.5117416829745642
0.1490238934975908
2.4403551411140456
0.3292499878952078
4.652285121374455
2.3749135347014065
1.3738738738738738
2.2350588758053846
-7.058414464534079
-4.133931911709694
-0.9024390243902439
-4.996308146689638
3.860103626943005
1.7660264405088597
-2.1618706799352974
-0.48602064335103945
-4.531493882483259
-3.6970623912240868
-0.2573932092004406
2.1248558721792152
2.811827956989245
2.9127228991267087
2.0274390243902487
3.8896359380447185
1.0642377756471628
3.396262214211193
-4.3260849619231205
-0.5514265164229202
-0.5159112825457964
0.8093830271894449
-0.06730769230769668
-0.6975849129221592
0.009689453030389655
0.18408177106039464
-1.5956675209129154
-0.14741290354282346
-0.40844446631563186
-0.08894159501926843
-1.587537091988126
0.0050253781597019475
-2.9849246231155826
0.4765357919817697
4.392205381998146
-0.24691358024691357
-2.247524752475252
0.07090043553125144
-0.6427125506072897
1.0543472724494496
3.5635080645161197
0.1606073879398541
-0.7240038872691978
-1.120845773579358
-1.6533016533016578
-0.5335212401852178
2.555409371521101
1.1841910494893064
-2.5454722777588055
-4.998749061796352
0
-4.998419888338769
0
-0.29384043909740837
-1.1343416370106811
-0.7817772778402751
3.9623604104075785
-5.000000000000002
1.5898524938299974
1.1468926553672292
-6.077193766407863
-3.5385072851620576
0.17879161528977133
1.052372453689452
-3.7941534713763674
-0.53174653415206
-4.3658117482339405
-2.382378385572633
7.171586338537038
4.955155524457738
0.04242424242424518
4.997879687405343
0
4.996538195245782
0
3.3080558303110257
-5.164893617021272
0.398227606708167
-4.938547486033524
-3.0383168782322416
0.8970240620643647
0
-3.4240403676338076
-2.8239099334453
-0.4608589899507166
4.996463249951775
0
2.5906418422341964
-5.151931227986387
