6.507592190889371
3.6659877800407275
-6.8762278978389
5.485232067510551
-10.400000000000004
7.1428571428571495
-2.0833333333333335
0.4255319148936231
-0.847457627118656
0.8547008547008669
0
8.050847457627112
-7.450980392156858
1.694915254237282
-8.333333333333334
7.727272727272725
-0.4219409282700332
0
0
0
0
1.694915254237282
0
-1.2500000000000029
-8.860759493670876
9.72222222222221
-9.915611814345983
11.00702576112411
-7.383966244725738
7.289293849658321
7.64331210191083
0.5917159763313553
-5.686274509803919
4.781704781704776
2.777777777777775
-3.4749034749034697
-6.400000000000006
0.21367521367521672
5.970149253731353
0
-2.4144869215291807
0
-1.2371134020618586
-5.636743215031306
8.849557522123893
3.6585365853658476
-1.9607843137254901
0
-5
0.631578947368415
-0.2092050209204902
0
-2.0964360587002093
7.06638115631691
-10.200000000000003
11.1358574610245
-10.22044088176353
2.678571428571435
-4.3478260869565215
2.272727272727273
-1.5555555555555618
8.352144469525966
-2.5000000000000058
2.1367521367521367
-3.7656903765690317
10.652173913043475
-10.805500982318271
0
1.3215859030837036
6.086956521739125
0
0
0
1.639344262295091
-7.459677419354844
-0.6535947712418239
2.1929824561403506
1.7167381974248865
-1.6877637130801628
-6.437768240343347
2.9816513761467824
-2.0044543429844066
5.909090909090912
2.7896995708154444
0
-0.4175365344467552
9.853249475890975
10.49618320610687
-2.417962003454229
13.274336283185841
-9.843749999999996
5.71923743500866
-8.19672131147541
5.357142857142857
-4.915254237288134
4.991087344028515
-6.281833616298804
-7.065217391304357
-1.559454191033133
-6.930693069306931
5.319148936170213
0.2020202020202049
0.6048387096774136
0.20040080160320928
0
0
1.7999999999999972
0.3929273084479427
-0.782778864970643
2.3668639053254354
-1.3487475915221498
1.5624999999999944
-1.9230769230769231
1.9607843137254901
0
0
-4.038461538461541
4.2084168336673375
-0.3846153846153901
0
0.3861003861003916
0
0.5769230769230714
2.868068833652008
-6.319702602230482
6.944444444444445
6.4935064935064934
1.0452961672473893
-2.758620689655175
-1.9503546099290805
-0.3616636528028856
5.26315789473684
-4.6551724137931085
4.882459312839065
-7.586206896551722
6.34328358208955
-5.2631578947368425
4.259259259259254
-4.440497335701599
10.594795539033463
-9.579831932773113
-3.717472118959108
0.7722007722007832
9.195402298850569
-8.245614035087725
-3.6328871892925405
2.9761904761904763
4.6242774566473965
2.9465930018416233
-0.17889087656529773
-0.8960573476702509
-3.79746835443037
10.526315789473673
0
-1.3605442176870701
-0.17241379310345073
1.8998272884283272
-4.237288135593221
-0.8849557522123894
5.357142857142857
-1.694915254237288
3.4482758620689653
-0.8333333333333334
12.605042016806722
-6.268656716417914
0
-5.25477707006369
-1.8487394957983216
-1.8835616438356189
18.67364746945899
-16.176470588235293
12.280701754385966
-9.375
5.172413793103448
3.9344262295081944
4.10094637223975
-9.696969696969695
-2.013422818791951
2.3972602739726003
3.6789297658862927
-6.451612903225806
3.2758620689655147
-7.679465776293825
1.9891500904159158
5.496453900709222
-3.6974789915966433
4.71204188481676
-6.666666666666667
7.142857142857143
1.0000000000000024
0.6600660066006577
8.19672131147541
-9.242424242424244
-3.505843071786313
-1.2110726643598542
5.604203152364265
-0.49751243781094057
-3.500000000000002
3.62694300518135
1.6666666666666667
-1.3114754098360608
1.1627906976744116
-2.2988505747126413
-6.0504201680672285
0.5366726296958931
6.761565836298927
-10
8.333333333333334
-4.273504273504273
-3.214285714285709
4.981549815498147
-4.745166959578199
1.4760147601475961
7.2727272727272725
-6.779661016949152
-6.909090909090904
3.90625
5.075187969924803
-5.366726296958856
2.079395085066165
1.8518518518518519
1.8181818181818181
0
1.4285714285714235
-0.176056338028159
5.46737213403879
-6.688963210702341
-4.838709677419347
9.604519774011301
13.402061855670098
-0.6060606060606146
-4.725609756097553
9.920000000000003
0.2911208151382865
-11.611030478955016
-6.403940886699505
5.438596491228072
-3.3277870216306153
4.647160068846808
0
-5.098684210526307
3.4662045060658575
-1.5075376884422205
-6.462585034013601
6.18181818181818
4.45205479452055
2.786885245901644
-7.017543859649131
-0.1715265866209165
2.9209621993127075
1.5025041736227023
3.6184210526315836
-1.7460317460317483
12.924071082390965
-14.306151645207448
-3.0050083472454046
4.81927710843373
-7.060755336617401
3.003533568904586
16.63807890222985
-13.382352941176473
15.280135823429553
-7.658321060382919
6.539074960127582
-10.029940119760473
-4.825291181364391
4.89510489510489
-4.666666666666662
9.265734265734261
-1.9200000000000046
-2.2838499184339294
2.003338898163611
2.2913256955810124
2.2399999999999975
-1.40845070422535
-3.4920634920634965
0.3289473684210573
-1.639344262295082
-2.5
5.128205128205129
-4.878048780487805
-6.666666666666664
1.8315018315018314
7.553956834532365
-5.016722408026756
-4.225352112676054
1.102941176470591
0.7272727272727247
1.8050541516245489
-3.546099290780142
0
9.375000000000002
-7.899159663865551
-1.459854014598535
3.7037037037037037
3.035714285714291
-6.932409012131715
-1.6759776536312954
3.409090909090917
4.029304029304021
-2.112676056338021
2.1582733812949564
-5.457746478873229
-6.89013035381751
4
6.5384615384615365
0.722021660649817
2.1505376344086073
-2.1052631578947416
1.612903225806462
-4.05643738977073
6.4338235294117645
-7.599309153713297
4.299065420560742
-0.17921146953404
-5.74506283662478
5.523809523809522
-7.039711191335738
6.6019417475728135
-5.282331511839707
7.499999999999998
-4.6511627906976765
3.377110694183873
-4.9001814882032715
3.6259541984732797
0
0.5524861878453118
0
-1.2820512820512873
0
-4.82374768089054
3.313840155945425
0.9433962264150944
2.803738317757009
-7.2727272727272725
0
1.9607843137254901
3.8461538461538463
-0.3703703703703756
-7.434944237918216
4.41767068273093
3.0769230769230798
-2.238805970149259
-4.580152671755722
0
6
-4.339622641509429
-1.972386587771203
-1.4084507042253578
-2.0408163265306123
-4.166666666666667
0
7.304347826086955
0.2836304700162086
10.868686868686874
1.6034985422740442
-11.477761836441893
2.512155591572127
-1.185770750988145
-4.560000000000002
4.358759430008379
0.40160642570281696
-4.040000000000006
0.04168403501459593
2.916666666666664
3.2388663967611366
-4.352941176470586
-0.28700287002870145
-5.222039473684209
0.21691973969631545
-3.896103896103905
-5.180180180180174
1.235154394299278
-2.8155795401219987
-1.255432158377603
-0.24449877750611596
4.558823529411764
-0.14064697609000276
-8.63849765258216
2.26104830421376
3.9195979899497546
-5.657640232108308
2.460276781137862
-0.15007503751874732
-8.517034068136269
13.91018619934282
-2.836538461538461
-9.698169223156857
25.753424657534243
6.318082788671021
-12.295081967213115
0.4205607476635508
4.141461144718477
-7.953529937444137
7.378640776699026
-8.227848101265824
16.89655172413793
1.1378002528444988
-5.083333333333329
-3.42405618964004
-3.409090909090909
7.764705882352935
-3.9737991266375556
-0.18190086402910027
-5.876993166287012
-4.74346563407551
3.658536585365848
2.9411764705882426
-5.19047619047619
-0.05022601707685366
0.4522613065326626
0
-3.651825912956463
-0.05192107995847125
0.6753246753246701
-2.8895768833849265
0.7438894792773675
5.43248945147678
-11.355677838919458
12.810383747178328
-5.452726363181591
5.661375661375663
3.3550325488232438
1.0174418604651203
-0.6235011990407796
7.6254826254826344
-9.506726457399107
-2.3785926660059484
2.3350253807106642
-1.2400793650793651
0.8036162732295336
-0.3487792725460901
2.8999999999999915
0
-0.583090379008734
-9.042033235581629
6.824288017195054
7.142857142857152
-3.755868544600942
0
1.9024390243902467
-1.8669219722355221
1.0731707317073116
2.2200772200772243
-0.8498583569405086
0
0
-4.285714285714279
1.094527363184074
5.2165354330708595
0.561272217025262
-5.116279069767448
0.5392156862745244
2.3890784982935074
-2.857142857142864
0
0
-0.9803921568627417
0.940594059405947
7.797940166748406
-7.233848953594176
-3.5801863658656226
1.7802644964394783
-2.9985007496251943
4.585265327150956
0
-3.9408866995073923
5.6410256410256485
0
-6.456310679611659
0.10378827192527024
0
-1.5033696215655736
5.2105263157894655
-4.702351175587783
