-0.1332364341085299
0.42449969678593086
1.400966183574882
0.04764173415912068
0.13095238095238365
-0.4993460944001956
-2.628748954474848
0.6503865504970019
-0.30480370641307
0.9905833435245088
1.840639379995162
1.5457788347205708
-0.2810304449648685
0
2.372005636449029
-1.353521449873819
-2.4069767441860517
0
-0.08340283569640555
0
0.584307178631049
0.9958506224066364
3.991078765113276
0.6885653008240233
-3.0156950672645713
0.6935614379840481
3.524279646424054
0.9092925260589982
0.27472527472527475
0.8109589041095866
-2.913360147842152
-0.1343634531407508
0.4372687521022511
0.1562848850189876
-0.5349977708426291
1.4343343792021592
0.39770216526733415
0.9022887323943712
-1.0905125408942202
0.33076074972436603
-0.3956043956043981
1.5004413062665516
-0.9347826086956547
-0.15360983102918338
-0.9340659340659341
1.1314475873544143
-0.35099265109137273
0.1651073197578426
0.6043956043956044
0.3823047515019115
-1.3492927094668092
0.5956320317670392
-0.30701754385964414
1.4078310602727622
-3.698481561822128
0.0675751773848432
1.4743950478334298
0.7985803016858841
-2.2337147887323896
0.20258863252672532
0.056160844659103676
0.583744948361029
4.765625000000005
0.937466709278785
-2.1002638522427417
1.0564898663216855
-1.2908043524642654
0.07565114017076036
-4.082073434125265
0.21391578473316564
-1.4043365913942254
0.0455788514129418
2.539863325740314
0.8330556481172943
0.13218770654329648
0.5500550055005501
1.5645514223194699
0.37703328665302166
3.1015239321742962
0.9680441344852664
-0.49484536082473757
0.04144218814753183
2.868682684341335
1.359106010268801
-2.3937226857369795
0.7224992367965716
-0.808244089715094
-0.5194540639641383
-0.4300194532609855
-1.4910025706940875
1.9728601252609579
0.6551335858327338
-2.7255161191904764
0.9827496079456327
-2.557200538358001
0.7224819379515464
-3.3333333333333357
-1.7896115233522454
2.9444444444444446
1.0145709660010769
0.8013676674858425
-0.36039855840576396
1.7872340425531867
0.9406354515050168
-0.32097742803892204
0.031162355874099358
0.35306334371754694
0.3000827814569513
-1.5784586815227437
0.1467505241090123
2.030563114925683
0.12310217480509289
0.4713114754098384
0.9585967774831712
2.474747474747475
1.034992607195663
-0.05853658536584479
1.132370167903154
-0.11583011583012022
-1.4205643602628462
0.6567983531026304
0
3.3696922477600446
0.6218202374222639
-5.627340823970039
0.2083540033733528
-1.970297029702968
2.0098979901020075
-0.6138613861386184
0.2390914524805829
0.9242695289206871
-1.1029049729197484
3.2958279398586217
1.6194331983805623
-5.160311136406762
-0.4900980196039185
-1.8795858880289409
2.0282728948985818
3.7851405622490004
-0.26119763954726183
-1.7943743937924346
1.9160493827160583
0.11629033821104932
-0.261349336947035
-2.4456521739130475
0.2686032630322256
-2.1232265105665222
1.3583375570197644
-1.9501950195019502
1.3361893104855185
-0.13085052843482178
0.5744809514210776
-2.585429401743657
-0.48348935294723233
1.5608848459789149
0.356234096692112
-3.2758620689655125
0
-0.8702946419209466
0.010577533319232361
-0.877842411422523
1.152368758002556
-0.45358649789029054
-0.572215746529627
0.0959181498454749
2.214650766609876
-0.8437500000000023
0.021010610358235683
0.9662850540909497
-1.113076042858622
1.840942562592047
0.26856729676686525
3.3687029978366057
0.45844129958142543
0.9226190476190431
-0.3243880861102875
2.2583826429980367
-0.43398591956794286
0.33901588531576904
0.009653441451868814
-0.7239382239382239
0
0.7972775887214434
0.10610591299314256
0.3083445750626369
-0.2881844380403458
0.4816955684007707
-0.28763183125599234
-0.6826923076922989
0
-0.4259850905218405
0.9431210500729261
-0.5490271623964598
0.009685230024204267
-1.9368584156498052
0.3258937388899817
-2.4510286445516267
0.4036326942482341
-3.437185929648246
0.4579517069109171
0.404061334438456
1.3208131255804307
4.582951420714951
0.34083162917518744
-2.1059782608695694
0.7534450282541795
-1.9974417002853444
0.020080321285145128
0.7829753061634164
-0.5976095617529881
0.8917835671342662
-0.6852716257821012
1.0700000000000045
0.009894132779252898
-0.40561931143647695
0.13906824277341584
-1.8847336573752604
0.2931958345971062
-0.8669354838709701
0
2.562538133007936
-0.05948839976204865
-1.1011904761904785
0.912829772294114
-0.8846918489065584
0.732123157155747
1.1549183592194368
0.777559055118108
0.8594589315362895
0.13556696039506763
-1.701963059665401
0.05902606984751822
0.07865499950840178
0.019648295510368945
-0.7955996464001593
0.7821782178217799
1.8665880734846365
0.6847333397627455
-0.10536398467432079
0.0862978233771084
0.3448936577888615
0.24823372159632506
0.1714285714285671
0.960258604297408
-1.0735474150108382
0.047596382674916705
1.12274024738344
0.009409108016572867
-1.938093894063424
-1.0937350091144453
1.9594529052284233
-0.48520597469316995
0.6596558317399704
-0.2659321872922577
-2.295019521950282
-0.9649122807017522
-2.5588032673949415
-1.1311988688011358
-4.372254571457754
-1.6985364811451744
4.531623560095623
0.15594136604636658
-0.705833506331737
1.818942086556552
-1.5092402464065755
0.8964870217867219
-1.1984709164169876
1.0038690787409832
0.6315353556268789
0
0.8333333333333357
0.19385776961534304
-0.12219959266802907
0.3262642740619949
-2.9776422764227597
1.173143395831144
1.5322497152914452
-0.22432956051800199
-1.624936126724576
0.4570953667151441
0.0930713547052717
0.22729620828598465
-1.0720544273786183
0.6460352193393698
-2.4743762294233336
0.679405520169849
-1.5605229860818173
-2.099400171379608
-1.433260393873088
0.033300033300040874
-0.42166000887706034
-0.5905950523735185
0.5604752830400179
-0.5573514658343551
2.073758547248066
-0.9224687019547526
0.9753934825980884
-0.7574094401756287
2.0130516535781364
0.4011709855795344
1.7170626349891984
0.4352903705276593
-0.6553911205074043
-1.8088955096829114
1.3545730385782402
-0.6735806693039618
-2.088266953713668
0.02198768689533111
-1.1101340954055736
0.1889518728464968
1.3423563345906393
-0.12041598248495049
3.5510740903112645
0
-0.169348010160871
0.7209499575911741
-1.1894736842105216
0.03195909236177208
1.1608093716719892
0.6316454363617223
-1.6424312166544546
-0.2339927674962822
2.228144989339017
1.1471477734904578
-0.40210330961954605
0
-0.641821946169777
-0.8022504688476695
1.7435143367293375
0.36130897078558893
-2.3143386134540216
-0.5896598925976648
2.340853723122553
-0.9521838128751858
1.4106583072100314
0.2369912416280221
-0.16447368421051697
-1.760708401976938
4.664081333193585
0.911275786100543
0.46640865336905146
-0.4543658632951425
-0.2381424885890035
1.4521583449373408
-1.1862745098039238
0
0.6845917253695781
-0.46314544737878716
-0.18810018810018583
0.0793493354493111
0.1090188305252748
-0.198000198000198
1.4482690209304654
0.5866823115283074
-0.5832604257801108
0.3226752713405646
-0.7017543859649167
1.3741656851197488
-0.7842757552284962
0
-1.1027617839367685
0.43418196171304296
0.9235606209471499
-0.8956386292834935
0.2161100196463699
0.0098019996079111
-0.597863373517584
-0.01971997633603288
-1.4102564102564057
0.7102130639191666
-2.3440603893523946
0
1.0577705451586632
-1.9927536231884126
3.224481413021164
-0.5173099880620817
-0.9399999999999977
0.1413284877851784
1.0786290322580692
-0.05983843622220233
-1.1575691048797547
0.07067137809187739
-0.8878127522195387
1.180781758957657
-2.8269617706237447
-0.17600165648617164
-0.6845052893590564
0.5639097744360878
-2.357217030114231
0.20206317132830917
-0.3396306516663177
-0.5218317358892415
-1.5737073118509843
0.010876658690452767
0.2936378466557961
1.0518325742788908
-0.7189612619379688
0.09727626459143722
0.7234639887701039
0.1500857632933202
-1.7019910083493994
-0.23957312425132657
0.6986136884619558
0.4552845528455334
0.41005719218732645
0.010746910263301745
-0.5480335267569334
1.33981631550513
0.22390446742723347
-1.0531914893616998
0.8708740995591896
-0.7887444041782232
-0.053717232488182214
-1.107169730194556
0.34782608695652667
0.6607452339687943
0.3443452060690892
0.10723860589812333
-0.6213176218532356
1.099493370701728
-2.175071969293099
1.3514986376021774
-0.3548768684804769
0
-1.9317936542197256
0.17607571255638924
2.779303526310015
0.06412997007268306
0.36317026276436415
0.8727117922520149
-0.32707322219876656
0.010585371017244527
0.13759525825572272
-0.19025472994398776
-2.297998517420304
-0.06503360069369421
-0.31453362255965045
0.11968229790012215
1.5214083894805477
0.6101477199743023
-1.4788807319927628
2.375809935205184
3.0274261603375576
0.33787242756219454
-2.744897959183671
0
1.2590494176896443
-0.7045901979069596
1.492225816550148
-0.6169031462060456
1.7380509000620685
0.6609721374822046
-1.626426911809276
-0.9960977613472923
-0.6534591847318814
0.1879306744623166
0.6356815339724909
0.041420731075901135
0.6624573025566688
-1.2339331619537275
1.4367516918271686
0.020527558246951193
0.3078501795792714
0.46035805626598464
1.5071283095722967
0.3210272873194267
-0.5799999999999954
-0.2112251056125551
1.471625844168937
