-2.9870129870129896
0.870147255689432
-1.7695200176952002
1.7788786309389726
1.9247787610619445
-0.5860646841762511
-4.344978165938859
-0.2510842273453601
1.876430205949654
1.3926325247079938
2.3260965883916707
5.996969040917958
-4.616013071895429
-0.14989293361884126
2.8307956251340314
-0.8133472367048962
1.1774600504625663
0.9559434746467212
-1.04981473857555
6.0120657374662025
-6.220565149136586
0.9206947060054477
1.4928467758656414
0.28600612870275327
-2.8111631696883186
0.04191993292810493
5.195893567986593
1.9717187811192942
-3.125
1.3306451612903272
-0.9948269001193791
0.48231511254018833
3.0200000000000045
-2.853814793244039
1.6386890487610004
0.11797090051120053
-4.084838963079342
0.4914004914004984
0.20374898125509372
0.06100040666938011
0.12192643771590446
1.0757052973411836
1.1847389558232886
0
0.2778329033538468
0.4551751434791236
-0.9456264775413733
0.7159904534606137
-2.3696682464454977
0.5663430420711998
1.4883346741753891
-0.19817677368212444
-0.6552819698173176
0.3397961223266018
-2.3505976095617553
-0.1427988576091368
-1.593462717058225
0.3321569441561185
-0.14483757500517042
0.8910070451719756
-0.04107619634421619
0.7191288267926854
-1.8359853121175032
0.4987531172069896
-1.4474772539288667
-0.1049097775912715
-7.9185045158580225
0
-0.7983576642335767
0.3449068751437112
2.4518790100825036
1.028852605681048
0.8191277396502078
-0.8124725516029839
-2.1474429931370356
0.5882352941176522
-0.877192982456148
1.2026321760835061
-2.1748878923766792
0.8480403392161331
1.3181818181818208
0.7626738447734359
-0.9349955476402468
-0.6516853932584219
0.5428636055191082
1.1473565804274517
1.0453736654804244
0.13207131851198897
-2.22026819081116
-1.551258992805763
3.5396209180178126
0.6837229819144294
2.5410733844468836
0.8117923520615156
-0.741682559864378
0.5977796754910357
-2.0161290322580645
0
-2.1659085986571367
1.5054239539517404
2.3555070883315183
-1.9816748348604327
1.3260869565217441
0.1930916112422178
8.736616702355462
1.4572666404096168
2.018633540372666
-2.035768645357695
-1.9421246844047388
2.990691225985348
-0.42307692307693184
0.4248744689069227
-1.5576923076923122
0.7618675522562957
0.15509887553316562
5.01355013550135
-5.364055299539174
3.233346318659919
-4.283018867924526
0.532229450029566
-0.49019607843137253
-0.63054187192118
-1.9432877255601846
3.134479271991911
-4.82352941176471
-0.6592501030078263
1.5761094981335593
0.30624744793793385
2.3000203541624287
0.6963788300835654
-3.5368504248172363
-0.8807865628840662
1.2399256044637323
-0.428658909981622
-3.05453054530546
-1.8608585324592841
-4.093945270415858
0.9660750393169971
2.6034712950600905
-0.08674907829105055
-2.4093770349468127
1.3790035587188587
0.19745502413338684
0.19706590759799303
0.5244755244755195
0.1304347826087006
-0.9769865392965696
-1.5566761675071306
2.293986636971049
0.7402569126932239
1.080613788631943
0.1924310455420214
6.017925736235593
-1.3687600644122406
-1.0816326530612268
0.1856818650711851
-4.365733113673815
-0.021533161068037446
4.673702347620071
0.4526748971193392
-2.4784924211388706
1.8903591682419658
-1.8759018759018804
-0.3991596638655414
0.8858890529424148
0.08362952122098626
-1.7129726342176705
0.9776833156216839
-0.42096400757735214
-1.1625449165081378
-0.8554319931565441
1.6609145815358042
-1.3367281985996204
1.075268817204301
2.127659574468085
-1.4791666666666714
-0.40177627405370636
3.0573248407643265
-2.5133910177173444
-0.23245984784445603
-2.1817411565346347
1.385881333910779
-1.4096539940196424
0.9315424610051894
-0.04292766688130256
0.7086106935795601
-1.4498933901919
0.7139766334919972
0.5585392051557514
0.5554368724631416
1.9545357977480324
0.9585330277141119
-2.951496388028898
-1.956614206720542
3.0802603036876333
0.7365319865319866
-2.778358053060374
5.1998281048560475
-5.984477124183008
-0.2606995437757959
-9.62753212807668
0.26512412629549836
1.586538461538467
-0.18930430667297948
-0.6164058795637797
0
-1.240458015267173
-0.12077294685990338
-1.2817412333736424
-0.1469867711905845
-3.851815505397459
-0.025516713447299284
-1.9908116385911208
0.9114583333333334
3.070967741935478
0.9013520280420688
-2.1588089330024784
-0.7354805985290475
0.7920286152273948
0.3041825095057005
-0.25271670457417234
-1.1401064099315936
1.1532547411583804
0.2533569799847986
-1.061410159211521
0.6130268199233658
-2.1325209444021267
-0.05188067444876489
1.7129509473137725
0.4337841286042474
2.1341463414634085
0.22388059701491972
0.6949615289153664
-0.566921370470794
-0.024789291026268194
0.34713612695263507
-2.495675809241405
0.20273694880890888
-0.22761760242791534
-1.1153358681875734
0.051268905408866604
-0.05124263387137808
-2.640348628556783
0.6055818852027413
-1.6487830410887232
0
1.7030335284725857
0.13082155939298798
-0.6532532009406846
-0.36822724881640645
1.3199577613516367
-0.7295466388744167
0.13123359580052493
-0.15727391874181462
-5.1982147545287365
1.8277485461091014
-5.765569757954852
-0.9812409812409747
-4.9839696881375755
0.5828220858895635
6.221408966148227
1.00488084984209
0.19897669130187282
-0.25531914893616375
2.986348122866894
1.5741507870753904
-1.0059815116911333
0
2.5542433397418165
-0.9105516871987085
1.8108108108108076
-1.1945845500398196
-0.5104782375067107
-0.08101539292465876
-0.05405405405405098
-1.7847485127095788
1.9273127753303965
0.5672609400324211
-1.4504431909750293
0.2998092123194393
-2.418478260869559
0.25062656641603376
0.027777777777784094
-0.7220216606498258
4.251748251748249
-0.5366246310705661
-1.2139196115457243
0.6280720917531435
-1.818181818181815
1.7136539524599195
2.39130434782609
3.9808917197452227
-2.730985196528838
-2.387824717921811
-4.38172043010753
0.7590666291818917
-0.41852678571428575
1.036704959372386
-1.1369938990571333
-0.4488078541374538
-3.1276415891800413
-0.49447353112274245
0.5553931598947609
0.0872093023255847
-1.5393552134766224
1.4454277286135626
-3.547542890375106
-1.175761230027126
0.4575960951799878
0.030367446097772817
0.4857316332726238
-0.6646525679758274
-1.5510948905109558
-1.1430336731541517
-2.9062500000000036
0.4184100418410079
0.6089743589743517
-0.5097164702134329
6.404098623118796
0.9629852542882903
2.0864381520119224
-0.145985401459854
3.5964912280701786
0.9878633926051369
-2.179988820570154
1.0285714285714351
1.7816742081447834
1.3337038066129512
-3.619413216342196
-0.938833570412521
-1.8667432510051696
-1.6681299385425779
1.1904761904761905
0.8823529411764706
0
-2.011661807580168
2.409997024695021
1.0459035444509073
2.6451983898792375
1.0924369747899096
0.526461623718491
-0.7993384785005606
-2.639622117254793
-0.9703196347031899
0.23054755043227992
-0.6900517538815509
1.8529241459177865
-1.108584422967605
-3.3630353549870624
1.1005353955978552
-1.5004413062665392
0.9259259259259157
-0.14797277300976622
1.155898043864859
-1.4356870788163005
-0.23781212841853586
0.4469606674612634
-5.013349154553555
5.527795128044969
3.9656703166617446
-2.6473099914602933
0.08771929824561736
-0.17528483786153162
-0.380450687737785
1.145710928319634
-0.7551553877432537
-1.9900497512437845
-0.38817557479843373
-2.5179856115108015
1.476014760147605
-4.27272727272728
-1.1712567268122789
1.7616912235746318
-1.605288007554286
1.9833653230966053
0.43914680050187493
-3.404122423485315
1.1315874555447785
-0.25575447570332843
1.0897435897435825
1.8706404565631054
0.21786492374727315
-2.8571428571428537
9.271099744245523
-9.303686366296082
1.677419354838706
-5.964467005076146
1.8893387314440024
-5.7615894039735025
1.651440618411802
4.562737642585547
1.1900826446281068
-3.3975824893825655
2.8745350016909033
-1.9066403681788335
-1.6756032171581772
5.828220858895714
0.41867954911433536
2.245028864656831
0.3764115432873239
-0.21874999999999645
-0.4071406201064865
0.06289308176100271
1.3827781269641843
5.238685678859261
1.914580265095729
-3.61271676300578
0.08995502248875903
-2.3067705212702183
4.753143207605029
-4.947306791569097
0.24638127502310175
0.09216589861751501
0.42971147943522936
1.1308068459657667
0.6044122091266244
-0.7810153199158805
0.5146836209506475
-1.7469879518072324
2.084610668301659
0.6606606606606572
3.221957040572796
-3.4393063583814962
1.4067644417838936
-2.243211334120432
0.8454106280193271
-1.1976047904191616
1.181818181818175
0.1497454327643007
0.11961722488039299
0.9557945041815975
0.2958579881656805
2.094395280235995
-0.5778676683039583
0.6102877070618906
-0.28885037550548814
-0.057937427578212235
-0.0289855072463834
0.318933024064953
0.7803468208092452
-0.14338973329509608
2.15393452039058
-2.052291256676978
0.8610792192881745
-1.6220830961866788
3.3844373734451807
-1.371012870733066
0.368794326241138
-2.4307518371961625
0.20278099652375106
0.37583116507661507
0.7776497695852502
2.3435267219205618
0.13962580284836637
2.59341885108755
0
0.19026909486274682
0.868149755832878
-0.0268961807423407
-0.24213075060532077
2.157497303128371
-0.36958817317846726
1.404345521992584
-0.7839038411288215
-0.9217803529101923
1.010101010101013
-1.4999999999999971
-0.42746460058776986
-1.1537429568017203
0.922909880564613
-2.232383001613774
0.9903713892709829
-0.21792427131572087
0.027300027300017987
7.205240174672499
