4.806037336157828
1.0611419909044943
-2.25
0.8056265984654674
-1.0402131168336841
-0.5640302525317238
0.2449400541446406
0.038580246913574395
1.4140635043064662
-0.06337938902268982
-2.6889903602232286
1.9551616266944734
-1.5597034006647974
-0.01298701298701594
-0.7143784907130797
-0.03924646781789044
0.37953147493783235
0.7170795306388527
-0.8543689320388379
-0.509204857030941
1.0498687664041995
1.3766233766233795
-1.2426338713809948
1.5436502788947954
0.9964230965764012
2.4538325322539816
-2.691358024691352
0.39330119259070145
-0.7961582206495583
-0.8662420382165548
-1.1822153687998003
0.6501950585175552
-4.366925064599477
-1.1618481491488817
1.626571897211588
0.1613987895090848
-1.074258090506244
-0.013574046423241852
0.5023079011675172
-0.4457652303120295
4.952510176390773
1.8616677440206824
1.5484198502348072
0.7249093863267034
-1.8984985730239428
1.0371869466228094
1.589884827240867
0.9735058533579762
0.8420795704173758
1.4401549074186242
0.7516105941302738
1.7761989342806395
-0.5468295520651595
0.8306036499766054
-3.109409444251068
-0.22751766255537986
-0.27604416706673884
0.49344084727404297
1.5928143712574796
0.7662383590710834
1.2751520823584572
-0.17327018597666627
5.1724137931034395
1.2212564638574126
0.4021739130434832
0.2489985926166455
-2.008639308855294
0.5951068988318247
0.46012269938650807
1.0796074154852755
3.862336821663617
1.204944427132015
-0.6363543056553354
-0.12395413696932604
-2.6683214396524932
2.0082881734140874
0.052083333333333336
-1.0098906819364961
5.753050063104759
-2.138239681750373
4.2581300813008225
1.0722292621113167
0.44363005111388837
0
4.99279884781565
1.0516689529035208
3.8733031674208105
-1.411395713538948
0.326970661010962
-1.083414075574734
-3.410507569011572
-1.1892689222826671
2.2112334390744586
-79.68051118210863
3.3243486073674777
4.260869565217396
0.7089241034195115
1.0351966873706004
3.8934426229508197
2.0512820512820467
-1.5075376884422023
0.039246467817894155
-4.51157316594743
2.6294165981922784
-7.405924739791833
-2.291396454820584
4.1150442477876155
0.6374840628984275
-4.09628378378379
-0.968736239542047
5.824811027123164
1.5966386554621896
-2.729528535980158
0.5102040816326603
-4.314720812182748
1.149425287356332
-0.5244755244755319
0.8347978910369094
2.004357298474943
-2.99017513882956
3.566710700132098
0.8503401360544218
-2.150084317032038
0
-1.8957345971564006
0.6148440931049652
-0.7420340462680003
0.30782761653473556
2.148180622533979
-0.557939914163095
-0.3452740612861385
-0.3897791251624104
-1.3478260869565193
0.2644336712207996
-1.6263736263736215
0
-4.959785522788214
-0.6111894687353
-1.4664143803216623
-3.6965914546327494
0.4985044865403789
4.9603174603174605
-3.166351606805288
-0.7320644216691069
5.752212389380525
4.6025104602510485
-7.0222222222222275
2.7724665391969463
2.1395348837209274
4.553734061930784
-4.311846689895473
-0.4551661356395084
-1.4174668495656124
-1.4378478664192924
1.6470588235294117
0
-1.6203703703703705
-0.9411764705882353
0.3325415676959566
0.09469696969697777
9.886471144749292
3.1424881618596565
0.751252086811357
0.2071251035625518
9.756097560975608
0.8286252354048922
-2.502801643630926
-0.11494252873563654
-0.6520905255082426
-1.5444015444015444
-1.098039215686279
0.2775574940523462
-2.4120205614867514
2.7147487844408382
0.4733727810650843
-0.039261876717704876
-1.767478397486253
1.4794082367053247
8.392434988179673
4.034896401308602
1.642208245981827
1.8219319353729844
7.6299797434166186
0.9096612296110342
-2.828722412185255
-0.47984644913627633
-2.635808421729362
-1.1885110597556838
1.3364517206815902
0.6594131223211341
-0.8843760235833569
0.2313284864507563
-4.945598417408506
2.8095733610821942
0.5735492577597995
-0.7044615900704537
5.743243243243243
1.533546325878598
3.3354310887350427
1.705237515225342
2.275449101796414
1.2880562060889862
0.34682080924855163
0.11520737327189923
-3.8550057537399405
-0.02992220227407717
5.028434600419022
0.7124536905101169
-0.4810413129598157
1.3363662212112564
-1.8237934904601572
1.2575021434695726
0
1.6370307648885156
-3.4434879200222253
0.34512510785159295
-0.37259959873888066
-0.46029919447641615
-3.8439306358381535
0.6612563871355541
-1.1645267243953352
0.5135951661631386
-2.8253681995791937
0.30931023816888337
1.1409189022509987
0.8536585365853693
4.1112454655380795
2.758420441347271
-1.5823679005368654
2.095894343956363
-1.6591676040495034
-0.48613096940234163
-1.7816091954022957
2.399063779988294
-2.8857142857142923
0.5589879376287245
-1.8431831480397927
2.0864381520119224
-3.270072992700727
1.1469966797464568
3.4616532378394407
0.7787712719930744
-1.0303377218088055
0.665124349334879
-0.20109164033325064
0.14392630972941856
-0.40241448692152265
-0.17316017316017973
1.9658860942468956
2.013042245534455
-0.3891050583657682
-0.22321428571427304
-2.3489932885906133
0.5441008018327704
-2.221589290800345
0.6699679580541833
-6.886574074074076
-1.1808576755748947
-8.836477987421391
-0.7243877199034032
10.771369006254343
1.348808030112927
1.3618074899411876
2.1068702290076264
-1.2559808612440158
0.3331314354936471
3.8333836402052484
0.901162790697681
-4.177470469605301
1.6235718580877863
4.437869822485207
1.13314447592068
2.4649859943977623
1.1481683980317081
-0.6486486486486425
0.6256800870511301
-6.163828061638268
-78.0178622875252
0
9.96068152031456
0
-1.1918951132300357
3.2569360675512526
1.2850467289719727
0.34602076124567144
0.9195402298850542
-2.0501138952163975
2.3255813953488373
-4.659090909090903
0.8343265792610114
-3.1914893617021143
-4.761904761904768
-0.12820512820512092
-0.3851091142490518
5.154639175257732
-1.1029411764705779
0.7434944237918145
0.7380073800738113
-1.4652014652014687
-0.24783147459727736
-2.360248447204976
0.5089058524173101
-4.050632911392409
-0.6596306068601583
-4.249667994687919
0.4160887656033445
1.3812154696132595
-1.7711171662125493
0.13869625520112142
2.3545706371191173
2.571041948579149
0
-3.693931398416883
1.232876712328775
-4.330175913396485
1.1315417256011275
-2.5174825174825135
2.2955523672883706
-3.506311360448808
-0.5813953488371969
0.7309941520467835
0.14513788098692934
-2.7536231884058053
2.5335320417287677
2.32558139534885
0.14204545454544645
2.6950354609929157
0.6906077348066297
0
-0.4115226337448715
-2.066115702479339
1.6877637130801728
-2.2130013831258566
-0.2828854314002869
-1.5602836879432544
-0.7204610951008645
-1.741654571843255
0.2954209748892213
-2.945508100147275
0.3034901365705442
4.538577912254161
-1.3024602026049081
-1.612903225806464
0.8941877794336939
-2.2156573116691285
0.6042296072507424
-3.903903903903896
-1.7187500000000022
-1.4308426073131932
0.6451612903225784
1.7628205128205152
0.31496062992126433
4.615384615384611
0.1500600240095953
-1.3185495954450037
1.4880048587913817
-3.4709754637941463
0.12399256044637058
-1.7647058823529311
0.2836432398361168
1.665619107479576
2.62751159196291
-2.379518072289175
-0.7405121875964051
-0.21759403170655978
-0.21806853582554606
-4.15235716515767
0.0977198697068441
-2.3755287992190057
1.6333333333333282
-0.09839291571006095
-1.6086671043992187
1.2012012012011994
0.46158918562479584
-2.100426649163113
1.005698960777743
-1.3939595087952146
1.0770784247728047
-1.73160173160173
0.2033209081667188
-0.16909029421711433
-0.1693766937669401
-1.2894468951476044
0.6187693365417659
-5.022207037922784
3.165467625899277
0.38354253835425184
1.3546370267453998
-6.065798492117887
-1.459321415541768
-1.8141429100333282
2.9411764705882395
1.9780219780219748
4.992816091954025
0
4.994868286007529
0
4.9853372434017516
0
3.0105524518932305
-5.815004519433553
-0.031989763275756755
3.2319999999999935
1.3639181649101204
-1.896024464831818
0.4364089775561115
-1.3035381750465493
0.37735849056604087
-1.1591478696741886
1.1727416798732202
-2.537593984962413
-0.67502410800386
-3.5275080906148863
0.7044615900704491
1.8654230512991297
0.0654022236756152
-1.6339869281045751
0.06644518272425107
3.55245683930943
0.2885540237255526
-2.5575447570332503
0.06561679790026106
1.0819672131147484
1.200129743756085
1.5064102564102642
0.15787811809282334
-0.6935687263556081
9.936507936507944
-9.356049667917995
-1.5610066900286779
1.1974110032362493
0.3837543971858043
-1.1150047785919128
0.4510309278350534
0.06414368184733667
0.06410256410256274
-0.4163997437540007
0.32164683177871156
-0.737415838409748
-0.12919896640826598
0.29107373868046527
0.4192196065785198
0.48169556840076616
-0.06391818472355248
10.041573393028452
3.719848881139207
1.9052956010086852
0.46741820181468713
-2.216748768472913
1.8191995521970494
-2.913688840021996
1.3023782559456423
-0.9223029625489052
0.6770098730606343
0.6724572709442477
-0.6123016977456133
-2.1562587510501348
-1.2020606754436023
1.3904982618771635
-0.6285714285714253
0.9200690051753889
0.19943019943020024
0.5117998294000561
1.6973125884017013
7.12100139082057
2.2331861854063866
-1.0922021844043681
0.8988186954288686
0.9162636803257812
2.8751576292559915
-1.8141701397401373
0.8739076154806528
0.44554455445544483
0.788565795958601
0.46454767726162555
