-0.10204081632652481
-3.779366700715018
1.910828025477704
3.9583333333333304
-5.3106212424849675
-0.31746031746031445
3.3970276008492597
-1.9507186858316279
-1.675392670157062
0
1.38445154419595
4.831932773109237
-2.805611222444887
-2.7835051546391782
7.953340402969247
2.0628683693516785
2.694898941289699
4.967197750702903
-7.142857142857143
-3.5576923076923106
-0.2991026919242245
-0.9000000000000057
1.513622603430878
1.1928429423459272
-0.4911591355599214
3.9486673247778876
-5.4131054131054155
-1.4056224899598309
4.0733197556008145
-0.782778864970643
2.1696252465483123
0
-0.9652509652509653
-0.5847953216374214
0.49019607843137253
-3.4146341463414633
1.41414141414142
-1.6932270916334689
0
0
2.1276595744680793
4.563492063492072
-4.079696394686918
4.846686449060342
-6.415094339622639
-4.233870967741939
3.2631578947368363
-2.956167176350654
4.936974789915969
4.0040040040040035
-5.967276227141484
-0.7164790174002076
0.4123711340206244
-1.334702258726911
1.2486992715920946
2.055498458376156
-3.2225579053373643
3.017689906347561
0.4040404040404098
-2.716297786720325
1.5511892450879006
-2.0366598778004072
1.5592515592515592
2.354145342886384
-2.0999999999999943
-1.9407558733401487
2.0833333333333335
1.7346938775510232
-2.8084252758274797
4.540763673890599
-2.9615004935834155
3.0518819938962363
-0.7897334649555747
-1.9900497512437811
4.670050761421314
2.812803103782741
-3.4905660377358516
5.376344086021506
4.35992578849722
9.955555555555557
0
9.86257073565077
0.07358351729212238
4.632352941176479
-8.151791988756164
3.9785768936495924
-8.020603384841799
1.0399999999999978
-5.938242280285036
0.9259259259259331
-0.5004170141784892
3.4367141659681546
1.4586709886547788
4.552715654952078
-5.958747135217732
3.9805036555645863
-2.34375
-4.960000000000002
3.2828282828282878
-2.444987775061125
4.177109440267335
2.0048115477145148
-3.8522012578616396
4.006541291905156
0.5503144654088072
-2.1110242376856942
0.7987220447284344
1.2678288431061762
1.9561815336463335
4.2977743668457355
0.6622516556291432
4.897660818713441
0.06968641114982183
-2.506963788300832
0.14285714285713474
0
-3.8516405135520526
-1.1869436201780583
-0.6006006006005878
-3.0966767371601165
1.7926734216679523
1.0719754977029141
-2.1969696969697012
3.1758326878388803
-4.429429429429423
3.456402199528666
-3.4927866362946047
1.1801730920535012
-0.5443234836702867
1.4855355746677135
-0.6933744221879858
-1.3964313421256875
1.5735641227380017
0.6971340046475645
-1.9999999999999956
-3.375196232339098
3.086921202274583
-3.703703703703706
2.6186579378068764
-1.9138755980861288
-1.4634146341463392
-0.6600660066006577
1.328903654485045
-0.16393442622951052
0.08210180623974428
-3.1993437243642373
2.8813559322033946
-1.1532125205930854
1.25
-0.823045267489712
5.809128630705394
4.862745098039206
-3.2909498878085097
-4.949729311678271
6.753458096013005
0.6097560975609844
-4.848484848484853
3.343949044586001
-5.0077041602465435
-0.7299270072992632
2.4509803921568625
-3.189792663476874
0.8237232289950577
0
1.2254901960784312
-1.372074253430188
0.2454991816693921
2.0408163265306123
-1.2799999999999954
-0.9724473257698564
-0.6546644844517161
0.08237232289950108
-3.0452674897119363
1.697792869269949
0.8347245409015025
-2.06953642384106
2.4513947590870715
-4.125412541254125
3.5283993115318366
-1.7456359102244343
2.4534686971235122
-4.872006606110645
2.9513888888888813
-1.8549747048903784
1.546391752577317
0
0.3384094754653058
2.2765598650927514
-2.5556471558120317
1.3536379018612472
1.0016694490818054
-2.314049586776857
1.861252115059224
-3.3222591362126246
3.092783505154634
-1.4999999999999976
2.5380710659898478
1.3201320132013155
-1.1400651465797977
-1.1532125205930854
5.916666666666662
0.2360346184107092
7.142857142857138
2.417582417582426
-4.5779685264663845
-1.9490254872563675
4.051987767584085
2.057310800881713
-3.8876889848812133
2.022471910112351
-0.5873715124816322
-1.4032496307237856
1.1985018726591719
-0.22205773501109027
-2.522255192878342
-0.22831050228311367
10.221205186880248
-2.837370242214529
4.914529914529918
0.3394433129667345
1.556156968876849
5.862758161225857
-5.223410950283204
-0.531208499335978
-1.6688918558077435
2.0366598778004072
-2.661343978709248
3.622693096377295
-4.419525065963053
4.830917874396135
-2.7649769585253567
2.2342586323629057
2.251655629139077
-1.5544041450777237
1.3815789473684172
0.06489292667098917
0.06485084306097454
2.203499675955915
-4.502219403931512
-1.9920318725099602
2.710027100271003
0.2638522427440671
2.960526315789474
0.8306709265175791
12.294043092522164
1.5801354401805934
-9.33333333333334
1.654411764705893
-5.304400241109109
0
0.1909611712285241
1.5883100381194408
1.1257035647279443
3.834260977118131
-3.871351995235259
2.726146220570016
-6.151990349819069
0.3856041131105362
-8.834827144686288
-1.9662921348314686
7.808022922636106
-1.6611295681063123
0.608108108108112
2.0147750167897915
-2.1724818959842076
-0.40376850605652376
-0.40540540540540154
4.341926729986435
-0.3250975292587776
2.804957599478136
7.2969543147208125
3.962152572442352
-1.5358361774744123
1.6175621028307403
-1.364411597498582
-2.3631123919308323
-4.014167650531293
0.24600246002460374
6.8098159509202425
3.04422745548536
-5.518394648829434
4.837758112094389
-3.2639279684862035
-1.7452006980802792
1.4801657785671996
2.6254375729288215
-3.013075611142701
0
-0.05861664712778096
2.0527859237536656
-2.3563218390804566
1.8834608593290103
-1.3287117273252358
-1.990632318501174
0.8363201911589042
-1.1255924170616147
-0.41941282204914143
1.9855595667870105
-0.9439528023598787
0.5360333531864239
3.199052132701408
2.181400688863382
-4.101123595505625
-3.222026947861746
1.8159806295399517
3.21046373365042
-2.4769585253456126
0.8860011813349083
0.7611241217798494
1.1040092969203985
-1.091954022988509
2.266124346310288
-3.579545454545461
2.2392457277548683
-3.6311239193083638
-0.7177033492822898
0
-0.7831325301204888
-1.3964784456587633
0.8620689655172449
-1.5262515262515262
3.781773093614379
-4.420549581839908
3.625000000000007
-2.2316043425814334
2.035780382479958
-0.7859733978234651
1.1578305911029896
0.5421686746987986
-10.665068903535058
6.036217303822938
2.150537634408606
0.9287925696594427
0.6134969325153374
-1.0365853658536517
0.43130006161428747
-3.558282208588964
0.12722646310433655
-0.1270648030495661
0
-0.12722646310431848
-1.5286624203821693
-1.3583441138421697
3.9344262295081966
-2.3974763406940136
3.943115707821605
-0.6840796019900638
-2.316844082654971
-0.769230769230762
0.19379844961239207
-0.06447453255963528
-4.387096774193556
9.541160593792183
-1.995811260317857
0.5656819610308018
0.1249999999999929
-0.7116104868913773
1.8483591097698966
0.5432098765432071
2.9592337917485225
-0.4889683959451361
2.289069990412268
-3.7727006444053885
-1.2541093388530393
-0.8754623921085004
1.8783430774972074
-1.8192918192918304
-0.3855241885337673
-1.9725343320848918
-0.534895568008153
0.8578745198463531
1.4345563031611144
0.32540675844804867
0
-0.19960079840318937
1.125000000000007
-1.1124845488257178
2.312499999999993
-3.3353695784972386
0.9858442871587476
1.1013767209011207
-0.9655855409754904
2.7500000000000036
-1.8856447688564442
1.6738995660260312
0
2.4756097560975623
1.142449125312381
-1.1648429226967818
0
3.0595238095238013
1.6518424396442266
-2.2613636363636305
-1.058016509708186
0.470035252643955
-0.5847953216374269
1.7764705882353002
0
0.84383308288058
0.8711600183402168
-1.1363636363636365
2.4942528735632203
-1.345744084333299
0.1477776514720876
-1.0783200908058896
-1.9965576592082719
3.0324317995550913
-1.0227272727272791
-0.11481056257175008
-1.9999999999999942
1.4543748533896257
0
0.5202312138728357
0.05750431282345849
-3.149425287356316
4.319962022311892
-2.9124004550625737
1.8279821888914956
-2.6121979286536363
3.4857615502776826
-4.087691253710891
-1.7857142857142858
3.6969696969696937
-1.1104617182933991
-0.7092198581560217
1.000000000000004
-2.604903347477614
-1.9121384485053834
4.873534855027764
1.0588235294117714
-2.8637951105937227
0.0719079578140008
1.7125748502994094
-2.0958436359354775
0.8899579073962656
2.5032781022767843
-2.4305151761832646
1.0607866507747323
0.24767071588629996
0
-1.5058823529411778
0.21500238891544055
0.035756853396902426
-3.157393065649953
1.6240157480314876
-1.8159806295399517
2.330456226880395
2.301482106277878
-1.7078916372202624
0.539245056920315
-0.6078665077473243
-1.5469480753087974
1.084043848964678
1.0965176527292575
-2.0619785458879663
-1.9715224534501699
1.4028553693358283
-0.7100881488736686
-0.7398273736128167
0.4844720496894417
-0.16071207813078928
0
1.0029717682020654
0.46585754566631077
0.23184868822452437
1.04699293888483
-1.2048192771084338
0.7926829268292752
4.658197217180876
