-0.1219512195121882
0.12210012210011516
-5.060975609756104
0.1926782273603156
1.0897435897435825
0.5072923272035583
-0.189274447949534
2.212389380530974
-1.2987012987012954
0.5012531328320874
2.493765586034913
1.5815085158150817
1.137724550898207
3.0195381882770835
-2.2988505747126435
-0.5294117647058857
0.8279124778237763
-1.4076246334310885
-1.427721594289117
-0.7845503922751859
-0.18248175182482443
-0.9140767824497258
-1.1685116851168547
0.6845052893590683
-0.6798516687268372
-0.5600497822028484
2.440550688360436
2.687843616371415
-2.082093991671624
0.6075334143377886
-1.5096618357487923
0.6744328632740615
2.009744214372723
-1.0149253731343215
-0.30156815440289503
1.391409558378695
0.9546539379474906
1.0638297872340494
0.05847953216373936
-0.4091174751607181
14.495305164319243
0.5125576627370579
0.05099439061702923
-0.25484199796126406
0.051098620337262514
1.1746680286006042
-4.644119131751635
1.3234515616728428
-0.992685475444099
1.266490765171507
3.9603960396039573
-0.10025062656641034
-2.609131961866541
-0.05151983513652464
-2.422680412371128
-0.8452192287374657
-0.3196590303676049
1.4965259219668687
-0.5792522380200075
0.37076271186440074
0.9498680738786339
-0.7841087297438578
0.7903055848261328
3.397804495556717
-3.892821031344801
0.7890583903208838
2.818371607515661
-2.030456852791878
-0.10362694300517546
-0.8817427385892204
0.8895866038723271
-1.4522821576763543
3.210526315789471
-0.9688934217236134
0.4634397528321348
1.486417221937471
1.4646464646464674
2.040816326530609
2.536585365853653
1.5223596574690852
-4.0768509840674865
-0.34196384953590064
0
-0.7843137254901933
1.976284584980237
-0.19379844961240586
-0.9223300970873815
-0.0489955903968615
0.8823529411764761
-0.7774538386783395
-0.5876591576885352
1.0344827586206868
-1.1701608971233572
0.1973359644795292
1.4771048744460857
1.21300339640951
3.451581975071916
-2.548656163113994
4.327151688064666
1.1850501367365516
-1.621621621621619
0.5494505494505443
-1.0928961748633905
1.1510128913443831
-2.230314064633581
-0.5121042830540142
0.1403837154890086
0.4672897196261682
-1.2093023255813926
-0.5649717514124374
-0.8522727272727193
1.719197707736387
0.4694835680751174
-0.09345794392522833
6.875584658559395
1.794310722100654
1.4617368873602776
0.9322033898305037
-4.617968094038623
-1.9366197183098492
6.193895870736077
0.9298393913778601
-1.8006700167504235
-0.17057569296375508
-2.263989747970945
0.8304195804195704
-1.1270047680970934
0.9644892590968949
-0.9118541033434748
0.7887817703768675
-0.8260869565217416
-0.08768084173607568
0.8775778850372971
1.0004349717268304
-2.670111972437549
-0.48672566371681164
-6.313917296576264
1.044138585666833
0
-1.033348990136222
-0.23730422401518747
1.6175071360608972
-2.5280898876404523
1.2007684918347743
2.7052681537731456
0.600739371534188
-0.9186954524575104
2.920723226703761
-1.8468468468468442
0.45892611289582375
0.09136592051164395
-0.6389776357827502
1.5617822691777703
-0.40705563093623054
-1.998183469573105
0.7414272474513411
-1.5639374425023025
0
-1.3084112149532763
0.7575757575757683
-1.268796992481211
1.9514516896715823
-3.0345471521942113
0.2888781896966889
1.2962073931829037
-0.8530805687203845
0.09560229445507508
-0.5730659025788047
0.09606147934679013
-0.09596928982726347
0.4322766570605215
0
-0.33476805356288314
1.4875239923224541
2.6477541371158364
0.8291110087517326
-1.6445865692096822
0.8360427310729135
-1.1515430677107323
0.0931966449207908
1.6759776536312823
1.0989010989011014
4.710144927536222
0.43252595155709345
-3.574504737295428
0.491290754801248
6.3555555555555605
0.25073129962390067
6.044185077115465
4.559748427672954
-3.609022556390986
1.1310452418096857
-1.9282684149633629
1.376327172630751
-3.3359193173002413
0.28089887640450123
2.2809123649459737
1.40845070422535
-5.7098765432098695
1.4729950900163642
-1.3306451612903272
1.5937883122190462
-5.631536604987932
-0.2557544757033224
1.8803418803418828
0.3775167785234923
-3.4684496447973303
1.3852813852813803
-2.9035012809564402
-0.5277044854881341
-1.9009725906277557
0.13519603424965432
1.8451845184518556
2.3420238621299085
-1.5544041450777177
0.6578947368421053
-2.657952069716773
1.2533572068039314
1.3704686118479323
1.9188835586567714
-1.155327342747107
1.2987012987012987
-2.393162393162391
0.2626970227670728
-0.917030567685587
1.2780960775672128
-1.8711923411662363
0.7095343680709509
0.308234258036115
2.107111501316937
1.3757523645743839
-0.08481764206955769
1.7402376910016955
0.7092198581560355
2.734051367025681
0.5645161290322603
0.44105854049719095
0.07984031936127291
-3.6697247706421976
-0.12422360248447675
-0.3316749585406231
1.0399334442595674
-2.058460271716756
1.471206389239176
-1.4084507042253545
0.08403361344537337
-1.7212426532325753
-0.29901751388295117
-0.8140531276778088
0.4319654427645788
-0.3010752688171994
-0.12942191544435347
0.9935205183585363
0.1283147989734743
-7.432721059376337
1.1998154130133931
-5.335157318741458
0.04816955684007433
-5.584978334135771
-0.25497195308516063
5.777096114519433
1.3049782503624885
-1.3835877862595447
-0.387034349298492
4.031083050024275
0.09337068160598369
-0.9794776119402958
1.130475741874695
2.608290638099685
0.6808896958692692
-0.8566275924256112
0.8640291041382472
2.8854824165915134
0.5696757230499612
-1.437908496732031
0.7073386383731313
-2.414398595258999
1.079622132253701
1.0235870048954212
0.44052863436123346
-0.9210526315789449
-0.08853474988933911
-1.329198050509526
0.17961383026493297
-0.44822949350067237
-0.225123818099955
2.256317689530686
-0.7060900264783735
-0.7555555555555505
1.253918495297798
-3.007518796992474
1.231190150478791
-1.3513513513513513
0.18264840182648662
-0.5013673655423857
-0.13742556115437993
0.41284403669725034
0
-0.7766103243490255
-0.5064456721915259
-1.1568718186024989
0.5149812734082371
-2.1425244527247296
0.2855782960494975
-0.1423825344091044
0.4752851711026616
-2.3651844843897822
0.5329457364341058
-0.7710843373493949
0.09713453132588083
0.970402717127608
1.2493993272465134
-0.8542952064546668
0
0.4786979415988511
-0.04764173415912068
-3.622497616777894
2.769535113748775
-2.7911453320500534
0.04950495049504669
-0.6927263730826352
0.29895366218237307
-0.5961251862891291
-0.24987506246876562
3.006012024048096
-0.2918287937743163
1.4146341463414662
4.7619047619047645
-8.218549127640038
0
0.3001500750375159
-2.6932668329177085
-3.024090210148645
0.3171247357293989
-0.5795574288725093
-0.2649708532061473
2.816153028692886
0
-0.7751937984496124
0.5208333333333334
-3.1088082901554404
1.3368983957219251
-2.955145118733506
-0.2175095160413299
0.2724795640326976
-3.8043478260869565
6.271186440677964
0.6911217437533288
-9.134107708553332
1.0459035444509073
0.34502587694076725
0.17191977077364548
4.965675057208225
5.62459123610204
-8.317853457172344
1.6996848266546498
-2.8998339789706593
1.846574717884407
-2.742025741466132
-1.380897583429232
1.03850641773629
0.9238942141124808
-0.6408055841629503
-0.8407232523321478
2.2531939605110476
-1.4084507042253624
-1.8894009216589869
-0.07045561296383546
-1.1398354876615733
2.698205158683003
-0.6134259259259272
-1.4789798532665777
-2.222222222222217
1.486943907156678
0.9767718880285803
-0.9083402146985915
-2.869047619047615
1.4217428606446827
-0.9909365558912304
1.9772976931526793
-1.2567324955116663
-0.12121212121211432
-0.6796116504854396
0.012218963831855945
-2.2113622480146464
-1.1244377811094524
-5.003790750568605
-0.5719606278265587
-2.6086956521739166
0.9615384615384654
-1.9319727891156486
3.1492785793562654
1.7753866845998756
0.17179859918064683
8.153034300791566
0.25616003903390305
3.7230806667477823
0.5865102639296188
-0.8513119533527743
-1.2467654669489558
1.8103858980467011
-0.47964436125410714
0.3879158340190579
-0.5035128805620689
2.1772390255384186
0.20732550103663538
-0.011494252873569099
-0.79319462007127
0.4403244495944492
1.4651592062759529
-4.786810687890856
2.1017434917602165
-1.1695906432748537
-0.11834319526626547
0.9360189573459621
0
-0.11738466956214852
-0.8696674109766237
1.0195613515115585
-0.07041427062549943
1.3857897827363388
-0.9614270821267211
-0.035087719298246944
1.2636012636012617
-0.34662045060658253
0.8695652173913043
5.425287356321838
0.19624945486263282
0.5767138193688804
-0.30293194850156996
1.6928920238741052
1.5366556397396351
0.25223331581712544
1.216060383688014
0.2071465561885063
0.620155038759684
-2.3215202876219734
1.5353875276054199
-0.5696530295183814
0.8333333333333304
-2.7892561983471102
2.412327311370893
-1.172564075957258
-1.2494750104997876
8.995215311004793
0.9169837089064459
-1.6143064282261979
1.002161524857532
3.939688715953305
1.6378100140383716
-2.2836095764272466
0.8292499057670518
1.66355140186916
0.7538150395293189
-2.344890510948899
-0.4484723909184378
1.6330361332707735
1.5790931757318254
-0.04545454545454287
-1.3187812642110075
-0.5529953917050638
1.4828544949026823
-2.5753424657534185
-0.16872890888639558
0.4694835680751174
0.7476635514018665
-2.4860853432281935
0.02853881278538921
-1.02710413694723
-1.5085999807821593
-6.400000000000002
0.7400458619970898
4.893947232281417
0.46360228841980555
0.16691212567501396
