0
-4.995539696699371
0
-4.976525821596242
0
-4.940711462450593
0
-4.989604989604986
0
-4.9234135667396055
0
-4.948216340621417
0.4842615012106607
4.819277108433735
-1.1494252873563218
2.3255813953488373
0.5681818181818182
3.615819209039551
-8.287895310796085
4.637336504161719
-4.772727272727276
-4.8926014319809
0
-4.893350062735264
1.4511873350923596
-0.910273081924581
5.905511811023622
4.8327137546468295
-1.5366430260047248
3.2412965186074465
-2.3255813953488373
0.47619047619048294
-5.331753554502369
-1.1264080100125227
-3.7974683544303796
-4.9999999999999964
0
-4.9861495844875465
10.495626822157439
4.881266490765175
-0.7547169811320683
4.942965779467669
-0.6038647342995169
4.860267314702309
-6.836616454229422
4.850746268656706
0.11862396204034227
4.976303317535531
-3.1602708803611708
1.9813519813519846
-1.9428571428571462
0
3.4965034965034967
-0.9009009009008977
5.340909090909094
0.5393743257820928
0.6437768240343287
1.9189765458422146
-6.380753138075308
-1.899441340782126
3.8724373576309863
-4.495614035087729
-0.45924225028701665
-4.152249134948106
1.9253910950661957
2.243211334120415
-3.695150115473428
-0.23980815347722162
-4.687500000000007
-0.12610340479192222
5.05050505050505
4.927884615384609
-0.572737686139748
0.23041474654378208
0.3448275862068933
-4.8109965635738865
-0.12033694344162975
-0.12048192771083653
-4.8250904704463204
-4.942965779467688
0
-4.933333333333337
0
-4.908835904628331
0
-4.867256637168137
0
-4.961240310077524
0
-4.893964110929853
0
-4.974271012006859
7.942238267148013
4.347826086956524
0.4807692307692376
4.944178628389145
-9.422492401215798
3.859060402684559
-5.492730210016154
-4.1025641025641
3.5650623885918002
0
2.237521514629943
2.3569023569023546
-0.32894736842104566
4.455445544554448
-2.3696682464454977
4.530744336569575
-6.656346749226002
0.8291873963515755
-1.4802631578947345
2.5041736227045077
0
1.6286644951140066
-4.487179487179483
2.013422818791939
-0.32894736842104566
1.980198019801973
-4.045307443365696
2.5295109612141653
1.151315789473689
3.5772357723577284
-5.337519623233917
2.4875621890547266
-4.207119741100315
2.702702702702693
-4.605263157894733
3.103448275862064
-0.8361204013377926
2.698145025295112
-7.389162561576355
2.482269503546097
-2.249134948096881
2.3008849557522075
-4.498269896193762
2.8985507246376705
-2.6408450704225355
0.9041591320072333
0
0.17921146953405273
-5.008944543828259
3.389830508474571
-3.096539162112925
1.1278195488721696
2.044609665427512
1.6393442622950793
2.8673835125448055
3.832752613240423
-7.885906040268461
3.4608378870673926
1.2323943661971881
3.999999999999995
0.8361204013377926
4.311774461028194
0.6359300476947514
4.897314375987375
0
4.969879518072284
0
2.7259684361549374
-2.6536312849161896
-3.873744619799143
-1.0447761194029894
2.111613876319767
0
0.14771048744460016
-2.507374631268441
-0.6051437216338752
-0.152207001522083
0.6097560975609844
-5.303030303030303
3.840000000000009
-0.9244992295839884
2.4883359253499355
2.124430955993917
0.891530460624084
-0.8836524300441951
0
-4.60624071322436
2.024922118380058
-1.8320610687022945
3.732503888024892
1.1994002998500706
4.888888888888885
0
4.943502824858757
0
4.979811574697178
0
5.000000000000007
0
4.8840048840048835
0
4.889406286379497
0
4.328523862375145
-0.7446808510638329
-4.823151125401929
-0.11261261261260622
-4.960541149943636
0
-4.982206405693954
0
-4.993757802746567
5.519053876478322
1.9925280199252908
-6.715506715506715
-0.3926701570680777
-3.4165571616294277
3.129251700680268
-3.693931398416883
2.602739726027405
0.1335113484646119
0
1.6000000000000039
1.5748031496063029
-2.3255813953488516
-4.232804232804218
5.524861878453038
3.272251308900523
-5.703422053231939
-0.40322580645162814
-3.6437246963562604
0
0.42016806722688677
0.13947001394699346
-1.8105849582172664
0.5673758865248307
3.102961918194624
2.051983584131327
-0.4021447721179587
-0.40376850605652376
0.8108108108108031
-2.0107238605898123
-3.0095759233925974
1.4104372355430181
-1.112656467315732
-2.109704641350211
-0.43103448275861667
-4.906204906204894
3.641881638846724
2.3426061493411545
-5.579399141630909
2.8787878787878873
-6.627393225331379
3.785488958990534
0
2.8875379939209815
-5.1698670605613
-2.9595015576324073
8.186195826645278
3.412462908011865
-6.599713055954101
3.3794162826420937
-3.7147102526002973
0.9259259259259391
-2.293577981651387
3.129890453834127
-7.738998482549329
-4.605263157894733
6.72413793103448
0
1.2924071082391022
0.15948963317383463
-0.31847133757961105
0.15974440894568917
-0.7974481658692185
-3.215434083601286
4.152823920265781
-1.9138755980861288
3.9024390243902416
-1.8779342723004628
0.6379585326953725
-3.0110935023771765
6.699346405228749
-1.0719754977029141
2.0123839009288105
-4.097116843702584
7.278481012658219
3.244837758112099
-5.714285714285714
1.5151515151515151
-1.1940298507462643
0.3021148036253819
2.5602409638554042
-3.0837004405286264
1.8181818181818226
-3.1250000000000124
6.298003072196634
0
1.7341040462427786
0.8522727272727191
-4.788732394366205
0
0.7396449704142013
-0.14684287812040284
0.8823529411764622
0.8746355685131321
-0.8670520231213996
-0.43731778425655565
-1.9033674963396738
2.2388059701492535
-1.897810218978098
-0.1488095238095365
1.4903129657228018
-4.258443465491911
-0.30674846625767305
-4.46153846153846
9.17874396135265
-4.719764011799414
0.928792569659456
-1.993865030674853
2.503912363067295
-0.15267175572518216
-0.30581039755352113
-1.8404907975460165
0.6250000000000089
2.1739130434782474
0.30395136778115933
-2.8787878787878873
0
-1.716068642745701
3.333333333333324
-0.9216589861751066
-0.46511627906976305
-3.4267912772585714
1.1290322580645207
3.189792663476874
-6.800618238021647
-3.8142620232172426
0
0
0.6896551724137907
2.739726027397263
2.000000000000005
-3.9215686274509896
2.8911564625850388
2.314049586776857
0.6462035541195453
2.5682182985553794
-2.973395931142408
1.6129032258064515
-3.1746031746031744
-1.4754098360655714
3.4941763727121486
0.8038585209003215
-4.944178628389157
0
0.671140939597313
2.000000000000005
-0.49019607843137947
-2.9556650246305374
0.7106598984771603
0.47043010752687164
-1.3377926421404636
-1.8644067796610193
0.48359240069084825
-1.856308009625298
2.206654991243429
0.13708019191226575
2.635181382614646
0
-3.3011003667889245
-3.4137931034482705
-1.0710460549803666
4.114038253338147
-1.2131715771230551
1.7192982456140296
-3.4149706795446653
0
-1.6071428571428545
0
-2.141560798548094
-3.1899109792284843
1.5708812260536402
-1.1693700490381074
-2.3282442748091583
3.5560765924189144
-4.52830188679245
-2.015810276679848
5.082694634933447
1.113243761996158
0.03796507213364299
-4.667931688804556
2.906050955414014
-2.011605415860747
-1.3028030003947821
4.799999999999997
-8.244274809160306
4.825291181364394
-5.158730158730161
4.979079497907955
-5.340773216420885
4.8421052631578885
-1.7670682730923604
4.578904333605877
-5.238467552775607
-2.4339933993399336
5.665961945031713
-1.9607843137254841
0.24489795918366825
1.5879478827361588
-1.5230460921843647
2.1571021571021616
-3.426294820717143
-2.7640264026402566
7.933814170555796
4.166666666666662
0.7924528301886825
4.792212654436532
0
2.465166130760991
-4.776847977684802
0
4.979860856829011
4.987792117195673
-4.7176079734219325
4.986052998605299
-8.336100963135165
3.2246376811594093
1.5444015444015489
-0.10369858278603919
-4.878892733564014
-4.692615496544195
3.778625954198481
0
-1.7653549098933445
-0.4118307749906381
2.5939849624060063
0.7328691828508586
-1.7460894870862018
-2.6286560533135908
6.463878326996196
-1.9642857142857169
2.258652094717672
-0.24937655860349228
3.8214285714285725
-4.953560371517032
9.120521172638435
-4.809286898839136
-0.17421602787456694
-4.956369982547987
8.299669482188754
0
1.7293997965412058
-1.6666666666666667
-1.694915254237288
-3.4137931034482705
5.640842556229911
4.731328151402496
-3.1945788964181947
-3.299999999999995
0.4825922095828921
2.8130360205831915
-6.873540206873536
1.8989609458975318
-2.9184247538677983
-2.2093444404201357
7.18518518518519
4.975812024879052
0
0.03291639236340212
-1.2175057584731852
3.2311792138574247
-1.4843497902549123
-0.09826400262037713
-1.639344262295082
-0.06666666666666525
-2.901934623082058
-1.992442459635858
3.1545741324921086
1.8688413183826051
-5.503669112741836
3.776914931168374
-1.7006802721088436
