0
-4.46153846153846
9.822866344605476
4.985337243401747
0
4.60893854748605
0.2670226969292238
4.926764314247674
0
4.949238578680211
0
4.957678355501807
0
4.953917050691241
0
4.939626783754116
0
4.916317991631803
0
4.885343968095719
-9.410646387832704
-4.931794333683109
0
-4.966887417218543
0
-4.994192799070845
0
-4.88997555012225
5.141388174807198
0
-4.88997555012225
-4.884318766066834
10.135135135135135
2.2085889570552113
-4.441776710684278
-4.773869346733665
5.540897097625334
0
-4.250000000000007
4.438642297650138
-2.624999999999993
-0.12836970474969
1.542416452442163
1.0126582278480976
-0.12531328320801294
0.125470514429102
-3.2581453634085142
-1.5544041450777237
0
-3.0263157894736805
1.8995929443690522
-1.464713715046597
1.3513513513513513
1.8666666666666742
0
-1.8324607329843006
0
1.6000000000000039
0
-1.5748031496063029
0
0.13333333333332575
-0.13315579227695648
1.3333333333333333
-1.3157894736842106
0
1.6000000000000039
-1.3123359580052494
1.0638297872340388
-1.0526315789473646
0
1.5957446808510676
-1.1780104712041959
0
0
-3.3112582781456954
3.4246575342465753
-1.7218543046357577
1.7520215633423142
0
-1.5894039735099375
0
0
-0.13458950201883488
0
0
2.0215633423180592
0
-3.3025099075297226
0
2.322404371584703
0
-2.1361815754339233
2.319236016371082
0.26666666666667044
0
0
-1.5957446808510676
0.2702702702702741
1.8867924528301772
-3.5714285714285565
3.1550068587105584
-2.9255319148936207
-1.91780821917809
-2.094972067039106
2.139800285306705
-2.374301675977638
-3.004291845493574
0.29498525073746734
0.2941176470588277
-0.7331378299120235
0
-3.5450516986706138
3.5222052067381275
-2.958579881656805
-0.3048780487804705
5.198776758409773
1.8895348837209263
2.139800285306705
2.234636871508392
-0.27322404371585085
0
-0.8219178082191703
1.6574585635358958
3.260869565217399
4.605263157894737
0
-1.8867924528301887
0.6410256410256411
-3.694267515923574
2.248677248677253
4.915912031047862
-4.438964241676936
2.064516129032251
1.0113780025284596
4.380475594493116
-4.916067146282984
-0.12610340479192222
1.8939393939393938
-1.858736059479554
-0.3787878787878752
-0.3802281368821437
2.7989821882951693
4.579207920792083
-0.591715976331361
2.0238095238095273
-1.6336056009334954
2.2538552787663177
2.088167053364266
0.11363636363635718
-2.2701475595913734
-4.994192799070845
10.146699266503665
1.9977802441731538
1.196953210010875
4.301075268817204
-7.422680412371136
3.563474387527843
-6.129032258064519
4.238258877434139
0.2197802197802229
-0.21929824561403818
5.164835164835168
4.9111807732497414
0
4.9800796812749
-8.159392789373822
3.202479338842984
0.1001001001000944
0
-0.9000000000000057
-1.7154389505549836
6.262833675564676
2.028985507246371
-0.2840909090909064
4.938271604938274
0
4.97737556561086
-7.327586206896552
1.3953488372093024
2.7522935779816513
4.910714285714286
0.08510638297871857
4.931972789115656
-9.319286871961102
-1.6979445933869577
-1.7272727272727324
-3.5152636447733556
8.820709491850433
0.44052863436123346
1.9298245614035112
-0.17211703958692154
-1.7241379310344827
2.8947368421052606
-0.7672634271099672
-3.178694158075604
3.992901508429459
2.4744027303754192
2.1648626144879337
4.9714751426242945
-6.832298136645971
0
0
-2.833333333333338
3.0017152658662094
-0.41631973355537055
3.8461538461538534
0
4.58937198067633
0.07698229407235897
0.30769230769231204
4.294478527607358
-5.808823529411769
-3.5128805620608903
3.3171521035598777
3.054032889584958
-2.583586626139822
3.978159126365073
0.9752438109527253
2.0059435364041733
-5.3168244719592215
-1.5384615384615385
4.6875
4.253731343283573
-2.576950608446668
-2.7920646583394437
8.012093726379437
4.968509447165846
0
0
4.866666666666674
4.132231404958677
-2.7472527472527473
1.694915254237281
-1.6049382716049347
-2.0075282308657574
-0.12804097311138837
2.051282051282044
0.5025125628140775
0
-0.8750000000000036
2.9003783102143723
-4.840686274509791
2.511268512556328
2.135678391959803
-1.7220172201721913
0.8135168961201394
-3.786468032278085
7.677419354838713
4.6734571599760235
-3.3772180881511034
3.0213270142180058
0
3.1627372052903966
-4.793756967670008
1.5807962529273938
-0.05763688760806589
2.5951557093425603
-4.553119730185494
-4.593639575971737
-0.30864197530864196
0.30959752321981426
-5.246913580246914
-2.2801302931596092
2.4666666666666592
4.944697462589475
-8.05951642901426
0
2.7646662171274405
3.2808398950131235
-3.113087674714108
2.426229508196714
-1.472471190781039
-3.5737491877842755
1.9541778975741277
0.4626569729015126
1.184210526315797
0.7802340702210588
-1.3548387096774157
-3.139306736429046
3.106009453072245
0.6548788474132285
-1.1711125569290717
0.0658327847267902
-0.723684210526312
4.638833664678595
-1.3932868904369962
3.853564547206166
-3.834260977118113
-1.2218649517684923
-0.06510416666666297
-3.3224755700325694
-0.06738544474393147
2.292650033715426
-3.8892551087672893
0.13717421124827753
-0.2739726027397299
0.8928571428571507
-0.4765146358066828
1.1627906976744304
-6.085192697768762
-4.8956083513319015
-0.075700227100677
-4.999999999999996
0
0
-4.944178628389157
-4.949664429530206
0
-4.942630185348627
0
0
4.642525533890436
4.525288376220048
-2.6315789473684164
-3.8360941586748085
8.884859474161376
4.746044962531226
-0.9538950715421326
4.333868378812204
-4.538461538461543
-1.20870265914585
3.9967373572593847
1.882352941176475
-6.697459584295613
-4.9504950495049505
8.593749999999991
1.5987210231814548
-3.3044846577497946
-1.7087062652563128
4.718543046357618
-0.5533596837944686
4.769475357710663
4.476479514415764
-4.2120551924473375
0.07581501137224739
-0.3787878787878788
-0.38022813688212925
1.9083969465648856
4.49438202247191
-2.293906810035834
-2.201027146001467
1.875468867216804
1.2518409425625836
-2.0363636363636446
2.375649591685239
-2.9731689630166747
1.2705530642750287
-4.059040590405904
0.07692307692307256
1.3835511145272954
-1.288855193328292
1.3671274961597553
2.773147446582813
-2.9342376879976335
0.1822877107701725
-1.4404852160727866
-0.4923076923076818
-3.9424860853432344
0
-3.460486077579278
3.11770590196733
-2.004850444624094
2.2108562943408736
-1.3236481033091207
-1.7340094879764474
3.5791576494090203
2.619736419157831
-2.58418167580266
-0.3215434083601332
-4.677419354838708
-1.1844331641286003
-3.6643835616438367
3.78599360113758
-0.15413598218873678
0
2.641509433962275
3.4258021390374283
-1.8581354015188214
-4.42871254527495
1.1197243755383388
4.667802385008509
-4.020182291666665
-3.425470578260126
-0.474100087796318
-4.904728299223714
2.0037105751391433
-0.8002910149145103
-4.217088375504212
0
-4.5367534456355365
-0.40104271104871814
3.6239178578618825
-0.8742957062366344
5.664445315562511
4.971248376924517
-0.6008128644636922
3.111111111111111
-2.7758620689655165
2.8551161553466917
-1.7068965517241415
0
0.19294860550780465
4.149159663865555
-0.9917633215666556
-1.5280135823429517
-3.31034482758621
1.6405135520684766
2.7719298245614006
1.3997951519289866
-0.7912457912457893
-0.05090785677923152
-0.8488964346349746
-2.3972602739726003
1.5789473684210502
1.813471502590681
-2.1713316369804936
3.8494884688746294
-4.174319585907497
1.0454783063251463
-0.6380410415588973
-0.6247830614370001
-0.17464198393293998
2.326801959412186
-1.0087194392203853
3.091537132987909
-11.609984922097505
2.710386656557998
4.318139878206318
-0.9375552803821
2.9821428571428603
0.034680076296160954
2.77344427110418
1.1806375442739128
-3.483913985664283
4.23143350604491
-1.292460646230325
3.2398858485815003
-3.4308943089430883
2.6603805354436747
-5.920944726914875
4.567642956764292
-1.300433477825932
1.9932432432432428
-4.736667770785027
-0.9040333796940249
0.543859649122811
1.1516314779270573
-2.3632913575987535
2.3144876325088255
0.41443619409428767
4.883920894239043
0.5246761764223647
-0.5056271407600754
0.32786885245902103
4.248366013071886
-2.8369905956112778
4.323277948056138
-5.9223751353023015
4.289940828402366
-9.188337273443665
0.6768483165567521
0.3102913290811924
2.251245918542709
-1.2773109243697445
2.7408920667347623
-3.280861640430827
1.0793215692993021
-2.305084745762711
