0
-3.157894736842113
1.086956521739146
0
2.6881720430107525
0.5235602094240726
-5.208333333333334
-3.8461538461538423
4.571428571428576
1.6393442622950858
3.2258064516128915
3.1250000000000075
-5.05050505050505
-2.6595744680851063
-2.1857923497267877
-4.469273743016744
2.339181286549699
0
3.999999999999996
0
-4.945054945054937
1.9653179190751435
-0.680272108843543
2.168949771689492
-1.2290502793296028
2.262443438914019
-1.3274336283185755
-0.44843049327353307
5.1801801801801695
2.5695931477516085
-4.801670146137796
-1.6447368421052477
2.0066889632106992
1.53005464480873
-4.843918191603868
1.6968325791855243
-0.8898776418242499
2.1324354657687934
-5.71428571428571
-3.263403263403256
3.8554216867469697
1.7401392111368952
-2.8506271379703536
-0.35211267605633056
5.300353356890451
2.3489932885906137
-1.7486338797814223
0.7786429365962212
-4.966887417218555
0.9291521486643447
-5.753739930955121
0.1221001221001195
1.951219512195124
0.8373205741626829
-0.7117437722419988
0
-1.4336917562723923
0.9696969696969706
3.7214885954381813
0.23148148148147654
2.771362586605083
2.8089887640449436
-0.8743169398907111
-0.7717750826901906
-3.999999999999994
1.2731481481481415
-5.48571428571429
0.48367593712213935
-0.3610108303249234
2.657004830917882
-2.4705882352941275
1.8094089264173747
-1.8957345971564
1.4492753623188528
11.666666666666671
5.010660980810222
0.20304568527918349
1.3171225937183464
0.9999999999999964
0.4950495049505021
1.0837438423645265
2.3391812865497097
-2.6666666666666607
-0.6849315068493178
0.9852216748768438
1.951219512195115
-2.679425837320568
0
-0.884955752212388
0
6.646825396825397
-0.46511627906977404
2.2429906542056095
2.193784277879344
-1.1627906976744098
0.4524886877827958
-0.18018018018017634
-9.747292418772563
10.500000000000007
1.3574660633484033
-3.3928571428571344
-0.6469500924214444
-1.860465116279063
-1.421800947867302
-0.0961538461538441
0.9624639076034613
-2.097235462345097
2.142161635832528
-2.9551954242135414
0
-0.8840864440078572
0
0.09910802775024566
-1.3861386138613743
0.6024096385542039
0.7984031936127752
-1.2871287128712774
0.7021063189568556
-3.486055776892427
-7.120743034055722
12.555555555555564
0.6910167818361155
-0.7843137254901968
0
-1.0869565217391248
-0.09990009990009777
-0.600000000000005
5.633802816901413
-4.4761904761904825
0.6979062811565333
-5.643564356435647
1.4690451206715696
-0.7238883143743566
1.4583333333333393
-3.388090349075976
-0.21253985122209962
-2.449414270500537
-1.2008733624454087
3.867403314917123
0.9574468085106368
-4.8472075869336235
1.4396456256921462
-1.2008733624454087
0.9944751381215453
-2.0787746170678476
0.6703910614525196
-1.2208657047724687
1.1235955056179734
-1.6666666666666705
1.2429378531073583
5.915178571428564
0.8429926238145423
5.22466039707419
-0.6951340615690197
0.7000000000000028
-3.1777557100297944
2.3589743589743635
-1.7034068136272538
3.3639143730886856
1.577909270216964
-2.621359223300984
2.6919242273180597
-3.009708737864082
3.103103103103108
-4.75728155339806
0.8154943934760456
-4.5500505561173
0.5296610169491601
-2.107481559536365
0.10764262648010295
0.1075268817204278
-0.9667024704618674
-0.7592190889370963
2.73224043715847
0.6382978723404308
0.9513742071881591
-2.5130890052356043
2.040816326530607
-3.4736842105263164
-0.7633587786259574
1.208791208791222
1.5200868621063928
-2.032085561497321
0
-0.5458515283842872
-0.4390779363336899
-0.6615214994487375
1.5538290788013382
-1.3114754098360764
0.8859357696567007
-1.0976948408342442
0.7769145394006691
-0.6607929515418557
1.441241685144133
-1.3114754098360764
0.4429678848283602
-0.8820286659316435
0.3337041156840863
-0.22172949002216824
0.8888888888888897
-1.1013215859030798
0.11135857461024261
0.8898776418242499
0
-0.7717750826901906
0.9999999999999984
-0.330033003300323
0.772626931567332
-1.4238773274917937
-0.5555555555555635
0.2234636871508531
0.22296544035673993
1.2235817575083363
0.5494505494505573
2.185792349726768
-2.1390374331550728
3.8251366120218537
0.9473684210526301
5.422314911366002
1.3847675568743876
-0.6829268292682955
1.57170923379175
-2.998065764023216
0.5982053838484597
-0.8919722497522286
0.8999999999999986
-3.4687809712586684
0.1026694045174516
-1.6410256410256425
0.9384775808133458
-1.6528925619834727
1.3655462184874032
-2.072538860103638
0
2.6455026455026456
1.1340206185567137
-3.669724770642214
0
-0.3174603174603107
1.167728237791926
-1.2591815320041893
0.6376195536663177
-2.323125659978887
-0.5405405405405482
-0.21739130434782147
-0.8714596949891076
3.0769230769230895
-1.7057569296375281
-0.5422993492407886
1.744820065430754
-1.5005359056806062
-0.9793253536452651
-0.10989010989010756
0
-0.330033003300323
1.434878587196457
-2.1762785636561404
-2.2246941045606348
0.6825938566552958
-1.6949152542372923
5.74712643678161
0.43478260869566226
-0.9740259740259725
1.9672131147540952
-2.036441586280809
-0.4376367614879751
-0.10989010989010756
0
0.330033003300323
0.767543859649126
-1.0881392818280702
0.7700770077007733
-0.7641921397379944
0
-0.6600660066006655
-1.9933554817275718
0.22598870056496695
0.11273957158964559
-0.6756756756756812
1.9274376417233552
-0.6674082313681924
1.343784994400907
-0.7734806629834285
-2.0044543429844066
1.590909090909077
0.2237136465324536
-0.6696428571428626
0
2.0224719101123565
1.3215859030836918
-1.413043478260859
0
-0.3307607497243786
-0.22123893805309264
2.99334811529933
0.645855758880522
10.267379679144394
0.38797284190105863
0.869565217391303
1.6283524904214552
-5.466540999057494
-1.1964107676969016
0.5045408678102998
0.7028112449799047
-2.2931206380857296
0
-3.469387755102039
-0.21141649048627217
-0.5296610169491413
0.10649627263045566
-0.31914893617022483
0
-1.921024546424757
-0.21762785636561016
0.10905125408941971
-0.5446623093681802
-0.1095290251916929
1.4254385964912368
-2.0540540540540486
0.8830022075055195
-0.9846827133479196
-0.5524861878453117
-0.2222222222222175
0.22271714922048522
-1.5555555555555618
-0.6772009029345228
1.022727272727271
0.6749156355455423
-1.8994413407821222
1.3667425968109455
-1.910112359550561
0.2290950744558943
-1.7142857142857184
1.1627906976744145
-2.0689655172413763
-0.2347417840375537
0.1176470588235269
-0.11750881316098458
-0.8235294117647092
0.11862396204032963
0.5924170616113829
-0.3533568904593564
-0.8274231678487031
-0.47675804529202526
0.9580838323353302
-0.35587188612098886
0.238095238095233
-0.23752969121139636
-1.3095238095238237
0.3618817852834878
-2.04326923076923
0
10.184049079754601
-3.1180400890868722
-0.22988505747125948
-0.3456221198156608
-1.3872832369942312
1.4067995310668346
-2.658959537572259
-2.6128266033254235
1.8292682926829313
2.8742514970059907
-4.074505238649588
0.12135922330096828
-0.48484848484847454
-0.7308160779537209
-0.24539877300612972
0
-0.4920049200492118
-0.4944375772558609
0
0
-0.49689440993789963
0.12484394506866152
-0.24937655860348598
0.6250000000000089
-0.37267080745343023
0.7481296758104801
-1.3613861386138653
0.3764115432873306
-0.24999999999999467
0.25062656641603476
-1.749999999999996
0.38167938931296896
-1.394169835234467
0.1285347043701772
-3.5943517329910173
0
-0.7989347536617791
0.26845637583892046
1.4725568942436456
-1.0554089709762542
3.066666666666672
-4.2690815006468315
10.675675675675663
0
0
-0.1221001221001195
-1.1002444987775044
-0.9888751545117438
-1.1235955056179758
0
-2.2727272727272694
0.7751937984496073
-3.7179487179487185
1.1984021304926746
-1.447368421052624
0.13351134846461665
-1.0666666666666675
1.617250673854449
-1.8567639257294388
0.8108108108108055
-1.340482573726537
0.1358695652173884
-0.8141112618724626
0.13679890560876437
0
1.092896174863389
-1.4864864864864908
0.13717421124828238
-0.8219178082191727
0.41436464088396907
7.565337001375526
1.0230179028133002
-4.68354430379747
0
2.2576361221779537
1.6883116883116869
-3.065134099616861
0.7905138339921014
-1.9607843137254948
1.3333333333333286
-1.5789473684210424
0.8021390374331498
-1.7241379310344813
0.539811066126856
-1.342281879194638
-1.0884353741496609
1.1004126547455306
0.5442176870748304
-1.2178619756427587
0
0.6849315068493127
0
-0.6802721088435351
-0.2739726027397202
-0.4120879120879155
0.6896551724137907
-0.8219178082191727
0.138121546961323
-0.27586206896551135
0
0.9681881051175573
0.5479452054794526
-1.9073569482288786
0
-0.694444444444442
0.4195804195804106
-1.1142061281337057
0.5633802816901414
8.12324929971989
3.7564766839378243
6.242197253433209
2.3501762632197543
-6.199770378874867
0
-0.3671970624234928
7.493857493857487
-6.171428571428562
-1.3398294762484921
0.7407407407407469
-0.7352941176470649
0.12345679012345416
0.4932182490752272
-1.2269938650306704
