-1.0204081632653206
-1.9329896907216497
-3.0223390275952657
0
3.9295392953929618
0
0
4.172099087353328
-5.006257822277847
0
-3.030303030303045
-3.9402173913043366
8.486562942008486
4.302477183833112
-3.625000000000007
1.1673151750972837
0.12820512820512092
-4.737516005121624
7.795698924731179
3.3665835411471354
1.5681544028950507
4.988123515439433
0
4.97737556561085
-0.2155172413793134
4.751619870410374
0.2061855670103122
4.83539094650206
-0.5888125613346501
4.4422507403751235
-7.372400756143666
2.0408163265306123
-6.900000000000006
-47.475832438238456
0
4.907975460122697
0
4.8732943469785575
0
3.531598513011163
-8.07899461400359
-4.8828125
0
-4.1067761806981515
1.9271948608137013
2.100840336134454
2.674897119341558
4.809619238476952
-5.927342256214138
-4.47154471544716
-0.4255319148936231
0.42735042735043344
-5.319148936170213
-4.943820224719108
0.23640661938534616
0
-2.830188679245273
2.9126213592232904
-7.0754716981132075
-4.822335025380707
0.26666666666667044
-4.255319148936174
4.166666666666667
0.26666666666667044
2.1276595744680775
3.64583333333333
-6.532663316582901
-4.838709677419366
3.3898305084745846
3.551912568306003
-2.110817941952499
-0.26954177897574505
-0.5405405405405482
3.260869565217399
1.5789473684210564
4.92227979274611
0
4.938271604938271
-2.5882352941176503
-1.2077294685990339
-1.711491442542777
2.9850746268656607
-5.314009661835739
1.7857142857142747
-4.010025062656645
-0.2610966057441105
-0.7853403141361368
4.749340369393151
-4.785894206549132
2.380952380952396
-3.359173126614998
4.010695187165775
-3.084832904884308
4.244031830238711
-3.816793893129771
2.6455026455026456
1.8041237113402135
-4.810126582278477
3.9893617021276593
1.7902813299232627
-3.7688442211055277
-0.5221932114882396
1.3123359580052494
1.8134715025906625
3.053435114503824
4.691358024691355
0.23584905660377695
4.941176470588239
-4.2600896860986515
3.9812646370023317
-4.504504504504505
2.122641509433959
-1.1547344110854505
2.8037383177570163
-4.772727272727276
-1.9093078758949813
2.1897810218978067
0
2.6190476190476226
1.392111368909516
-6.178489702517169
2.4390243902439024
-4.52380952380952
4.488778054862836
-6.443914081145574
2.0408163265306047
1.999999999999993
4.901960784313726
-6.542056074766349
5
-7.142857142857143
4.358974358974367
0.49140049140048087
4.645476772616133
-4.906542056074754
3.4398034398034363
-7.600950118764852
-0.5141388174807089
4.134366925064585
0.2481389578163807
1.9801980198019908
3.1553398058252355
-7.0588235294117645
-2.784810126582282
3.1250000000000075
0
0.5050505050504943
2.0100502512562923
-1.7241379310344898
1.754385964912288
-4.433497536945823
3.350515463917537
-0.2493765586034948
2.7500000000000036
-6.812652068126532
4.699738903394267
-3.491271820448874
0
5.426356589147272
6.862745098039228
-8.027522935779816
-2.493765586034913
0.7672634271099671
1.5228426395939123
0.25000000000000355
3.241895261845379
-3.8647342995169116
2.261306532663331
-1.7199017199017268
-3.000000000000007
2.8350515463917563
3.0075187969924886
-1.4598540145985435
0.2469135802469171
2.216748768472903
2.4096385542168677
-2.3529411764705883
0.9638554216867435
-6.921241050119329
-1.538461538461542
2.864583333333337
4.303797468354437
-3.883495145631071
-2.272727272727269
0.775193798449605
2.307692307692304
-1.7543859649122702
-3.0612244897959253
1.0526315789473646
-3.64583333333333
5.945945945945954
0.5102040816326422
-1.0152284263959355
5.128205128205129
-2.682926829268296
2.2556390977443574
-2.205882352941173
0
-3.007518796992471
0
-3.617571059431539
0
2.9490616621983956
-3.124999999999989
4.301075268817189
3.092783505154647
-1.5000000000000036
-2.5380710659898478
5.208333333333334
1.9801980198019908
-6.310679611650488
4.92227979274611
-6.172839506172839
4.73684210526315
-2.2613065326633133
0.25706940874036355
-1.538461538461542
0
1.822916666666674
1.5345268542199524
-2.0151133501259553
2.3136246786632353
-4.271356783919588
1.0498687664041957
0.5194805194805269
0.775193798449605
-2.051282051282044
0
1.0471204188481638
2.5906735751295336
-3.7878787878787876
-0.2624671916010536
1.8421052631579022
1.0335917312661462
-0.7672634271099853
-1.8041237113401953
13.910761154855637
7.142857142857146
-4.301075268817204
2.6966292134831527
8.533916849015315
0.8064516129032229
-8.200000000000003
3.0501089324618706
0.42283298097252187
0
0
0
-9.894736842105269
7.476635514018699
-7.391304347826084
3.286384976525818
1.5909090909090973
4.9217002237136365
-10.234541577825155
-4.5130641330166235
5.721393034825863
-1.1764705882352942
-6.428571428571435
-1.781170483460549
9.067357512953368
8.076009501187645
0.4395604395604458
2.1881838074398248
-4.282655246252676
7.15883668903802
-4.8016701461377815
7.236842105263151
-5.930470347648259
4.3478260869565215
-11.041666666666663
2.1077283372365305
2.0642201834862353
-1.5730337078651748
-2.2831050228310503
2.5700934579439285
-1.5945330296127467
0
1.1574074074074074
2.0594965675057173
-2.0179372197309386
-1.1441647597254003
6.249999999999989
1.9607843137254872
-4.273504273504273
-0.8928571428571398
-0.6756756756756693
1.3605442176870781
-0.22371364653244163
0.896860986547082
-1.7777777777777715
-1.8099547511312313
7.834101382488477
-3.8461538461538405
2.666666666666673
2.597402597402588
2.109704641350211
-4.95867768595041
10.217391304347831
2.1696252465483123
-12.355212355212354
5.506607929515419
-7.306889352818372
-0.9009009009008977
2.272727272727273
-1.999999999999997
2.72108843537414
0
0.4415011037527657
3.076923076923074
-5.7569296375266426
-2.488687782805433
1.392111368909516
5.491990846681919
-3.03687635574837
-3.355704697986577
-0.4629629629629695
0
-3.255813953488369
2.1634615384615348
-3.058823529411758
1.6990291262135817
3.102625298329366
-4.861111111111114
5.839416058394157
0.22988505747126764
-0.45871559633028175
-0.921658986175112
-2.3255813953488373
4.761904761904762
-1.3636363636363669
1.3824884792626762
-1.8181818181818117
-2.314814814814815
0
-0.47393364928910625
1.904761904761898
1.6355140186915955
-2.528735632183911
0
-0.47169811320753713
-1.8957345971564081
2.1739130434782576
0
-4.728132387706856
-0.24813895781636308
-0.49751243781095233
2.5
-0.2439024390243937
0
0
5.085574572127135
-7.9571893904141335
-1.1627906976744207
0.8695652173912949
-1.115618661257601
4.051282051282047
3.35140463282405
-3.624225083452542
-4.750123701138055
5.662337662337662
-1.9174041297935132
-0.2506265664160437
4.572864321608042
-2.546852474771733
2.021696252465484
-2.319961333977769
2.1771400296882617
-3.6319612590799033
-0.5025125628140596
-1.7171717171717165
-3.802672147995899
6.303418803418802
0.25125628140703876
-4.761904761904758
-1.5789473684210564
0.10695187165775173
9.188034188034202
-7.045009784735817
9.999999999999993
-11.770334928229651
-2.1149674620390484
2.1052631578947314
2.0075963103635432
-3.8829787234042574
4.482567791920303
-4.8728813559321935
0
0.22271714922048522
-1.999999999999997
0
0.3968253968253984
0.677583286278924
10.768367919237251
-7.645569620253173
1.9736842105263324
0
-2.6881720430107525
3.646408839779006
6.34328358208954
-1.4035087719298125
3.7112353838332326
-1.7647058823529385
0.0499001996008062
-5.486284289276814
0
0.7915567282322012
2.0942408376963275
-2.307692307692304
-4.9343832020997445
2.484815019326335
2.478448275862074
0.630914826498428
-2.089864158829687
1.6542155816435555
3.8845144356955297
-5.30570995452249
4.535752401280691
-2.501276161306781
3.1413612565444913
-5.939086294416234
-1.996762007555321
2.422907488986791
4.838709677419347
-2.8205128205128243
3.95778364116095
-4.974619289340104
0
0.2670940170940209
4.901438465636663
-5.43423057389538
1.9871106337271613
11.111111111111127
0.7582938388625599
0.5644402634054442
0.561272217025262
1.023255813953483
-1.2430939226519317
3.1235431235431315
2.396021699819157
-4.679911699779244
-0.5094951366373295
-2.1880819366852835
-0.047596382674924144
-0.5238095238095211
-0.4308281474389653
-0.865384615384614
0
-1.4548981571290043
2.362204724409451
-2.5480769230769282
-0.0986679822397611
2.0740740740740824
6.434446057087558
-6.9999999999999964
0.19550342130986875
4.439024390243903
-0.046707146193374884
-0.8411214953271016
-0.32987747408105694
-3.640661938534277
2.99313052011776
0.9528346831824814
2.1708352996696427
-4.20323325635104
-1.8804243008678738
7.42014742014741
0.640439158279966
2.272727272727273
0
-7.733333333333325
0.4335260115606929
-2.014388489208641
2.202643171806164
-4.1666666666666545
