-4.861111111111119
2.1897810218978155
-6.78571428571428
0
-4.980842911877397
-4.838709677419351
0
-4.661016949152548
0
-4.8888888888888955
3.271028037383191
1.809954751131215
3.111111111111108
4.741379310344834
-4.526748971193421
0
-4.7413793103448185
4.97737556561085
-0.8620689655172383
0
2.086956521739132
0
-3.3219761499148257
4.93392070484582
-8.39630562552477
4.949587534372128
0
4.978165938864632
-4.74209650582363
-3.3187772925764105
7.588075880758806
4.953820319059613
-0.7999999999999972
4.999999999999994
-3.9938556067588293
4.959999999999994
-4.725609756097556
0
-3.280000000000001
2.9776674937965213
-2.8915662650602365
4.7973531844499595
0
4.972375690607741
0
0.7518796992481176
-5.447761194029853
-1.7363851617995314
-2.811244979919676
0
0
-4.132231404958678
7.758620689655175
0
-4.799999999999997
4.789915966386557
-9.141940657578191
-4.677846425419236
0.09259259259259062
0
0
0
4.995374653098974
-4.405286343612335
0.46082949308756416
2.293577981651376
2.6008968609865395
0
-2.3601398601398564
-0.6266786034019721
10.360360360360364
2.0408163265306123
6.719999999999999
-1.04947526236882
-5.6818181818181825
2.0080321285140563
-5.0393700787401485
3.648424543946928
-0.4000000000000057
2.8915662650602507
-0.07806401249024034
1.484374999999996
-3.2332563510392602
3.02307080350039
3.0115830115830162
4.572713643178407
-3.5125448028673727
-1.931649331352166
-5.000000000000002
3.4290271132376517
-1.1565150346954538
0.6240249609984405
-4.263565891472874
4.453441295546565
-2.3255813953488427
4.603174603174604
-7.359635811836107
2.375102375102368
-2.0799999999999983
3.34967320261438
1.8181818181818215
8.618012422360243
-8.791994281629739
2.27272727272728
5.287356321839076
-0.07278020378456905
-3.7873270211216283
2.1953065859197514
1.4074074074074037
2.1913805697589535
6.075768406004286
5.121293800539082
4.615384615384619
2.9411764705882377
-4.761904761904766
-1.8750000000000044
5.09554140127389
2.12121212121213
-0.5341246290801178
-1.849642004773283
-2.0668693009118533
1.8001241464928563
-3.475609756097552
-4.485154769425147
7.5396825396825555
3.8745387453874476
-3.5523978685612874
3.437691835481905
-3.8575667655786474
3.7037037037037126
-4.404761904761917
3.1755915317559253
-3.077851538925779
2.1170610211706093
-0.06097560975608544
2.196461256863938
-4.358208955223883
-3.1835205992509352
6.125080593165707
0
-4.131227217496971
3.4854245880861785
-1.4084507042253331
0
-1.5527950310559115
0.6309148264984205
-3.134796238244514
1.9417475728155387
-0.6349206349206327
-0.31948881789137834
-3.2051282051282053
4.635761589403981
-9.177215189873424
3.135888501742168
-6.0810810810810825
4.316546762589925
0.34482758620690146
4.810996563573878
-0.32786885245902103
4.605263157894744
-9.119496855345918
-1.7301038062283738
-3.1690140845070376
-1.8181818181818181
0
4.814814814814817
-9.187279151943466
4.669260700389103
-3.345724907063192
4.230769230769236
0.7380073800737981
4.395604395604393
-0.7017543859649098
-1.7667844522968197
6.474820143884894
3.7162162162162087
-8.143322475570033
-2.8368794326241162
-0.7299270072992675
4.779411764705885
-0.3508771929824611
-3.1690140845070376
-1.4545454545454495
4.944649446494465
-0.07032348804500553
-1.8296973961998702
0
2.1505376344086073
-6.947368421052634
-4.223227752639521
9.60629921259843
-4.813218390804598
10.264150943396222
4.996577686516088
-7.170795306388525
4.985955056179769
-2.742474916387961
1.7881705639614964
-0.06756756756757813
4.800540906017585
-4.064516129032263
4.3712172158708835
-4.9613402061855645
2.0338983050847506
-2.3255813953488467
-1.7006802721088436
-2.076124567474041
2.120141342756176
-0.27681660899653393
0
-3.5392088827203314
4.604316546762581
-2.407152682255844
2.1846370683580023
2.275862068965518
4.989885367498316
-8.927424534360954
-4.79548660084626
8.148148148148145
3.4246575342465753
-6.423841059602641
4.600141542816692
-4.397834912043292
0
-0.14154281670206192
2.9766123316796596
-6.744666207845826
0
3.321033210332098
2.9999999999999996
1.7337031900138697
0
-3.544648943421947
4.8056537102473476
-8.091706001348612
2.7146001467351373
1.071428571428574
2.120141342756176
-1.9377162629757743
4.022582921665492
-6.648575305291726
-4.796511627906978
4.045801526717566
4.842259721203216
-2.0293911826452007
4.928571428571424
-1.9741320626276322
4.999999999999992
-7.671957671957661
-1.8624641833811
-1.094890510948895
4.723247232472316
-5.426356589147284
4.694485842026832
-0.42704626334519924
0
-4.93209435310936
0
-4.812030075187974
-2.053712480252763
7.1774193548387
-4.439428141459743
6.535433070866142
0
4.43458980044347
0
-4.38782731776363
-4.4411547002220555
3.9504260263361717
2.011922503725779
-2.848794740686624
-2.2556390977443663
1.9230769230769231
1.5094339622641455
-5.055762081784385
2.1926389976507528
-4.291187739463605
4.963971176941547
-0.45766590389015044
4.214559386973172
-5.294117647058815
-1.785714285714289
-2.055335968379445
0.8878127522195273
3.5999999999999943
2.316602316602322
-1.8867924528301887
-3.769230769230771
-1.278976818545165
4.615384615384618
0.30959752321982137
4.552469135802467
-0.3690036900369056
0
2.5185185185185173
2.2398843930635874
-3.745583038869266
4.99265785609399
0
4.545454545454535
-2.341137123745817
4.794520547945213
-1.9607843137254948
0.3333333333333381
-5.182724252491702
4.414856341976179
-7.91946308724832
0
-1.4577259475218736
-3.4763313609467374
7.203065134099612
0
0.07147962830593128
0
0
4.571428571428576
-7.650273224043723
-4.585798816568042
1.240310077519381
-6.049004594180711
13.773431132844346
-0.7879656160458539
4.620938628158849
-9.592822636300902
21.603053435114504
9.981167608286253
0
4.96575342465754
-0.10875475802066108
3.375068045726714
-6.266456029489193
-1.9662921348314686
-3.0945558739254966
-4.790065050266107
-0.18633540372671512
0
2.4891101431238245
4.553734061930784
0.40650406504065206
4.973973395026023
0
4.958677685950425
0
4.986876640419943
0
5
0
5.0000000000000036
0
4.9886621315192645
0
4.967602591792666
0
4.979423868312761
0
4.978439827518618
0
4.966392830470494
0
4.980434009249386
0
4.981362250084713
0
4.970948999354431
-9.471094710947114
-4.993206521739138
0
-4.9696102967465166
10.45899172310008
4.972752043596733
0
4.9967553536664475
0
4.975278121137205
0
4.974977921695607
0
4.9915872125631
0
4.967948717948717
0.02544529262087816
4.986008649198679
0
-4.991519263387453
10.507523590920677
-4.984998846065074
10.493077483604566
4.990107715981526
0
4.983249581239536
0
4.98603909054647
0
4.99620060790274
0
-4.99366745069659
0
-4.9895258046086415
10.503106835037086
4.988209686196263
0
4.993089149965447
0
4.986012835280556
0
-4.9999999999999964
10.526315789473676
-4.985818778922223
10.49489395129615
4.990757855822558
0
4.9972914409534095
0
4.991616148587649
0
4.999999999999991
0
4.995904995904992
0
-4.992199687987508
10.509031198686362
4.998938654213552
-9.521884160517539
-4.9938554351469095
0
-4.997648165569143
0
-4.988241118950366
0
-4.989577905158934
0
-4.991087344028521
0
-4.993505556357349
0
-4.997721403615372
0
-4.9888071634154105
0
-4.998317064961291
0
-4.995571302037201
0
-4.903971657654302
10.411764705882357
4.99023264073876
0
4.989851150202982
0
4.994361205091028
0
4.986957188890594
0
4.998538439052911
0
4.997216035634748
-9.51875911441072
-4.996336996336991
0
-4.996915484268973
10.519480519480513
4.994124559341959
0
4.994404029099039
0
2.5849433710859397
-6.948954409663585
-4.997208263539919
0
-4.466647076109324
9.90464472470009
4.603974251329424
-8.45484949832775
0
-4.705538506503014
