4.952830188679237
4.9438202247191025
0
4.996431120628131
0
4.962610469068651
0
4.987046632124362
0
4.996915484268961
0
4.994124559341959
0
4.980414101846673
0
4.95735607675906
0
4.977145759268666
0
4.9830672472181785
0
4.976958525345631
0
4.960491659350303
0
4.976997072354669
0
4.9800796812749
0
4.971537001897529
0
4.98915401301518
0
4.993112947658401
0
4.985241062643488
0
4.998437988128715
0
4.99851234751562
0
4.987248512326433
-0.9716599190283386
4.987735077677857
0
4.9844236760124465
0
4.9950544015826
0
4.9929345266132765
0
-4.979811574697171
10.481586402266284
5.000000000000008
0
4.985754985754991
0
4.98158557860049
0
4.985228951255545
0
4.994723883221955
0
4.99162479061976
0
4.993618379068287
0
4.999240237046029
0
-4.9927641099855125
10.510281797410496
4.989662301860792
0
4.988840750951814
-1.9757409028385624
-0.5612960836841405
5.580500320718402
4.993924665856621
0
4.999421363268149
0
4.992835886696794
0
4.9968507243333935
0
4.999000199960008
0
4.999047800418968
0
4.996825972612682
0
4.983589566419067
0
4.977375565610858
0
4.9764890282131615
0
4.9645390070922035
0
4.978662873399716
0
4.979674796747964
0
4.969344949983877
0
4.980018444512754
0
4.978038067349927
0
4.965132496513252
0.026574541589148522
-0.21253985122209207
4.126730564430245
4.218869854257223
-2.0363101079489723
4.282494365138985
0.6724303554274763
3.8645038167938903
1.079467156637585
0.06816632583502716
4.9273387829246245
1.70958666955204
3.234042553191487
4.699093157460843
0.2755905511810979
4.986258343148799
0
4.992520568436808
0
4.986642920747997
0
3.5453774385072054
1.3925294888597641
4.9927290353853575
0
4.986149584487549
0
4.998534154206964
0
