0.8219178082191849
-4.6195652173913135
4.273504273504284
-2.732240437158472
5.898876404494381
2.6525198938992065
-3.1007751937984525
1.3333333333333286
-1.315789473684206
-3.200000000000003
4.958677685950417
1.0498687664042003
-1.8181818181818254
-2.1164021164021065
0.2702702702702645
0.2695417789757475
1.0752688172042901
-1.5957446808510536
2.4324324324324285
-2.902374670184693
2.1739130434782505
0.2659574468085168
-2.9177718832891215
-0.8196721311475478
2.479338842975215
-1.8817204301075343
1.0958904109589052
-1.084010840108402
0
3.2876712328767153
-3.4482758620689626
-0.5494505494505499
-1.381215469613267
2.2408963585434196
-1.3698630136986254
2.222222222222224
-2.7173913043478284
-0.8379888268156493
1.4084507042253598
-1.111111111111112
-2.5280898876404456
0.28818443804033966
4.310344827586205
1.1019283746556483
3.814713896457769
4.986876640419945
0
5.000000000000004
-4.761904761904766
0
3.499999999999992
4.589371980676338
-9.006928406466516
-3.55329949238579
-1.315789473684206
-3.200000000000003
7.43801652892562
4.8717948717948705
0
0
0.48899755501223624
1.9464720194647218
-2.147971360381879
3.902439024390248
-5.633802816901413
0
-2.9850746268656634
0
0
2.8205128205128176
-2.244389027431418
3.0612244897959213
-3.2178217821782154
2.3017902813299194
-4.5000000000000036
4.712041884816758
-4.249999999999998
-1.0443864229765023
7.124010554089699
-0.2463054187192066
-1.9753086419752994
0.2518891687657377
-2.763819095477384
0.7751937984496073
-2.0512820512820533
-0.5235602094240842
-0.7894736842105212
-1.591511936339524
1.078167115902966
-1.3333333333333286
1.081081081081082
0
-1.6042780748663115
2.1739130434782505
-2.393617021276592
0.8174386920980994
-1.3513513513513584
-1.3698630136986254
-2.7777777777777803
0.571428571428572
-0.28409090909091567
0
-0.28490028490027886
0
0
1.4285714285714235
-0.5633802816901414
0
0.5665722379603405
0
2.2535211267605657
3.030303030303039
-1.3368983957219323
0.542005420054201
-1.8867924528301845
0.27472527472526886
-2.1917808219178103
0
1.4005602240896433
-1.9337016574585713
1.971830985915501
3.591160220994472
-6.400000000000006
2.5641025641025728
-2.5000000000000084
1.1396011396011407
-1.9718309859154886
-0.8620689655172358
1.4492753623188352
2.571428571428567
-1.392757660167126
-0.2824858757062212
-1.9830028328611853
-0.2890173410404563
-4.057971014492757
0
-5.438066465256802
3.8338658146964892
-6.461538461538461
1.6447368421052573
-2.9126213592232966
-1.6666666666666607
2.711864406779648
-0.9900990099009838
2.0000000000000018
0
-1.3071895424836613
0
9.93377483443708
0.6024096385542175
9.281437125748505
0
-0.8219178082191727
0
-4.419889502762435
-1.445086705202307
1.1730205278592385
-1.4492753623188481
6.470588235294124
3.591160220994472
-8.800000000000002
0.8771929824561476
2.028985507246372
-3.4090909090909123
2.3529411764705905
0.5747126436781614
-1.7142857142857157
3.1976744186046475
-2.53521126760563
18.497109826589586
-3.17073170731706
5.79345088161209
-7.619047619047626
3.092783505154642
0
2.499999999999991
-4.146341463414623
3.307888040712454
-4.433497536945806
0
-0.25773195876288113
-1.8087855297157696
-3.1578947368420964
-4.8913043478260905
5.999999999999999
-0.539083557951483
-2.710027100271005
-4.735376044568243
0.5847953216374274
2.906976744186049
0
4.802259887005648
-0.539083557951483
4.878048780487809
-6.459948320413437
2.4861878453038635
-5.39083557951483
-4.843304843304842
4.790419161676652
2.85714285714286
-1.9444444444444522
-0.5665722379603405
-0.5698005698005577
-0.5730659025787971
1.7291066282420635
1.133144475920681
-1.960784313725486
0
-3.1428571428571392
1.4749262536873102
-0.29069767441859845
-3.498542274052481
1.5105740181268827
-1.4880952380952328
-1.2084592145015116
-0.6116207951070342
-1.230769230769232
2.8037383177570048
1.81818181818182
-3.869047619047616
2.786377708978324
-0.6024096385542175
0
2.4242424242424265
-4.733727810650879
1.5527950310558951
-1.8348623853211026
2.8037383177570048
-1.8181818181818064
4.3209876543209775
-4.733727810650879
3.4161490683229774
-4.804804804804809
4.100946372239744
-3.0303030303030196
-1.5625000000000082
1.5873015873015959
0
-1.8750000000000016
1.9108280254777086
-5.625000000000004
3.642384105960261
-3.8338658146964892
4.318936877076424
-0.9554140127388614
4.5016077170418045
-7.076923076923077
-0.33112582781457717
1.6611295681063212
-0.9803921568627532
-0.9900990099009838
0
0.6666666666666673
0.6622516556291397
-1.9736842105263175
0
-2.684563758389264
-3.103448275862064
-1.423487544483987
-2.1660649819494604
5.904059040590411
2.7874564459930338
0.6779661016949158
-1.6835016835016923
0.6849315068493157
-3.0612244897959138
5.614035087719287
-0.3322259136212554
0.3333333333333262
-10.96345514950165
34.70149253731342
-0.27700831024930156
-1.666666666666668
3.107344632768358
-3.8356164383561677
2.5641025641025728
-1.666666666666668
1.1299435028248597
4.1899441340782095
4.557640750670239
-3.846153846153844
2.666666666666669
-6.4935064935064934
4.166666666666664
1.6000000000000014
0
-2.8871391076115454
-3.783783783783787
0
1.6853932584269677
-0.2762430939226583
16.897506925207754
-10.426540284360188
0
0.2645502645502707
0.2638522427440577
-0.5263157894736847
2.645502645502648
-5.154639175257725
1.9021739130434738
-4.26666666666667
1.6713091922005587
-1.0958904109589052
1.6620498614958463
6.267029972752043
-1.0256410256410267
0.7772020725388665
0
-1.7994858611825266
3.1413612565445055
-2.7918781725888295
-0.7832898172323824
-1.5789473684210424
0.2673796791443793
-0.266666666666661
0
-2.9411764705882435
-2.2038567493112966
2.2535211267605657
1.9283746556473909
-1.3513513513513584
3.2876712328767153
6.366047745358085
1.745635910224446
0
0.4901960784313621
6.585365853658549
4.576659038901606
-7.877461706783375
1.1876484560570029
-5.164319248826286
0
1.4851485148514754
1.2195121951219687
0.7228915662650448
-0.23923444976076047
1.4388489208633213
0.47281323877067544
-1.6470588235294183
0
0.2392344497607817
5.966587112171837
-5.40540540540541
1.9047619047619064
-2.1028037383177534
0.9546539379474948
-0.4728132387706965
1.900237529691213
-1.1655011655011613
0.23584905660376854
-0.4705882352941076
0
-0.7092198581560342
2.3809523809523725
-4.883720930232558
-0.7334963325183436
6.157635467980296
1.1600928074246106
6.422018348623838
-0.8620689655172422
7.391304347826103
2.8340080971659853
-2.165354330708668
1.0060362173038193
-4.183266932270916
0.4158004158004254
-7.660455486542446
0
-4.48430493273543
0
0
0
-1.408450704225343
2.3809523809523725
-1.3953488372092933
0
-4.7169811320754755
2.7227722772277305
10.120481927710841
2.625820568927792
-13.219616204690833
1.228501228501224
-0.9708737864077678
0.24509803921568105
-7.0904645476772625
1.0526315789473695
-9.89583333333333
0
-2.890173410404627
2.083333333333342
6.99708454810495
0
2.1798365122615824
3.4666666666666637
-7.989690721649486
0
-8.683473389355745
0
-3.98773006134969
0
-2.2364217252396115
2.2875816993463998
0
3.8338658146964892
-0.615384615384616
-2.167182662538695
3.164556962025305
2.14723926380369
-0.30030030030030724
1.8072289156626522
-9.467455621301772
0.6535947712418306
-0.9740259740259821
3.278688524590167
-2.539682539682542
1.6286644951140152
-1.602564102564111
3.2573289902280163
-0.6309148264984233
-0.3174603174603107
-2.86624203821657
0
-0.6557377049180334
0.6600660066006607
-1.3114754098360668
0
0.33222591362127013
-6.622516556291396
0.3546099290780224
0
-4.240282685512371
0.3690036900369089
19.48529411764705
3.0769230769230798
-8.358208955223887
2.605863192182413
-10.158730158730155
0
-7.420494699646642
-0.7633587786259548
-0.7692307692307699
0.7751937984496131
-13.84615384615384
0.8928571428571237
-7.522123893805308
0.9569377990430631
5.21327014218011
1.3513513513513424
-8.444444444444441
0
0.4854368932038731
0.966183574879228
-1.4354066985645841
1.456310679611641
-2.870813397129189
1.4778325123152833
-0.9708737864077678
1.470588235294108
-1.932367149758456
0
-0.4926108374384132
-0.990099009900991
1.0000000000000009
0.4950495049504845
0
1.9704433497536966
7.729468599033824
5.381165919282516
-12.340425531914894
-1.4563106796116625
3.9408866995073932
2.8436018957346
-0.9216589861751161
1.8604651162790715
1.8264840182648419
