-5.180180180180189
0
-9.738717339667462
5.263157894736847
1.0000000000000009
7.178217821782179
-4.38799076212472
1.4492753623188528
-1.6666666666666734
1.2106537530266301
-1.1961722488038236
0
0.7263922518159867
-1.2019230769230727
1.7031630170316154
-1.9138755980861262
-0.24390243902438508
0
0.48899755501223624
1.9464720194647218
-2.8639618138424843
2.948402948402951
-3.818615751789979
3.4739454094292723
-2.8776978417266212
-0.9876543209876553
1.745635910224446
0.980392156862746
-1.4563106796116625
0.7389162561576417
0
1.4669926650366871
-0.7228915662650661
-1.4563106796116625
0.4926108374384351
0.4901960784313621
-0.48780487804877015
0.24509803921568105
-0.7334963325183436
0.7389162561576417
-2.6894865525672342
1.7587939698492423
-0.7407407407407469
0.7462686567164242
-0.9876543209876553
-0.24937655860348598
0.24999999999999467
1.745635910224446
-2.205882352941173
0.25062656641603476
-0.5000000000000004
1.5075376884422125
-1.4851485148514865
1.2562814070351827
-0.9925558312655095
0
-1.0025062656641612
0
0
1.0126582278481022
-2.506265664160403
3.08483290488431
-2.743142144638401
0
0
0.2564102564102623
-0.2557544757033307
0
0.5128205128205133
0.765306122448986
-0.7594936708860822
0
1.5306122448979607
-0.2512562814070298
3.526448362720406
-0.7299270072992761
-1.715686274509811
1.995012468827932
0.9779951100244508
0.48426150121066497
0.24096385542168158
1.9230769230769247
-3.3018867924528434
-0.975609756097562
0.9852216748768483
-0.975609756097562
0.9852216748768483
-0.24390243902438508
-0.7334963325183436
-0.7389162561576198
-0.7444168734491377
0
0
1.2499999999999956
-1.2345679012345636
0.49999999999998934
-0.7462686567164021
-0.5012531328320806
-0.25188916876574885
1.010101010101011
0
2.0000000000000018
13.970588235294125
-0.8602150537634415
0
1.9522776572668081
4.680851063829782
-3.455284552845527
1.4736842105263217
-1.244813278008309
0.4201680672269005
2.9288702928870225
-8.943089430894299
4.241071428571417
-4.49678800856531
4.035874439461877
-2.155172413793096
5.066079295154175
-4.8218029350104725
2.2026431718061596
-5.387931034482759
2.2779043280182356
-2.672605790645882
-1.601830663615567
0.23255813953487878
5.336426914153143
-6.6079295154184985
-0.23584905660376854
9.21985815602836
0.21645021645021184
-3.8876889848812035
-0.8988764044943828
-2.2675736961451367
0
-3.016241299303942
-7.655502392344495
6.217616580310875
0
-0.24390243902438508
1.222493887530558
-0.4830917874396033
0.4854368932038731
-1.2077294685990296
0
0.48899755501223624
-1.4598540145985521
1.2345679012345636
3.6585365853658627
-3.9999999999999982
4.166666666666665
-3.294117647058816
0
-0.24330900243310644
-2.439024390243894
2.2499999999999964
1.4669926650366871
-1.9277108433734955
-0.24570024570026228
0.4926108374384351
1.225490196078427
-1.9370460048426168
0
-0.24691358024690832
0.4950495049504845
-1.231527093596055
0.997506234413966
-0.7407407407407469
0
-0.24875621890546737
0.7481296758104801
-0.7425742574257487
0.4987531172069941
0.9925558312655095
0
0.7371007371007213
2.1951219512195306
-3.102625298329374
0.24630541871922848
19.65601965601965
3.6960985626283307
-10.891089108910888
2.2222222222222143
-4.7826086956521685
-1.5981735159817416
3.016241299303963
2.252252252252244
-9.471365638766514
3.1630170316301673
9.43396226415093
1.0775862068965671
-2.1321961620469194
-0.4357298474945441
-3.282275711159745
3.3936651583710487
1.3129102844638862
-1.7278617710583168
0.2197802197802151
2.8508771929824737
-4.26439232409382
4.231625835189298
-5.128205128205114
4.729729729729729
-5.376344086021505
2.045454545454542
-4.008908685968833
1.6241299303944383
-4.566210045662104
1.4354066985646052
0.4716981132075371
0
-0.4694835680751074
0.9433962264150951
-0.23364485981309988
-1.4051522248243469
21.615201900237533
2.343750000000002
-6.67938931297711
-3.0674846625766765
1.0548523206751017
2.087682672233813
7.157464212678948
1.9083969465648787
-3.1835205992509352
1.547388781431336
0.7619047619047625
-0.7561436672967871
-1.3333333333333388
1.9305019305019409
-1.893939393939404
1.9305019305019409
2.46212121212121
-2.0332717190388228
5.0943396226415185
2.1543985637342926
-0.5272407732864718
2.1201413427561855
13.148788927335636
1.6819571865443474
-8.571428571428575
0.3289473684210456
5.409836065573772
3.57698289269052
-5.555555555555557
0.158982511923685
-3.333333333333333
0.16420361247947104
-1.6393442622950762
2.5000000000000058
-3.0894308943089492
3.3557046979865803
-3.2467532467532494
2.3489932885905986
-3.770491803278681
0.8517887563884127
-7.4324324324324245
4.014598540145981
-9.298245614035093
-1.7408123791102488
-6.692913385826769
1.2658227848101182
6.875000000000002
-2.1442495126705716
4.183266932270934
0
3.059273422562127
1.1131725417439795
-1.1009174311926697
0.18552875695734092
-2.037037037037043
5.1039697542533
3.057553956834547
1.5706806282722487
0.5154639175257621
1.8803418803418859
-4.697986577181212
2.1126760563380302
-4.1379310344827624
1.6187050359712365
-2.4778761061947003
4.900181488203275
-4.84429065743945
1.8181818181818117
-4.9999999999999885
1.5037593984962419
3.5185185185185093
3.577817531305907
-4.835924006908467
-1.088929219600719
4.036697247706417
0
-1.234567901234573
1.250000000000005
-2.645502645502652
0.724637681159421
-1.9784172661870403
2.0183486238532007
-2.15827338129495
-0.5514705882352986
-0.18484288354897943
0.18518518518518123
-1.1090573012939093
0.1869158878504799
-1.8656716417910546
0.7604562737642593
-3.773584905660381
1.5686274509803937
-6.370656370656373
9.072164948453617
-5.482041587901702
0.9999999999999964
2.3762376237623783
0
-3.094777562862672
3.39321357285429
-3.6679536679536584
0.8016032064128263
-4.572564612326052
-3.9583333333333233
4.989154013015174
0.8264462809917363
-3.073770491803268
0.2114164904862534
0.8438818565400851
3.3472803347280364
-5.870445344129555
1.0752688172042972
0.21276595744680396
3.6093418259023338
-6.352459016393435
3.9387308533916783
-0.8421052631578955
1.273885350318463
-4.192872117400404
2.4070021881837946
-3.8461538461538405
0
-0.8888888888888897
0.896860986547086
-3.333333333333341
2.988505747126455
-2.008928571428588
1.3667425968109455
-5.617977528089887
0.238095238095233
-1.4251781472683993
1.9277108433734955
-1.8912529550827437
1.2048192771084294
-1.9047619047619064
-0.7281553398058312
0
0.9779951100244508
-0.24213075060532172
-1.2135922330097044
0.24570024570024043
1.960784313725492
-1.4423076923077043
-0.975609756097562
2.4630541871921316
-0.24038461538461026
0.9638554216867478
6.682577565632442
-6.935123042505585
0
0.7211538461538521
-0.7159904534606264
-2.8846153846153872
3.960396039603964
-1.6666666666666734
2.6634382566586035
-3.3018867924528434
3.4146341463414775
-4.481132075471707
-1.2345679012345636
1.4999999999999902
0
-2.7093596059113163
1.265822784810122
-1.749999999999996
3.8167938931297685
-4.656862745098038
2.056555269922881
-2.267002518891695
-1.2886597938144284
0.7832898172323709
-2.849740932642484
0.7999999999999948
0.5291005291005296
-3.9473684210526296
4.109589041095888
-0.5263157894736847
2.645502645502648
0
3.8659793814433083
1.2406947890818814
2.9411764705882377
0.9523809523809532
2.594339622641496
-0.22988505747125948
-0.6912442396313422
0.46403712296984834
2.540415704387998
-5.63063063063063
1.4319809069212317
3.5294117647058907
-0.9090909090909098
1.3761467889908165
-0.2262443438913979
-2.721088435374152
-1.6317016317016384
0.9478672985782
-1.8779342723004713
0.4784688995215422
2.3809523809523725
-3.255813953488365
0.24038461538461026
0.4796163069544475
-0.7159904534606264
-1.2019230769230727
2.6763990267639763
0.23696682464456578
-0.7092198581560342
-0.238095238095233
-0.2386634844868896
-1.6746411483253445
-0.9732360097323609
2.7027027027026884
0.4784688995215422
-0.9523809523809532
-0.7211538461538521
0.24213075060532172
0
-0.966183574879228
2.4390243902439157
-2.6190476190476266
0.7334963325183436
-0.4854368932038947
0.975609756097562
-1.2077294685990296
4.6454767726161466
-5.841121495327102
1.2406947890818814
1.225490196078427
1.6949152542372952
-3.5714285714285796
3.209876543209874
-3.5885167464114707
1.2406947890818814
-2.205882352941173
2.0050125313283225
0
0
-3.685503685503694
2.040816326530614
-0.5000000000000004
3.5175879396984957
2.427184466019409
1.6587677725118553
-3.263403263403256
1.9277108433734955
-1.8912529550827437
0
-0.7228915662650661
1.699029126213599
-2.3866348448687478
6.112469437652812
8.525345622119819
2.972399150743093
2.680412371134037
4.216867469879517
-8.670520231213874
4.641350210970459
-11.693548387096776
-1.3698630136986212
2.546296296296283
