0
-4.8076923076923075
0
-4.040404040404044
0
-4.210526315789477
8.791208791208799
4.040404040404044
-7.766990291262142
-4.210526315789477
1.098901098901095
-1.0869565217391266
-1.098901098901095
0
-4.444444444444448
2.32558139534885
-4.545454545454549
4.761904761904766
-1.1363636363636525
2.298850574712656
-5.617977528089887
-1.1904761904761862
3.8554216867469697
-1.3921113689095037
-1.6470588235294183
-1.9138755980861262
2.4390243902439157
0
0.9523809523809532
0.23584905660376854
0.9411764705882362
2.5641025641025714
-1.3636363636363749
2.5345622119815743
2.247191011235947
4.615384615384615
-1.0504201680672232
2.972399150743093
-5.154639175257732
-4.99999999999999
0
-4.805491990846681
1.442307692307683
1.8957345971564
-3.255813953488365
1.6826923076923144
0.23640661938533772
2.3584905660377276
-0.2304147465437739
2.771362586605083
2.0224719101123565
4.845814977973562
0
4.621848739495812
0.20080321285140132
4.809619238476958
-8.030592734225637
-1.2474012474012395
-2.3157894736842173
-2.8017241379310325
-2.217294900221722
1.8140589569161014
-4.231625835189318
2.5581395348837286
-5.89569160997732
-2.40963855421688
2.469135802469149
1.9277108433734955
-2.1276595744681024
0.24154589371982307
-0.7228915662650661
0.7281553398058312
-0.7228915662650661
2.427184466019409
-0.9478672985782
0.4784688995215422
-2.1428571428571392
1.7031630170316154
-3.5885167464114707
2.4813895781637627
0.48426150121066497
0
-2.891566265060243
0.49627791563274376
-0.7407407407407469
1.7412935323383156
-1.7114914425427943
3.233830845771164
-3.1325301204819462
0
-0.24875621890546737
1.995012468827932
-1.7114914425427943
-0.7462686567164021
-1.0025062656641612
-2.0253164556962044
2.583979328165377
0.7556675062972242
0
2.0000000000000018
-3.1862745098039187
1.265822784810122
0.7500000000000062
1.2406947890818814
-2.205882352941173
2.0050125313283225
-0.49140049140050274
0
2.962962962962966
0
0.7194244604316606
-1.1904761904761862
1.445783132530111
1.900237529691213
-2.3310023310023227
2.1479713603818578
0.46728971962615823
3.4883720930232642
-1.1235955056179734
4.090909090909084
-1.091703056768555
3.752759381898453
1.0638297872340388
4.000000000000008
0.809716599190284
3.8152610441766965
-8.317214700193418
0
-4.852320675105494
-3.991130820399107
-0.9237875288683611
0
1.6317016317016384
-1.376146788990837
0.23255813953487878
2.5522041763341146
-6.108597285067864
0
1.6867469879517925
-1.6587677725118342
0.24096385542168158
-1.4423076923077043
-0.24390243902438508
3.4229828850855886
-0.9456264775413719
-0.9546539379474948
1.6867469879517925
1.8957345971564
-1.3953488372092933
0.9433962264150951
-1.8691588785046744
1.1904761904761862
-1.4117647058823437
0
0.4773269689737368
1.6627078384798168
-1.4018691588785162
0
0.9478672985782
2.112676056338025
-3.908045977011493
-1.9138755980861262
1.951219512195124
1.9138755980861262
-2.582159624413132
0
-0.9638554216867478
0.24330900243308481
-0.24271844660193656
1.9464720194647218
-1.4319809069212528
-1.9370460048426168
2.469135802469149
2.409638554216859
-3.9999999999999982
1.715686274509811
-1.2048192771084507
0
-0.975609756097562
0.7389162561576417
-2.200488997555009
0
0.49999999999998934
1.9900497512437831
-2.926829268292675
2.512562814070354
-1.225490196078427
0.49627791563274376
-1.4814814814814719
0.5012531328320695
-0.748129675810469
0.251256281407041
1.7543859649122655
0.7389162561576417
-0.24449877750610727
2.205882352941173
-3.1175059952038344
-6.683168316831683
7.161803713527852
4.950495049504955
-5.1886792452830335
1.9900497512437831
-1.219512195121947
3.7037037037037126
-4.047619047619046
1.2406947890818814
-2.4509803921568647
-0.7537688442211006
0
0.759493670886071
-2.010050251256283
2.3076923076923155
-4.761904761904772
1.5789473684210542
0.25906735751295934
1.2919896640826827
-1.5306122448979607
3.3678756476684026
-2.2556390977443685
1.5384615384615399
-3.28282828282828
1.5665796344647533
-3.3419023136246873
0
2.9255319148936256
-2.583979328165377
3.4482758620689626
2.0512820512820533
-2.261306532663313
-1.0282776349614404
1.818181818181814
0
1.2755102040816395
1.7632241813601974
1.2376237623762332
-0.48899755501221454
0.7371007371007213
-1.219512195121947
-0.24691358024690832
8.910891089108917
0
0.2272727272727224
1.1337868480725584
2.0179372197309386
-2.857142857142855
6.108597285067884
-13.006396588486146
2.205882352941173
-3.597122302158282
4.228855721393056
-3.818615751789979
0.24813895781637188
-1.7326732673267287
2.0151133501259353
-2.7160493827160463
2.0304568527918687
-4.726368159203968
-2.0887728459530046
-3.999999999999998
9.999999999999996
-1.262626262626258
2.3017902813299194
-4.5000000000000036
3.6649214659685896
-2.5252525252525273
2.590673575129536
-8.333333333333336
0.27548209366391824
3.8461538461538374
2.380952380952389
-1.8087855297157696
1.0526315789473695
0.5208333333333338
2.331606217616588
-2.531645569620255
1.0389610389610398
-2.5706940874036013
1.5831134564643814
-2.5974025974025996
-3.7333333333333365
5.263157894736841
0
1.3157894736842175
3.3766233766233738
-4.020100502512566
2.094240837696337
-2.5641025641025665
-1.0526315789473695
1.0638297872340436
2.105263157894739
-2.061855670103095
2.368421052631587
-0.7712082262210861
0
-0.5181347150259072
-1.0416666666666676
-0.7894736842105212
0.7957559681697561
-0.5263157894736847
0
0.7936507936508003
0.7874015748031444
-3.385416666666664
1.078167115902966
-2.93333333333333
3.0219780219780183
-2.666666666666669
1.91780821917809
-4.032258064516139
-3.3613445378151168
3.1884057971014457
3.651685393258424
-4.336043360433608
0.5665722379603405
-1.9718309859154886
-7.758620689655173
6.853582554517141
-0.8746355685131267
4.117647058823533
0.28248587570620864
-1.1267605633802829
2.2792022792022815
-3.899721448467958
0
0.2898550724637619
3.1791907514450832
-0.8403361344537761
-1.4124293785310684
-2.865329512893985
0
1.1799410029498536
2.0408163265306074
-0.8571428571428515
-0.8645533141210446
0.8720930232558212
-0.5763688760806921
-2.8985507246376834
4.776119402985065
-4.273504273504272
2.380952380952383
-0.29069767441859845
0.291545189504367
-1.1627906976744196
-1.4705882352941124
0.2985074626865608
4.1666666666666705
-4.571428571428576
-0.8982035928143655
3.0211480362537793
-1.7595307917888579
1.1940298507462697
1.4749262536873102
-2.325581395348839
3.2738095238095335
-6.340057636887614
-1.230769230769232
3.115264797507791
0
-2.1148036253776388
0.6172839506172707
0.3067484662576758
0.9174311926605445
-2.1212121212121167
3.405572755417953
-5.089820359281435
-5.047318611987387
-5.9800664451827155
9.540636042402827
-1.9354838709677435
0.3289473684210456
15.737704918032788
1.983002832861198
-13.611111111111116
0
-2.893890675241153
0.6622516556291397
-1.9736842105263175
-4.362416107382547
8.42105263157894
-1.294498381877024
-1.6393442622950762
4.6666666666666705
-3.184713375796181
-0.9868421052631661
0.33222591362127013
4.96688741721854
-7.570977917981066
2.3890784982935096
-4.0000000000000036
-0.6944444444444451
-4.195804195804184
-4.379562043795624
4.961832061068698
3.63636363636364
3.859649122807013
3.040540540540536
2.2950819672131244
-1.282051282051283
8.116883116883116
2.1021021021020974
-5.294117647058815
-1.2422360248447215
-0.3144654088050387
6.309148264984233
-8.308605341246299
3.2362459546925595
-2.8213166144200583
-1.6129032258064602
-1.6393442622950762
8.666666666666659
-5.214723926380366
9.70873786407768
-3.5398230088495604
2.4464831804281366
-5.970149253731348
-2.8571428571428528
0.32679738562090804
0.6514657980456032
-0.32362459546924877
-0.9740259740259821
1.3114754098360668
-2.588996763754048
2.6578073089701024
5.8252427184466065
-7.033639143730887
3.289473684210529
-2.5477707006369448
2.9411764705882306
-3.1746031746031775
0.327868852459024
0.9803921568627387
-1.294498381877024
1.9672131147541003
2.8938906752411673
-3.4375000000000098
-2.588996763754048
2.3255813953488467
-0.9740259740259821
1.9672131147541003
0
0.9646302250803939
-4.140127388535042
1.9933554817275767
2.605863192182413
-1.5873015873015817
3.225806451612906
-4.3750000000000036
0
0
-1.6339869281045838
1.3289036544850512
-2.9508196721311433
2.7027027027027053
-1.3157894736842117
1.3333333333333346
-1.3157894736842117
1.3333333333333346
-2.960526315789469
2.372881355932198
-0.6622516556291397
-1.3333333333333346
0
-0.33783783783783067
0.6779661016949158
0
1.6835016835016774
-2.6490066225165587
2.040816326530614
-2.333333333333328
-4.436860068259397
4.28571428571429
-3.767123287671229
10.676156583629886
2.8938906752411673
-4.062500000000011
