-6.967763599731363
4.3133008482223385
-8.737024221453288
2.540284360189569
1.3865779256794233
2.8446389496717766
-1.2056737588652402
0.34099066762382935
0.9300661777857149
-1.2404749246854512
1.3457742687959808
3.2223796033994416
0.0686106346483666
-0.5142269454919438
-1.9641626464507198
-0.632688927943765
-2.157764414573741
-0.5784526391901744
-0.6363636363636364
-2.2872827081427265
4.831460674157295
-1.1968560200071334
0.6327969625745796
-0.053898670499473264
-0.3235664209958574
0.41478809738502337
0.1436781609195525
1.1477761836441853
0.39007092198582366
3.1437654539032063
3.8356164383561606
1.5501319261213684
3.767456966547588
1.0954616588419406
5.557275541795662
1.1878574571051508
3.391304347826084
2.2988505747126404
-7.12523979172376
-0.5606373561522506
3.694362017804151
5.308341679782519
-2.1195652173913073
-1.985008328706268
0.9347117971958678
-0.4209344745334643
3.719881640129629
1.8611601684553636
-0.38676980528140537
2.262685767840404
-0.06546216286986123
0.4192322808856342
1.9960861056751409
0.6011767715528327
-2.403051493960582
0
5.523710265763416
-0.03703703703703142
-0.30875632950475485
0
-3.010406342913784
-0.08941116362242071
-3.7458450524162705
0.14610173993890593
0.8488063660477423
-0.1578116780641678
4.07007376185458
1.3669155803062845
-2.809339493070296
-1.0020554984583703
0.9343368803529628
-0.9385446130110511
0.012978585334201523
-1.3755515182974334
2.0921052631578916
1.314602397216142
-0.9667981172878797
0.1926782273603083
-1.5256410256410227
-5.468038015883348
6.114860212091996
1.7521090201168072
-0.5484693877550962
-0.32063614210593816
-2.6634071024189456
0.09253139458031004
-1.8753301637612314
0.3364737550471063
0.8718980549966465
0.013297872340428556
-2.419890971945226
0.013625834582371269
-0.5449591280653951
1.4931506849315037
-1.1742475367795833
0.9833378858235361
-1.149580741141466
-0.34204405527431936
-1.5101592531576058
1.031502648452743
-1.0899558498896216
-0.9624773329613583
3.6619718309859155
0.2309782608695714
-2.1146807645384333
1.9526381387619474
8.67970660146699
1.212348456442936
-4.655470486539878
-1.2045071881880673
4.640797063450458
-1.7539463793535455
-0.1530221882172973
-0.31928480204342274
-1.1146700832799545
-0.7514900233220984
1.279373368146208
0.19334880123743234
-0.7976328315965434
-2.217611204772406
2.2546419098143238
0.23346303501944934
-1.630434782608684
0.026308866087862638
-2.932667017359279
-0.35225579189811984
-0.14955812372535998
1.2799564270152475
0.3226673837053094
0
-1.487536853390515
-0.0952251394368175
0.190631808278864
2.06577874422398
-3.5419440745672466
-4.003313086692435
3.2499280989358676
0.5571030640668524
-2.3961218836565035
-0.056761742585510276
-0.08519096975719283
-0.24158021884326353
0.1709401709401774
-0.5119453924914708
1.1578044596912553
-2.6423625830154083
1.001451378809866
1.2501796235091314
0.3548112404200965
-0.9899589874133785
3.113840879874297
-1.7315417647873668
0.9303636876233469
2.5418994413407883
-3.840915281939532
0.5240793201133209
-0.8172467239678833
1.6053416678505568
-3.6772930648769666
-3.4692988822760893
4.10526315789473
-0.3033367037411396
1.231527093596059
-0.10018605982539651
-1.4326647564469914
0.29069767441860467
-0.8695652173913043
0.7456140350877226
0.8561892323320239
0.3597122302158273
0.6881720430107462
0.5837960985333935
-0.481313703284255
2.418207681365576
0.23611111111111743
-1.3717611195787849
-0.7586400674346695
0.31143827859570294
-0.8185153824442659
0.5122367672168502
-0.5096262740656884
0.1707455890722888
3.366477272727279
-0.6046447711969343
3.345776303055447
0.7892976588628732
-1.114945580037162
-1.2080536912751678
-0.82880434782609
-0.2740101383751199
0.21981041351834357
-0.47978067169294036
0.06887052341597796
3.207157604955259
-0.8402240597492605
-0.20174848688634836
-0.9838274932614494
-0.3130529467810083
-0.5324959038776594
-0.06863417982155114
0.6456043956044019
0.5459260270233383
-0.298629021311259
-1.6337644656228727
5.5224913494809655
2.0461699895068235
1.1182519280205714
-0.08897928053896599
1.2086513994910941
0.3142677561282212
-2.694235588972431
0.16741790083708366
-1.1828233479043369
0.195160031225605
5.5447344500714095
2.940452755905523
-4.541651727022828
-0.9891072993614737
-0.2781992918563394
-2.003550595992907
1.9151138716356197
-0.9903504316912225
-0.9233136701718302
-0.6601087237898036
3.778501628664495
-0.8160703075957313
1.2405063291139182
0.07501875468867501
5.7971014492753605
0.3778932451582482
2.2705882352941122
0
-2.220177154031975
-0.7058823529411765
1.1492890995260718
-2.0967553004568455
2.9073941134242727
-3.0345308685036647
1.5107913669064776
-0.11811953697141507
0.5676442762535424
-1.9049858889934068
2.793095181011742
0.268221574344018
1.290997906489884
-1.9520036743598577
1.1476753718234065
-0.8683570684265369
-0.9226816164447664
0.907697748438058
0.2570093457943978
-0.2913073875553484
-0.04674535468038926
0.8885771074476819
-2.653841696604471
0
-1.0833333333333361
-4.152124202671802
5.73832245102964
-2.363139769623557
2.1162734127949374
-1.834206765126248
1.674350885707347
2.1479713603818618
0.3971962616822403
-2.932278333721193
3.344521697434665
-1.8559331864052893
5.070322656896345
0
1.4510686164229445
0.011087703736558681
0.6541019955654077
-1.9495539156294672
-1.1345764996629997
-0.03408703556414819
-1.1252557399408931
-1.5978848143464741
0.32710280373831246
-1.374010246856073
0.2833530106257352
-0.9300682834942285
1.9251336898395777
-0.7345225603357897
0.24665257223397025
0.7615700058582309
-0.43023255813954014
1.0860679668340616
-2.7841959334565645
-0.8912655971479501
-1.3669064748201412
-0.3768538779479726
-0.18303843807199513
2.6894865525672373
-2.1190476190476137
-0.6324495256628613
-0.2203182374540948
0.4661432777232525
1.086691086691084
-0.9542215243386856
-0.9146341463414634
0.23384615384615104
-0.3929273084479288
-1.3806706114398477
0.4000000000000057
-0.07470119521912633
-0.9344629952653875
-1.0942019871714306
2.873855544252292
-3.275648949320148
3.463258785942495
0
-2.85326086956522
-1.080737444373808
0.7712082262210797
-1.13520408163265
1.703006063733703
-2.2580235950780105
1.0642439974042888
0.6292538846795912
0.025523226135774856
-0.49757591222250286
-1.1924605718681824
2.7770568388268853
-2.0328282828282855
1.8559092666580717
-1.3918765025939517
0.15398434492493848
-2.934016655989747
-3.1151003167898654
-4.250681198910088
5.66306203756404
-6.921626716940477
0.9837962962962896
-1.8051575931232124
-0.5398307557630482
-0.11735367463694707
-0.1762373329416848
-1.5595115492128913
1.6290539530712864
-1.5441176470588236
0.07468259895444361
-2.2985074626865636
-0.473571646807214
0.7521105141980011
-1.9043266301035955
4.162136977791593
-0.014909795735801808
-1.058753355204298
-2.0195930670685724
6.106752807260411
-0.492896491736732
-2.695221445221445
0.08983380745620943
1.8698578908002992
0.44052863436123346
1.7543859649122806
2.758620689655179
-2.6985458612975486
-0.25865785313981243
-0.014407145944391691
-2.0172910662824206
2.8970588235294183
-1.3863084178933893
-0.37681159420290183
-6.575501891184162
3.301152289006529
-1.7184202592704216
0.41411042944785975
1.0386436535817862
-0.7558578987150416
0.47220106626047564
-1.4554275318374807
0.5076923076923007
1.6531455686514724
-1.219695828941428
-0.41158536585366545
-1.9592836369202442
2.638563622170176
-0.3346516580468409
1.7551892551892552
0.28498575071246096
-1.8845348489380829
0.4878048780487874
-3.4435679611650554
0.534171249018064
-6.016565088295046
-0.016627868307286787
-5.222018958922331
2.351289699947355
-0.9257671866963788
0.01730403183942252
5.432525951557089
0.31178208073514563
0.4907574022574841
-1.9534429431873679
2.324423044994189
0.25961382443615494
-0.5826185466904067
1.8394921048347825
0.9750639386189295
1.0289694475225581
0.17235976183013302
-2.1429688722039626
1.758312020460358
1.4765944077913882
3.0650154798761537
-3.5145689396215047
-0.21793275217932398
-1.6380655226209049
1.395717684377471
0.5005474737994753
0.35797665369649095
0.294665012406962
-0.804082263800842
-1.4497272018706087
4.555520404935139
1.4826021180030189
-4.487179487179474
2.075854534103317
-2.5840978593272137
-0.7377177837074314
-0.2213788741302937
6.323296354992072
-5.664033387986287
0.9480170643071576
-3.0051651275629885
-0.9197999031789649
-0.4723127035830582
-0.8345606283750651
3.92739273927392
0.03175611305176969
-0.5079365079365151
0.27121888959796514
-0.3500397772474217
2.1874501037841365
0.78125
1.8604651162790697
-1.933028919330296
0.24833152258265137
0.6967022758941013
4.489544895448962
-2.869334902884049
0
-6.241478563853968
-1.098723541767645
3.169416761966995
1.1243072050673037
-2.270591919824616
5.752283287934622
-5.33333333333334
4.9135723431498155
-5.2479023646071665
2.3184672355498273
-4.028324154209288
1.656009181833091
-1.3387096774193474
0.6212195520679997
-0.487408610885459
-0.1959183673469462
0.7524946834614793
-0.032472804026616627
0.04872502842292586
3.5714285714285716
-4.122257053291529
0.049043648847466814
-0.49019607843137253
1.7405582922824339
-2.8728211749515924
-18.560983715520095
22.097531116098747
-1.370320855614962
0.6269061335140514
0.791379020037051
-0.5846976277981958
