-4.811715481171542
1.5384615384615448
-4.274891774891778
1.3566986998304158
-0.22308979364194403
-0.1676914477361718
0.7278835386338249
1.834352418009996
-0.27292576419213976
1.6420361247947455
-2.046311254711892
0
-0.49477735019241653
-0.4972375690607766
-0.6107717934480813
-0.5586592178770949
0.5617977528089888
0
-1.0614525139664837
0.22586109542631602
2.3661971830985853
0.16510731975784887
0.5494505494505495
-0.10928961748633259
-1.1487964989059205
-0.05534034311012414
-1.328903654485053
0
2.1885521885521917
0.3844041735310363
1.8599562363238387
-0.05370569280343412
-1.6657710908113887
0.2185792349726807
1.254089422028344
0.3231017770597861
2.8985507246376687
-0.1564945226916969
-2.142110762800415
-0.9076348104645046
2.9633620689655173
-0.5232862375719519
11.204629142556554
-1.1352885525070981
0.14354066985646477
0.573339703774481
-0.9026128266033281
-0.9587727708533078
-0.29041626331074266
0.4368932038834979
0.7249879168680522
-0.2879078694817631
3.1280076997112607
-1.3532431171255275
1.6556291390728477
-1.5821312238250376
-1.6548463356973995
0.7692307692307665
-1.7175572519083944
1.6504854368932067
-0.668576886341932
0.5769230769230714
0.5258126195028789
0
-0.04755111745127091
1.332064700285448
-0.9859154929577438
6.116642958748224
-7.462019660411089
0.9657170449058426
-1.3868962219033982
0.5819592628516087
4.098360655737705
1.9453450671607173
3.225806451612901
0.04401408450705226
-2.463704355477353
-0.4059539918809099
1.8568840579710117
1.333926189417519
8.424747696358047
-1.0522055847834861
-3.3946830265848718
0
-0.508044030482637
-0.34042553191489844
-1.707941929974381
-1.6072980017376146
10.286975717439297
-0.8406725380304334
-1.493742430359301
1.065573770491801
0.32441200324412467
0.16168148746968702
-1.9370460048426195
1.1934156378600846
0.8540056933712868
-1.0080645161290323
5.132382892057036
2.2859356838434626
-1.7045454545454546
-2.543352601156067
2.6492684855674247
0.7318952234206383
-0.8795411089866201
-1.0416666666666623
0.5847953216374269
-0.5813953488372093
-0.6627680311890793
-0.39246467817896385
1.6942474389282944
1.2785741960480257
-0.42081101759753864
0.11525163273146806
0.11511895625477916
-0.34495975469527684
-0.9230769230769144
0
1.0093167701863222
-3.1514219830899264
13.928571428571438
2.1595262974573277
1.5001704739174828
-1.3436345314074571
-3.4388832141641017
-0.5641748942172153
-1.4539007092198661
0.17992083483267363
-0.682471264367808
-1.6274864376130198
1.0661764705882268
0.4365223717715699
-0.7243752263672582
0.2188982123312535
2.6574444848926144
-0.7446808510638379
-3.536977491961407
-0.6296296296296254
3.578084234066331
3.0586541921554518
-2.234636871508372
0.2142857142857224
-0.819672131147545
-0.03593244699964884
2.0488856937455027
-1.4441704825642714
3.5382416011436657
0.1380738695202051
19.820751465012062
3.624856156501716
-2.2209883398112162
-0.5962521294718813
12.682090831191083
-2.205323193916347
-1.088646967340588
-1.7033542976939202
-1.9728072513996358
-1.8493336959477866
2.1058464948739326
1.8453188602442365
-2.6112443378630457
1.6963064295485606
-4.412160344363728
-1.8294399099352658
-2.207568807339446
3.752565230137776
-3.475558067250623
-2.2248243559719034
5.209580838323347
-1.6505406943653826
3.2118055555555456
0.8130081300813105
-4.060066740823143
-2.6376811594202962
3.542721047930942
-0.028752156411737416
-1.6393442622950787
-0.11695906432747873
-1.3758782201405284
8.251706737904426
-7.2662462297779
0.029568302779427184
-0.47295300029560233
0.831600831600835
9.072164948453612
1.4582770726437961
3.5666755389938873
-2.7242354150604013
-1.0039630118890386
-0.6405124099279363
0.9669621273166709
3.458366586858207
-3.57418359475443
0.02666666666667273
-3.1724873367102195
0.5231277533039742
-4.930156121610517
1.9878997407087229
-0.19774011299434707
-0.4528729125389252
-3.3266988911003663
-2.470588235294111
2.0506634499396723
-2.2458628841607466
2.539298669891166
-1.827830188679242
-0.4204204204204136
-1.6586248492159228
-0.1533272002453235
0.12285012285011586
-4.233128834355831
-0.032030749519527835
5.799423261775061
0.8176862507571134
0.12015620306399342
-0.3900390039003934
0.6626506024096351
0.6582884500299189
-1.9619500594530221
0.212249848392962
0.9077155824508321
-0.3598200899550191
-1.1435449894673522
0.06088280060882455
-1.125646486157587
-0.06153846153845804
6.4655172413793105
-2.342394447657612
3.5830618892508213
-1.943967981703834
1.3411078717201232
-0.46029919447641615
-0.4046242774566408
-0.5513639001741247
4.347826086956532
-0.5033557046979897
0.8993816750983666
1.0027855153203407
-1.7098731384445796
-1.767676767676755
-0.22850614110254536
1.145147437732608
-1.9813189923577694
-1.212821253248625
0.6138555977784174
0.31958163858222627
-1.0715320011584097
0.585480093676815
-1.222351571594891
0.35356511490867576
-0.7633587786259608
0.029585798816574773
-0.1183081928423644
0.08883624518804009
-5.029585798816568
-0.28037383177569386
-3.1865042174320664
0.22587931590837224
-6.084996780424994
-1.2684264655467907
4.0624999999999964
0.1001001001001039
-1.3666666666666742
-1.8249408583981
3.270223752151463
-0.7333333333333295
0.6715916722632639
0
0.4336224149432993
0.33211557622052473
-2.581926514399209
-0.20387359836901894
0.612870275791628
-0.30456852791877403
1.5274949083503053
-0.3677699765964636
0.10067114093960113
1.0392222594703204
0.16589250165892502
0.09937065253395541
4.169424222369299
-3.9072426937738283
1.2231404958677647
-0.7511430437622506
0.2961500493583528
-0.03280839895013869
-0.7220216606498158
-0.5619834710743764
-0.3324468085106383
-0.0667111407605032
-0.5340453938584855
0.5704697986577143
-2.102102102102106
0.20449897750512025
-2.4829931972789154
1.9881409138472232
-2.8043775649794767
-0.9500351864883845
-0.497335701598571
1.0353445198143438
-2.1908127208480526
1.228323699421957
-0.6423982869379056
-0.9698275862068926
3.336960464272756
-1.8252018252018214
0.2860207365034006
-1.7468805704099741
1.9956458635703918
0
3.9843472073994977
0.2736914129319231
-2.9000341180484472
-0.8784258608573435
3.722084367245657
0.0683526999316434
-3.5860655737704916
7.686857952532763
-10.065789473684218
1.2070226773957613
0.6505240332490103
-1.0412926391382324
-0.36284470246734396
0.47341587764018733
-0.5436752446538602
0.14577259475219903
-1.8195050946142648
0.7783543365455766
-3.052592865023889
-2.7693474962063775
1.3265704252828627
0.11551790527532206
1.9230769230769231
0
0.7547169811320755
0.037453183520607766
1.7970797454136855
1.4711290915777862
-0.8336353751359024
0
-2.1198830409356764
-0.37341299477221807
-0.14992503748127214
0.4879879879879923
-2.054538662682107
9.839816933638447
-9.65277777777778
-0.07686395080706712
-1.5769230769230747
0
3.946854239937473
0.11278195488722231
4.355989485542608
-0.9355883411298906
-1.0897203051216855
-0.1836210062431142
-2.0603384841795522
2.0285499624342727
0.3681885125184094
-2.457813646368322
3.2342986084994445
0.14571948998177678
2.1098581302291786
-1.8168863555397101
-1.0885341074020318
-0.7336757153338224
0.5543237250554324
-0.8085262771040225
-3.3716191181919104
0.9969325153374102
-4.745634016704622
-1.3949780789159028
-0.2021018593371059
0.16200891049007926
4.731095835018191
0.7335907335907248
3.2962821004216263
0.9276437847866419
-1.5808823529411806
0.03735524841241044
1.0828976848394238
-0.8865903213889832
0.969064480059622
-1.8826135105204749
0.1504890895409997
-0.3005259203606354
3.2403918613413802
-0.6934306569342983
-4.189636163175315
1.1891062523974003
0.79605761940863
-0.15043249341856987
0.11299435028249016
0.037622272385239235
0.6393380970289754
0.8221225710014904
11.860637509266123
4.506295559973481
-3.741280913126175
-2.206851119894613
6.062647356012126
-0.03175611305175163
-2.160101651842443
-0.6493506493506493
2.7777777777777777
3.0206677265500796
6.604938271604931
-1.4765489287782183
2.6153394064061053
-1.43184421534937
-1.1040092969203985
0.14688601645123386
2.3467292461132296
2.3215821152192673
-2.605042016806726
0.8052919183203945
-2.339514978601994
2.3955594507741713
6.447931526390876
1.527740552130793
3.7486800422386453
0.8905852417302799
-3.7326607818411124
-1.047943411055803
-2.885888271114635
0.4089422028353326
4.507195221286985
-0.3377500649519238
-2.997914494264859
-1.5855952700886948
-2.0753686510103675
-0.6134969325153501
0.39281705948373574
-0.5030743432084995
-1.5449438202247192
0.6847360912981391
4.392179087560216
1.8186753528773196
0
0.7731271660890369
0.873015873015876
1.4948859166010984
-2.9715762273901807
0.6657789613848203
-1.507936507936505
1.531023368251407
2.142857142857149
0.4921004921004862
-1.984536082474224
1.0255061793321003
7.053617907339933
0.6564551422319447
-2.198067632850247
-3.6552235119782552
2.230197385285821
-2.3069207622868575
0.4620123203285304
0.6387327542156362
1.4724549378014755
-0.3752814610958219
-1.9839276745354038
-1.5885216500128077
2.5774537880760158
-0.15228426395939662
-0.025419420437205364
1.7035341978133711
1.5
-0.2709359605911386
-3.037787107927872
1.2480896586856793
0.402515723270446
-0.12528188423953895
1.856497742097335
0.19704433497537227
-2.138643067846605
