-0.625
-2.1523410202655455
-2.15683473789459
3.3576642335766422
-1.7796610169491558
1.8119068162208833
-2.0621468926553703
0.677819440438426
-2.9795158286778496
-0.029529012254530015
-2.702702702702713
3.217972070431094
-7.955882352941179
-4.138041220642272
0.75
-0.9263854425144785
-0.3840374019034822
-0.10056989607777786
1.9463087248322186
0.36208031599735546
-1.0331256149557158
2.7340513670256836
-3.3870967741935485
0
0.1669449081803005
-3
2.0446735395188966
1.0102710894089915
0.01666944490748837
-0.18333333333333712
0.1335782267490513
0.03335000833749071
0.01666944490748837
0
-2.6666666666666665
2.3972602739726026
-1.8561872909699035
2.1809507582211736
-1.984325496081389
1.6842463422933127
-2.409235402375789
1.114349391393794
-1.81417429637164
0.9324814367121356
-2.7715996578272106
1.0205877177547191
3.936596411774956
4.441092676386794
0.5295250320924189
0
2.330407023144457
1.372640773670247
-3.969841514079082
0.8171767344976802
-5.76923076923078
-0.4891212683420437
2.0338983050847457
-1.6112956810631305
1.2156002026000416
1.1342785654712184
0.04948045522019928
1.8793273986152286
-3.0906148867313954
0.8515611955251332
-0.5960264900662289
2.2651565622918093
-1.6775244299674192
0.21533874440946735
-3.5371900826446243
0
0.6339958875942309
1.4473012089221864
0.6377979187646976
2.051367578385583
-1.9447622160483702
0
-0.04999999999999242
-1.267300316825083
1.283566965039693
0.05002501250624554
-0.03333333333334091
-0.03334444814937176
-0.2501667778519013
-0.016719612105002966
0.10033444816053892
0.21717340461075083
0
0
-0.916819469911652
-0.8075370121130475
-0.10176390773406084
2.5297113752122202
-2.036761053154488
1.031102096010822
-1.422118119457922
0.1357773251866861
-1.4406779661016949
-0.2579535683576956
3.0344827586206935
0.06693440428379807
7.040133779264217
1.2341821590376467
8.65740740740741
9.998579747194999
0
4.996772111039386
0
0.34431874077717095
-5.31862745098039
-4.478384675122964
2.940379403794044
-3.6461761221534874
8.961748633879784
4.989969909729182
0
2.6868879866252686
2.244447028724278
4.99317561419472
0
2.264110063915066
2.6694915254237337
4.993809327280229
-7.517688679245283
-2.242057167144833
5.782608695652179
-0.1233045622688086
-1.224279835390944
2.9059472971565437
-3.4817813765182164
-1.4261744966442977
-2.138297872340428
0.8696597456245244
-1.099256385386349
2.212051868802436
-5.437100213219616
-2.142051860202931
-2.9147465437787967
0
-4.6754479648748175
-1.904643346196932
7.030456852791876
1.4939530471899483
0.6892523364485955
-1.1254205824341492
-2.7340999765313385
-1.9905899384726746
-1.5263417035942857
-0.5
3.844221105527641
3.3147834502782456
1.627634660421543
3.399009102431156
1.3149097392467204
-1.0118785745710563
-1.0555555555555556
-0.07860752386300342
-0.19105416947627915
2.465938520436885
-1.8021978021977998
-1.5107430617726052
-0.2954209748892197
4.250712250712246
-4.580236117184082
2.4172299232443604
-5.290827740492165
1.558993740403913
-3.9423188742877056
1.2106537530266344
-1.3038277511961696
-1.1028966185916886
-0.5514705882352942
0.03696857670979107
-3.1534860803153375
4.299160518951915
-6.585365853658536
-0.783289817232376
-2.8157894736842075
1.5434606011372836
-3.360000000000006
0
4.9944812362030975
1.1563731931668797
-5.157183684073777
0.808108478290642
-4.578804347826093
-0.327495372347993
-0.1285714285714253
0.05721642111285614
-2.687634024303067
-0.10283531658587416
5.058823529411761
1.343784994400899
-2.2651933701657425
1.7524024872809465
-2.958333333333327
-0.38643194504079653
-2.3563218390804566
4.473219540906412
-2.929577464788726
3.0179918746372536
-1.2394366197183035
-2.9948659440958356
-0.9408997353719627
1.4841199168892847
1.0529394559812877
1.3024602026049203
-0.8857142857142922
0.8936292879792513
-2.7714285714285682
0
-0.014692918013520824
1.3813372520205698
-0.4493404841281378
0.029120559114741627
-2.416302765647747
0.4773269689737538
-1.12826603325416
-0.9009009009009009
-2.8181818181818215
2.868724664795756
0.1060927553804252
-0.030280090840279404
1.0449795547478558
-1.0791366906474888
1.4242424242424208
-0.2091425156856853
0.2844311377245475
-0.8359456635318738
0.8128857443926074
-2.5832462296550793
1.1036174126302951
2.48635536688902
-3.772189349112426
1.4604150653343582
0.07575757575757576
2.3467070401211205
-2.381656804733731
-0.5909986361569901
0.9146341463414634
0.1359516616314165
9.292502639915526
-0.6211180124223602
-2.055555555555549
2.0986954055587
-2.250000000000006
-1.960784313725484
4.594202898550731
5.861161147291112
-2.4476439790575975
1.4356634912115989
-4.695767195767195
1.7765440666203962
-1.036410745942985
2.52170318313352
-0.6451612903225745
7.683982683982677
1.7839195979899554
0.9627252530239391
2.347188264058685
2.4844720496894355
-10.501165501165504
-0.7683292095324883
-2.519685039370085
3.9310716208939214
1.3471502590673545
3.2208588957055273
-2.513620604259543
3.391337482535253
-6.683046683046681
-0.9215376513954713
2.192399681105501
0.11701989338187196
-3.5324675324675385
0.942380183091007
1.720458789010415
4.36606791661203
-5.150753768844221
0.013245033112585793
-0.4105416501125709
2.925531914893617
-2.7519379844961183
3.0955227846419495
-4.909793814432993
-0.2710394362379726
1.2637586628618112
-3.1132581857219597
2.9085872576177287
-0.3903095558546403
-1.9456830158086713
-0.09645859170456737
-1.7103448275862037
1.880437833286553
-4.944903581267215
0.5216635270250721
-0.30272452068617883
2.2700983227298916
-2.6721334652905386
2.847181871005233
-3.4604519774011298
4.140453547915136
0.561955605507165
-0.7544006705783707
1.6188063063063063
-0.7341737082698372
-1.9955344683226441
1.3811761355546128
-3.132022471910106
0.3334783239089393
2.268786127167637
-0.9184682775187225
0.7273245864232614
2.5060172731134145
-4.558011049723757
1.3024602026049203
-0.9857142857142824
2.0054826143413615
-1.3295615275813264
1.7775229357798132
-2.22535211267605
1.843849034860264
-2.2772277227722806
2.7645100593428893
-1.1267605633802817
1.1396011396011396
-2.2957746478873173
2.0325789246071655
1.8649335970613232
1.9140083217753057
-5.253130103429492
4.682562482045376
-5.790340285400649
-9.07369647538597
4.180682364247962
1.9372693726937305
1.4781297134238243
3.418549346016647
-4.024144869215292
0.02994908655286695
-2.260479041916171
-0.7504977791392216
3.271604938271612
0.1195457262402801
-5.522388059701493
2.3696682464454977
0.030864197530871215
3.054612773835229
-2.4251497005988094
6.750536974532065
-6.338028169014072
2.2249501304281107
0.9156409486640511
1.933660568198721
-4.421421275353853
3.2061068702290076
-0.9171597633136161
2.717229023589138
-4.011627906976748
2.4227740763173835
-3.9769367238320488
2.3248652809853767
-2.1667168221486572
6.105813595816661
-6.479199884041155
-0.49597024178549987
1.2616822429906578
0.5845254576218973
-2.355100168221437
0.23492560689115113
-3.0625000000000036
2.643455834945193
-2.512562814070352
2.0135309278350517
-2.905416074530235
2.7809399902423197
-1.471518987341765
-1.621968845350895
0.40809663728370876
5.803934319622814
-3.1653349723417197
2.1897810218978027
-0.8540372670807453
0.21926389976507082
-1.6252539459290478
-0.44479745830023104
1.180788255943829
0
-0.1419334489828067
1.0897030953884992
-1.0779565692860456
-0.5053695514845302
0.12698412698411976
3.6461636017755232
-5.919241358213511
2.6987481710291044
-1.1714421402564652
1.8420631106839662
-0.2516514627241128
1.5294859665720484
-1.289020034166789
2.2655758338577687
-4.138461538461535
2.0060985395602633
-2.470106985525495
1.161477657686731
2.264391644075894
1.7152658662092626
-1.8856354438141891
0
-0.078125
1.7982799061767005
-0.5069124423963064
0.2933456847305816
-1.8011083743842433
0.015676438313218802
0.15673981191222572
3.1924882629107945
-2.517440097057935
1.4156813939016837
5.09280564503759
3.459349000145954
3.1602708803611868
0.10940919037198502
1.1748633879781452
1.2152308938698353
0.26680896478121663
2.448110697179348
-4.415584415584416
0.529891304347823
-1.4596567103662597
0.12343985735838393
-3.835616438356164
4.672364672364666
-7.852476864452903
2.776547038842114
-5.7479522919959765
1.8600396401890602
-0.7783265978147051
2.8360235329612413
-4.708816194807103
-0.24630541871921532
-1.3580246913580176
-0.26595744680851774
0.0784313725490196
1.551724137931031
-1.8212687143077566
-0.33013677094796773
-0.8990536277602595
0
-1.639344262295075
1.553398058252431
-1.6730401529636711
1.99319397180359
-2.0336828725770504
-0.421667207265654
-0.3420195439739451
0.8824971400555609
-4.195690912036284
0.4396347649644949
-0.3367003367003367
3.3783783783783785
-6.715686274509807
1.9442984760903876
-7.130584192439863
0.27752081406105455
-3.8929889298893032
-1.977346899596843
10.477869173521347
2.818649175678067
5.793103448275866
