-1.2587412587412692
0
-6.232294617563733
3.3232628398791504
2.9239766081871372
-0.42613636363636714
-0.8559201141226763
0.7194244604316521
-0.571428571428572
-1.5804597701149472
4.525547445255482
1.117318435754191
-3.03867403314918
1.5669515669515717
-0.14025245441794934
0.7022471910112335
-0.13947001394699843
-0.13966480446927076
-0.2797202797202862
1.54277699859748
0
-1.2430939226519317
-1.1188811188811199
-0.9900990099009941
1.2857142857142836
-1.2693935119887145
1.4285714285714235
0.7042253521126861
-1.2587412587412692
-0.2832861189801639
0.42613636363636714
2.545968882602542
-0.8275862068965464
-0.5563282336578586
-0.419580419580423
1.1235955056179785
-0.13888888888888593
0.13908205841446156
-0.9722222222222261
0
-0.2805049088358987
0.7032348804500678
-0.6983240223463663
-0.14064697609002355
0.9859154929577505
2.510460251046021
0.13605442176871668
0.6793478260869541
-0.269905533063434
0.13531799729364918
0.540540540540541
2.0161290322580574
6.455862977602111
-0.8663366336633699
-8.239700374531838
0.6802721088435472
-1.621621621621623
-2.4725274725274806
3.5211267605633805
0
0.27210884353742126
-0.2713704206241582
2.9931972789115733
2.3778071334213964
-3.0967741935483897
3.0625832223701788
-2.325581395348845
0
-0.5291005291005296
1.0638297872340436
-0.657894736842103
2.6490066225165587
-1.5483870967741948
0
-7.339449541284398
3.6775106082036744
-1.5006821282401135
0.9695290858725801
-0.8230452674897065
0.9681881051175573
-2.739726027397263
0.7042253521126861
-0.5594405594405599
1.9690576652601923
-0.6896551724137907
-0.13888888888888593
0
-1.2517385257301912
-0.14084507042253222
2.538787023977429
-1.6506189821182837
0
0.13986013986013687
2.3743016759776525
-2.0463847203274264
1.6713091922005587
-1.7808219178082179
-1.5341701534170198
0
0.5665722379603405
-0.14084507042253222
0.846262341325818
-0.1398601398601493
1.8207282913165252
1.2379642365887311
0.6793478260869541
-0.6747638326585671
-0.13586956521740046
0.6802721088435472
0
1.4864864864864786
-1.1984021304926746
2.9649595687331503
1.963350785340319
-0.7702182284980694
13.583441138421717
-2.050113895216398
9.883720930232554
-5.185185185185169
0
-3.4598214285714337
2.080924855491326
-1.6987542468856212
0
-4.838709677419354
5.326876513317186
-2.873563218390805
0.5917159763313694
0.3529411764705807
1.758499413833533
-3.917050691244238
-1.4388489208633
-0.6082725060827336
-1.9583843329253383
-1.6229712858926328
-2.7918781725888295
-3.1331592689295067
2.2911051212937994
0.527009222661397
0
-0.6553079947575338
0
-2.1108179419525084
0.13477088948786775
3.6339165545087546
-1.2987012987013056
1.4473684210526359
1.2970168612191912
0.3841229193341901
1.2755102040816395
-1.3853904282115908
0
-1.6602809706257968
0
-1.8181818181818254
0
0
5.555555555555567
-4.135338345864662
-1.9607843137254948
0.5333333333333338
0.39787798408488395
-1.7173051519154543
-1.075268817204302
1.0869565217391313
-0.4032258064516162
0.404858299595145
0.13440860215053477
0.26845637583892046
0
1.3386880856760446
0.9247027741083144
-2.0942408376963253
0.6684491978609601
0.6640106241699844
1.4511873350923525
-2.3407022106632067
1.9973368841544654
-2.0887728459530046
1.1999999999999982
-1.1857707509881403
0.1333333333333305
0.13315579227696123
0.3989361702127693
-0.9271523178807867
0.8021390374331498
1.19363395225464
-0.6553079947575338
-1.0554089709762542
0.6666666666666643
-0.26490066225165
0
-0.7968127490039907
-0.2677376171352018
1.2080536912751658
0.6631299734747987
5.928853754940702
-2.8606965174129297
0.512163892445583
1.7834394904458672
0.5006257822277741
3.3623910336239273
-6.26506024096386
1.5424164524421606
-3.1645569620253164
-0.6535947712418393
-0.7894736842105212
-1.19363395225464
0.13422818791946023
0
0.2680965147453145
-0.668449197860972
2.1534320323014824
0.9222661396574477
-2.872062663185375
-0.4032258064516162
1.079622132253712
-0.5340453938584784
2.013422818791939
1.3157894736842175
-1.8181818181818254
-1.0582010582010475
-0.13368983957220154
0
-1.3386880856760328
0.2713704206241462
3.788903924221925
0.6518904823989546
0.38860103626943326
0
3.0967741935483897
2.503128911138915
2.075702075702075
-0.11961722488038024
-0.9580838323353302
0
-0.9673518742442573
0.6105006105006192
-1.5776699029126309
0.4932182490752272
-3.190184049079763
-2.281368821292772
1.9455252918287984
3.8167938931297685
-3.5539215686274512
-0.762388818297338
-0.7682458386683689
0.12903225806451338
-1.1597938144329878
3.3898305084745735
2.2698612862547254
0.4932182490752272
-1.7177914110429517
-0.12484394506866152
1.6250000000000098
-0.3690036900369143
-5.185185185185184
-3.5156249999999947
-0.539811066126856
0.2713704206241462
7.983761840324773
2.7568922305764265
-0.7317073170731552
0
-1.2285012285012458
0.9950248756218916
-0.9852216748768483
1.8656716417910495
-0.9768009768009778
0.9864364981504326
-1.5873015873015752
1.2406947890818814
-0.8578431372549055
0.4944375772558829
-1.1070110701107212
0.49751243781095683
-0.37128712871286335
-0.621118012422369
-1.0000000000000009
0.5050505050505055
-0.1256281407035149
0.37735849056604087
-0.8771929824561439
0
0.6321112515802759
1.0050251256281304
-0.49751243781093474
-0.8750000000000036
-0.1261034047919267
0
-1.1363636363636347
-0.5108556832694768
0.6418485237483931
0.12755102040816055
0.12738853503185574
1.1450381679389294
0.6289308176100606
0
-0.12499999999999734
0.7509386733416833
-0.8695652173913078
0.8771929824561439
-2.484472049689454
0.8917197452229336
-2.3989898989898926
2.069857697283302
-3.5487959442331984
-0.7884362680683377
0.5298013245033117
-0.527009222661397
1.7218543046357602
-0.26041666666666113
4.830287206266308
1.3698630136986454
-2.57985257985259
0.2522068095838646
-1.5094339622641522
0
-2.0434227330779073
-0.13037809647978862
-0.7832898172323824
-0.7894736842105212
1.19363395225464
-1.3106159895150675
1.1952191235059741
2.230971128608923
-0.8985879332477572
2.8497409326424954
-3.400503778337537
1.6949152542372867
-1.410256410256403
2.86085825747724
-1.5170670037926688
2.69576379974326
-0.3750000000000031
0.2509410288582241
-0.7509386733416833
-0.3783102143757801
-2.9113924050632964
3.6505867014341624
-1.5094339622641522
-1.6602809706257968
0.38961038961039285
2.069857697283302
-3.929024081115331
1.9788918205804795
-1.811125485122905
4.08432147562583
-4.810126582278491
0
-0.7978723404255268
1.7426273458445025
-1.1857707509881403
1.8666666666666625
-1.439790575916223
1.992031872509953
-0.9114583333333255
-0.13140604467806405
0.9210526315789511
2.3468057366362416
-3.0573248407643225
2.496714848883042
-2.4358974358974295
0
0.5256241787122212
0.5228758169934645
-2.470741222366715
0
-0.1333333333333305
0
-0.26702269692924513
1.3386880856760446
-3.43461030383092
1.641586867305063
-0.80753701211305
-1.356852103120767
-1.3755158184319072
3.207810320781038
-3.783783783783787
-0.28089887640450084
0
0.14084507042254474
-0.2812939521800346
2.2566995768688316
-4.275862068965512
2.3054755043227555
-4.788732394366195
0
-4.142011834319518
0
-1.6975308641975357
-0.9419152276295212
3.0110935023771854
4.615384615384612
0.7352941176470562
1.7518248175182498
-1.5781922525107523
-1.8950437317784241
3.566121842496275
0.4304160688665746
2.9999999999999996
-0.13869625520110662
0.27777777777777185
0
-0.41551246537395237
1.112656467315705
0.1375515818432005
-1.0989010989010999
-0.8333333333333403
0
-0.7002801120448154
1.2693935119887145
-0.696378830083563
-0.7012622720897591
0.9887005649717554
-0.5594405594405599
0.14064697609001106
1.1235955056179785
-0.8333333333333403
0.7002801120448279
-1.5299026425591142
-0.42372881355932557
0.8510638297872412
0.2812939521800221
-0.8415147265077084
0.8486562942008431
-1.262272089761569
-0.42613636363636714
0.14265335235377727
-0.14245014245013943
0.5706134094151217
0.2836879432624179
-0.141442715700151
1.5580736543909395
-1.952580195258015
-0.4267425320056934
-0.4285714285714321
0.4304160688665746
0
0.28571428571427965
-0.5698005698005577
-0.42979942693410095
0.4316546762589964
0.14326647564469608
-1.2875536480686673
0
-0.43478260869565577
1.3100436681222687
0
1.8678160919540214
1.8335684062059223
2.354570637119113
-1.7591339648173194
-0.9641873278236832
0.5563282336578586
-1.1065006915629332
-0.419580419580423
-1.1235955056179785
0
0
-1.8465909090909076
1.3024602026049183
-0.4285714285714321
-0.1434720229555206
1.1494252873563229
-0.42613636363636714
1.2838801711840209
1.690140845070424
-1.2465373961218817
0.9817671809256702
-3.4722222222222223
0
-0.14388489208632788
-0.4322766570605223
0.289435600578865
