-0.5218216318785687
0.9298998569384918
-1.630049610205536
1.1287223823246988
-5.034433626217061
0.22505626406602505
-4.166666666666663
2.2129653736006247
-2.0376974019358123
0.624024960998434
0.33591731266150165
1.4679371619881505
2.944162436548229
0.5177514792899324
-6.52440519990188
1.810548412490154
1.9329896907216495
0.17699115044247501
-2.523977788995457
0.2071465561885063
0.9560723514211857
-0.4351164576401302
-0.2570694087403599
0.670103092783511
3.020993343573977
0.9940357852882704
-1.2795275590551154
1.5702891326021964
-0.760736196319024
0.7171117705242419
2.307881168671735
-0.3359731221502225
1.1557909944618374
1.4044275172577902
-0.8685446009389645
1.136632725550559
-1.170686022008897
0.8528784648187552
-1.2450082217524105
0.570884871550912
7.52128666035951
2.90365156181258
2.0094057289439884
0.14668901927912587
-0.25109855618329957
1.5733165512901197
-2.5402726146220593
0.1907183725365616
6.006768189509302
0.059856344772548156
2.4526420737786547
-0.5838847800700552
-0.4502740798747086
-0.9636184857423751
-3.3359809372517892
-0.1643385373870196
-1.8518518518518519
0.9014675052410925
-1.3712861001454442
1.0532968190436065
0.896393579320411
0.28925619834710276
-1.2566955088586662
-0.06259127894846889
0.6263048016701461
-0.0829875518672152
-0.9759136212624678
1.0065003145313507
-2.034461282956199
1.8859927950837114
2.1838602329450914
-4.315082434357824
0
1.1274196979365996
-1.388304585612109
1.0665529010238908
-2.1950189953566976
-0.10789814415192059
0.7128969539857446
0.7722007722007771
0.9152830991911476
0.6960556844547467
2.220360284876419
0.6967213114754052
-1.1192511192511192
-0.6379913562461342
-3.479701739850872
0
-3.1545064377682377
-1.7948149789497059
0.7445848375451289
0.627099664053754
-1.379924326730467
0.6319115323854557
1.7941242431038351
1.1676580744657439
2.52613240418119
-3.589634664401027
0.4406256884776383
5.37398552314104
8.097418817651953
0.1347968419025699
-3.173076923076923
0.09930486593843098
-2.817460317460315
0.3266639444671225
2.7676027676027726
0.49504950495049505
-2.975369458128083
-0.1015434606011373
4.533441756454578
0.6612213146635506
-1.8547140649149967
0.8464566929133769
-1.190708569197729
0.3555906756222859
-0.7874015748031497
0.7936507936507936
14.803149606299222
-1.2345679012345756
3.9756944444444406
0.7513775254633495
-3.2979781239641994
-0.3770351328192023
-2.872871150868731
0.23025150549060475
-3.8876126524120873
1.0847582276153664
3.3466715169152588
0.4751847940865772
0.6480994920301358
0.08701705534284719
0.0869414014953921
0.12161223071576299
-2.325177858754117
-0.07106057914371598
-5.9911111111111195
1.5695915279879102
0.42822565630235604
-0.945494994438269
0.056148231330725856
0.7669285447063267
0.8353443475032485
0.20250368188510842
3.9132831159287287
0.4066478076378986
-1.408698714562423
1.92891587783534
-0.6833712984054828
0.22935779816514967
-0.4928709734201845
0.15920750044225915
-0.01766160367361758
-1.519166225048582
-1.4349775784753362
0.272975432211101
1.9963702359346642
0.6405693950177976
0.495049504950487
-0.22871217452497442
0.5113736554399536
0.8421052631578868
0.9220598469032827
2.6202378900189505
7.4920208298337005
1.578371620565717
-5.538461538461538
-0.06514657980455656
5.492177314211201
-0.8651320871311462
2.9764687548698623
0.7566585956416465
-0.6158005407029001
0.5591657850989771
0.19537120529006136
0.3599820008999516
-2.211926468390385
-0.06113403637474817
-2.263343018810209
0.015647003598814387
-0.8604505632040049
-0.15780337699226762
2.797534376481734
0.6918819188191883
1.4811421591082679
1.0532651218778213
2.2632519356759873
-0.4659289458357501
-0.8777062609713282
0.3394332939787418
-1.3237240770701575
0.7899836041138871
0.2366163856846952
6.18176453231043
0.3473669584549117
0.5538631957906397
-1.2255576976039784
1.7705283702774357
-1.4246575342465722
0.38910505836575243
-1.730343300110742
0.08451894633047229
-0.6755805770584031
-0.21255491001842142
0.09940357852881734
-0.028372818839542034
0.7095217823187171
1.7753980555164024
-0.06922331441229407
0
0.041562759767258
0.6370308821492899
0.632998486307955
0.27348557363599074
-1.4591572344197372
0.4428452809299656
-0.9920088178561494
-0.13915947676036738
0.6131549609810447
-0.7063711911357372
-2.482912540103216
0
-0.3146903161207331
1.5927679724494221
5.437853107344632
0.7501674480910948
-0.02659220848292055
0.2792924591036072
-1.5251989389920424
0.6734006734006734
-0.8695652173913043
0.31039136302293585
-1.8565854971074875
0.19191226867717304
-1.1492680257217098
-45.30103806228374
-3.3653846153846185
0.02618486514795044
0.0523560209424054
0
-1.9099947671376274
0.6668444918644972
7.472178060413367
0.6656804733727782
-1.224589762429586
-0.371931564592115
-1.2195121951219596
-0.7054673721340274
-0.3298655163664073
-0.17820773930753275
1.4792144861004728
0.5026388539834129
-0.47511877969491806
1.9597989949748773
-6.062099556431745
-2.4134312696747084
-4.56989247311828
-5.915492957746479
-5.898203592814368
-1.4635698377346555
12.786567646109146
1.5459490409390144
-1.7479560191711274
1.0043041606886658
-2.8124999999999933
-1.169248757673195
0.2661934338952905
2.4778761061946835
-4.778353483016686
0.6650544135429228
3.6336336336336403
0
-0.6085192697768829
0.17492711370263053
-0.6111757857974455
0.4099560761346932
-0.933216681248174
-0.26493965263467095
0.11806375442738408
1.3266509433962264
2.909514111143439
0.25445292620866106
-3.38409475465313
0.7589025102159853
-1.0139049826187718
0.46824700029266103
-0.5534517914360717
0.4393673110720563
-1.4873140857392728
0.858496151568969
-2.7296742001761114
0.15087507543753773
-0.24103645676407187
0.3624282694050101
10.502557929581696
0.21786492374727978
-0.7880434782608634
-0.4108463434675431
0.19251925192518937
0.4666483667307133
-2.459016393442623
0.25210084033612806
-0.782341436155338
-0.39425513939736245
-1.8377155781735934
0.37442396313364384
-3.443328550932568
0.1485884101040119
2.403560830860541
-0.5215879455230401
6.583163413923671
1.175184476632963
-2.0529443544030164
0
-0.33094318808605777
0.5534034311012729
0.49532195927353095
-0.054764512595834786
-0.958904109589041
2.5726141078838207
0.8360302049622346
0.42792190425248006
-3.3022636484687022
-0.08262186725420308
-0.5512679162072767
-0.5820399113082103
-1.3939224979091163
13.06191687871077
-13.578394598649652
0.405092592592586
-2.7377521613832854
0.05925925925925589
0.8587503701510317
0.26423957721666974
-0.351390922401168
-0.17631501616221648
-0.3826906093612044
0.7387706855791962
-3.8134350249339986
0.518450747179032
2.4878640776698995
-0.5328596802841952
-3.7500000000000067
0.37105751391467084
-1.725200246457185
0.8150470219435808
-0.6529850746268727
-0.8137715179968772
-2.3666771852319344
0
0.3555268261150688
0.03220611916264823
4.282034771410159
0
1.2966965112689244
0.48765620237731355
-0.3639672429481312
0.42617960426178914
-0.9396786905122662
-0.36719706242349714
0.33783783783782734
0.030609121518219387
-0.7037943696450463
-1.386748844375963
1.999999999999993
0.42892156862746145
-3.02013422818793
-0.03145643284050516
-1.8879798615481433
0.7055805003207147
2.006369426751596
-0.218545113955663
-1.595744680851071
0.50874403815581
-0.6643467257197161
-0.03184713375796903
-1.529149410640317
0.2911679068262624
0.290322580645154
0.7397877130910298
0.19157088122606092
-0.03186743148502955
-0.8288173414089787
0.25715204114431195
-1.9878166078871398
0.19627085377822137
-1.2732615083251826
0.5621693121693272
-1.315356790529431
0.3998667110962974
0.3982741453700593
1.1570247933884297
8.202614379084975
3.805496828752632
-3.6077974978178577
0.45276184726833685
-0.45072115384615385
0.5131300935707783
-0.33033033033033715
0.6327206990057315
-0.26946107784430456
0.540378264785336
4.926843833980293
0.682982356289139
-1.9502543810062278
-0.20178725857595523
-0.40439052570767686
-0.812064965197219
-2.017543859649116
0.4177857356013062
0.9806835066864819
-0.1177163037080736
-0.05892751915144038
-0.1474056603773585
-0.9447888987304366
0.5067064083457492
5.604982206405705
-0.028081999438366395
1.6573033707865106
0.9118541033434683
-0.930996714129238
0.22111663902708992
-1.5995587424158884
0.028026905829586852
-0.056038105912016994
0.8410428931875525
-0.2780094523213789
-0.19514914970727312
0.7821229050279361
-0.6374722838137503
-1.3389121338912167
0.6502685891998902
-2.078651685393252
0.6884681583476698
-0.8262108262108198
0.6894570525710937
-1.169757489301005
0.6639722863741373
3.9288786922856294
0.4139072847682119
3.792250618301735
0.9531374106433738
1.7309205350117927
-0.10311936065995805
-2.7354838709677476
0.10612894667021336
-0.42406573018818516
0.3726377428799665
1.9093078758949849
0.07806401249024496
-2.470098803952158
-2.9325513196480935
-2.8014281790716957
-0.6781576716586543
-0.5974395448079723
0.11448196908987811
0.8290451686678036
0.5954068613552659
-1.3246899661781253
-0.514138817480723
-2.8710881424059718
-0.4138338752586562
1.5731671119026451
-0.029222676797184658
4.472376498099957
0.8953553441522232
0.4991680532445797
0.35871964679912016
0.5773989551828492
