-1.830324016819202
2.292768959435632
-3.6945812807881775
1.278772378516624
1.3383838383838413
0
-3.9870421131323197
2.673241629898783
-2.5278058645096055
0.7780082987551866
0.051466803911474165
2.5720164609053495
-2.281845536609835
-0.590197587888122
-0.5678884873515717
-0.8307372793354072
0.18324607329842635
0.548732688790181
-1.0395010395010396
0
-0.28886554621849336
2.1859362654727446
7.036082474226807
-1.3002648687695724
-3.5374481580873387
0.6069802731411316
-1.4580191050779314
1.6836734693877609
-1.480180632212753
1.5533486121721474
1.1785356068204584
1.561338289962828
0.024402147388961907
0.4635276896804182
-0.9956289460903406
0
-1.9376992886926607
0.5502751375687815
-1.4179104477611912
1.1859702245773376
-0.7231920199501191
1.9341873901029862
0.7639231148348856
-0.391293714844697
7.856616744414437
1.5251536535397197
2.309417040358747
-1.3806706114398446
-0.3333333333333333
-0.5351170568561823
-1.2553239184039504
0.13620885357548757
0.11335298118340512
-0.24909420289855586
6.583427922814983
0.4472843450479282
-0.7209499575911862
0.8543357539513029
-1.4188903007200315
0
1.3104189044038717
1.8235793044953277
-0.8121615993336063
-0.902792357757718
6.9279661016949134
0
-2.318208836932829
1.8255578093306288
-2.191235059760956
-0.651731160896128
-0.6355063550635552
-0.8871466886734086
1.97751873438801
1.6533986527862876
-1.3253012048192816
0.9361009361009408
-0.4838709677419309
0.6280388978930238
0.5838534326555334
0
-2.8222578062450006
1.4418125643666324
-0.9137055837563451
-0.7786885245901662
1.1358942585708385
-0.34715131713293623
-0.18442622950819207
-1.457606241018276
-2.2916666666666665
2.260127931769728
-1.5012510425354557
-1.4394580863674755
1.2886597938144329
0.4240882103477523
0.38006756756755794
0.12620950778292445
0.25210084033613206
-1.5088013411567454
0.3191489361702128
1.35737009544008
1.1508683825068007
0.041373603640886526
1.3647642679900673
1.1627906976744162
-2.218189151038516
1.1548772942874868
0.4077471967380224
1.0761421319796978
-3.3748493370831683
-0.2079002079002079
0.5624999999999977
0.26931841723638106
0.12396694214876502
0
-0.10317787866281469
-1.5699235695104363
4.344176285414479
1.629123089300085
-2.9091628735404687
-2.1606196494088916
0.20833333333333334
1.0395010395010396
-0.7818930041152287
-1.2028204064703467
-1.9311502938706946
-0.6849315068493127
-0.8405172413793054
2.1517061508367696
1.6595744680851088
-0.3139388865634156
-0.8817971866470687
-0.3389112476170351
0.6801275239107308
-0.1477728520160415
-2.6427061310782243
-1.6069489685124816
-4.414036636504083
1.015931655506806
-1.0057142857142805
-0.7157700300161678
-0.6744186046511575
1.5453055490517362
-2.0059949273691466
-1.0823529411764758
5.209324452902007
-0.520009043635544
-2.204545454545452
2.3007204276086397
-0.1363016810540586
-0.3412192902638762
2.054325496461995
0
1.0735853276671783
-0.044257579110420144
-0.7305733894177577
-0.7805530776092775
-1.1013710946280013
-0.47727272727273246
0.3653802237953923
0.38680318543799513
-1.5185856754306413
2.0943613348676693
-2.028854824165915
0.3451449608835711
0.9630818619582638
1.589825119236884
-1.8108651911468863
0.06830601092896434
-0.5688282138794084
-0.5949656750572134
1.6344383057090293
0.5209513023782585
-1.4646237043713384
0.228675966155957
0.2509696554871015
2.366863905325452
-2.3566029346376216
0.6375227686703122
-0.8823529411764655
0.20543254964619428
-0.9794988610478386
1.2882447665056413
-2.22575516693164
0.34843205574912894
0.3935185185185159
0.2075167166244026
0.4371836171191848
-1.4432989690721676
2.3709902370990212
0.11353315168029066
0.9525969607620879
0.20220175241518248
1.1659192825112081
0.6205673758865273
-2.3348017621145423
-0.8570139828597101
0.29572338489534905
0.2948514402358837
1.402080506558116
2.0294380017841265
1.0054644808743218
2.142393421337368
-2.415254237288131
-1.4112027789839339
0.594582691037214
-1.204028021015762
-0.13294925769998286
0
-1.9525183048591106
-0.8146639511201552
0.7529089664613304
-0.9963768115942105
1.0750228728270788
-0.06788866259333662
0.045289855072461194
0.33952014486192844
0.06767426122265088
0
0.563570784490532
0
4.460883210042586
-0.15021459227467568
1.7408123791102441
0
-0.7815800591465967
0.06387055567383679
-1.1276595744680875
0.021519259737469924
2.4311531841652347
2.163411048099129
-0.8018092105263112
-1.5336787564766792
0.18943380340980367
1.1554621848739495
-1.4330218068535778
1.1378002528444957
-2.1041666666666714
0.31921685464992555
-4.942723801442503
0.06694934166479681
1.8733273862622735
0.2626970227670728
1.091703056768559
0.928725701943847
-1.733361866038952
3.222996515679445
-1.1181434599156141
1.1094516748453145
-3.2707322219877613
6.457242582897038
-1.9467213114754098
-0.12539184952978533
-0.8579200669596079
-0.3799071338117373
-3.8559322033898282
0
-2.049360951961219
-1.4623172103487063
-4.885844748858442
-0.6000960153624579
3.984544795943009
0.1161170459823502
1.693342611922977
-0.6386861313868509
0.022956841138651488
-0.39017672710580414
-0.02304147465438312
0.345701774602443
-0.2067064768029346
1.1507479861910241
0.045506257110350085
1.6602228792358453
0.13422818791946817
0.11170688114387846
-1.9638473555010068
0.159344411563849
0.04545454545454287
0.0908677873693853
-0.8397639582387756
1.4419775692378145
0.2481949458483806
0
-0.8777852802160778
-1.021798365122616
0.8488185363615612
1.7970882620564097
-1.497206703910612
0.8393829401088904
-0.47244094488189486
-0.5198915009041489
0
0.13633265167006722
-1.0437939641479388
0.7108461362072841
0.3187613843351626
0.22696323195642304
-0.9284420289855123
0.06857142857143117
-1.1877569666514365
0
-0.2311604253351826
2.4559777571825685
-0.40705563093623054
0.09082652134424027
-1.3611615245009074
-1.5409383624654986
-0.35038542396636296
0.5157055789967155
-1.422574626865677
-0.16560208185474062
1.350710900473931
1.4496142155716598
-2.765614196819544
-0.45034368333727837
-0.5000000000000054
2.2014836085187954
-2.6691641301802935
0.07216742843396955
0.43269230769231043
-0.43082814743896874
-0.6009615384615384
-0.8222490931076124
2.3165081687393316
0
0.6434699714013319
1.7759886336727444
-0.023266635644491097
2.1410286246218266
-2.7568922305764336
-0.1874414245548293
-1.314553990610334
-0.6660323501427104
0.40708812260536126
-0.6916289053183959
-0.19212295869355298
-0.8421559191530317
0.8250424654210088
3.5860409145607646
-3.1366171003717476
-0.33581194531062064
-1.2274368231046986
0.2680311890838262
-1.6281895504252706
-0.4199604743082976
-1.835772761101472
0.6317917614354309
-2.787543947764934
1.7566520278997557
-0.2792586951002706
-0.02545824847251088
-0.2801120448179185
0.10214504596526487
0.4846938775510146
0.9900990099009989
-0.9552538964303698
3.020304568527913
-1.798472530179836
-0.1254390366281987
0
0.37678975131876413
0.6006006006005948
-0.9203980099502459
1.2302284710017517
-0.37202380952380953
-1.020662185710721
0.17605633802816614
-2.3349234245543586
0.2570694087403599
-1.5641025641025699
0.2865329512894042
-1.6363636363636394
-0.18484288354898037
-1.1375661375661406
0.10703773080011617
-0.05346164127239921
0.026745119015785704
-2.219251336898399
0.21875854525567717
-0.7639836289222405
1.512235358812208
-1.895991332611051
0
-0.8006626173384808
0
2.0595602560534307
-1.2544314153258702
-3.203534935100807
2.3109843081312476
-4.5454545454545485
0.4966403739409841
-2.383720930232555
0.6551518761167328
-0.029585798816574773
0.1775673276117262
2.599704579025114
0.028793550244735355
2.9360967184801514
-0.3076062639821093
1.009817671809263
0.33324076645375966
1.9097702740105111
1.0048886474741958
-2.6620059155686953
0.027624309392271475
-0.5799502899751512
-0.027777777777784094
-0.9447068630174986
2.0757363253856878
-1.7312448474855606
0.6431767337807479
0.027785495971109405
-0.30555555555556185
-0.16717748676510613
-0.25118615685180967
-0.19585898153329287
0.028034763106258128
-0.33632286995515376
-0.16872890888639558
0.50704225352113
0.028026905829586852
-0.4483048472961519
-0.14072614691809737
0.11273957158962154
-0.33783783783783466
1.2146892655367263
0.781468043538937
0.19385211852672074
0.5251520176893248
-1.1822930987077294
-0.3060656649972081
-0.22327658386826998
-0.055944055944052766
0.559753708368318
0.19482326746451117
-0.7222222222222285
0
-0.5316172355903686
-0.30942334739803734
0.5361173814898517
-0.08419870895313257
-0.5617977528089888
0.5084745762711896
0.4777965148960058
-0.02797202797203433
-3.3016228315612635
-0.4629629629629695
0.29069767441860467
0.2898550724637681
0.08670520231214202
-0.1732601790355249
-0.7231703789412786
0.5827505827505828
-0.753186558516792
0.14594279042615294
-2.59399591955699
0.8078994614003557
-3.888394182249916
0.1544163063619518
2.991057662658029
-0.1497005988023952
0.8395802098950559
1.070472792149856
-1.6475433951162006
1.7947950942267423
-0.617102556567741
0.5617977528089989
-0.5292561011467248
-0.08867868755542754
20.088757396449697
