3.157764385371089
-2.1967908447040974
1.4196874232877945
0.07261285247487705
2.9991534647478573
1.0058314743063002
-1.549907005579665
-0.027550377833763885
3.1652297153655407
1.492081663804614
1.3987065724169152
1.2496291901512835
-0.9265702252334804
-1.5969244418157555
2.190082644628106
-0.599198617799514
3.553994082840233
-0.5749794650191032
1.2392241379310345
-0.5428419372006451
0.7455764840182681
1.2712014447080517
0.9335664335664272
0.07967575432154994
0.3703703703703641
-0.05862675449183771
1.1697722567287816
0.890207715133528
1.4705882352941178
-0.12993503248376115
0.7506004803843075
3.036323300552971
-3.2842727681727704
-0.2060074428495421
0.5560364919757548
0.06291182411178739
-3.769027134348117
-1.6540008940545343
0.08741258741258741
-0.01048034934498452
-1.0236880721123516
0.23650675985738354
1.65164107620792
-1.025463363935559
1.3161118695089051
0.19001554672655036
-0.9896551724137869
-1.0169609584508854
4.419267443087855
-1.1524075883680904
0.4670189193795745
-0.6412866449511277
1.0381449988047549
0.22307094331971353
-3.4633932485751955
0.08034653811221204
0.24433662606024642
-0.05223023085762039
0.20903010033444816
0.6466416353775521
0.37651122625216205
0.5643690422932686
-1.1018718132977543
-0.051901318293484655
0.7027625839507091
1.4816597339200352
-0.9315718157181572
0.988203111643019
-0.38260987336629587
1.0366744842119575
-1.860324295229756
-1.7550474754053498
1.6259027947384916
1.0746043190167263
-2.809103260869559
-0.3949253835669165
-0.6491228070175439
0.24015539466714397
0.9442271782404864
0.17102369899829295
2.11846689895471
0.4742732359765127
-3.321221177029909
-1.506902244546703
1.8473609129814617
1.1975628545416281
-0.4290657439446398
-0.271059216013335
-0.0627221409157496
0.1394700139470014
-0.15668523676880222
0.22667829119442023
0.6228253305497596
-0.06570075037173108
-0.17993079584774457
-0.027731558513594767
0.9882108183079057
-0.08583690987124463
-0.37800687285223367
0.7830286305622566
2.4643187185542663
0.4776697731903725
2.8856382978723465
0
-1.9904355693421338
0.029671633917977416
0.7184997198510327
-0.5170326254131412
-0.618400710502935
-1.873365769701796
1.1603197625392145
1.0303090927278213
-3.2145214521452177
0.05455909431903121
-1.008792856655985
-0.4303518556772017
2.1714325230801212
0.7174523672543849
1.717012197170791
-2.8805496828752584
3.707482993197279
1.1446375860938043
-2.9151399202308794
0.1202404809619208
-1.6613290632505915
-0.8073817762399138
-2.520519835841307
0.07367645510998523
2.0088346655447946
-0.3539883836821572
-1.6831068496930461
1.5224864940714269
-0.9364201796820978
-0.5859988140500255
1.9262482018174834
0
-2.7710843373493974
2.1702956275447045
-1.736087046919411
-0.8287195401488169
0.9494346063580212
-1.2716192891612916
1.7553874696731773
-0.8380084151472683
0.2475160001414377
-0.45853761772071533
-0.5704971475142592
0.003563791874551285
0.5915683689105844
0.3684415630424803
-1.0906780558398959
0.9885090286203795
-3.749249090073851
-0.8737792789485345
0.35185185185185186
0.5240819339361439
-1.2226016081066098
0.34567350579838413
-1.2631033077749347
0.8590936374549855
-0.10786684024549344
1.2473935061066428
0.10665293663344824
-0.6539309331374057
0.33651357148141275
-1.0982935908303608
1.3079932923420872
0.05149709409255098
-0.16911764705882018
0.02209619208955988
1.7268041237113436
-0.29678960512505964
-0.9148001597270055
2.2824693167246815
-2.6649473457984127
1.067196584970928
-1.6203029420332071
-0.5144527924793697
0.3013392857142823
0.5526501242535549
-0.0959055699004024
0.05907546891153113
-0.055350553505535055
0.5944249584640912
-0.5909124275122921
0.376592209710165
-0.7540368558502226
0.45215328737677984
0.8965466351829887
0.6216403993125389
0.05451175636879021
2.8984454453000215
-1.5919519943522735
2.5646543993687003
-2.108834021123319
-0.11074988389124751
4.145207439198859
-0.5426010508602693
2.1477158937882073
0
0.6862049149849483
0.15779225139328118
-0.0033519927597078334
-1.3777152051488306
-0.5710206995003476
-0.5025125628140796
2.762317048031337
1.103309929789368
-0.2976190476190476
-0.2587064676616976
0.7049747273211051
0.379738475762779
-1.7566367314714328
0.43864054913778366
0.9601280170689486
0.7132479196935645
-1.8786885245901699
1.5771711163832083
-0.5592289220040133
-0.09593436766019686
0.7251655629139103
0
-0.8415792761103228
0.06962172197725389
0.9243307712695498
0.4530085677707293
-0.9378778471291729
-0.9731477205251698
0.3730970385422505
0.22900003318841364
-0.6258278145695394
0.2499083669321249
-1.4292361895898424
-0.24952792015106862
-0.9059563247920941
-0.047758750085286586
0.2627986348122805
1.0960955849814575
0.23233105491767705
-1.904729911314172
1.054758398684983
0.010166389914931958
-0.8809975603144484
1.186243675646119
-2.408865164363667
0.23540815620024172
0.2728465842370688
-1.2847449454069568
-0.32449406838800354
0.05250813876150804
2.116716814778532
-0.3734539349710363
0.33358552857830037
-1.9297343616109746
0.03844540752133244
-0.723194633686206
-1.333755630630634
-3.698683882013048
1.1407407407407475
-1.1242126849275036
1.8480797007518275
6.141818181818184
-4.0905820685874845
-1.400250044650824
1.3404340107959278
0.4790333535909497
0.19212295869356713
-0.5397535598877816
-1.4352529544075217
-0.24269207085158903
-0.04720406681191655
-1.8345624296145604
2.050181333728077
0.27922831447636615
0.9221422630456008
-1.3866991543643497
1.9839395370807715
-0.47742900915664793
0.11097984462821425
0.0035760263195504594
-2.4995530126944425
-0.13203256803344493
1.7333822989349914
0.15883329723485998
-0.8758019173934883
-0.06181143875214605
1.8664047151277081
-0.5285903067966778
0.4200926358120094
-0.16447368421053932
-1.2678174915836844
0.297446314567608
2.6799276672694363
-0.250079250466694
1.0028248587570654
0.04544818906445697
0.5730859279449311
-0.6358361418991602
-0.6923561088188048
0
0.9225352112675992
1.8735608122252556
-1.5034761464433744
0.2955493741307371
0.40214941931010256
0.6042609025931425
1.3179571663920955
0.03726287262872321
-2.5904981206190105
-0.020857957310710877
2.433936022253129
0.3360488798370703
-1.6374031597821337
-0.9423903697334511
0.09721884656783382
-1.8939262548128588
0.806137962733788
-2.8410087334712917
1.5992202447565136
0.4761227970437781
0.710799915128365
0.1228975736507602
-0.04559163919478789
-0.6806778709518997
-1.0880700886706374
-0.30715382692238685
-1.393615877906355
-0.01453277139950919
-1.8313953488372126
0.30722534794196704
0.0036901730691135852
-0.2103321033210265
-0.6730022556669109
0.5174788727150922
-0.07407407407407407
4.603409933283907
-3.9047551555523996
0.5899705014749262
-2.07844574780058
0.12727885299291117
-0.8262608890716683
-0.3242102088516893
0.170196671709531
0.20011327166321247
-0.6669681211847265
0
-2.8944273737718498
1.4258926478631142
-2.126102530524218
0.15347684073826653
-1.7053045186640508
-1.391109689798518
0.8715745094859737
0.7876863722219952
1.2041947446070345
0.29549663133840276
-0.9781583909490922
-0.4205181100487924
0.752958049480104
0.4349545274812179
-0.9645669291338582
0.556549393758696
-2.032022138762605
0.17755538517412903
-0.8177240684793629
-3.976118918040762
4.018102609651905
-0.6993860041475327
1.7239261291511367
0.26567909186057337
-0.5821422836036614
-1.8414570124783087
1.583905870736825
0.044548841730129754
1.4977937902279075
-1.3879471941929638
1.7108190091001085
-1.1730555113726737
1.311712871685507
0.08340283569641006
-1.2658730158730196
0.06430609702182023
-1.0764349118367567
-0.369483129643912
-1.3856059988589127
0.5413670551285192
-2.2031320646142425
-1.5172529735636684
3.055650392625485
0.008282259400356887
0.6293995859213175
0.5843140482264947
1.57911962035673
0.4550946435763263
-0.8900292667281511
-1.0476922454593298
3.249938680402257
-0.05938947618482005
0.6299025433800844
2.5077752844376313
-1.3518703433443533
0.467180565288484
-3.1853057428504927
0.25216138328529164
0.830438775102814
0.8909126905563255
-0.6632653061224526
0.003950851408474934
0.940265486725671
0.11741682974559686
-0.5003909304143933
0.16501650165017576
-2.21228524358673
0.12434817488968748
0.9815311886543008
-1.9479489010553008
-0.23467529840178766
0.42584255992213166
3.71940877150474
-0.14017054082468416
1.2282138261785005
0.03851783375702951
1.4862159248421518
0.1289930950754851
2.3454076993028226
-5.375587723520041
5.078445948589527
-0.06329820903302
1.4344262295081966
-0.7860422405876984
0.6293732183184628
-0.07358081012471948
-1.5868340635469942
-0.4788627010849301
1.699120366889718
0.43616470762178333
1.3359340497571097
0.018158707100054475
0.07625272331154354
-0.39548637567577705
1.3405216377677467
2.08123652048886
-1.4296278037959051
0.7358982602793522
0.9149260612078346
0.06676740345082374
-1.7909818794774548
-1.6305513838232106
0.966921119592872
0.07560483870967415
3.1514192179012257
1.5973215219893184
-4.589612440355629
2.892710656976329
-2.6470382544233955
0.5711001759994286
-2.1464285714285682
1.7920362057009347
-2.0078881319469346
-1.353823637028906
2.5296735905044443
-1.5411330583894043
2.803497942386838
0.7684334679581114
0.443356742569341
0.15537271796320812
-0.4971265380954188
-0.1736234143575805
1.345259645760112
0.10507144858503784
0.30088867119167184
0.25812752895212904
1.666550692366575
0.33879744019712166
2.530695770804905
