-0.7128906249999956
-0.4721156683387497
-0.9190631485324592
0.5286255735088724
-0.15874590733207886
-0.12918612739739188
-3.0746268656716396
1.8170619032953426
0.161322847348258
1.6710287900140954
-2.3960396039604004
1.4404544532359551
-1.1200000000000045
-0.879854368932032
0.22446689113355084
-1.5372085920798035
-0.24813895781638656
2.19734660033168
-0.6693711967545662
-0.6228303042679215
2.702147333812809
1.8407362945178047
0.4616895874263306
0.12711450083112882
-2.304687500000002
0.4998000799680128
1.2731251243286323
1.473187978786093
0.9872241579558696
0.4887866589994162
-1.087267525035774
0
0.6363899334683384
-0.41199578422918026
1.2988262459111024
0
-0.38940070282079364
0.49580472921434454
-2.6565464895635675
1.0136452241715488
-0.16402933230413405
0.7248477819657871
0.34542314335059576
-0.5545993497800683
0.18269230769231642
0.8158172569344466
-0.3808073115003808
-0.03822629969419829
1.3957934990439684
1.0088629077880489
-0.6347428358069593
-0.5918271488961911
0.5008505008504965
-0.32910202162670427
-0.5188679245283019
-0.6069227121858787
0.9159431351970363
0.29308877753615475
-0.08484162895926316
0.7547881875648645
3.7269407247869606
0.7312449219102563
0.21509231044990956
-1.1625827222321587
-1.6558089033659025
0.05520287054926019
1.0114942528735633
0.5006827492034592
1.5579710144927577
0.38351765965037055
3.518436250555301
0.5493090721826531
-2.9022620571916344
-0.8351648351648352
-1.2056737588652402
1.4895908111988432
-3.2891246684350173
-0.3474126897056093
2.6788990825688117
-0.7862759113652568
3.989553314121033
-0.40703212955746476
0.9913043478260949
-0.29275012915447657
2.4352331606217654
0.31192041814196975
-3.235566013950752
0.13896126454749946
-0.06071118820468738
-1.8050854812114863
2.615996464869634
-0.9387649642580195
1.5736393670665891
-0.17974835230676275
1.0461327388098134
0
0.41581805838423824
-2.8057128369813276
1.2346752456308188
-0.017177703341067205
2.0101365862039424
-0.7831578947368383
0.6450517738923705
-0.5650193961882312
0.5003816470189205
-0.759493670886076
-0.467687074829932
-0.042716787697565144
1.0427350427350466
-1.0065978683809922
1.4782534392890674
-0.46311889525092625
0.3468403688351355
0.3287809812847634
-1.7141416687673192
-0.18808241429426736
0.9250535331905743
-0.3140117117881733
-0.4767580452920066
-1.7878528656971848
0.8100339691664649
-0.34560221185415585
-0.2340905149991369
-1.4512905188146386
-1.5784832451499198
-0.6003046322013994
0.531819001261931
0.026898592306998523
0.5378271782000718
0.2139800285306786
-0.4804270462633533
-0.3307706061147701
-0.7534308009687049
-0.39765024853141356
-1.0253153071409087
-0.8984231756508942
-1.128584643848293
0.10291916167665947
-0.47668006355735454
-1.3617580766341097
1.4852899171665368
-0.23454357819682894
-0.38555576452888246
-2.010761823845932
1.2042389210019269
0.009519276534974683
-2.9126213592232926
1.5490196078431329
1.7474415910407548
1.005788025429349
-2.0385157350868996
0.8726505561948731
-0.6274360680673197
-0.8609968430115756
-0.40528804400270635
-0.7751186900494139
-0.6249389708036192
-0.15721725459369387
0.86605649050291
-0.6439652649039063
-1.5908867720710922
0.7883444765991395
1.6633663366336588
-0.6622516556291347
-0.09803921568627451
-0.22571148184494155
1.0130815383102147
-0.009737098344684426
-1.0127568409777086
0.3443187407771766
1.7745098039215597
-0.7706386667951065
-1.0872730802834611
1.5212484051428123
-1.0827532869296252
-0.537529319781079
-1.0415643116832094
0.35746201966041335
-0.9795191451469368
-0.1898481215027955
0.5205726298928868
-0.009959167413606487
1.025896414342625
0.019718032140396875
2.4445539674716565
-0.43298373905513327
-0.048318515655199075
-0.9475007251281016
1.2981942410932117
-0.05781460782423483
-0.8291554184342592
0.23332685203189688
-0.4752667313288158
-0.5944839684241214
-1.8333333333333377
0
-2.316987915709571
0.2147019732133752
-0.2652519893899227
-0.14320785597381108
-0.49170251997542186
0.8544368952028071
-1.7862611003368378
-0.84182082727084
-0.4192432659050414
0.39995789916850377
-0.031449837509168105
0.6606543624161026
-2.1877278883217004
0.08520609223560212
-0.9364690858784791
-0.8701256848211433
1.376246207195497
0
-1.7103153393907002
0.9026644915715013
-0.36645828842422695
-0.4543487667676257
-1.706150836774619
0.011055831951356853
0.7185496351978775
0.010975743606631845
3.3362598770851597
0.8814783347493579
0.29476787030214424
0.40936286344074496
-0.38678653564708815
-0.3043341378948449
1.368421052631579
0.21806853582554753
-1.502434980831002
-0.05259835893120134
-1.4630038943269106
0
-0.5661183507797551
-0.07519604683638756
-0.5697699419479755
0.44329116661260926
-1.5715823466092598
-0.043744531933505824
-1.3785557986870922
0.28844020412691623
-0.4535398230088521
0.06667407489721333
0.6662965019433648
0.1765030336458933
-0.08809602466689441
-0.8045850325140477
-1.2777777777777777
0.10129431626336266
1.8214526647177924
0.11042402826855123
0.2316346790205187
0.0220094640695424
-0.18703927824842467
0.08818342151674984
-0.7158590308370044
-1.2534664448141934
-1.2581442372500613
-0.23890784982935412
1.7219751396966614
0
0.9753363228699603
-0.4552015099367184
0.1896051751059482
0.06679283090281897
-0.2558682834575542
1.2937764889582895
-0.660647434485796
-0.5874528929284047
0.7804660497268369
-0.4314636574842325
4.211111111111109
0.6397270497920887
-0.7098209556096972
0.29876227059325167
0.38297872340425776
-0.6358626536668079
0.8745733788395832
-0.27489955593147697
-1.070822731128077
0.7287536169756677
-0.9788275348441251
-0.3223380251423659
-0.4311738708634257
-0.23817256685071403
0.8898534997287081
0.8820049478326268
0.042648469986136826
0.2557817329212502
1.637078771127881
-0.2196422968308778
1.5408805031446589
0.19613915556931735
0.38120750051513824
-0.06158267474083025
-0.8626887131560121
-0.33150315963948324
-2.2139070782662995
0.9460034013605539
-0.12635569127093244
-0.6747496046389011
-0.14860418214626656
-0.6909748059955352
-0.7707129094412379
-0.5609492988133814
0.8027771750922208
-1.1838140335772707
-0.9692877368765074
0.6488507643242155
-1.1909965034965133
0.24328209664934708
-11.185879757308326
-1.3911315364551045
3.0860309862703112
0
2.1749755620723445
-0.49031332217173196
3.1967311621199404
0.6870851286828901
-1.5151515151515178
-1.2683499706400416
3.8063518496491016
0
0.19479775409647435
-0.6861848124428179
0.8060801473975127
0.5140507196710076
-0.5796113194681239
0.011431184270693043
-0.30860669790832457
-0.45861041045631734
1.0251094217922112
-0.7524797628548652
-1.5048822515795546
-2.4026125495684654
-0.11950286806883366
-0.9212730318257876
1.5457070402125292
-0.5708169818052033
0.047841167324479995
0.1195457262402869
-1.9701492537313432
-0.1218026796589525
-1.8048780487804823
1.2791852955787324
-1.9374616799509448
0.46267350256345274
0.8712969878018422
1.0488647581441264
-0.18317254854072537
0.6973330070956748
-0.8504434455108735
-0.9680186251684815
-1.4476614699331904
0.13810420590081893
1.6048144433299842
-0.012339585389933704
0.04936443292608799
-0.08634513383496305
0.6049382716049355
-0.5890293287519885
-1.8763115664732806
-0.629009938357026
-0.253196607165464
-0.012691965985534044
-0.2919522721502862
-0.012730744748570685
-1.3878278584160908
0.012911555842481954
-0.8778724502969363
-0.41677520187547956
7.154067486267319
0.20749420236788058
-1.1327649208282526
-1.4414192435628983
1.3499999999999943
-0.9496793290577125
3.536296849707381
0.036079374624167715
2.9213753306083277
-1.4834715570610963
-0.7351197533791715
-0.8480649784997638
1.264907842428623
-0.29740661432310256
0.08352225271446508
1.2756318550310022
-0.7651559741024132
-0.830367734282325
2.009569377990425
0.023452157598504397
2.1336459554513536
-1.02157943067035
1.5191928563145105
0
0.07996344528216193
-0.662024883004231
1.3903251752269359
-0.9519492293744308
-0.9725400457665904
-0.3928365106874613
1.1251594942581988
0.24088093599449678
1.1786245565854294
-1.3345396969011611
1.524530032095377
-1.309698543524898
3.1003317698203894
-0.13315579227696908
-0.03333333333332828
0.35567411359341244
-1.2847491416546708
-0.5834174800852611
2.889064439679497
0.8884501480750147
-3.4355294629267137
0
-0.34902049088043485
-1.8754942944300104
0.08059873344847962
0.08053382420615873
-1.482929072307159
-0.16336056009334624
-0.8064516129032231
-0.41239542830210907
2.768575485092283
0.1496661294036328
1.0920795493734912
-0.9097111667045713
-1.2508606839568486
0.17431725740848344
1.484918793503475
-0.9144947416552355
0.5306875865251526
-0.14918521918750913
1.6205033904148973
-0.23750282741461465
0.7368779049994332
0
1.4629754670267836
-1.2089618456078057
1.0216683507353663
-0.7446099133140622
-3.0343746500951765
1.443418013856813
-0.09106431417187871
0.09114731685085502
-1.2293682413204274
-0.4148899389189838
-1.851637541951163
0.23582124749439923
-0.3176096929773021
1.451498701911738
-0.8026055600791079
-1.1139774859287055
3.4625874540495727
-0.49283667621775984
1.38217000691085
-0.3862758463985561
0.4333941605839494
-0.2952532364297096
-0.18223234624146045
-0.6732085805568208
2.3434807581849486
0.13469525199237237
3.553413294473706
-1.2448581944143755
2.4662939822426835
