0.04040812203252624
0.979501161264268
-4.25
0.5117493472584833
2.130091438071488
-0.4578288737409706
2.412101390024532
0
2.005988023952098
0.7729185011251323
1.563106796116496
0.37281330656725853
-3.1714285714285673
0.09835743090390478
-0.6288690183747755
-0.12854741421931717
-0.6633663366336678
-0.12957241104355174
0.07984031936127291
0.9174311926605551
-1.1758893280632388
0.3299670032996655
7.125772373928654
0.4186435947530002
-0.15749490457662083
2.0413844298042125
-1.054833136309915
0.275709953129308
3.9684721840344777
0.3614245416078904
-3.241106719367597
0.7171387073347941
-0.2163136547994674
-1.580706349923223
-0.5047723935389135
0.6918180979614428
-1.2367167460608282
2.0128002968184813
2.500454628114203
0.816109287678528
2.4813022437307564
0.45505280329698244
4.05982905982906
0.9281314168377786
0.2929687500000111
0.7789678675754551
-2.9146537842190052
0.829324929507381
0.6333278499753286
0.9154066203514545
-3.393536891552611
1.475519785378952
-3.065102445472582
0.11932157163556559
-2.3495360517579074
-2.397349838723738
1.3933547695605697
1.8234672304439785
2.240678259364985
1.785412083262831
-3.9238506941557936
-1.358484035649394
-0.8070175438596531
2.219667492041045
-0.9862444848170335
1.7038007863695936
-2.5429553264604734
1.2429478138222767
-1.5150195907705781
2.5550349217575894
3.387931034482755
4.00233469523889
2.2528661909725116
1.4348439705190492
0.31692046069412605
2.4811218985976304
-1.473684210526309
0.27472527472526775
-3.94216133942161
1.1408651560766807
1.1123296255679185
3.5017043693833316
-0.13473053892215228
-0.4347174336681123
1.0538994278831677
0.4171632896305057
-2.2626112759643915
0.18975332068311196
1.0075757575757542
-0.697517437935945
3.066465256797576
0.19786017880697976
1.9600672858919006
3.170504267986518
-2.767155669888059
1.144082946013586
-1.2159773771650793
-1.8106347956773745
1.5962099125364497
1.3343855369825603
-1.7911504424778728
-0.15138408304499254
1.2345679012345778
0.6775067750677507
2.63512077636892
1.311339636965974
1.8529872607125701
-0.3143602434619636
-1.2412775093934514
-1.6101637339493202
2.9139621599226655
1.1540526033279535
-0.11939506500397683
0.7836366051268399
-2.4644175013178615
0.8444804756114038
0.5426408521471099
0.8795309168443527
0.04623513870541912
-2.066415791905985
0.8224349467439542
0.6953730944102763
-1.2151394422310726
0.9208845869462959
-4.9686958838417565
-0.05606952621250032
-1.5848527349228547
1.496365968362548
-2.344846953103067
0.7260963335729625
-1.7843123260295484
-0.04360148245039671
0.6470374409305774
1.083501878069922
-3.33714449049593
-1.966437495379621
-2.8881683130985563
-1.607392452244141
0.5840107331702384
-1.1455472734405578
1.912850226208422
1.5342679127725891
-2.669325765130011
-1.3161005595397623
2.2919661395943174
0.929034272776943
-2.7227722772277265
2.115139949109426
-0.18688677776048052
3.768138555156807
0.40598451244268036
-0.5166604268064463
0.4214963119072811
-0.5021735871683439
-0.4896421845574388
-0.3709311127933453
-1.7475875693336373
-1.3146701724537933
3.0483504427552774
0.2889733840304148
-1.1070670306339028
2.0625670909369624
-1.5551048005408925
1.289682539682529
-1.1225796730204072
1.264858274916177
1.7456734386756994
1.0649312231918253
-1.6976437875018162
-0.007443799315180618
-0.2382193106528732
1.6267442728154753
-0.3818195168514608
3.2947593425223
-1.9837305551591395
-0.40040768782760633
-2.1562751260872743
1.0010458688181751
-0.34763313609467794
0.7570696949454498
-0.913443830570909
0.5055386216638303
-0.1257489459279566
0.6443489853355092
-0.007358893222469381
-1.273182219605531
-0.5814386880357775
-0.21744020394392224
-0.3306281935677685
0.5202050663449836
0.1725043126078118
2.590595986822412
-1.9486206393227299
0.42426497953107895
-1.9863622887637085
0.2495462794918296
0.12823414045410314
0.9040229019135151
-3.934597581006424
0.7150073832284173
2.098927386372391
0.6575466706976076
-0.6907944135756154
1.1568123393316334
0.07474400179385604
-0.0746881768616028
-3.0645040735480977
0.7016732207571832
-0.94180704441041
0.17005488134807492
-1.1420634308202933
0.5932401842166994
-0.6673391790176252
0.42184204359035166
0.256709451575259
0.4888268156424546
1.4052968882711796
1.2716058783217883
-0.2030075187969959
-1.3712047012732649
1.466656481552215
0.37642098923435974
-1.4625365634140854
0.3196833612422017
-0.4779969650986308
0.4879164443089017
-0.5614141567407529
-0.3509575036240281
0.2756297373861218
0.17561273574100592
-0.4573170731707317
-0.45941807044410415
0.23846153846153145
1.1894712608395366
0.015167602002126914
0.6445253260539885
-0.7458750847585222
0.21253985122210067
-0.5226480836237003
-0.36549150993679697
-0.6954528085594123
0.3540095428659311
-0.14570552147239962
0.0076799016972687525
3.3865765627399713
0.02971105994207019
-0.044553352639796276
-1.8126439343287917
-0.9154876295679909
0.030543677458772983
2.702290076335885
0.9588226549724886
-0.4564529190900424
0
-3.3355521041343033
0.22953328232593725
-0.8396946564885496
-2.378752886836035
0.8437820361170291
0.0547388176415425
2.837045720984756
-1.7403860769113744
2.521463376904626
-0.0678989060731868
0.5662086667673261
0.25523609338638925
0.35941594908273716
-0.09699321047526334
0.37341299477221807
-0.04464285714285038
4.2057466130713115
1.8715622544467332
0.8344435874062192
0.8275382475660703
-1.5725222429133168
0.2032093055847587
-0.7202797202797171
-0.9579488624357354
1.3085840267406366
0.6739206739206676
1.7223345652325532
-0.3907321085823996
-0.10322758241001996
-0.49600440892806685
0.24231514815840485
0.33151460736238375
-0.6677221725063706
-0.062370062370068674
0.2565702794535778
1.3902337806059024
-1.3779930418173165
-0.39427267067856714
0.26388888888888573
0.12467100706468726
0.020752628666310315
-0.13140604467806147
-1.64127423822715
0
-0.49989438850946344
0.19813189923577373
1.1228813559322097
-0.8031287101054543
-0.1689664883131576
0.5782792665726407
1.7248632730332287
1.1855527984560275
-3.2425068119890947
-0.5913827090960356
3.6118980169971673
-1.264524948735475
6.874350986500517
1.0364036792330613
2.288754968585719
1.153243497336264
-0.29122002602392
1.162068108376836
1.1302905583880989
0.2247464010204729
3.7636363636363583
-0.12265638689328363
-2.204678362573102
-0.09567661304789267
2.7952355300173606
-1.24024688482591
3.6554448440540064
-1.3082304760821342
0.9048469828828336
0
-0.18848526387936684
0.8297567954220315
-2.849035187287176
-0.11683607898118939
4.099894724529193
0.8595988538681922
0.3230837789661294
2.226540810660739
-2.558253218184776
-0.5518394648829482
3.295779384563656
0.005426230397737753
-0.7270754205100429
-0.677743769129857
1.1831388950033017
0.5329852613259343
1.2767108466323998
2.227445115111375
-3.7360225728916294
0.30939586386582235
-5.914502164502163
-0.07476850520503563
2.9239092897432917
0.7829101890168885
1.1485961602485875
0.27977398650501445
0.4540481400437612
0.6317050590862134
-0.22728502624601143
-0.7376471226338415
0.28413747882629614
-1.1932654062006138
0.33638469173926927
1.3025556471558146
-0.9494357638888888
-0.3122090157200003
0.25274725274724774
-3.184259563739993
-1.5510897254458018
-0.9775171065493646
-0.36583241391324284
2.5702296304930723
1.3580317063469438
1.4631685166498563
-4.7295430686778355
1.5658528098358755
-2.666590532747105
-0.2698580312096626
-1.4764705882352889
1.8508567675682128
-2.573421654258754
1.3237063778580025
-0.9501187648456056
0
1.2170263788968798
-0.7048510335840706
-0.4652827487473265
-0.5094090854608654
-2.126377929040417
0.42466765140325524
-4.191947049089912
-1.2921384251263384
0.8813427516039231
1.2462259908781308
0.012689550155449876
0.24741483220199778
1.7655992912289498
-0.6031963186368894
0.6256256256256256
-0.29843322556579094
0.16837116487902504
-0.8591172259229256
1.764521193092616
0.5430087621868557
0.785565238738183
0.4932407745706923
0.6907834939102037
0.908707949690071
0.8528148854961806
-1.6734669741588288
1.4854462352658195
0.15407407407406867
-0.7573516359978673
-0.29809813390568174
-3.426418704777848
0.46439628482972134
-0.9614791987673288
0.6969942124587601
-2.6203572090723606
1.1360030462651434
1.0604919678714917
-0.10555728034772092
0.4599701640974696
-0.7548570721445393
0.8728179551122195
0.19159456118664456
0.19122817839739292
0.3509420022164786
1.282287256886917
1.2902834989096168
-5.484121763052438
-2.0184763351050425
-2.6218921536971203
0.013263479010532401
3.401631191565558
0.03206361421059382
-1.1346881210334023
0.019452729866421638
1.3743922204213967
0.6011383257658031
-2.3075456105778374
0.43597084851640067
-0.4211208292840946
0.5139882888744366
-0.3236455434008674
-0.4026235469835733
-0.02608071982787318
1.995695558599109
-1.2788541466845706
0.13601917222617455
-0.5627425614489033
0.006504911207970886
-2.1009496552621427
0.6378313733306848
-0.9308774014656458
0.09996001599360256
1.7375674056321242
0.2879204292631765
-1.4615685762756012
-0.5363528009535251
1.5777910924705443
0.13107877834578582
-1.1323471658594026
-0.6885137371731275
1.6598893407106254
0.5245901639344263
-1.167645140247886
-1.2540426374496734
0.9090301450437897
-1.477114658541429
-0.5849132714804387
