-3.7350246652572348
0.09317183548516511
0
0.26595744680851063
-1.836870026525202
-0.020266162264402792
0.9459459459459459
1.1311914323962577
-0.23165000992785756
1.2206448188934498
0.8782278149167709
1.9945426195426224
-0.9491050385374922
-0.06430868167202572
0.47619047619048205
-0.2177532983220245
0.6161745827984537
0.5358509823934735
0.3299492385786831
-0.18972931950417404
0.6589785831960374
-0.10071761299256636
-0.9766855702583491
1.5526566974228502
-0.8333855504730986
0.8403892329078847
2.913716398270568
0.4749147588894273
-0.006059871530731816
2.5634810011514566
0.28362089340581154
0.388875795427758
0.4930156121610571
0.6774909473192331
-1.1950342267084295
1.92578675434476
0.7776497695852534
0.925978851100317
-5.136772951237472
0.3044776119402931
-1.6010951729063665
0.6532784902008199
3.0528846153846128
0.11663167716351762
2.254193849021438
1.6120763315294762
0.06727211570804156
0.2801120448179272
-2.547486033519548
0.8885576702591148
-0.9148247059492094
0.4702374125473131
-0.07990867579909194
0.7654518450816915
-0.45351473922902497
0.22779043280182232
-1.1647727272727273
1.408450704225352
-0.9070294784580499
1.0297482837528604
0.016987542468853596
1.0020947743871396
3.8508968609865497
3.6325362983753418
-4.645833333333335
0.06554511688879427
2.8329694323144152
0.8546101173098312
5.7473684210526335
1.0402150109496249
0.9506920841337955
0.42939396896651344
-1.647070255563107
1.2201748752655261
-2.0156173743289387
0.9015291129152716
-0.9971369335571155
0.997207818109294
1.2934439178515142
0.009747538746457651
1.2865497076023436
0.8419938414164742
-1.0019562002003912
-0.32772663742831853
0.7543155553406464
-0.17276959255170654
-4.942070092783999
0.3388459009760808
-7.358870967741935
-0.1088139281828074
4.83660130718954
1.101413133832089
5.945529290853022
0.4025803948198178
-0.6521739130434783
-0.41332360807196694
-0.09277343750000444
-5.571575191828357
3.8403809326639435
0.6828490255694585
2.3613861386138524
-1.3396527542680186
2.093137254901952
-0.6097853747539165
-0.23188405797102327
0.7166376137904408
-0.6105769230769144
0.3240942291878207
5.318225650916113
0.07782813716063809
-0.9698078682525076
1.5336289726533543
-0.12283894449498717
1.1251309615997729
-2.635135135135135
1.3000231320841966
-2.667153818048963
0.4129129129129215
0.514018691588785
-1.4365411436541187
1.1273053157869954
-0.9328358208955224
3.05555555555556
-0.6670016903467453
1.3291634089131965
-1.2345679012345598
-0.670955882352937
0.4071435180901141
3.5158049949313512
0.60093478744714
-0.4690265486725623
-1.569307370854458
5.7856465380967395
-0.008538980445727014
-1.0076857386848808
-1.5527950310559007
-4.933403434980717
-0.27652318186007924
-4.016082817265925
-0.13963118108720163
-0.6846673095467608
2.432274978153214
-1.829470591023267
0.1303529184569989
0.6750241080038573
0.4741379310344871
1.9781686448353115
2.2716649527904975
4.529250457038387
-0.24047920947925322
0.08327489481066318
-0.18830742281586083
-0.38171288171287376
-2.836379652059022
-1.2510765604460319
0.803305026394308
-4.840619307832431
1.16284634158014
1.1352885525070955
1.5902712815715623
-1.5976058931859953
0.874935666495102
-4.666048237476804
-2.194220103142947
-1.3828781773864576
0.49936948297604494
0.2911062035735773
1.0909818836953236
0.5742574257425698
0.3790116164599353
0.029421860442315324
0.004902201088284183
-0.7892156862745053
0.820198626414344
0.98015192354815
0.009706381946120753
0.3008686368709794
0.17901204702693976
1.6661837148652565
0.2897724573654415
-1.520462296324361
0.9090471838776438
0.10962821734986568
0.4618387849354767
4.9052132701421804
-0.009035464196964901
1.9834636063795976
0.12404749246855316
5.181415929203536
0.7992932564889992
-4.991444430532946
0.8653634965956433
0.35711174984758615
0.6813053289359406
-0.9740959441403348
0.544069640914037
-1.424242424242428
1.093496113477673
-3.8618592528236357
0.3117798563101573
-2.315315315315319
0.43345937471179985
0.39944903581266383
0.79571957744547
2.8401615171725383
0.2382317907089642
1.0915012543462077
0.35264922286559747
-0.7114967462039085
-0.36703661627196066
-3.297956319621078
0.24036281179139146
4.497127086820777
0.19050093085682518
0.592022816645792
0.09450983761490755
0.854077253218888
-1.3702710753649208
-0.750744272338941
0.15650132591400726
2.5912583011415347
-0.8292435268234858
-2.256825938566557
0.12657675352451186
8.24760244115082
1.6430412371134095
0.1386687797147385
-0.11869436201780416
4.250346603287787
0.1595865947260361
2.9779969650986344
-0.5341683551298582
-3.074074074074074
0.573175391669851
-0.43313069908814933
-0.09921392047622335
4.545454545454546
0.39824625502375194
2.736635248735391
0.03187984839361308
-2.517705382436257
0.47586181844599906
-0.6869125090383225
0.10921004732435384
0.9381818181818248
-0.06484617047338359
-0.2883922134102379
-0.5531453362256031
1.1487984876577004
1.4987600186895667
0.09915014164306593
-1.2275364369605304
-0.3868056301708294
1.3914356595836412
-2.9326241134751707
-0.632009644540247
1.3897058823529478
-1.3706577706867857
-5.408088235294114
-0.49749310116989315
5.464630287879383
0.7407407407407407
-3.0661764705882386
0.8837138739285513
-0.6052859130042448
-0.01512973749905783
2.6783687674963956
0.22105961240881292
-2.7645026101021917
1.7542533081285479
-1.2632830497139036
0.3311507488522513
-1.9578426224589236
0.38255547054322875
-0.43064024390244593
0.7386994297087375
-0.5205167173252211
0.7523965932093273
-1.247156937073544
0.41841004184100766
-0.0038226299694154838
0.5390114301005355
-2.1102661596958177
0.2175179646533272
-5.034688577962098
0.3183413598889961
-3.393002441008954
0.0042112355765143205
-4.425822209121149
0.3260486429326794
6.016688625384278
0.48467274233636365
-0.21849363070452765
0.599074533135019
-0.04928333812478019
-0.20955746394378558
0.8564605122292754
0.1878010941455013
0.4115729421352856
0.29625421046224515
0.08497208060208421
-0.0525571053163607
1.0193350052584853
-0.29630816048691
-0.4297188755020007
0.03226717218568657
0.11693076892061172
-0.7853403141361257
-3.072863811650084
1.097244325320371
-4.900579950289982
0.191662673694302
2.060779966088435
-0.9755058572949985
-0.7786285812612884
-0.7110340342510336
1.397318894371425
-0.9474182851729038
6.1562540759097395
1.5562927468566983
5.3514538048957645
0.003827897718569478
0.3100478468899487
2.014805769671075
-4.817834966709066
-2.617307238858756
2.723970944309927
-0.5814181889609186
1.5489785434860028
0.011673605976875643
-1.8325422146136454
-1.2286472989576316
2.6242927651378394
0.011730205278599488
-0.4378762999452761
-0.49477735019240987
1.2865035516969183
0.6779396867451138
1.226780185758507
0.24085330886570258
1.0411899313501214
-0.35103612274941237
-0.9772727272727342
0.030602096243599646
-0.45124282982792285
0.4917025199754219
-1.2461773700305776
0.14709297824571213
-0.5604514533085962
-0.291522524973763
1.571027600187127
0.7100364613317981
2.580030487804871
0.02229074562545469
-0.2971437061248746
0.21234586298103109
1.0148698884758431
0.09936333860817054
-0.658088235294121
-1.180563265608234
1.1160212718148521
0.37407407407407073
-0.8412973691007611
-0.12279983626689174
0.20119225037258162
-0.7176321856176167
-1.6853301374480356
-0.4685535789112692
0.700398040416401
0.9387708562958562
1.404473228405743
-0.8577475771415807
-2.191011235955056
1.0874976067394253
-0.25379749232926524
-0.6342093270545276
-0.40512134530861493
0.057561686941171954
3.0183324384444203
0.20475782733330852
0.5981572299004276
-0.2843741921187657
0.27407407407407747
-0.2770185417743961
0.8185488351420389
-0.8045554739162414
0.7444168734491282
0.6506874494522562
-1.1212973446802392
-0.2659574468085039
0.73333333333334
0.23163467902050616
1.7754301016103624
0.12975310866822523
1.896979950325772
0.3249964674296954
2.4330985915492924
-0.17531195215014642
-4.080578512396694
0.003590019745105333
1.4862148190695037
0.2582242660063736
1.54535511413752
-0.14940412077411233
0.6472266685225105
0.7467846770847707
-1.825669183253254
0.6676454138702429
0.8229452411542004
0.5648160903705776
-3.219178082191781
0.28308563340410475
1.71136203246295
0.05203816131830009
-4.178224687933426
0.5138411434774677
0.5904165316628899
0.2147381983465159
3.5534445198385773
-0.3310801489860639
-0.5570934256055332
0
0.8211837572636456
-0.5970664365832677
1.6387750850635467
0.020496003279357418
-1.3797814207650305
1.3956226624186239
-3.2070767444243344
0.5681016231474915
0.30525244728256107
0.11193507765495375
0.7477288609364113
-0.12485260456405316
0.9236752552260542
0.12386457473162363
0.09278350515463292
0.25062656641604636
3.085616438356161
1.322215208797056
5.416571035115899
0.7744704674815742
-2.484567901234568
0.6551669567969558
-2.069052260864088
-0.07706139224248944
0.20244215938303928
0.6958919924317678
0.26114649681528085
0.057175528873647866
0.8412698412698413
0.7398079647410672
-1.5125000000000028
1.0692981342810088
-0.295105641540831
-0.18262539752511672
-0.06624396706728208
0.06628787878787591
-1.832749755528214
0.1928020565552699
3.559974342527261
0.03406627438835271
0.5882170830624439
0.04001107999138783
4.69173024858479
1.3841135502071735
-1.9913043478260817
0.023659539230465414
-2.610803938381471
