-3.3500837520938056
3.812824956672455
-13.188647746243738
-1.9230769230769333
11.568627450980406
0
-4.745166959578215
-2.214022140221404
4.528301886792457
6.317689530685914
-3.9049235993208753
2.296819787985864
-1.2089810017271205
0
-2.0979020979020997
0
-2.142857142857129
-2.3722627737226416
2.4299065420560897
0.3649635036496272
-1.0909090909090837
0
0.5514705882352823
0.1828153564899575
-2.3722627737226416
2.8037383177570163
-3.4545454545454617
4.143126177024494
-5.786618444846297
4.222648752399228
-7.734806629834253
3.5928143712574974
-1.3487475915221634
3.5156249999999942
2.0754716981132137
-0.18484288354897943
0
4.62962962962963
-5.132743362831858
-3.7313432835820928
0.38759689922479795
-0.5791505791505669
-0.5825242718446649
5.273437499999992
-5.194805194805183
4.500978473581204
-4.681647940074907
-1.57170923379175
0
-2.594810379241515
6.352459016393453
0.19267822736030416
-2.1153846153846216
3.1434184675835
-4.571428571428576
3.193612774451101
-0.5802707930367553
1.9455252918288042
-1.5267175572519096
0.7751937984496131
-4.423076923076931
2.414486921529177
-2.9469548133595183
5.263157894736837
-0.38461538461539346
0.38610038610039504
0
0
-2.3076923076923097
-1.5748031496063006
1.4000000000000057
3.353057199211044
-4.580152671755729
0
0.600000000000005
0
-0.5964214711729672
-1.4000000000000057
2.4340770791075075
2.9702970297029774
-5.192307692307701
4.665314401622727
-3.48837209302325
0
-5.02008032128514
3.382663847780111
-0.20449897750510812
1.0245901639344226
-5.070993914807302
-0.21367521367520914
1.2847965738758136
-0.21141649048627217
1.2711864406779767
2.510460251046027
0.8163265306122456
-1.619433198380568
3.7037037037036975
0.39682539682538837
-3.359683794466402
-2.8629856850715685
5.052631578947373
3.2064128256513054
-3.106796116504857
0
-2.404809619238479
2.4640657084188935
-0.40080160320642205
2.414486921529177
-4.518664047151268
-1.0288065843621546
4.365904365904366
1.5936254980079696
1.9607843137255008
0
2.1153846153846043
3.5781544256120603
-3.4545454545454617
2.6365348399246815
-2.201834862385323
-3.9399624765478416
3.1250000000000027
4.5454545454545325
-2.3550724637681144
-0.9276437847866387
-2.6217228464419415
-1.9230769230769333
0.39215686274510714
0
-3.3203124999999987
2.626262626262624
1.1811023622047168
1.3618677042801612
-4.030710172744721
4.399999999999995
-9.003831417624516
-0.4210526315789384
4.01691331923889
1.829268292682924
-2.1956087824351185
0
-2.8571428571428688
-3.1512605042016695
1.7353579175705003
2.1321961620469008
2.5052192066805867
0.6109979633401272
1.4170040485829836
-5.988023952095805
3.6093418259023338
0
-1.6393442622950836
0.8333333333333341
1.2396694214876136
0.8163265306122456
-0.809716599190284
0.20408163265305687
-3.462321792260691
3.3755274261603403
-3.673469387755114
1.9067796610169463
-5.197505197505198
4.385964912280706
-5.2521008403361344
0
-3.5476718403547705
6.2068965517241494
-3.89610389610389
-2.0270270270270436
0
2.5287356321839156
-5.829596412556049
2.8571428571428594
-2.77777777777778
2.3809523809523725
12.790697674418603
2.061855670103104
-11.313131313131322
4.555808656036451
-3.0501089324618667
5.617977528089887
-7.234042553191486
7.339449541284389
-3.2051282051281937
3.0905077262693084
-1.2847965738757947
0.43383947939261547
-3.4557235421166337
3.131991051454152
-0.43383947939263473
0
0
-5.882352941176461
1.1574074074074032
2.9748283752860387
2.2222222222222143
-0.6521739130434644
0.6564551422319335
6.521739130434798
-0.6122448979591887
2.6694045174537964
-5.9999999999999964
8.297872340425526
-11.394891944990178
5.543237250554324
-0.8403361344537823
1.4830508474576332
-3.340292275574116
-1.7278617710583168
7.47252747252747
2.453987730061352
-5.988023952095805
0
2.760084925690019
-7.0247933884297495
6.88888888888888
2.702702702702719
-7.692307692307708
-1.315789473684202
1.1111111111111072
7.2527472527472545
-7.172131147540976
6.843267108167762
-5.371900826446277
0
2.6200873362445436
0
2.1276595744680775
2.0833333333333446
-4.285714285714285
-1.4925373134328417
2.8138528138528116
3.157894736842113
-3.877551020408171
0.636942675159241
-1.4767932489451536
1.0706638115631655
-2.9661016949152477
2.6200873362445436
-3.617021276595743
-0.8830022075055195
2.2271714922048917
1.7429193899782152
-2.355460385438979
1.9736842105263324
0
-3.010752688172055
2.882483370288246
1.293103448275873
-2.3404255319149003
1.0893246187363796
-3.017241379310338
-1.999999999999997
-0.680272108843543
6.392694063926946
-4.077253218884128
2.4608501118568307
-2.838427947598251
-1.1235955056179734
-7.0454545454545565
-5.623471882640587
8.808290155440423
7.142857142857138
-6.6666666666666625
7.142857142857138
-8.222222222222225
6.295399515738493
-5.4669703872437205
3.132530120481925
1.8691588785046744
-0.2293577981651531
-2.2988505747126355
1.17647058823529
-0.697674418604657
12.412177985948485
-8.958333333333329
8.009153318077795
-9.957627118644062
-2.35294117647058
2.168674698795177
2.594339622641496
-5.28735632183907
4.126213592233008
-3.263403263403256
2.409638554216859
-2.8235294117647083
-1.2106537530266301
0.24509803921568105
9.046454767726166
-7.174887892376688
3.864734299516912
-6.744186046511629
-3.990024937655853
6.493506493506482
2.4390243902439157
-2.3809523809523934
-1.219512195121947
-0.24691358024690832
0
2.2277227722772244
0
-1.2106537530266301
-1.225490196078427
-2.7295285359801564
2.5510204081632564
-1.2437810945273478
-4.030226700251893
-3.9370078740157455
-1.6393442622950833
6.944444444444445
7.272727272727267
-1.9370460048426168
1.728395061728402
-0.24271844660193656
-1.4598540145985521
-2.2222222222222188
-1.5151515151515165
-1.2820512820512775
10.389610389610388
-11.05882352941177
3.1746031746031775
-3.846153846153844
-1.0666666666666675
2.156334231805932
1.5831134564643814
-3.6363636363636394
7.547169811320762
-8.771929824561404
1.6483516483516498
-0.540540540540541
5.434782608695644
-8.762886597938142
0.28248587570620864
0.28169014084507693
-0.28089887640450084
-5.352112676056336
-3.869047619047616
7.120743034055727
12.716763005780345
-7.692307692307688
8.055555555555557
0.2570694087403544
1.5384615384615399
-1.010101010101011
14.030612244897956
-17.897091722595075
10.354223433242502
-2.4691358024691272
-1.2658227848101333
-9.230769230769228
3.107344632768358
-6.575342465753419
12.90322580645161
-10.649350649350653
16.279069767441865
-9.250000000000004
1.9283746556473909
9.459459459459449
4.691358024691368
-6.839622641509434
1.265822784810122
-3.0000000000000027
0.5154639175257737
-3.846153846153844
-2.3999999999999964
-4.91803278688525
-0.8620689655172358
5.217391304347817
0
0.27548209366391824
3.296703296703287
-8.24468085106382
18.55072463768115
-14.914425427872859
0
5.747126436781614
2.9891304347826053
-2.374670184696566
15.945945945945942
-19.11421911421911
-1.7291066282420764
6.158357771260996
0.276243093922646
-4.1322314049586755
6.034482758620689
-7.588075880758802
0
-4.398826979472151
15.030674846625775
-16.53333333333334
-0.6389776357827482
-15.112540192926037
6.439393939393937
-13.167259786476873
-5.327868852459012
3.4632034632034663
4.184100418410045
-3.614457831325313
7.500000000000006
-1.1627906976744282
6.274509803921575
3.3210332103320983
9.642857142857144
0.32573289902280883
4.870129870129867
0
4.953560371517033
0
0
4.424778761061944
4.519774011299439
-0.2702702702702765
4.065040650406502
-8.593750000000002
-0.28490028490027886
-4.571428571428576
-4.790419161676638
0
-4.716981132075483
0
-4.950495049504948
0
-4.8611111111111
10.218978102189773
4.96688741721854
-0.3154574132492046
0
-1.8987341772151916
0
0.32258064516128343
0
0
-4.1800643086816685
-0.671140939597316
-4.729729729729734
0
-4.9645390070921875
10.447761194029843
4.729729729729734
-8.064516129032258
0
-0.3508771929824642
0
-0.35211267605633056
0
-4.9469964664310995
0
0
-1.4869888475836446
-3.3962264150943344
0
4.687500000000004
-4.850746268656729
0
0
3.9215686274509842
-0.3773584905660297
0
0
-0.3787878787878875
-4.942965779467677
10.399999999999991
-2.173913043478247
7.037037037037034
4.498269896193768
-8.609271523178815
0
-2.173913043478247
-4.444444444444448
-0.38759689922481516
