16.97574893009985
-0.6097560975609627
7.852760736196304
13.651877133105817
-19.919919919919924
9.87499999999999
-1.7064846416382093
-7.407407407407414
-1.2499999999999956
12.531645569620256
-11.13610798650169
3.7974683544303662
-4.8780487804877986
15.128205128205137
-16.481069042316264
-0.6666666666666643
11.40939597315437
-9.638554216867478
6.533333333333336
0.12515644555694352
-0.12499999999999734
12.515644555694617
-1.4460511679644135
-12.189616252821661
0.5141388174807202
-7.928388746803071
2.7777777777777803
7.43243243243243
-6.7924528301886795
0
-0.539811066126856
8.548168249660785
4.499999999999993
-13.875598086124395
5.555555555555547
7.894736842105259
-3.414634146341456
2.2727272727272694
-1.4814814814814719
0.12531328320801738
-19.899874843554443
19.99999999999999
0
-1.0416666666666676
-14.60526315789473
-2.1571648690292844
9.448818897637805
-0.8633093525179928
1.4513788098693836
-1.4306151645207514
1.3062409288824492
-3.8681948424068833
-1.9374068554396406
-0.7598784194528848
6.738131699846853
3.15638450502153
-4.58970792767733
2.0408163265306074
0.571428571428572
-0.5681818181818187
-0.14285714285713982
2.8612303290414904
-2.50347705146037
1.2838801711840209
-0.7042253521126736
0.9929078014184438
-0.9831460674157343
0.7092198581560258
4.788732394366208
2.150537634408592
-2.631578947368412
-2.567567567567573
-2.9126213592233006
-4.999999999999995
4.511278195488719
7.913669064748199
-3.866666666666667
2.6352288488210873
4.054054054054052
-0.1298701298701271
3.771131339401821
-0.25062656641604586
-0.8793969849246267
-6.717363751584276
6.657608695652164
0
1.6560509554140228
0
0
-2.8822055137844664
0.6451612903225784
7.051282051282049
11.257485029940113
0
-1.291711517761025
-1.5267175572519147
1.328903654485061
-2.622950819672133
0.448933782267106
10.055865921787714
-0.20304568527918349
-0.3051881993896171
12.244897959183666
7.636363636363635
-3.6317567567567544
4.294478527607364
-6.8067226890756345
-9.828674481514877
0
4.499999999999993
0.28708133971292954
-0.2862595419847437
-0.0956937799043042
0
-3.2567049808429105
7.425742574257426
-5.990783410138252
0
4.8039215686274535
0
0.46772684752105437
-0.18621973929236102
0
0.27985074626865075
0
3.0697674418604657
-0.7220216606498201
-2.272727272727273
2.3255813953488373
0
0
4.090909090909085
-2.794759825327498
1.5274034141958663
-2.654867256637174
-5.000000000000006
0
0
4.976076555023937
0
-4.284412032816778
-4.761904761904762
-0.19999999999999574
4.909819639278559
-4.680038204393507
4.809619238476958
-0.09560229445508185
1.8181818181818306
-4.135338345864674
1.0784313725490315
-2.424830261881668
4.27435387673956
-3.7178265014299385
4.752475247524757
0.18903591682419257
5.000000000000011
0
4.9415992812219125
0
4.965753424657535
0
4.975530179445347
0
4.895104895104901
0.0740740740740725
4.959289415247965
0
4.9365303244005725
0
4.973118279569881
-1.2163892445582556
-47.893713545042125
0.7462686567164242
4.938271604938276
0
4.470588235294127
-9.009009009009016
-4.950495049504955
0
-4.947916666666665
0
-4.931506849315061
0
-4.8991354466858885
0
-5.000000000000002
0
-4.944178628389149
10.402684563758392
4.103343465045586
0.7299270072992805
1.1594202898550734
-6.017191977077376
-3.8109756097560976
2.3771790808240945
2.9411764705882413
-7.06766917293234
-2.750809061488672
4.658901830282867
3.3386327503974558
1.538461538461533
5.000000000000002
-6.782106782106778
3.405572755417953
1.4970059880239601
4.572271386430672
0.28208744710861017
2.531645569620249
2.3319615912208493
4.691689008042891
0.25608194622279723
2.1711366538952737
-6.999999999999995
-4.973118279569894
0
-3.677510608203687
5.286343612334806
-0.6973500697350045
3.9325842696629247
-0.6756756756756852
-1.6326530612244792
-3.0428769017980724
2.13980028530671
-0.13966480446927076
0.6993006993006968
1.249999999999998
-0.6858710562414242
-4.005524861878453
5.035971223021577
0
0.1369863013698601
-2.4623803009575886
2.524544179523138
1.9151846785225797
-4.697986577181216
3.5211267605633805
-1.9047619047619004
1.803051317614423
-0.27247956403269175
1.7759562841530039
-3.3557046979865772
-1.111111111111112
0.9831460674157343
2.225312934631422
-0.9523809523809442
3.5714285714285685
-5.0397877984084865
1.6759776536312865
-2.060439560439565
3.0855539971949475
-4.489795918367348
1.8518518518518632
-0.839160839160846
-0.5641748942172079
-1.7021276595744697
3.6075036075036078
-8.217270194986071
0
-4.855842185128988
1.2759170653907508
0.6299212598425202
1.5649452269170663
3.081664098613254
2.3916292974588824
1.8978102189781136
3.8681948424068704
-3.8620689655172447
3.15638450502153
-3.3379694019471517
3.3093525179856047
-3.064066852367685
0.5747126436781614
-2.85714285714286
2.205882352941182
-2.0143884892086414
2.0558002936857647
-2.1582733812949693
1.0294117647058865
-0.7278020378457034
3.8123167155425186
-4.519774011299439
-0.14792899408283708
1.1851851851851862
1.0248901903367538
0
2.8985507246376705
-2.957746478873239
-2.0319303338171215
2.9629629629629655
0
-0.14388489208632788
3.0259365994236305
1.8181818181818166
4.945054945054937
0
4.973821989528794
-9.476309226932665
2.617079889807168
2.2818791946308714
4.724409448818902
-6.265664160401002
1.6042780748662997
1.8421052631579022
4.521963824289401
-6.056860321384428
1.9736842105263206
-1.9354838709677464
4.605263157894744
-1.0062893081761015
1.2706480304955483
3.6386449184441663
4.963680387409203
0
4.959630911188001
0
4.945054945054957
0
4.921465968586375
-8.283433133732535
4.461371055495105
0.4166666666666763
3.73443983402489
-5.600000000000005
4.237288135593224
-7.621951219512195
3.8503850385038465
-3.7076271186440644
2.3102310231023195
-5.6989247311828075
4.332953249714946
0.21857923497267293
-1.308615049073056
-1.32596685082874
3.247480403135509
-4.013015184381789
-3.3898305084745646
5.730994152046764
0.4424778761062049
-4.735682819383257
0
-1.3872832369942312
-2.110199296600231
1.437125748503006
0
-2.125147579693052
4.342581423401704
-6.5895953757225465
2.103960396039603
-1.5757575757575852
-0.2463054187192066
-1.4814814814814719
3.6340852130325705
-3.748488512696489
-1.2562814070351713
1.7811704834605557
4.249999999999998
-1.798561151079141
1.9536019536019555
-1.1976047904191576
-0.6060606060606146
5.609756097560987
4.3879907621247
-3.5398230088495413
-4.701834862385322
8.182912154031284
1.7797552836484998
-5.573770491803276
-2.430555555555565
-0.5931198102016482
4.057279236276847
-6.0779816513761595
-4.639804639804638
6.274007682458402
3.012048192771084
-3.274853801169604
2.6602176541717126
-6.007067137809185
3.2581453634085187
0.7281553398058312
3.614457831325288
-5.465116279069754
-3.9360393603936177
8.322663252240734
2.836879432624095
-5.63218390804596
0.12180267965894989
-2.5547445255474552
0
-0.37453183520598454
2.0050125313283225
-0.8599508599508634
-0.867410161090462
-1.375000000000004
3.929024081115331
-4.999999999999992
3.85109114249037
0.3708281829418957
3.44827586206898
-2.738095238095243
1.4687882496939928
-1.9300361881785089
-0.9840098400984018
1.1180124223602466
-3.5626535626535736
3.5668789808917345
2.091020910209101
-2.048192771084336
5.166051660516604
-4.912280701754384
0
0.738007380073785
0.6105006105006192
-2.7912621359223353
-1.9975031210986285
4.203821656050956
2.078239608801955
-3.473053892215559
6.699751861042173
-4.7674418604651185
0.9768009768009778
-1.0882708585247867
-3.422982885085567
2.6582278481012542
1.7262638717632623
8.000000000000002
-1.795735129068464
-2.171428571428566
3.971962616822428
-6.067415730337089
-2.0334928229665064
-1.8315018315018359
4.477611940298523
-2.50000000000001
0.1221001221001195
-2.926829268292675
4.648241206030153
-5.042016806722688
4.677623261694048
-3.8647342995169014
3.5175879396984957
-2.5485436893203985
1.9925280199252822
-2.319902319902314
5.000000000000004
-5.9523809523809526
4.683544303797459
0.24183796856105894
4.825090470446326
-5.523590333716901
3.6540803897685614
-5.5229142185664
4.477611940298523
-4.880952380952382
6.257822277847309
-7.8916372202591285
7.6726342710997395
-4.156769596199521
4.460966542750922
-7.117437722419925
6.002554278416356
-4.698795180722898
9.987357774968384
0
3.2183908045977145
-7.238307349665927
0.12004801920768052
2.997601918465228
-1.9790454016298014
2.1377672209026093
-1.1627906976744145
4.235294117647052
4.966139954853288
4.731182795698919
9.342915811088297
0.5633802816901455
