-6.621287128712864
0.06626905235254758
-7.152317880794709
-0.14265335235377222
4.285714285714286
0.684931506849315
-1.530612244897959
0.17271157167530224
5.827586206896544
-0.22808732486151473
-3.755715218811235
8.585001696640655
-4.9062499999999964
1.2159053565560265
-0.9415584415584342
1.769911504424771
0.8051529790660226
6.389776357827476
-7.567567567567565
2.014294996751133
3.1210191082802585
0.9573810994440908
-1.9271948608136906
-0.0623830318153604
0.7178526841448226
7.809110629067242
-6.668582926128195
0.40036957191253814
-3.6809815950920246
11.40127388535032
-9.891366495140087
5.203045685279199
-5.5488540410132785
-0.8620689655172378
3.188405797101442
2.9650436953807744
-2.1521673234313328
1.3011152416356841
-1.9571865443425007
-0.810979413599508
0.7232704402515759
2.497658445207618
-2.6500152299725825
1.3767209011264008
1.5432098765432098
6.2613981762918005
-8.75286041189932
1.8808777429467085
-2.4923076923076994
0.03155569580309964
-0.8832807570977954
3.0235518777848505
-5.529811553907932
1.3734466971877006
-1.5483870967741973
2.8178243774574123
-2.390057361376673
3.689193601044731
-5.037783375314861
0.8289124668435013
2.8609010194015085
7.28900255754476
-5.929678188319437
4.30788723471651
-3.644093531733981
0
-0.7563819728963234
4.636392505557327
-6.160849772382401
-0.3557567917205582
1.8825056799740194
4.4600191143676335
-3.2021957913998174
-2.0163831127914236
0.7717041800643014
3.318442884492672
-1.7912291537986447
3.7735849056603774
-6.0000000000000036
-0.032237266279808476
1.2576588197355618
0.1273885350318399
0.4134860050890622
0
0
6.303452644916071
-3.307508939213356
-2.0030816640986133
-1.006289308176097
0.8576874205844944
0.09448818897638153
1.3215859030836967
-1.9254658385093133
2.976567447751734
-2.244772447724481
0.723497955331869
0.874453466583389
0.9287925696594427
-2.423312883435576
-0.03143665513990026
-0.911949685534584
1.1742304030466482
-0.6900878293600968
6.001263423878711
-5.154946364719907
1.1624253848570494
-1.9875776397515457
-0.47528517110266155
1.8465456860872187
1.1878712097530515
-0.4942848316342187
1.8317292766221598
-4.5426829268292614
2.203768763973164
-1.437500000000007
3.3608116677235333
-1.4723926380368133
-0.37359900373598653
0
-0.031250000000007105
0
0
0.9690528290090725
0.30959752321981426
-1.5123456790123386
2.162331557505477
-2.7300613496932447
2.1759697256385926
-1.6666666666666596
3.578154425612045
-2.7878787878787845
-1.496259351620951
-0.8860759493670922
1.8518518518518556
-3.134796238244514
0.970873786407767
-6.82692307692308
6.63914688682491
-5.032258064516136
0
-1.3926630434782494
7.475025835342746
-4.647435897435898
0.8403361344537815
-2.6666666666666665
2.73972602739726
-9.166666666666666
2.6788990825688117
-1.6797712651894168
1.7811704834605513
2.464285714285706
2.0216103171836917
-0.7857874957294197
2.6170798898071705
-2.3825503355704774
3.128222756961163
-5.933333333333337
0.03543586109143258
-0.07084661707403068
0.6735200283587299
-1.3380281690140885
0.6423982869379056
-0.7092198581560284
0
-1.7142857142857184
0.2906976744186088
-0.21739130434783432
3.8126361655773424
-3.4627492130115347
-0.36231884057971014
-2.436363636363632
4.360790160268352
-5.071428571428568
1.5801354401805825
3.0000000000000084
0.5393743257820928
-0.5722460658083056
-0.6474820143884933
-0.0362056480810883
-0.3984063745020002
1.0909090909090908
3.201438848920855
-3.2764029278494173
-0.9009009009009009
0.8363636363636405
-0.4688063469167008
-0.6159420289855031
-0.8384979948961032
3.455882352941168
2.2743425728500477
-0.41695621959693835
0
2.4773203070481387
8.954715696288734
-7.03125
-0.5042016806722689
1.0135135135135136
-0.6688963210702341
-2.0202020202020203
-0.3436426116838488
1.206896551724138
0
-0.8858603066439601
1.5812994156067457
-0.8121827411167436
-0.37529853292392445
-2.773972602739734
0.7396970764353726
-1.2237762237762237
3.079646017699111
-3.502747252747249
1.0676156583629892
0.5633802816901489
-0.5602240896358622
0.176056338028169
-0.1757469244288225
1.232394366197183
0.5565217391304427
-1.7295053614666205
0.6687785990848212
1.3636363636363558
0.3794411866160824
-9.17525773195876
2.1566401816118
2.1851851851851767
0.7611453425154124
0.6834532374100638
0.7502679528403083
0.1773049645390071
1.238938053097345
-1.6783216783216823
5.974395448079663
-3.959731543624165
2.7253668763102765
-1.8367346938775433
-0.03465003465004252
0.8665511265164645
-0.3436426116838488
-1.9655172413793065
-0.035174111853683694
-0.9500351864883845
-0.5328596802841918
1.7499999999999918
2.4921024921025
-1.4726027397260313
-0.5908932916232147
0.3846153846153926
0.31347962382444344
-0.625000000000004
-0.41928721174003797
1.26315789473685
-0.9009009009009087
-0.17482517482517482
0.8756567425569177
-2.0833333333333335
0
-0.2482269503546059
-0.10664770707430193
-0.8540925266903834
0.5025125628140622
1.4285714285714286
-1.443661971830994
1.1075384065737846
0.35335689045936397
-0.8450704225352033
0.4971590909090828
1.5547703180211934
0.9046624913013301
-2.0689655172413794
1.971830985915501
-2.2444751381215466
0.3179088661250361
1.232394366197183
-0.17391304347826086
-1.2195121951219512
-1.164021164021168
0.7851534618129867
0.5665722379603481
-0.528169014084507
0
0.38938053097345937
1.9040902679830667
-2.491349480968854
0.4258339247693359
0.9893992932862231
-0.27991602519244624
-1.6842105263157934
2.35546038543898
-3.6610878661087867
3.800217155266015
-2.4058577405857857
-3.358342265094669
4.325323475046207
1.3111268603827033
0.8744316194473593
-0.1386962552011017
-1.59722222222223
0.5645730416372698
-0.2807017543859689
-0.07037297677691366
2.323943661971839
-0.20646937370957422
-1.7241379310344827
0.45614035087719695
0.7334963325183255
-0.1386962552011017
-0.9027777777777857
-2.0322354590048897
3.3977110157367667
-5.223106191629202
6.78832116788322
-0.8885850991114226
-1.206896551724138
0.8027923211169324
0.03462603878115163
1.7307026652821047
-3.878870364069404
0
3.0442477876106273
3.057368601855025
-2.6666666666666665
-0.684931506849315
-1.0344827586206897
2.4390243902439024
-3.673469387755106
0.2824858757062187
0.38732394366197986
-1.5082427218519856
3.3119658119658157
-0.7238883143743614
-0.4861111111111032
-0.5582693649686052
0.03508771929825359
18.16906348649595
-14.574057583852765
0.7644197359277236
-0.5517241379310424
1.941747572815542
-0.3061224489795841
-1.0576595018765003
0.4137931034482719
0.27472527472527863
-2.671232876712333
0
1.5130190007037339
-2.946273830155979
3.392857142857143
0.034542314335068304
-2.071823204419889
-0.5641748942172153
0.921985815602845
-1.4054813773717496
1.1047754811118908
1.8681706027493872
-2.2145328719723105
3.2908704883227013
-3.39157245632065
1.950354609929078
-2.260869565217391
3.202846975088968
-1.5517241379310345
2.907180385288971
-2.382573179033356
-2.0571827057182825
-0.9967960128159327
-2.481121898597639
3.060471976401184
2.6833631484794274
-1.5331010452961593
-2.229299363057329
3.3297140788997424
0
-1.5061295971979025
-0.42674253200568585
0.4999999999999919
1.5636105188344116
-2.0293911826452105
-0.35714285714285715
0.39426523297491856
0.6783291681542225
-2.482269503546099
0.21818181818182644
0.6894049346879453
2.41441441441441
-2.4630541871921183
-0.7936507936507896
0.10909090909091322
-0.43588812204867
1.6782196278730264
2.547542160028713
-0.874737578726382
0
0.247087892693254
-4.1197183098591506
4.223283143591627
-0.6342494714587777
0
-0.3191489361702047
-0.39131981501245916
0
-1.25
1.2658227848101267
-1.000000000000004
-0.07215007215006805
5.234657039711191
4.219554030874789
-6.714944042132993
-4.72829922371206
6.777777777777782
10.683315990287896
-9.840175493575693
8.82864094542928
-9.77323538805494
6.407079646017707
-4.72388556220893
-0.13966480446926582
0.2797202797202837
-0.27894002789400674
2.797202797202797
-0.6802721088435374
-3.6301369863013777
0.24875621890548882
0.8862105636299183
3.7596626844694265
-3.1832035218422057
-1.8887722980062882
-0.7843137254901921
2.730865971972679
0.20986358866737417
-0.8726003490401396
4.1197183098591506
-0.5749070003381768
-2.7551020408163343
0.38474991255684604
4.529616724738676
2.6666666666666665
-4.480519480519484
-0.06798096532970382
-0.8843537414966064
2.814001372683612
0.06675567423230595
0.0667111407605032
3.1000000000000036
-0.42030391205949286
2.4999999999999964
-0.19005384859042315
-1.6502697556331467
3.9044853178444736
-4.223602484472057
-0.1297016861219122
0.25974025974026343
-0.25906735751295706
-0.584415584415588
3.167864141084255
-1.5511237733459884
4.823151125401929
-3.742331288343555
-2.4856596558317436
1.013071895424844
-0.3558718861210038
0.22727272727272357
-10.26886945254292
1.2996389891696833
1.5680684248039831
1.1228070175438556
3.157529493407364
0.10090817356206234
3.2594086021505335
-6.150341685649214
