-2.4590163934426146
2.8361344537815154
-2.655771195097046
4.512067156348371
-3.212851405622479
1.6597510373443924
-2.857142857142854
1.2605042016806751
0.5186721991701244
-0.7223942208462362
1.0395010395010396
0
-2.6748971193415723
2.1141649048625792
-3.519668737060033
3.004291845493559
-3.125
4.838709677419355
-4.307692307692311
3.9657020364415896
-4.123711340206185
3.763440860215054
1.1398963730569889
4.815573770491807
-2.5415444770283426
4.112337011033094
-4.335260115606936
0.7049345417925507
2.4000000000000057
1.7578124999999971
-1.3435700575815792
4.669260700389103
-3.53159851301115
4.91329479768787
0
4.958677685950405
0
4.98687664041995
0
0.0833333333333286
4.579517069109076
3.423566878980901
1.3856812933025273
-0.0759301442672698
-4.5592705167173255
-0.15923566878979986
-3.3492822966507196
0.6600660066006577
2.950819672131143
1.9108280254777117
-2.8124999999999956
-2.4919614147910036
-0.4946413849958733
1.2427506213753106
-6.13747954173486
-4.969485614646906
4.495412844036703
-3.248463564530292
-0.725952813067148
-1.9195612431444318
-2.7958993476234855
-3.8350910834132312
0.39880358923230874
2.87984111221449
-7.625482625482617
-0.7314524555903896
3.2631578947368363
3.9755351681957247
-0.8823529411764761
4.747774480712177
-2.4551463644948144
2.420135527589545
-1.984877126654059
2.0250723240115662
-2.3629489603024574
-0.29041626331074266
-2.13592233009709
3.1746031746031775
-2.019230769230764
-1.864573110893038
0.4000000000000057
3.4860557768924303
-7.988450433108769
3.3472803347280364
0.5060728744939271
4.1289023162135035
-3.5783365570599637
2.106318956870606
-3.3398821218074572
0
-3.252032520325206
-0.21008403361344835
-0.3157894736842075
1.2671594508975743
1.8769551616266913
2.354145342886384
0.7000000000000028
0.9930486593843098
-1.4749262536873156
2.9940119760479043
-2.7131782945736407
2.191235059760945
-5.263157894736834
-0.2057613168724309
-4.53608247422681
0.2159827213822925
4.741379310344834
3.9094650205761288
0.9900990099009901
0
1.6666666666666694
1.8322082931533186
-2.746212121212113
-0.6815968841285325
0.9803921568627451
2.3300970873786464
-2.0872865275142343
1.8410852713178212
-3.7107516650808674
-0.5928853754940796
-2.882703777335976
-0.7164790174002076
5.670103092783505
1.4634146341463414
3.461538461538456
4.73977695167287
0.17746228926353402
1.4171833480956548
3.493449781659389
4.810126582278483
0.1610305958132068
4.823151125401929
0.15337423312882564
4.823889739663103
0.14609203798392156
4.886943836615622
0.06954102920722831
-4.933981931897146
0
-4.970760233918137
0
-5
0
-4.939271255060724
0
-4.9403747870528205
10.394265232974918
-4.951298701298708
0
-4.953031596925703
0
-4.0431266846361185
-0.9363295880149813
-4.914933837429114
0
-4.572564612326039
1.6666666666666607
-0.4098360655737618
-3.2921810699588505
2.0212765957446868
-4.5881126173097035
0
-0.7650273224043747
0
-4.295154185022017
-0.6904487917146243
-4.2873696407879525
-0.7263922518159738
5.731707317073174
3.2295271049596277
1.5642458100558723
2.0902090209020807
0
0
-0.32327586206896247
-2.594594594594601
1.4428412874583922
2.844638949671766
-2.6595744680851063
2.0765027322404435
-3.9614561027837287
0
0.5574136008918618
0
-1.773835920177393
1.4672686230248437
-1.223581757508352
-1.9144144144144177
0.6888633754305494
0
2.7366020524515293
2.552719200887915
0
0.21645021645020412
0.6479481641468775
-1.7167381974249019
-2.292576419213968
2.2346368715083798
0.2185792349726807
0.327153762268263
-2.2826086956521676
1.4460511679644017
-2.7412280701754383
1.3528748590755386
-3.89321468298109
-1.9675925925925957
5.5489964580873705
-2.9082774049217095
-1.3824884792626762
1.4018691588785082
2.4193548387096873
3.0371203599549927
-1.7467248908296882
-0.8888888888888857
-0.6726457399103234
2.934537246049671
-6.907894736842103
0.5889281507656066
-1.0538641686182735
0.4733727810650955
-0.5889281507656066
-2.4881516587677823
3.5236938031591807
0.9389671361502314
-0.23255813953488702
1.5151515151515118
-0.6888633754305331
2.658959537572251
-2.13963963963963
0.11507479861909586
-1.1494252873563218
0
0.23255813953488702
-2.088167053364266
2.3696682464454977
0.2314814814814683
-2.0785219399538075
1.8867924528301987
-1.273148148148158
5.275498241500586
-3.34075723830735
5.875576036866369
-5.223068552774767
-2.8702640642939152
1.8912529550827526
5.800464037122969
-4.385964912280701
2.86697247706422
-7.46934225195095
-0.9638554216867435
-0.9732360097323566
0.7371007371007301
8.780487804878051
2.690582959641246
-2.8384279475982472
2.134831460674164
-1.9801980198019926
-3.2547699214365786
1.2761020881670466
4.009163802978236
-2.5330396475770893
1.0169491525423793
-1.0067114093959795
0.5649717514124294
-1.0112359550561862
5.561861520998872
-3.1182795698924792
5.327413984461722
-5.268703898840885
0.5561735261401557
-0.6637168141593014
-2.0044543429844066
1.477272727272724
0.7838745800671925
-0.8888888888888857
1.1210762331838564
-2.2172949002217295
0
-1.3605442176870781
-1.609195402298857
2.336448598130841
0.22831050228310829
-6.150341685649193
6.310679611650471
-5.707762557077626
3.9951573849879076
-7.566938300349243
5.793450881612083
-4.52380952380952
4.488778054862836
-3.579952267303103
1.4851485148514887
-1.463414634146345
-0.9900990099009866
8.625000000000007
-1.9562715765247443
4.22535211267605
1.2387387387387483
5.228031145717451
1.4799154334038116
-0.8333333333333304
-1.995798319327737
0.2143622722400888
2.6737967914438503
-1.6666666666666607
-0.423728813559328
0.31914893617020973
-6.680805938494165
5.909090909090912
0.7510729613733936
-2.875399361022367
-0.43859649122807637
-2.4229074889867874
0
-1.241534988713312
0.4571428571428636
1.251422070534692
3.3707865168539324
-2.2826086956521676
1.0011123470522707
0.11013215859031776
0.11001100110010376
2.197802197802198
0.9677419354838771
0.8519701810436604
0.8447729672650445
3.45549738219895
-0.8097165991902805
0.10204081632652481
-0.10193679918449981
0.5102040816326531
-0.5076142131979695
2.857142857142854
0
-3.571428571428566
2.5720164609053495
-5.315947843530589
0.635593220338977
-3.1578947368421053
-0.2173913043478292
-4.2483660130718865
2.6166097838452753
-3.104212860310418
1.8306636155606342
0
3.3707865168539324
-3.9130434782608634
0.4524886877827958
-5.743243243243237
5.017921146953408
-6.484641638225258
9.489051094890508
-9.622222222222218
5.483157118268986
-5.151515151515154
4.448267387564518
10.75294117647059
0.9135330359039722
2.4631578947368458
-1.9930141771111545
4.570230607966456
0.24057738572573664
0.7199999999999989
3.1969817315329614
-3.790648451029438
-1.8799999999999955
2.9351814105177287
0
-1.2871287128712843
1.6048144433299842
1.9545903257650583
0.21301316808675336
1.2367149758454117
-0.7444168734491325
8.538461538461535
-2.0021261516654776
4.447658651238475
0.05193006750907743
0.06920415224914576
0.190179806362378
0.6384814495254485
-2.6063100137174264
6.954225352112681
3.209876543209881
3.046251993620409
0.015477480266220579
-4.1163726400495255
0.7908327953518431
-0.8646917534027322
-0.016152479405585545
4.717285945072689
0
1.2804689910521638
0.4569687738004526
-1.9408642911296452
-0.10824184320396998
0.2786377708978434
0.33961099104661757
-0.40000000000000785
0
-2.5949953660796923
1.490643831271801
0.3437499999999982
-0.031142946122697013
-1.7133956386292857
2.218700475435814
0.046511627906978506
0.7283434061676721
-0.7846153846153925
0.7908202822143048
-1.3230769230769222
0.71718116619893
-0.4953560371516923
0
-0.3422526446795253
0.3746487667811347
0.2954898911352997
0.7908202822143048
-1.2307692307692264
0.4672897196261638
-0.9612403100775154
0.1878522229179672
-0.8281250000000018
0.8350401764613221
-1.0624999999999996
0.4421983575489595
0.5188679245282992
0.8759580791490618
-8.605985424096756
2.4770953512046163
-0.28145695364238693
0.4482815872488845
1.5702479338843023
2.5223759153783516
-3.365079365079361
-1.4454664914586113
-0.45000000000000523
0.2846140967687958
-0.5509181969949888
2.820211515863689
-1.7142857142857097
-0.3322259136212672
-0.766666666666668
-0.06718172657037143
0.06722689075630109
0.7725898555592893
7.766666666666661
-2.567274976801727
0.46031746031745896
-0.45820824774845814
-1.142857142857141
-0.44958253050738783
-1.4838709677419382
1.5062213490504286
1.0806451612903254
-1.0690920695707702
1.3225806451612907
-1.305316778096148
0.7580645161290305
2.369137185849214
-3.5809225957779613
-1.0703859876743378
1.4754098360655714
1.760904684975773
-0.49214160977933363
0.5105296745373329
-0.6031746031746072
0.6068348770360948
0.015873015873012715
0.7776543405808634
0.2519685039370025
0.21991831605403797
-0.3134796238244447
0.6289308176100606
-0.9375000000000022
