2.3880597014925393
3.4256559766763766
-9.795630725863276
-0.39062500000000555
1.7254901960784363
2.929838087895135
-4.419475655430711
-0.3134796238244447
2.59433962264151
1.5325670498084236
2.9433962264150986
1.9061583577712593
0.14388489208632788
7.399425287356318
-6.889632107023408
2.0114942528735584
-1.9014084507042224
1.220387652548456
-7.659574468085107
-6.682027649769579
7.48971193415638
2.2205206738131635
-2.0973782771535534
1.7597551644988556
-1.6541353383458695
2.8287461773700247
-2.899628252788095
3.06278713629403
-2.0802377414561746
2.2003034901365774
-0.7423904974016438
0.7479431563201303
-2.3756495916852285
2.2053231939163433
3.6458333333333353
1.220387652548456
-3.6879432624113444
-1.3254786450662719
1.044776119402976
0
-0.7385524372230402
1.934523809523808
-0.29197080291970184
0
-1.5373352855051308
2.602230483271386
1.4492753623188352
1.3571428571428537
-1.9027484143763185
0.5747126436781614
-3.4285714285714315
3.550295857988169
-3.0714285714285694
4.642593957258652
-2.253521126760553
2.3054755043227555
-3.450704225352102
-2.2611232676878226
-0.8955223880597089
1.5813253012048258
-0.9636767976278783
3.2934131736527044
-2.6086956521739215
2.6785714285714377
-2.6086956521739215
1.4880952380952461
-2.1994134897360755
2.6986506746626646
-2.7737226277372193
2.777777777777772
-0.6574141709276834
3.60294117647059
-0.993612491128464
1.7921146953405018
-4.29577464788732
4.4150110375275915
-4.157857646229738
3.6764705882352944
-3.6879432624113444
-0.2945508100147343
-2.8064992614475557
-0.4559270516717363
0.1526717557251876
-0.8384146341463372
2.6133743274404293
-1.1235955056179803
0.2272727272727359
-0.9826152683295599
0.3816793893129825
0.7604562737642558
-0.9056603773584847
0.15232292460014907
0.6083650190114074
-0.22675736961452106
0.0757575757575876
-0.681302043906144
1.448170731707327
-0.9767092411720569
-0.37936267071319374
0
1.5232292460015178
1.125281320330085
-2.9673590504451064
2.5993883792048917
10.208643815201185
0.9465855307640336
-0.5358338914936375
0.673400673400671
-0.40133779264213193
-0.06715916722632496
-2.7553763440860224
-3.5936420179682194
5.232974910394269
2.1798365122615824
-3.3999999999999986
1.7943409247757058
-2.8474576271186436
-0.20935101186321955
-0.20979020979021773
0.07007708479327111
0.4901960784313746
-2.369337979094076
5.281941470378303
0.8813559322033951
-1.1424731182795693
0.13596193065941245
-0.6788866259334667
-3.964456596035544
1.2099644128113873
1.898734177215187
-3.1055900621118084
2.2079772079772115
-2.857142857142858
1.2195121951219507
-1.2756909992912808
-4.1636755204594404
0.37453183520599787
1.1194029850746294
-1.1070110701107037
2.2388059701492455
-4.452554744525544
1.2987012987012982
-1.3574660633484141
-0.6116207951070342
2.0769230769230735
0.9796533534287927
0.8208955223880554
2.2945965951147334
-2.6772793053545656
2.23048327137547
-3.5636363636363653
2.9411764705882395
-2.5641025641025617
2.0300751879699215
-0.8106116433308728
0.6686478454680524
-2.361623616236164
2.0408163265306087
-4.1481481481481515
0.46367851622875195
-0.3846153846153901
7.181467181467193
-5.2593659942363145
3.8783269961977167
-4.758418740849197
-1.6141429669484941
3.124999999999989
-1.893939393939394
6.100386100386108
0.4366812227074272
-1.3768115942029078
4.702424687729615
-4.140350877192981
2.0497803806734947
-3.586800573888092
2.6041666666666643
-3.9158810732414735
3.3207547169811282
-0.949598246895537
2.5073746312684353
-5.539568345323738
0.07616146230007453
-0.3805175038051804
1.986249045072573
-2.2471910112359472
-0.15325670498085325
0.38372985418266087
-0.6116207951070342
-0.23076923076922584
0
-0.616808018504241
1.9394879751745537
-1.5981735159817416
0
0.07733952049497128
2.009273570324573
-3.1818181818181817
0.9389671361502425
-0.3875968992248117
4.824902723735416
-6.755753526354863
2.7070063694267503
-1.0077519379845021
0.23492560689116004
11.562499999999988
6.442577030812325
-1.8421052631578907
0
-1.4075067024128625
0.2719238613188249
0.06779661016949008
7.0460704607046125
-4.9367088607595
-3.0625832223701672
1.8543956043956014
4.5853000674308815
-4.513217279174722
3.308575286968266
-3.7254901960784332
2.172437202987103
-3.3887043189368873
0.4814305364511712
-3.011635865845308
1.6231474947071307
-2.1527777777777812
4.258339247693397
-3.675970047651458
2.4028268551236738
-3.0365769496204242
4.1992882562277565
-4.166666666666675
2.280826799714899
-5.92334494773519
1.8518518518518519
-0.3636363636363688
1.459854014598548
-4.172661870503598
2.1021021021020974
0.14705882352940863
2.0558002936857647
0.5755395683453243
1.5736766809728102
10.140845070422543
5.306905370843979
-3.3394049787492346
0.8165829145728692
0.6230529595015444
2.1671826625387087
-4.848484848484853
1.2738853503184782
-0.37735849056604087
0.7575757575757639
-4.3233082706767
1.8336607727570475
-4.823151125401929
9.459459459459449
-12.901234567901236
0
-3.6144578313253
12.42647058823529
-10.333551340745574
3.9387308533916783
-2.1052631578947416
0.35842293906810546
-1.071428571428574
3.6101083032490977
-3.1358885017421554
-2.5179856115107886
6.125461254612546
0.13908205841446156
2.291666666666667
1.7651052274270183
-2.935290193462305
3.711340206185561
-6.163021868787275
4.096045197740113
-1.6282225237449133
1.3793103448275814
-3.4693877551020393
3.5236081747709656
-3.9482641252552764
3.5435861091424523
-4.038329911019849
0.21398002853067857
0.49822064056938437
4.603399433427764
-5.077860528097495
0
-0.8559201141226763
2.0143884892086286
-2.2566995768688316
1.2987012987012967
-3.34757834757834
1.6949152542372912
-0.5072463768115962
2.0393299344501044
-2.2840827980014295
1.6800584368151967
-2.442528735632183
1.4727540500736325
-2.3222060957909907
0.5943536404160349
4.800590841949781
0.775193798449621
-5.944055944055954
1.7100371747211929
-4.532163742690053
-4.211332312404293
4.796163069544361
6.788710907704047
-3.9285714285714337
1.858736059479554
-1.751824817518237
3.93759286775631
-5.646890636168698
2.4242424242424265
-4.511834319526623
0
7.04879938032533
2.026049204052094
-6.6666666666666625
3.875379939209725
-3.4381858083394343
-1.3636363636363615
0.9984639016897142
1.596958174904936
-1.4970059880239468
0.3039513677811485
-1.3636363636363615
4.3778801843318
-4.047093451066966
1.9938650306748587
-1.8796992481203008
-2.6053639846743284
2.7537372147915
0
-1.3016845329249611
0.465477114041883
-0.540540540540529
1.3198757763975149
-2.5287356321839085
-0.9433962264151021
0
-0.3174603174603107
2.9458598726114587
2.474864655839136
-1.5094339622641455
2.6819923371647483
-4.477611940298504
-1.8750000000000016
1.1942675159235696
2.6750590086546016
-1.9157088122605364
-1.0937500000000044
-0.4739336492891035
2.6190476190476195
-2.5522041763341075
-0.3174603174603107
0.31847133757961105
0.7936507936507908
-1.338582677165354
2.3942537909018413
-0.701480904130942
-1.7268445839874462
0.71884984025559
1.5067406819984241
-2.10937500000001
2.1548284118116627
-2.031250000000012
0.4784688995215351
1.9841269841269842
2.334630350194558
-3.8783269961977167
4.430379746835433
-1.7424242424242322
-3.623747108712418
0.7999999999999972
3.015873015873022
-4.391371340523885
1.933924254633362
-2.055335968379445
3.2284100080710134
-3.518373729476148
1.2965964343598066
-1.9200000000000017
2.039151712887439
-6.155075939248598
0.08517887563883975
-6.893617021276601
4.387568555758688
-2.8021015761821393
-0.9009009009008977
2.818181818181823
4.5977011494252835
-1.0989010989011054
1.4529914529914525
4.380791912384173
4.035512510088781
-3.8789759503491075
0.0807102502017739
-0.8870967741935581
-1.9528071602929085
-0.9128630705394291
-0.7537688442211044
1.2658227848101296
5.583333333333333
-4.972375690607741
1.827242524916949
-2.8548123980424114
4.617968094038629
-2.247191011235964
2.216748768472903
-3.373493975903614
4.3225270157938604
-3.9043824701195233
4.560530679933656
-3.172085646312439
4.504504504504496
-3.996865203761754
2.4489795918367405
-4.063745019920331
4.568106312292365
-5.003971405877673
2.8428093645484935
-2.439024390243908
0
-0.1666666666666631
1.1686143572620933
-0.6600660066006607
-0.3322259136212554
0.8333333333333304
1.65289256198348
0.1626016260162567
1.2987012987012998
-3.766025641025646
2.33139050791007
-3.091944670463784
-0.1679261125104918
-0.7569386038687961
-1.6949152542372972
1.8965517241379366
-0.4230118443316473
4.587935429056932
4.630381803411862
-0.6211180124223608
0
-1.5625000000000082
1.5873015873015959
-2.9687500000000058
0.402576489533017
-1.6840417000801993
-1.305057096247962
0.24793388429753008
-2.1434460016488175
3.3698399326032047
0.24449877750612176
-2.7642276422764214
-1.3377926421404693
3.3050847457627013
-0.16406890894175205
-2.958093672966306
1.4394580863674846
-0.4173622704507572
-1.9279128248114035
2.1367521367521367
0
-0.7531380753138064
1.1804384485666153
0.5833333333333357
