3.5999999999999943
2.471042471042473
-5.953278070836467
0.8012820512820484
1.7488076311605774
-3.671875000000005
2.5952960259529627
-2.924901185770759
1.0586319218241107
0.725221595487509
1.2000000000000028
0.9486166007905076
0
-1.6444792482380508
0.9554140127388473
0.7097791798107245
0
-0.7830853563038344
5.998421468034725
5.956813104988837
-8.854532677442021
19.969159599074786
-16.388174807197945
0.5380476556495026
-0.7645259938837893
2.2342064714946006
-1.4318010550113
-2.9816513761467935
2.442868400315213
2.461538461538464
-2.177177177177184
-0.07674597083652945
1.3824884792626706
0
2.12121212121213
-1.3353115727002947
-0.07518796992482378
3.6869826937547048
0.07256894049346725
3.335750543872378
-0.7017543859649098
-0.49469964664311156
2.1306818181818232
2.5730180806675884
-2.6440677966101735
4.456824512534823
-5.13333333333333
-8.292340126493322
5.823754789272028
0.289645184648799
-0.28880866425992163
0
-0.6517016654598107
-2.988338192419826
2.854996243425988
-2.6296566837107336
3.000750187546889
5.389657683903862
-3.800967519004842
0
-2.442528735632183
2.1354933726067684
-2.8839221341023693
-16.48106904231626
21.95555555555556
-4.4460641399417
4.881769641495047
-2.5454545454545427
3.8805970149253697
0.07183908045976858
-0.933237616654695
2.173913043478253
-2.695035460992901
-0.3644314868804716
0.07315288953913524
1.461988304093575
0.28818443804033966
0.5747126436781614
-2.9999999999999996
2.1354933726067684
-2.4513338139870213
0
0.8130081300813098
0
-0.2932551319648161
0.07352941176470432
1.322556943423951
-2.1029731689630107
0.7407407407407381
0
-0.5882352941176476
1.9970414201183402
-1.1602610587382043
1.2472487160674977
-1.8115942028985506
5.092250922509221
-2.668539325842702
-4.040404040404032
0.8270676691729281
-0.44742729306488066
-1.4981273408239648
-7.604562737642586
8.806584362139919
2.118003025718603
-4.296296296296297
0.6191950464396291
-0.15384615384615058
2.850539291217251
-2.621722846441945
-1.8461538461538478
4.702194357366769
-3.9670658682634685
7.014809041309433
-0.21849963583394855
-0.7299270072992675
-1.4705882352941124
2.014925373134325
-1.9751280175566903
0.7462686567164153
-3.7037037037037037
3.0000000000000044
-1.6430171769977642
1.3667425968109317
0
-0.7490636704119824
-2.6415094339622613
1.3178294573643405
0.6120887528691665
-0.7604562737642558
0.7662835249042118
-0.7604562737642558
-1.1494252873563244
1.0077519379844884
-2.1488871834228656
1.019607843137261
-2.1739130434782696
0.15873015873015536
-3.328050713153724
2.2131147540983718
-2.566158781074581
-0.823045267489709
0.41493775933609073
-3.3057851239669453
-1.28205128205127
1.2121212121212015
-0.7698887938408885
0.4310344827586268
4.7210300429184455
-5.245901639344253
1.211072664359851
0.42735042735043344
1.276595744680854
18.487394957983188
6.382978723404258
2.866666666666665
4.666234607906668
-6.8111455108359005
-6.976744186046516
1.2857142857142836
0.3526093088857596
-7.940969782150392
0.7633587786259515
3.787878787878788
-0.36496350364962726
2.417582417582418
2.2889842632331923
-0.3496503496503546
-0.3508771929824611
-0.6338028169014075
-2.1970233876683114
-3.40579710144928
3.825956489122279
-1.7341040462427761
7.9411764705882355
-5.722070844686647
-1.0115606936416226
-1.094890510948895
-1.1070110701107037
0.7462686567164153
-0.29629629629629
-0.22288261515602625
-2.4571854058078935
1.4503816793893092
-0.30097817908201013
0.15094339622641187
-0.9042954031650281
5.323193916349805
-2.0938628158844703
4.203539823008851
-6.935598018400569
4.2585551330798515
-1.1670313639679075
2.9520295202951923
-3.5842293906810037
1.486988847583651
-0.73260073260073
0.14760147601475698
-4.126750184229922
3.6894696387394346
-2.52038547071905
2.053231939163495
-1.266766020864381
1.9622641509433947
1.110288675055517
0.2928257686676365
-0.07299270072992546
-2.483564645726807
0.37453183520599787
-0.8955223880597089
1.6566265060241012
-0.3703703703703756
-0.3717472118959029
-1.1194029850746294
-0.7547169811320728
1.596958174904936
-2.320359281437116
1.6858237547892632
-1.6578749058025537
1.992337164750956
0.7513148009015751
-1.118568232662195
-1.583710407239812
2.6053639846743284
-1.2696041822255408
0.7564296520423573
1.2762762762762758
-3.2616753150481803
-1.9157088122605364
2.734374999999997
-2.6615969581749024
1.6406249999999927
2.6133743274404293
-2.546816479400748
-0.38431975403534924
-0.30864197530864906
3.328173374613001
-2.3970037453183544
2.839600920951658
1.5671641791044706
-1.1756061719324038
2.5278810408921926
-2.1029731689630107
0
19.999999999999996
0
20.000000000000014
0
2.3662551440329076
-3.0150753768844116
0.25906735751295706
-10.232558139534886
0.7484168105929706
-0.5714285714285795
10.000000000000012
-4.8066875653082635
-0.9330406147091008
-6.481994459833804
6.6350710900474
-15.555555555555559
-1.315789473684206
11.266666666666675
0.05991611743557825
-1.9760479041916066
4.581551618814905
-1.9275700934579547
0.8933889219773802
-1.6528925619834776
0.6002400960384239
0.1789976133651407
-2.322811197141159
0.3048780487804922
-0.9118541033434564
1.8404907975460165
-0.9036144578313381
0
0.6079027355623187
-1.81268882175227
-1.5384615384615385
0.31250000000000444
5.6074766355140095
-6.489675516224187
0
0
-2.5236593059936934
3.236245954692557
-2.8213166144200583
2.5806451612903247
-1.8867924528301931
1.6025641025641026
-1.8927444794952615
0.32154340836012174
0.9615384615384638
-0.9523809523809547
0.6410256410256387
0
-2.2292993630573226
2.280130293159607
3.5031847133758007
-4.307692307692303
0.9646302250803767
-2.5477707006369337
-5.228758169934645
5.862068965517239
1.6286644951140066
-3.525641025641019
-3.6544850498338914
2.4137931034482736
-7.070707070707063
4.710144927536222
-3.114186851211068
4.285714285714283
-1.7123287671232876
-1.0452961672473893
1.7605633802816902
-0.20761245674740042
-6.310679611650486
-1.8504811250925242
2.9411764705882395
2.19780219780219
1.1469534050179222
-1.6300496102055184
-0.5763688760806921
-0.942028985507252
0
2.779809802487204
0.7117437722419904
2.4028268551236738
0.06901311249137189
-3.4482758620689653
-6.071428571428569
3.1939163498098853
2.431834929992631
-2.446043165467625
1.1061946902654893
-3.42815463165573
2.3413897280966807
-0.0738007380073916
8.936484490398826
-9.559322033898304
1.4992503748125885
-8.862629246676509
-6.4829821717990335
1.7331022530329383
1.022146507666092
0.5902192242833076
0.08382229673092864
-9.798994974874372
1.2999071494893275
0.824931255728688
0
7.727272727272725
5.485232067510551
4.239999999999995
4.6047582501918765
-1.2472487160674977
-1.2630014858841137
3.5364936042136996
-1.8168604651162792
3.7009622501850483
-1.1420413990007148
-0.14440433212996082
-1.879971077368039
1.768607221812824
-1.5206372194062334
0.36764705882353466
0
-3.0036630036630045
-0.2265861027190284
-3.4065102195306665
0.6269592476489034
2.4922118380062326
0.2279635258358614
-3.032600454890071
-4.534792806880362
3.603603603603599
-4.6640316205533585
5.721393034825866
1.8039215686274543
1.6949152542372794
-2.272727272727265
7.131782945736434
-0.1447178002894325
0
0
-2.5362318840579814
-1.5613382899628185
0.377643504531714
-1.429646350639575
-1.6793893129770907
0.5434782608695536
-0.8494208494208451
-4.906542056074759
3.521703521703519
-1.5031645569620353
2.088353413654631
0
3.068450039339093
-3.9694656488549587
5.166931637519875
0
-3.930461073318213
-1.6522423288749082
3.280000000000001
-1.5491866769945724
0.2360346184106952
-0.2354788069073733
1.2588512981903883
8.702408702408711
-11.293781272337384
3.706688154713933
-1.7094017094017007
0.0790513833992078
2.053712480252763
-9.365325077399374
8.539709649871904
2.202989771833197
-3.002309468822175
0
1.9841269841269842
-0.8560311284046649
-1.4128728414442677
-0.07961783439490276
1.1952191235059646
-0.8661417322834601
-0.7148530579825247
0.0799999999999983
1.5987210231814635
0.786782061368998
4.137392661982821
0.37481259370315373
-2.0164301717699877
-0.457317073170722
0.612557427258806
0.4566210045662003
3.409090909090917
0.73260073260073
-4.581818181818187
1.8292682926829285
-2.8443113772455018
5.0077041602465355
-5.355832721936907
0.07751937984495959
3.3307513555383403
0.07496251874062809
1.348314606741571
-2.069475240206943
-0.9056603773584847
-0.5331302361005352
0.6891271056661551
-0.07604562737642423
5.783866057838658
1.0791366906474846
0.9252669039145837
0.423131170662909
-2.668539325842702
1.0101010101010142
0.28571428571427965
-2.3504273504273385
2.9905178701677486
-1.203966005665722
0.43010752688172404
-3.2833690221270455
1.4760147601475961
-0.14545454545454237
-1.456664238892943
-0.9608277900960754
-3.283582089552235
-2.391975308641979
1.185770750988145
-2.031250000000012
-0.07974481658692016
3.671189146049488
1.2317167051578148
-0.4562737642585589
-0.7639419404125259
