6.125080593165699
0.4222357229647658
-2.144650473396052
0.26893353941266823
0.8015537811758178
-1.03067559714958
-0.39245982694684234
0.5677411348617791
-1.6504195459032578
-0.25406982215112167
1.613207547169817
0.8881874168291343
-0.24233128834356107
-0.6180621752098616
-0.795173267326727
0.04990175591803352
-0.39589762773154624
0.3724336504757164
-0.6080259424402108
-0.461162002760692
0.9675691008225855
-0.7366712448495415
-0.2861635220125758
1.3024693304739894
-0.9401656185791614
0.6128221244500315
1.5711385288146238
0.6211944154006955
1.1491442542787258
1.1814116509547954
-3.329650312061397
0.27183986160880336
-1.1983980283425784
-0.22138380468335597
-0.17812499999999432
1.205271890555051
-1.735337787676329
-0.08499386155443757
-2.1613106490233114
1.5617955818896117
-3.846031897016398
0.04616500692475404
-0.7053394858272937
1.4406160791343057
-1.4168848167539327
-0.2854582268397089
4.810092873073466
0.362065679984758
5.104430379746841
1.369945503266793
-1.4553879054294878
-0.6419916812345584
5.912331260427728
0.5327375837772788
-0.7008547008546983
-0.44471222815171857
-0.5158650105190378
0.07531865585167755
-3.326000115787648
3.260771925622065
2.6155541379110443
1.5570249802192808
1.3105539942680628
0.7031035429826946
-2.915507554682815
1.0028935022614343
-2.4392279023196384
1.587935114177389
-4.518156816523545
-0.011756407241949533
-2.281011169900056
-0.7339670316448108
0.3575757575757631
-0.21438492662601497
1.3556449904681267
0.4120017913121416
-2.6432372967026456
1.059736134864397
-0.7252727327672177
1.098901098901096
1.550644345417319
0.263883535446381
0.30458954341140826
-0.14741000619122024
2.982078006436564
0.4071217638120307
-1.2478227349304651
-1.000462641684013
0.5111279864478065
0.9444105425275332
5.858138062064597
-0.25290294509559136
-0.07906215921483345
-0.15552099533436517
-2.7217576651910123
-1.620877577391996
1.998800719568259
-0.9546205313401055
2.3572639909553446
3.3302037885900453
-5.644040619989306
0.26056417808994614
-0.8785310734463251
-0.7637721223175405
3.2595272967462163
0.3698965402158244
-1.1499348832054088
-0.2074339855356868
1.120786516853935
-0.8333564821245034
0.7255105185019214
-0.9622337171144213
3.540941255756497
-0.7403791392075552
0.9344262295081918
-0.22738346597367864
2.02398393835802
-1.4998404425061187
-0.9071274298056131
-2.953356582388843
8.893879842784957
2.5059296689697796
-2.414486921529175
0
-2.6365979381443347
-0.20382772586493947
4.045092838196286
1.9732313575525835
-2.910072751818798
0.012874983906270118
0.038619979402677654
-0.49671856903873846
1.9657544876105737
-0.11668611435238976
-2.501523770824868
-1.0184678700737129
-2.6684210526315812
-1.0436381333477507
3.2240437158469946
2.908946532556911
-3.230535764808763
-1.6532440262605392
-0.7459257857895708
-0.013614703880190605
0.6617647058823579
-2.5971917863809755
1.6748604282976343
0
2.5269081571327106
-1.3588766619594468
0.6644877231841363
0.5715512383610214
0.7737459978655283
-1.1914217633042097
2.154340836012864
-0.010492078480749421
-1.4847848898216136
0.3914363316823725
1.0291504204132564
-0.4988316836882039
-0.9235072165492493
0.14114889877226364
0.7871921706292315
-0.387883265607691
-0.569521337183121
0.13320545609548168
1.021656999946791
0.1553858309191491
-0.36814010360514343
0.23225738340942562
-0.8742133396529431
0.11953778722273874
0.16184664367205914
1.708564011549363
-0.3203458693613847
0.5434640608261627
-2.0841454224162526
-0.1539318984049519
0.8133755083596903
-0.04745959342947576
-0.25323801735735335
0.10842831830322663
0.1135943361335586
1.3378367680819134
-2.0987397146130586
0.007979147827004818
-0.3085024334459166
-0.4801920768307323
-4.406915963007641
0.7683463727882026
0.019479615973280035
0.581492404429361
0.7579320074133521
-0.34317089910775567
1.457300275482096
-3.3343289255749595
3.247099800567397
0.11970509018690566
0.10054074617538308
0.0027145881969680504
1.9137327289014359
0.11719582356701712
0.43364903692667145
0
0.18542555164101612
-0.5843314560693771
-0.37499999999999756
-0.06673963533463254
0.7746967997008067
-0.08747746792493324
1.4963784457828153
-0.18036857927068595
-0.845859739171417
-1.2228296754087151
1.0053475935828853
0.7041507835662831
-1.508858629935325
-0.17615031493542124
0.5908774931821925
-0.8771230364404752
0.6489153460434886
-0.03996270147861995
-0.4504264392324118
0.09906026612407359
-0.3343318711886166
0.0992942060488908
0.6246648793565732
-0.35968347853888577
-0.23263276111022707
-0.029481922221326395
1.396782841823054
-0.2194548002432439
0.5220202448460389
-0.03163305654408378
-1.5478733222582672
0.5758517248767945
0.17309792016191314
-0.48383666524882546
-0.3820056633007475
0
-1.1638196883966665
-1.7255880836747406
1.3058722840341288
-0.021801929470763117
-1.20209344163986
0.8470133811560165
-1.1244254760341408
1.820646910710832
0.9511128019783146
-0.08075587498990551
0.08890325709204792
-1.7253445305770863
2.0486976527621863
0.008051745886892486
-2.4663195749020352
-0.9437855983270556
-1.1027777777777727
-1.5785186641575224
0.596444165406241
-2.939007092198579
2.4989770269480327
0.6672559810659012
0.36824065943404244
1.1571134253379618
0.8286136763105716
-0.5340343110127334
0.13631179236097843
2.780864540504498
-3.0597075438549024
1.4889167712254312
-0.10714580070881317
-0.14301430143013802
-0.7904594028864237
0
0.1748979761805664
-0.6761999778295115
1.7327008928571404
-1.9829406763390947
1.597739101236776
-0.192789666473877
-0.09658103148541626
-0.16296541818583832
1.565915064324247
0.2151943559151233
-2.843163903234572
-0.16786034019695611
1.3003026566528442
-0.5560473608498496
1.463265362895384
0
0.3235269925698387
-0.5083217184553555
1.0245845350913385
3.3199195171026132
-2.8737598357851595
-0.45790771398378727
0.8274810822581424
-0.16737757140542678
0.9951325040562515
-1.3039520188497449
-0.7080654350126125
-0.2814207650273274
-0.9562429788749661
-0.5754121943122767
0.041736227045075125
0.3031567236823833
-1.641526175687674
-0.09021199819575491
-1.8002257336343166
-1.7240388483420495
1.7338167358634051
-0.5604253484696077
-7.88439306358382
0.0031375502008146273
-9.051548332444389
0.8658755347040122
-0.46855227606964234
-0.35049137516321277
-2.103448275862069
1.799929552659384
1.2214110238400118
-0.8682573323306245
2.899999999999997
3.8269494990114366
-2.5045992963883537
-0.7514814446982427
1.591060707138086
-2.022523557802801
1.3136288998358057
-0.5193001025369719
0.4688123420667612
-0.11582883807128438
0.9774037505798159
0.26905535321718915
-0.6871952616250532
-0.31632014234406103
0.28757478597163316
-2.4357284113381703
3.962703962703969
0.6011568206927926
0.10982266869085212
-2.558642274061891
2.6258278145695426
0.1774594263220727
0.30919866013913644
0.04816337015155407
2.419846593279633
-0.15354244351831825
-0.37346221441125066
-0.4221137186958605
-0.224605358894053
0.12048192771084915
-0.2565076952308684
-1.1747150522271963
1.4553281716837532
0.1076630778974063
-1.6005567153792595
-0.025716857400031563
-1.2765273311897047
-0.9836172361007156
3.4702805828755636
0.4609613428280773
0.06645359324071735
-1.634937701600146
-0.0546535926699829
-0.40851775604735824
-0.532928522980524
-2.581504091440447
1.8366054464851143
-0.3862267609321723
1.4030360780705728
-0.6513074754544541
-0.17286366601435688
-0.6109713464240147
-0.6245890861275477
-0.757525636784654
0.04999833338888704
-0.05330490405116968
-1.9633333333333363
0.170004420114923
-1.7854112216150135
-0.463106963884572
1.2464844970660773
0.12688614540465767
2.1303558584786204
-2.7398638451993786
1.6171298531135816
3.013131553052159
-4.0251655192858875
-0.813398771321681
-1.031141868512117
0.30767079225229643
4.105960264900669
-0.25445292620866355
3.75604189044039
-2.199864126039274
-0.7641163044556882
-0.36666666666666664
-0.7393777183004319
0.06741042839327244
0.141466536427627
-0.05717937506305937
0.3230800296156663
-0.5333780610533408
1.1871437725540546
0
1.769823017698227
-0.17685203379839165
1.8897637795275561
1.2976558475012938
-3.2836390222194023
0.6047459409715406
-2.4469127736034006
0.7467934764408487
-0.3324026060364313
-0.04669156883671594
-0.8441775108441836
0.22546017431100962
-2.1253021756647925
-0.03773455456073236
-3.3939601921757068
0.3410180810628365
1.38775799199916
0.17109535947484517
-0.7808142777467962
0.4286115795390605
3.242846148464293
0.10503845762883844
0.27755212564310244
-0.08438533720380748
-0.6520049998310776
-1.724020674646364
2.2455970381647727
-0.4805414551607383
0.28563656147985705
0.2271802522718118
-0.18268547650462094
-0.762582613116421
1.4685792349726776
0.060585661393476334
1.2648008611410086
2.973026840287005
-2.725894383689796
-3.3594216356039057
4.306646992210288
-1.0429003816291558
-0.5851258353003727
-0.17723974183192928
0.22445561139027867
2.553731991844105
-2.8128157491607095
0.19786706016498878
-0.08032935033636698
0.3818711687267489
-1.7452531117562562
0.38717565548159527
0.43981324852831716
0.997035839396386
2.34124866595517
0.3877989962849538
-1.4510631391007893
-0.1877594044403542
2.5807729117850986
-2.203776984203584
0.4868741364563368
-0.15059254894257543
-0.39672131147540685
0.2633398071035913
4.937785219475363
