-7.213176826959489
-1.652723933891047
-6.431535269709544
1.9068736141906923
0.97911227154047
2.995044171514755
1.2761506276150676
4.110720925428626
0.8531746031746055
3.7576234507180732
-0.09480470231323473
2.8658189409755215
1.5682656826568266
3.542234332425068
-1.0701754385964952
0.3369391736123386
-2.9338989042064174
-1.456664238892935
-1.8662232076866263
3.8599133873093576
-1.758520667150117
-2.195977117549359
3.5660377358490525
1.6396429222080526
-4.104678257752282
1.308411214953271
-1.4022140221402255
0.149700598802408
-0.485799701046342
1.3706346226060748
-2.2781996666049187
0.39802880970432575
0.6985085897677802
1.9872515935508106
-1.0110294117647058
2.1355617455896008
-2.618181818181814
0.4480955937266574
-1.3011152416356877
-0.26365348399246274
0.13217522658608982
-0.05657175183857337
0.5660377358490566
1.3133208255159474
-1.3518518518518434
1.2952881546836825
-1.0192735359525573
2.565062722336628
-2.4278933917488055
1.7773620205799814
-1.8933823529411682
1.1429642121041612
1.1115227862171175
1.55734701355808
-0.8839978351073385
0.10921004732435799
-0.4727272727272769
-1.351845085860427
1.648148148148144
0.20040080160321055
-0.4727272727272769
3.690171720862266
-0.8632840028188825
2.0081748711569136
2.891986062717774
4.639349813748726
0.3398058252427221
4.999193678438961
-8.124712025802484
-1.52123035773989
1.8502800882702388
3.3333333333333335
1.6129032258064515
4.984126984126981
0.015119443604478793
4.988662131519274
-0.11519078473721447
-1.3982989765028175
-3.406432748538005
-4.994702588164068
0
-4.986458499283107
8.501006036217312
0
4.991500540874664
4.209596702973215
0.7485875706214625
4.2759007430253755
0.6856681903737595
3.5385231673120576
1.4057260768635513
4.998092331171318
0
4.893410852713175
-0.011547344110857128
3.476151980598224
1.462053571428574
0.0989990100098974
4.8901098901098905
4.997380827658465
-2.1851925763320783
1.1935121901458785
-0.8870967741935438
0.8848657445077229
-5.534832140336726
-4.994663820704371
0
-4.998876656931026
0
-4.989949154546535
10.504044803982573
4.673949769118144
0.3012696363245178
3.990559965672595
-3.806478233959148
3.002680965147453
-2.4778761061946857
-3.7044945019750233
1.2638580931263832
-4.532515874753666
4.39220183486238
1.0545973854773176
-1.5001630612022996
0.2207261891623441
-1.6297764563374153
0.7500279861188902
-0.2777777777777778
2.2729805013927553
-2.374986381958814
0.4240598147528127
-3.055895099455495
0
-1.2150389729481916
0.24367602692040183
-3.958791526797075
-2.000723152946851
-2.8040831386053457
-1.3033025433379672
6.384615384615379
2.1932995902627197
2.665094339622644
4.066161268090969
-4.150110375275941
-4.39889451865499
3.6858588291977723
-1.2546468401486937
-0.458823529411762
1.761021155891736
-0.4297328687572643
1.4813950775691178
-0.9770114942528736
-0.17411491584445735
-0.9651162790697622
-0.19960079840319894
-2.2470588235294144
2.298712239740044
-1.9411764705882353
1.8476304739052163
-3.7342443161738643
0.8321096426823243
-0.5461165048543689
2.2574740695546063
-1.8973747016706417
0.71767424887483
-1.328502415458937
1.591187270501836
-1.5180722891566292
0.31808172253486944
-0.1585365853658481
0.15878832295101436
-1.3780487804877994
-0.8037591195746259
0.33657442034404533
2.609019754006709
-0.7385882068047007
1.1222249329104717
-2.303980699638121
-0.34572169403629516
-1.0283731879568911
0.012518778167253724
-2.8789585680310426
-0.7604072689779582
1.7012987012987042
0.8811135231771137
-3.088607594936706
1.8808777429467054
-2.1153846153846154
0.17026850032743346
-1.503661087866109
-0.1725740076994497
4.906914893617018
2.268982127012293
2.66484878532474
4.068574188096107
-0.6032482598607941
0.6069094304388476
-4.10672853828306
2.8308734575368955
-4.976470588235289
2.748545251949973
2.1809856609230054
1.4150943396226414
-1.4534883720930232
0.2949852507374631
-4.352941176470588
0
-2.373923739237387
0.5417664104825444
0.37593984962406013
-0.12484394506866417
-1.0750000000000028
1.5794794035885773
-3.271551187958696
-1.7489711934156407
-0.22251308900524155
0
-2.1645021645021645
1.6358272995441199
-3.1926121372031724
0.8312891796129767
2.730098661981355
1.039336929351398
-1.2630208333333393
-0.4088091784254133
-0.8739406779661046
0.18701576275714363
-0.42666666666667274
0.6963042313872584
1.8085106382978753
1.097178683385577
-1.4857881136950903
1.7704918032786885
-2.448453608247423
2.1136063408190227
-2.574385510996116
1.7129199309520617
-1.566579634464752
0.7957559681697612
-0.9473684210526375
0.9298618490967057
-1.197683600947606
1.2388437458372126
-1.1052631578947338
-0.212879191059077
0.13333333333333333
0
-2.103861517976026
-0.6936887921654002
3.1639501438159185
0.9028146574614915
-0.5657894736842045
1.6276300119094818
-3.3854166666666665
0.28301886792453135
-1.854589436903651
-0.301246063261664
-4.518610081032822
-2.6898734177215253
-2.3651145602365116
-4.996214988644966
10.51792828685259
4.513338139870217
0.45529801324504254
3.0078285949732146
1.9333333333333333
0.7194244604316546
-3.4155844155844095
0.8471157724889007
-0.22666666666667273
0.2271816116530864
-1.3066666666666606
0.7835720075655166
-1.327077747989273
0.5298193180274389
-1.608108108108105
0.5356407086938576
-2.0491803278688523
-0.6834030683403036
1.628984693161076
2.252314494956467
-0.6486486486486425
0.29923830250271105
-1.5866558177379892
0.5925313490422977
-0.3561643835616469
-0.4674182018146793
0.12430939226519024
0.7035453165953957
-1.0821917808219146
1.8833956515718075
-1.2369172216936282
-0.9083402146985993
1.0000000000000062
-0.9900990099009963
0.08333333333333649
0.4718290313627501
-0.883977900552483
-0.3623188405797133
0.9510489510489447
-0.19395954558049008
-1.0827318156579615
0
-0.21049677238282347
1.2515820559696214
-2.5
2.2792022792022792
-1.5459610027855184
1.287310793605888
0.8100558659217814
1.1360487669714665
-0.8904109589041096
0.0691085003455425
-1.2845303867403253
-0.6576185812228971
-1.2394366197183035
0
-4.449515116942391
1.2537313432835786
-1.5182783018867858
1.7811704834605564
2.9705882352941244
-2.8848900314196007
-0.5588235294117581
-1.7894114167406125
7.468754705616626
0.6865629816449457
2.9919287503478986
2.688825834346707
-12.210526315789469
-8.573141486810558
-1.5573770491803278
-9.342214820982518
21.087435709037486
4.672330097087372
-3.1159420289855073
0
-3.8593866866118107
2.691769099113109
-6.984848484848488
0.34207525655644616
-0.12987012987012247
-2.048114434330303
1.460338533023557
0.09813542688911069
1.127450980392153
0.17773469058006508
-0.43548387096774926
-1.1825692531994096
-0.06557377049179955
1.7060367454068204
-1.9032258064516057
0.95363367313383
-0.7491856677524467
1.083032490974733
-1.5097402597402523
0.21427394099224567
-0.6907894736842181
2.3352103345478676
-1.3108917300534104
2.656608724171867
-2.859424920127792
0.641341884558457
-0.2287581699346368
-0.5404520144120649
0.4445908117898972
0.9180327868852496
-3.6874593892137826
0.18552875695733223
-0.8417508417508418
0.8488964346349746
-0.6902356902356941
0.01695202576708302
-0.6440677966101618
4.060047765267819
-1.6065573770491728
-1.6994335221592878
-0.3389830508474576
2.0408163265306123
-1.216666666666659
1.2316517631179271
-0.5499999999999924
-0.7876654935478541
-0.2195945945945869
0.6263754867106707
-2.3384925975773854
0
-0.15503875968991856
1.4492753623188366
-2.5510204081632653
0.5584642233856973
1.1801457827143274
1.0291595197255574
0.8658743633276779
2.2723447231105873
-2.8472679394338494
-1.0503133999661074
4.023283684300633
2.369980250164578
0.8520900321543335
2.008608321377335
4.047507423034846
2.1327726043857083
7.000000000000003
3.0786146234194582
-0.7333333333333333
0
-1.773002014775023
1.7366333925885473
1.2499999999999938
1.9514137793707749
-3.593750000000003
-0.10804970286331099
-2.149810708491073
2.252314494956467
-4.797297297297297
3.3356990773598296
-2.788461538461532
2.3032358343930976
-2.6243093922651934
0.7092198581560284
-0.3943661971830922
1.2443438914027085
-2.723463687150838
1.0768126346015794
-2.3295454545454515
0.3490401396160525
3.4637681159420257
0.8544614091609501
3.7916666666666603
0.8965609527632873
-3.779840848806366
0.6202618883528601
1.1369863013698567
-1.9775159149397141
2.1694072129335265
0
-1.8122802272112493
0.4132231404958678
-1.2208504801097362
1.374809054298011
-0.9452054794520517
-0.4287097220301511
-0.31944444444443815
-1.8949421763968262
0.3266581451498302
0.014156285390716696
0.07077140835102619
0.4243281471004243
-0.704225352112676
-0.5957446808510702
0.8133561643835682
1.3446567586694975
-3.0446927374301613
2.27600115240564
-2.591549295774645
-18.912666281087343
9.254636233951516
-1.38730210543496
1.0923535253227257
-1.1624099541584658
0.6791452708298673
0
5.47877591312933
-0.17158009670878532
1.4687499999999964
0.09239297813366534
-2.199999999999993
-0.8809186723297188
0.1269639739723781
