0.041649312786336656
3.247293921731895
-4.233870967741935
1.8526315789473708
-0.7854485324514285
-1.2916666666666643
1.30856901646264
0
0.7500000000000048
-0.33085194375517424
0
3.7344398340248963
-2.6
0.4106776180698152
1.349693251533747
-1.5334947538337413
2.0081967213114775
-1.1249497790277265
-0.5282405526208789
2.124183006535943
-3.2
-1.6528925619834711
1.9747899159663818
-1.112484548825706
3.374999999999998
-1.1285771866182923
1.9567876070118153
2.798880447820883
-4.122909373784528
1.0547667342799165
-1.726214371738251
3.676470588235294
-2.3640661938534278
3.228410008071025
-3.5965598123534077
0.20275750202757503
-0.40469445568595713
0.4063388866314506
0.6879805746661339
-0.3215434083601332
-0.12096774193548845
3.794913201453385
-2.7615713730066207
2.039999999999998
-1.9992159937279477
1.6799999999999955
-2.3996852871754504
0.7658202337767053
-0.9200000000000046
-0.0807428340734714
0.9292929292929338
0.8406725380304221
-1.6673283048828969
1.6148566814695196
0.9535160905840309
-1.1806375442739079
4.858622062923145
0.6456513482719288
-5.584905660377363
-0.5595523581135001
5.586816720257225
4.986676817662742
-0.9789702683103657
-3.112413035518125
-1.2471655328798228
-1.5690776884806823
6.609642301710731
4.996353026987596
-6.807919416464038
-0.7454342154304883
-3.4923019151333126
2.2957198443579676
-3.499429440852031
-0.6306661411115468
6.584688615628717
0.5582433941198363
-0.07401924500369676
-1.1111111111111112
1.1985018726591719
2.590673575129534
-2.886002886002886
-0.14858841010400345
10.156250000000004
1.9250253292806445
0.596421471172966
2.108036890645579
3.9999999999999925
-0.6823821339950338
-3.1230480949406623
1.2250161186331436
-3.0254777070063694
0.39408866995073516
-2.1589793915603424
1.4042126379137374
1.813386086383119
0.6476683937823834
-0.19305019305020035
-7.15667311411992
18.472222222222218
4.923798358733884
-0.16759776536313484
0.7274762171236774
2.305555555555559
0
-3.366820526744511
-0.9272267490868095
-1.9001701644923554
2.226076900838406
-1.8665158371040786
-0.23054755043227992
0.519930675909882
-1.1494252873563218
-2.7034883720930267
-0.7469375560203168
5.779650812763393
3.585657370517935
-4.505494505494499
2.991944764096656
-4.999999999999994
-0.7350779182593354
1.8957345971563913
-1.1627906976744187
0.14705882352941177
-3.553597650513957
1.2789281364190153
-2.585688514732418
1.41975308641976
1.0346926354229997
0.09036144578313596
4.905206139031
-2.409638554216877
0.6466784244561989
0.4672897196261749
-0.4941860465116246
-3.0966988022202813
1.2963521254145347
-6.190476190476193
0
-4.917512690355331
-1.20120120120119
0.8780817291455474
-0.9039169735520551
-0.8783783783783861
2.999318336741654
-0.9596293845135597
0.5679919812896721
-2.8903654485049795
1.163188504960649
-0.5072708826513358
0.611828687967373
0.979729729729722
0.43492806958849495
-2.065289806795466
0
1.3605442176870748
0.5033557046979866
-5.609348914858101
1.238061549345596
-0.45422781271838275
3.018603018603027
-5.247018739352633
1.1866235167205876
-0.14214641080311916
0.10676156583630297
0.8887308922858158
1.4446793516560839
-3.021882598124345
-0.35816618911174786
-4.133716750539181
-8.361454818147726
12.070376432078548
-3.9795545819642126
3.5741444866920067
8.590308370044067
-5.780933062880332
1.3275923932543914
5.949008498583574
2.941176470588239
2.6623376623376585
0
-0.03162555344717454
4.397342613097114
-7.515151515151518
-0.16382699868938402
-1.0173941581883708
-0.8952254641909965
6.992305118768832
-1.8761726078799248
-1.4340344168260037
1.4872292272874121
-3.5998725708824324
-0.8592200925314021
-0.7999999999999924
0.8064516129032181
-0.7333333333333295
-2.619207521826733
0.793103448275866
3.318508381799517
-2.152317880794702
1.3874788494077912
-4.105473965287053
0.27845457709711496
-2.0826102047900035
1.0989010989010868
2.4894810659186617
-0.20526855969894722
-2.1940349674322857
0
0.3154574132492034
3.0048916841369753
-3.83310719131615
1.763668430335097
0.48526863084921223
-2.3456364263538996
1.5542211232779855
-0.591304347826083
1.9594121763470838
0.5147563486616336
0.6145442130419978
-0.06786562606039655
-0.3395585738539898
0
2.691652470187386
-0.6303915063039076
2.6377295492487405
0.8458035133376782
-3.6451612903225845
1.8747907599598337
-0.7229707525468251
-0.16550810989738496
1.989389920424403
5.331599479843946
1.944444444444448
2.9367241901301813
-3.9117647058823564
2.2038567493112913
-2.006588799041626
1.4669926650366782
-3.2530120481927747
1.9925280199252908
0.3052503052503052
2.0693852708459994
-2.23613595706619
3.0192131747484097
-5.062166962699829
1.3408169628936737
-6.153846153846154
-47.47540983606558
0.49937578027466384
1.2422360248447204
-3.803680981595085
-0.6377551020408163
3.0808729139922866
0
-3.175591531755912
-3.536977491961415
0.2000000000000076
-3.1270791749833777
-1.9917582417582458
-7.428170988086893
11.733535200605603
5.013550135501359
-4.387096774193556
-0.06747638326585312
-0.5401755570560317
-1.289884589273595
2.338376891334254
-0.9408602150537672
-0.8819538670285015
0.5475701574264281
-2.586793737236223
-0.06988120195666969
0.20979020979021773
-0.20935101186323193
-3.2867132867132787
-0.3615328994938539
-2.394775036284478
3.1970260223048412
-1.5850144092219143
-0.14641288433381305
-1.3929618768328487
-0.6691449814126437
-0.8982035928143628
-1.5861027190332282
0.8442056792018374
0.5327245053272364
-3.330809992429971
0.6264682850430675
0
1.2451361867704236
-0.3074558032282903
1.0794140323824255
-1.6018306636155564
2.3255813953488373
-2.045454545454537
-2.088167053364282
0
0.3949447077409163
-0.6294256490951984
0.7917656373713381
-1.0997643362136618
-1.35027799841144
1.1272141706924246
-1.2738853503184668
-2.25806451612903
-3.960396039603958
6.271477663230239
-1.4551333872271601
1.8867924528301863
2.657004830917872
-3.5294117647058822
-1.6260162601626016
-0.4958677685950366
0
-3.1561461794020027
1.8867924528301911
0.673400673400671
-0.4180602006688963
-1.595298068849699
4.522184300341295
-5.06122448979592
-1.8916595012897703
7.975460122699395
5.0324675324675345
-7.805255023183933
5.1131601005867635
-4.545454545454547
-6.015037593984964
-0.5333333333333283
0.9830205540661253
-2.743362831858402
5.09554140127388
-0.6060606060606085
-0.4355400696864112
-3.499562554680665
-2.5385312783318197
2.883720930232553
-0.632911392405053
2.4567788898998986
-1.9538188277086934
0.6340579710144825
-0.45004500450045004
1.2658227848101318
1.5178571428571455
-3.693931398416889
-1.1872146118721436
2.0332717190388196
1.358695652173913
-1.9660411081322633
-3.281677301732004
3.675777568331768
-2.9999999999999973
3.3552014995313946
-0.25389916575988497
6.490909090909091
-2.680553184224006
2.350877192982462
0.7884813164209697
1.7006802721088436
-7.608695652173909
5.230769230769232
-2.304781561747512
2.09507042253522
0.01724435247456115
-0.6724137931034493
0.9373372678354438
-0.13757523645743472
2.4625452040640603
-4.873949579831931
-1.4134275618374634
-2.9569892473118258
-0.46168051708217916
0.7421150278293109
2.9465930018416233
-1.610017889087654
-5.272727272727271
2.418426103646829
-1.1431784107946017
2.293838862559243
1.4640474425500354
-0.45662100456621
1.6513761467889883
-0.9025270758122744
0.2732240437158444
-4.4141689373297
1.6723679209426123
-6.523364485981313
-1.2197560487902408
1.214574898785428
1.5999999999999943
-2.1653543307086505
0
-1.1066398390342138
1.119023397761962
2.1931589537223264
2.0870250049222334
-0.8486017357762871
0.4668352460610815
2.2652468538238173
1.1927300265051166
-1.7960710944808247
-1.9813297771003984
2.4295432458697763
0.664136622390881
2.0546654099905814
0.11082379017362813
-1.2546125461254607
4.633781763826601
-1.5357142857142847
5.186797243380485
-2.551724137931029
1.2915782024062223
-1.4847161572052427
-3.102836879432624
-0.16468435498626954
1.5395894428152423
-1.8953068592057711
4.783808647654096
-5.443371378402109
1.3370473537604435
0.513102437236579
0
-1.403828623518693
0.4992603550295916
-0.7359705611775502
-1.7608897126969467
1.9245283018867982
2.184376156978896
-0.03623188405797668
-2.1384559623051826
-0.05555555555555766
1.9084676672225331
0.21818181818181354
-2.104499274310589
-0.31504818383988453
4.5175683212493025
-0.24902170046246988
0.7489300998573497
-1.4159292035398179
-1.472172351885099
-1.202623906705546
3.282921431206199
-4.767857142857146
0.8813050815675959
13.550185873605962
1.489605500081841
-1.8387096774193556
-0.755833059480777
1.6390728476821226
5.391757615246786
-5.641421947449777
-0.49140049140048675
-2.4197530864197514
-2.159244264507424
-0.6896551724137907
0
3.90625
0.5012531328320754
0.16625103906899655
-2.24066390041494
8.862478777589144
2.932002495321265
0.424242424242426
0
-3.3946891973445985
-1.124472903326564
-1.2794187332175047
1.632000000000005
-1.9521410579345118
