-7.763023493360581
2.048726467331128
-2.441671188279978
5.450500556173516
-2.0569620253164587
0
1.7770597738287623
0.5291005291005291
-5.2631578947368425
4.66666666666667
-0.47770700636942975
0.6933333333333394
2.4894067796610106
2.0155038759689954
-4.609929078014181
1.4338821030270783
0.5235602094240838
1.0416666666666667
-2.3195876288659796
-0.05277044854880966
-2.4287222808870084
0
1.2445887445887354
2.672367717797969
-4.008328995314934
0.9219088937093214
1.07469102632993
-2.71132376395534
0.4918032786885277
3.153887982599229
-2.8993147074327887
-0.4885993485341896
6.983087834151654
11.779704232534419
-10.218978102189771
2.896341463414628
-4.444444444444445
0.6718346253230033
-3.9527720739219796
-1.977552111170491
-0.21810250817884716
9.289617486338798
-4.150000000000006
0.991131977047473
0.41322314049587366
-0.565843621399174
-1.965856182100368
0.05277044854880966
0.8966244725738487
-0.6272869837950952
-0.9468700683850515
-0.2655337227827934
-1.544195953141643
4.218496484586254
-3.8920601971977167
-2.321814254859602
4.754007739082363
1.3192612137203166
-5.416666666666669
2.0925110132158653
-1.402373247033438
0.3282275711159706
6.815703380588877
-1.9908116385911208
-2.4479166666666607
0
1.7084890549919853
-2.3622047244094486
3.6559139784946297
3.73443983402489
-5.849999999999994
2.018056293149221
-2.18636127017178
-1.6498137307078202
-1.1904761904761996
3.504928806133629
-2.6455026455026456
4.510869565217398
-0.832033281331265
0.26219192448872575
-0.6276150627615004
-1.2105263157894797
-1.0655301012253597
3.3925686591276314
-3.5416666666666727
2.5917926565874794
-3.736842105263155
1.804264625478394
-0.3759398496240541
-2.964959568733154
4.388888888888892
-0.9047365620010734
-1.8259935553168516
0
0.05470459518599251
0.6014215418261314
-0.8152173913043478
-1.9726027397260242
6.036892118501946
1.9504480759093397
-3.7745604963805643
-1.9881783987103647
2.4671052631578947
2.7287319422150853
-5.520833333333331
4.7409040793825765
-0.7894736842105263
-0.1591511936339583
2.44420828905421
1.6597510373443924
-1.5816326530612217
1.3996889580093252
3.3231083844580778
-1.9792182088075212
4.896516910651195
10.683349374398455
-2.1739130434782608
4
-10.341880341880337
-0.8579599618684515
10.096153846153847
4.7161572052401795
-4.587155963302752
-0.3496503496503546
-5.175438596491233
3.607770582793715
-3.035714285714291
0.7826887661141884
2.9693924166285974
1.774622892635315
-1.3949433304272087
-4.2440318302387245
3.4164358264081285
0
-1.4285714285714235
4.257246376811584
-3.866203301476967
2.033438770899232
-2.9229406554473085
-1.5967153284671534
-1.4371812702827975
-2.069614299153342
3.5062439961575467
-1.3921113689095128
0.5647058823529358
1.5442208703790414
-3.686635944700461
3.349282296650718
2.03703703703704
0
-1.7695099818511821
0
2.586605080831406
0.810445745159843
-3.126395712371594
-4.011065006915637
4.8511047070124995
0
-0.04580852038480199
0.9624197983501479
0.04539264639128203
1.451905626134296
-1.833631484794273
1.1389521640091116
-2.2972972972972947
2.3513139695712284
-1.7567567567567592
2.338376891334248
-1.8817204301075219
-3.5616438356164437
2.414772727272738
1.710587147480346
-3.5454545454545507
8.388312912346848
-6.782608695652172
5.130597014925373
-4.436557231588288
3.9925719591457725
-2.232142857142857
2.0091324200913268
-4.7448522829006246
3.0545112781954886
-4.240766073871414
5.714285714285714
-1.531531531531534
1.3723696248856359
-5.776173285198548
3.0172413793103363
-0.5113900511390025
-1.9626168224299012
-1.1439466158245974
2.217936354869814
-3.254716981132078
1.4139444173573894
-1.6346153846153872
1.9061583577712637
-4.316546762589928
1.2531328320802004
3.3168316831683113
-1.9645424053665523
3.7634408602150624
3.862458784738572
-3.9909297052154247
-8.360888049126117
6.701030927835052
3.3816425120772946
-1.3551401869158906
1.8474656560871652
-1.1162790697674445
-1.9755409219190916
2.2552783109404935
-4.27029563585171
5.343137254901963
1.4425314099581175
-0.9174311926605505
1.3888888888888888
-1.36986301369863
1.8518518518518519
-2.6818181818181843
-18.682858477347036
23.09017805858703
1.5398973401773135
-2.803308823529409
1.8439716312056764
-0.37140204271124017
0.18639328984156836
0
-1.8139534883720956
-0.9474182851729038
1.3868962219033982
0.1415094339622695
1.6486104569006121
-3.707136237256719
1.4436958614051971
-3.652751423149913
1.3293943870014855
0.6316812439261336
2.8488652824722385
-1.455399061032861
1.0957598856598298
-5.984919886899147
6.7669172932330826
-2.347417840375587
2.115384615384618
-6.544256120527309
11.032745591939548
-7.849364791288571
2.0679468242245282
-0.09647853352629862
2.0280057943022776
-0.14197823000473797
-1.1374407582938415
-2.6366251198465966
0.04923682914820006
3.64173228346457
-0.2849002849002822
-1.9523809523809497
-2.9140359397765905
4.952476238119062
4.528122020972354
-3.1463748290013704
3.57815442561205
-2.3636363636363584
6.238361266294216
-4.163014899211219
0.5029721079103899
-1.8198362147406733
1.204819277108431
-1.0531135531135583
-1.9898195279962902
2.7856468366383274
4.547542489664679
-5.931458699472759
-0.5604857543204057
-0.6106153123532228
4.5368620037807155
-3.435804701627484
-0.5149812734082371
0.42352941176470854
2.014995313964378
-2.1129995406522712
0.8916001877053054
-3.627906976744191
-0.5308880308880282
1.0674429888403771
0.336053768602971
-0.5741626794258319
2.0692974013474412
-2.1216407355021216
2.0712909441233194
-1.3685700802265246
1.4354066985645932
2.311320754716984
-1.9824804057169254
4.891815616180623
1.345291479820628
-5.9734513274336285
1.5058823529411711
-2.271673620769577
-1.9924098671726835
6.243949661181029
2.9612756264236904
-1.7699115044247788
-4.369369369369364
0.09420631182288677
-3.952941176470591
7.839294463498286
0.4089050431622016
-4.932126696832581
0
2.1418372203712517
-2.0037278657968236
1.902044698050404
1.5398973401773135
0.27573529411764447
-2.5206232813932172
6.252938410907387
-0.08849557522123391
-1.2843224092116943
1.3907581875280368
-3.805309734513272
-3.035878564857403
0.6166982922201057
-0.7072135785007072
6.2203228869895515
-0.044702726866336306
7.737030411449021
15.40058115400581
-14.244604316546761
-1.8456375838926198
-1.4529914529914554
-0.08673026886382855
-0.9982638888888938
2.9373081981587097
-2.7683134582623508
4.599211563731932
-1.7587939698492532
-2.259164535379362
0.5233318796336627
1.3015184381778742
0.21413276231263384
4.188034188034193
-0.16406890894175785
-1.6433853738701725
-2.8822055137844633
-0.17204301075269063
-0.9478672985781942
1.130926489778162
0.7741935483871016
0.29876227059325167
-2.2127659574468037
3.6118363794603927
-1.9739605207895794
-0.5569837189374514
-1.3787160706591937
2.053298383573608
-3.5530821917808146
2.0417221482467793
-3.392779469334498
2.3412877082395394
-0.39595248570171826
-0.309187279151951
0.6202924235711147
-2.2016732716864817
2.4763619990995047
2.152899824253078
-4.129032258064513
-1.0767160161507427
-0.18140589569161256
1.8173557473875512
-2.2311468094600624
-3.194888178913738
4.761904761904759
1.2601260126012652
-3.7777777777777777
0.6928406466512702
-3.4403669724770642
-2.1852731591448906
0.7770762506070881
2.024096385542163
1.2281530467642998
-1.9598693420438715
0.3807710613993391
1.4698909435751513
1.5420560747663605
4.2797975149562735
-2.206531332744925
-1.5794223826714802
3.2553874369555227
-4.3960923623445725
4.226660473757545
-4.634581105169342
1.682242990654203
-1.5625000000000027
2.521008403361347
0.04553734061930525
-1.866181156121982
4.545454545454551
-5.9893522626441875
1.0382255781028733
-1.8215787015413385
-0.19029495718362383
6.53002859866539
0.6711409395973155
-4.6222222222222245
16.495806150978567
-12.760000000000002
-0.5960568546538207
-2.8136531365313755
-1.5662078785002294
3.0376084860173496
-2.1525503041647145
2.247728359636546
-1.403180542563143
-0.332068311195454
0.09519276534984153
2.662862577270563
-7.596109309865681
6.215538847117797
1.4629542236904174
0.7441860465116252
1.5697137580794118
-1.9545454545454597
1.9935095039406636
-3.1818181818181817
0.04694835680750907
1.5016424213984125
-1.9879796578825757
1.22641509433962
-1.4445479962721315
0.6146572104018966
1.4097744360902256
-2.316960148285449
1.8975332068311195
0.2793296089385448
-1.3463324048282292
1.1764705882352942
-0.7906976744185994
-0.04688232536334868
1.1257035647279576
-0.3246753246753194
-0.9771986970684012
1.9266917293233055
-1.8441678192715536
1.4091122592766556
-1.296896711440487
1.6893477240732024
-1.5689893862482591
-0.750117205813419
0
0.23618327822390175
-0.3298774740810503
-0.14184397163121104
-0.4734848484848485
0.19029495718363734
-0.7122507122507122
1.4347202295552368
0.9900990099009874
-1.9140989729224998
-0.23798191337458355
-0.04770992366411943
-0.14319809069212952
0
0.04780114722754433
0.047778308647871144
1.1461318051575957
-0.2360717658168083
-0.18930430667297948
-0.3793266951161742
