9.710144927536232
-0.6340819022457007
-7.09917575113003
2.461362335432176
0.0279329608938611
-0.6702038536721681
-1.9679505201012089
1.5772870662460567
-1.4398644833427345
3.3514752219994235
6.651884700665188
3.6642411642411554
-3.7603409375783405
-0.859598853868183
-0.604308985811879
-1.0837959291567598
0.13361838588989847
1.0141446490525785
-1.1360634081902277
2.859433458043824
0.7274616783580181
-0.5416559195253975
-2.0746887966804977
3.46927966101694
0.02559508574354306
1.4073694984646878
-1.3121372697451397
0.6903605216057245
0.5078720162519045
1.616978271854466
-2.8344107409249073
0.7676560900716479
-0.050787201625187565
-0.5589430894309059
0.459887583035261
0.4069175991861706
-1.621073961499502
0.18022657054584076
-0.6425083526085839
1.008794619762022
-0.179257362355951
0.38481272447408926
0.33222591362126536
0.25471217524197654
1.244918699186986
1.8318695106649965
-1.922129127649091
0.6030150753768787
-0.2247752247752191
1.051314142678345
-1.4367104285360446
-0.42724302588589813
0.7571933366986371
0.1503006012024105
-0.8754377188594297
1.2364370426444555
-0.6231306081754736
0.9280160521695482
-0.4224652087475121
1.1729473421512326
-0.7153428712382776
0.09937888198757198
-0.19856043683294974
0.870430241233524
0.24654832347140038
0.29513034923757714
0.1961745953898998
-3.0347528144885056
0.3281171125694123
0.17610062893081474
-0.5273731793068724
0.4291845493562203
-1.5334338863750685
1.2764871074802144
-2.2939248802621544
0.670794633642922
-0.7432086109687281
-0.3098373353989126
0.05180005180004885
0.4918457157649436
-0.4121586810922117
0.9053285049146405
0.8203024865419094
0.07627765064836292
-0.30487804878049934
0.1783893985728964
-1.7552785550750531
-0.6214396685655043
-0.9640437727983294
-0.4998684556695696
0.7932310946589106
0.9706190975865657
-0.9093270979475189
0.4981646565285879
0.39133837725019566
0.8056133056132967
4.563031709203415
-1.775147928994094
0.6275100401606426
1.795959092042915
1.2496937025238828
-0.7260406582768635
-2.5109702584105342
0.8252063015753968
-0.8184523809523838
1.2753188297074327
1.1358024691358082
1.8310546875
0.11987532965715655
-1.6522988505747207
1.0226442658875063
0.867678958785255
-2.2939068100358475
1.3450721447786746
-1.4237451737451683
1.7135862913096696
-2.2382671480144434
0.1723289020187072
-0.36864094372081596
0.49333991119881604
0.46637211585666033
1.2704617639872926
1.2545235223160407
0.38122468429831374
1.2342748635176806
0.5627198124267239
-2.8211704359990595
-0.14395393474088836
-0.9130225852955337
0.29097963142581124
-3.7717601547388835
0.42713567839195693
-1.0507880910682985
2.123893805309729
-2.9710324337707354
-0.33171727481499225
-3.3794162826421004
2.2522522522522523
-3.187354236848913
-0.42826552462527373
-0.10752688172042399
3.013993541442408
-4.440961337513062
1.1481683980317081
1.9999999999999938
-0.397456279809221
-3.538175046554923
0.827357970215113
1.0393873085339043
0.676773145641581
1.3175584834633058
-0.7430997876857779
0.5347593582887701
-0.47872340425532217
2.1913415285943314
1.1244769874477019
-2.37910524954745
-0.6622516556291391
0.10666666666666061
0.8790623335109248
-2.033271719038814
0.7547169811320785
-0.9630818619582725
0.21609940572663733
-0.5390835579514824
0.8130081300813008
-0.6182795698924761
1.2983500135244823
-1.6555407209612787
-0.27151778441487917
1.1162537435338866
-0.4038772213247173
-2.568261692349284
2.2752497225305346
-2.2788931090613223
0.5552470849528041
-0.6073992269464353
1.2777777777777841
-1.289083927591894
0.22228396776882783
-0.2772387025228722
-0.08340283569641684
-1.4468558708959347
1.2422360248447302
-1.5616285554935925
0.7932011331444792
1.602023608768968
0.30428769017981266
-1.7374517374517404
1.712040415380288
-0.5518763796909493
0.47169811320755983
-0.7732670533001964
0.27831895352073477
-0.24979184013323177
-2.0589872008903667
-0.454545454545461
1.5696347031963471
-0.1123911211014266
0
-0.9845288326300985
0.25568181818181174
0.31170303202040883
-1.271186440677966
-1.0872675250357686
0.43390222736476713
4.781105990783417
-0.16492578339747738
-3.1938325991189336
3.9817974971558585
3.008752735229759
0.5576208178438571
1.1618695537364758
3.8893239363090517
-3.7688442211055277
0.8877284595300202
-3.2091097308488554
3.4224598930481314
1.0082730093071295
0.33273611466598707
2.5510204081632653
0.8457711442786013
7.054760730143075
1.3133640552995365
-0.22742779167614283
0.6610439936175141
-2.241847826086964
0.48644892286310465
0.5071461502996747
1.674311926605507
-1.4888337468982682
-0.5495763682161615
-2.8091181211144343
-0.16583747927032585
-0.26103464641669816
0.7375684035212862
-2.456306093528573
1.355932203389836
-1.7439082656473988
-1.1427182105519058
1.647811116576485
0.7742559883861574
0.024009603841542073
3.4805568891022562
3.549060542797484
2.5985663082437327
-3.493449781659389
-1.4705882352941178
-2.962112514351315
4.472314245149072
1.63080407701019
2.295520392244264
-3.943355119825713
0.9299160807439381
-5.50561797752809
1.2128418549346072
-6.367481203007523
-1.9322459222082782
-5.143295803480046
0.7553277582951204
3.0254350736278477
1.76715176715177
8.299284984678243
1.461919358641827
1.3014176156170034
-0.8029364533149805
2.428307123034228
0.6096184240234919
2.176840215439854
-0.08785416209093655
-1.472851176082653
1.048639000446227
0.44159858688452197
0.17586282699494646
-4.6302391924511666
2.0018407731247096
-0.7669749605233553
0.250056831097982
-3.151927437641718
1.4048232264106766
-0.23089355806972983
0
0.30085628326775155
0.023073373327185683
-0.7843137254901908
-0.1395024412927279
-1.443538998835853
1.0630758327427356
3.8569424964936885
0.8552779653387377
-2.49944208881947
-0.274662394140533
-1.4689006196924437
1.1413929652923311
-0.921234454168586
-0.23245002324500233
-0.5824790307548928
1.0546051089758612
-0.5102040816326504
0.3030303030303057
-2.254241227050892
1.2125534950071244
-2.2081277895231333
-0.5284650492433314
6.037189084762135
0.02277385561374764
-4.439890710382514
-0.4050512270669499
-2.846889952153105
0.3201181974882922
3.6082474226804235
0.9002606017531283
-4.672458323550124
-0.32019704433497814
0.8895478131949649
0.832721038452113
-2.113189215448139
0.8933002481389635
-0.34431874077718494
0
-2.8874629812438273
1.9313850063532458
0.09972575417601028
0.9464508094645109
-1.0115963483839188
0.6231306081754736
0.4458756502353261
1.0357583230579503
-3.5635831095923765
0.5568210579600072
0.8054366977095365
0.22471910112358984
-0.7722969606377593
0.4770273663067982
-0.6996501749125466
0.10065425264218272
-0.4776269482151921
2.298560242485482
-0.2222222222222166
2.6973521405592615
-0.8192771084337295
-0.2915451895043842
-3.118908382066266
0.7293762575452659
-0.42446941323345533
-1.5045135406218655
0.3054989816700582
0
-3.88324873096447
-0.31687351465539704
-0.5033112582781397
1.5175718849840225
2.3341201153946964
0.973859559200413
-0.2284263959390805
0.07631645891629471
-1.321809862735127
0.8758371973209774
0.8937691521961184
-1.2655024044545684
-1.358625993335045
0.8575883575883605
-1.4171605256377222
0.13068478829064295
-0.23492560689116002
0
-1.6483516483516514
0.47885075818037015
-3.1506486629600152
1.2028430836522628
-1.7017828200972478
2.3632866172025344
-3.785234899328865
1.1160714285714286
-0.8830022075055157
-1.4476614699331818
-0.11299435028247945
0.9332579185520232
-0.22415242364806798
1.2636899747262005
-0.5268996117581902
-0.47393364928909637
-0.1400560224089636
0.19635343618513004
-1.7917133258678548
-0.25655644241734155
-3.5152900828808105
-0.44431279620853076
-0.7140731925022415
0.11986814504046572
2.0652499251720973
1.3782991202346007
-2.458779288400347
1.3641755634638264
0.5851375073142189
0.17452006980801799
0.5807200929152149
3.31986143187067
-1.8999720592344105
0.7120478496154942
-0.7918552036199127
0.427594070695553
1.3057053647459453
0.22415242364808388
0.13978194017332962
0.3350083752093771
0.2782415136338342
2.5249722530521708
11.204330175913391
-0.7057678267218246
0.9068627450980364
-0.7772649987855207
-0.9302325581395376
0.19767729182110486
-3.1319358816276175
0.9928716904276927
-3.024955886059995
0.9097998440343125
-2.112313240597627
0.34210526315789774
0.6556517178075006
0.5732152162584649
1.7875647668393724
-0.2545176889793841
-1.2758356723653994
0.8270871026105054
0.051268905408866604
0.40994107097103916
1.1737688185761732
0.22698612862546716
0.8052340211374045
-0.44932601098352754
-0.37612838515546637
0.05033979360684335
-2.0377358490566095
1.0015408320493155
-1.8052377320111932
0.4142931123770126
-0.6446621970087674
0.5969374513366238
-2.089783281733752
1.080368906455869
-1.016684045881135
1.079799841980517
-1.1724856696195936
0
-0.8172950171368369
-0.15948963317383463
1.8104366347177727
-1.6213389121338884
0.21265284423179462
0.4509283819628617
-0.6865592817533578
-0.2127093858016515
-0.5329070077271516
-0.29466916688990696
1.155292853304678
0.5843293492695852
0.31687351465539704
-0.026322716504334272
-0.3949447077409163
0.3965107057890563
0
0.2632964718272775
-1.050420168067227
0.7696390658174037
-0.3687121411640709
0.21147237642083302
1.7409654444737446
0.07778065854291194
-0.4922279792746055
0
0.6248372819578175
6.0802069857697285
-5.5609756097561
