-0.2329644729178668
-0.35026269702278034
-4.745166959578205
0.4305043050430609
0.9797917942437196
-1.0915706488781147
-1.4714898835070545
0.9334163036714376
-0.9864364981504281
0.8717310087173137
0.1851851851851922
2.7726432532347505
-1.7985611510791366
0.12210012210011516
-1.0365853658536517
-0.3080714725816389
0.49443757725586085
0.06150061500614657
-1.782421634910865
-0.12515644555695685
-1.3784461152882135
0.12706480304954804
3.870558375634514
1.343921808185716
-3.375527426160334
1.5595757953836555
-1.7199017199017268
2.5
-1.3414634146341393
0.9270704573547589
-1.1022657685241954
1.4241486068111526
-1.404151404151411
1.1145510835913384
0.7348438456827854
2.0668693009118577
-2.918403811792737
1.6564417177914041
-3.0175015087507546
0.24891101431238688
-0.8690254500310401
0.6887914840325753
0.37313432835820537
0.37174721189590726
0.8024691358024761
0.24494794856091687
0.12217470983507457
0
1.5863331299572876
-0.3003003003003003
-0.060240963855418266
0.06027727546714546
-1.3253012048192703
-0.8547008547008581
-0.24630541871921532
0.864197530864201
-0.4283965728274278
1.6594960049170357
-1.934703748488523
1.0480887792848441
0.06101281269066157
0.6097560975609756
0.9696969696969663
0.24009603841536956
0.5389221556886261
0.5360333531864239
6.0426540284360115
0.5586592178770949
-0.22222222222222537
0.055679287305119333
0.11129660545354317
1.167315175097273
-0.9890109890109953
2.0532741398446266
-3.425774877650903
1.4639639639639608
-1.9977802441731378
1.2457531143827956
-1.7897091722595173
1.3667425968109372
3.8764044943820255
1.1357490535424524
-1.8181818181818212
-1.0348583877995674
0.825536598789213
0.8187772925764193
-2.652950730914985
1.0011123470522707
-4.790748898678408
0.2891844997108155
1.1534025374855825
0.6271379703534745
-1.13314447592068
1.891117478510035
2.305961754780649
2.9686641011544834
4.324612920448475
-3.172978505629487
0.6342494714587829
0.10504201680671671
1.9412381951731466
-0.36026762738034845
-0.6714876033057763
1.3000520020800832
-3.9014373716632558
1.2286324786324847
0.316622691292873
0.47343503419253324
-0.6282722513088945
0.5268703898840885
-0.8385744234800957
0.42283298097252187
0.15789473684211125
1.2086179716237428
-2.232606438213906
-0.10621348911312642
0.3721424774056444
-0.05296610169492729
0.4239533651298418
-1.8469656992084433
0.6989247311828019
0
-0.10678056593700856
0.3741314804917248
-5.378061767838138
0.16882386043894845
-0.4494382022471974
0.45146726862303127
-0.5617977528089888
-0.45197740112994994
-0.9080590238365462
1.7754868270332156
-0.16882386043893244
-0.5636978579481398
-1.473922902494328
-1.8411967779056484
-2.286049237983591
2.3395320935812873
-2.637749120750293
0
3.0102347983142685
-0.17533606078315778
0.35128805620608566
-0.9918319719953425
1.1196228638774341
0.17482517482518145
0.46538685282139786
0.46323103647945074
0.11527377521613177
-0.5181347150258937
1.793981481481478
1.0233086981239243
-1.0692177827799536
-1.8202502844141166
0.8111239860950207
1.4942528735632152
-3.0011325028312474
0
-0.11675423234093231
0.2337814143775603
-0.3498542274052445
1.1117612638970191
-0.8101851851851885
-0.5250875145857676
0.6451612903225773
-0.2913752913752914
0.6428988895382785
-0.8130081300812877
0.7025761124121713
-0.5813953488372093
0
0.17543859649123472
-0.17513134851139017
0.3508771929824528
0.17482517482518145
0.4072134962187252
-0.5214368482039431
0.17472335468841665
1.5116279069767409
0
1.030927835051553
0.1700680272108747
0.6225240520656609
-0.05624296962880918
-0.3376477208778809
-0.39525691699604104
-0.3401360544217655
1.706484641638225
-0.7829977628635378
0.1691093573844323
6.64040517726506
1.8469656992084433
-0.05181347150258773
0.5702436495593542
0.05154639175257439
1.4940752189593023
3.705583756345183
1.3215859030836947
-2.3188405797101503
-3.115727002967351
-2.7054619703930634
0.6295907660021076
-2.554744525547448
-0.4280363830925689
-0.9672219236969279
1.2479652740097573
-1.3933547695605544
-0.10869565217390686
1.9042437431991295
-1.7618793379604971
0.05434782608695343
-1.683867463335141
5.6353591160220935
-0.9937238493723731
0.5282620179609085
-0.052548607461914205
1.3669821240799278
-0.31120331950208646
0.20811654526535156
0.9345794392523423
4.218106995884768
0
13.57354392892399
-0.6953498478922183
-4.68271334792122
1.4233241505968752
-3.1235853327297445
0
2.943925233644865
1.5433499773036663
-1.6987036209208686
0.7730786721236874
-2.5722021660649768
0.41685965724872887
-1.798892988929892
1.2682010333489848
-2.411873840445264
1.5209125475285117
3.323970037453181
4.213864975079298
-1.5217391304347827
0.2649006622516531
-0.8806693086745927
1.8658374055975198
6.803314435237677
-0.8574928542262125
3.0065897858319532
0.279888044782094
-2.2328548644338206
-0.6933115823817246
10.22587268993839
-0.11177347242919321
0.8578888474449662
-0.14792899408283183
-10.629629629629626
1.2432656444260257
-3.8067949242734387
-1.9574468085106358
-6.510416666666666
-0.603528319405762
6.959364782811773
0.04366812227073988
-0.8729812309035356
-0.792602377807126
3.8171327119396334
-0.5985463873450216
-0.6881720430107502
0.47639670853182947
8.275862068965512
1.074840764331217
2.835762111067356
1.0340865568747561
0.07581501137224739
0.7575757575757576
3.721804511278187
0.6161652772743913
-2.5216138328530255
-0.2956393200295681
-5.263157894736849
0.5868544600939078
1.555814858031894
0
-2.7575641516660347
-0.7877116975187082
1.9055180627232962
-1.05181145305804
2.4803149606299257
0.9220130618517008
-0.9135896459840036
-1.1525163273146368
-0.15546055188497243
-1.012066952121435
-1.4549744396382291
0.15961691939345798
0.8764940239043779
-0.47393364928909504
-1.9841269841269842
0.7692307692307715
-0.24106066693450956
0.9262988320579875
-1.4764565043894609
-1.0935601458080264
3.3988533988534035
0.11881188118812332
-3.4810126582278524
-0.7377049180327916
-3.2617671345994954
-1.7925736235595462
2.042590178183406
1.3628620102214601
-0.126050420168072
0
-7.740849810685729
-1.823985408116735
2.4152345564328788
1.2244897959183623
-2.822580645161283
-2.0746887966804977
4.943502824858757
1.9739793629430262
-5.235371755389355
0.27855153203342353
-1.2499999999999947
-0.3750586029067095
0.6117647058823583
0.37418147801683016
-4.3336439888163945
0.04870920603993878
-1.6553067185978605
3.8118811881188064
-3.9580352885073835
1.6881827209533296
4.1015624999999885
1.6885553470919432
-0.7380073800738112
-1.858736059479554
-1.562499999999992
0.9139009139009167
-1.3822688274547215
0.1449975833736022
1.4961389961390072
-0.2853067047075714
-2.0982355746304138
-1.1203117389186612
0.049261083743839564
1.4278680452978856
-2.9611650485436867
0.9004502251125477
-2.5285076846802155
1.1698880976602297
2.111613876319753
-0.09847365829640012
1.4292755051749657
-0.19436345966958488
-1.606621226874397
2.0781791192479058
1.1148812409112858
2.205177372962605
-2.673545966228888
-1.3493975903614512
-0.29311187103077396
0
3.1847133757961785
-1.899335232668566
0.8712487899322418
0.7677543186180394
-3.9047619047618993
1.0901883052527197
-0.9313725490196106
0.9401286491835753
-0.7843137254901933
0.24703557312252963
-2.414982750123216
-0.70707070707071
2.034587995930824
-1.9441674975074805
1.4743263853584168
1.1523046092184426
3.6156513125309475
0.5736137667304098
-0.33269961977187124
-0.33381020505483483
-1.6267942583732085
0.19455252918288216
-2.6699029126213594
0
-1.9451371571072347
-2.238046795523909
-1.0926118626430772
-0.9468700683850515
3.9298990971853303
0.10219724067451051
-0.9698825931597783
1.597938144329894
0.16235413495687123
-0.6078411508459065
3.6693507287738196
0.43260249729624617
-0.8418991678903567
0.25668871556914885
0.6400787789266428
-1.4090019569471601
2.004763795156804
0.8951157812804064
-1.0028929604628796
1.7338788233002154
-1.8288012255840642
-0.02925972885984701
0.5756097560975643
-1.4938403336890156
1.5558838010832086
0.5236109764375122
1.0031831773897868
0.2674052144016819
-1.2477378797980647
-1.620370370370377
0.8039215686274442
-1.176813849445627
1.0136797559295356
0.20459859703818564
0.1458434613514883
0
2.4368932038835003
0.8814330395223131
-1.3434798947763928
0
0.6570802780687531
-1.5137180700094688
6.292026897214228
-0.31631269769544373
-0.22665457842248413
-1.5447523852794212
16.797415782187358
-3.990517581983404
-2.181069958847741
-0.6731173748422358
-1.8636171113934799
-0.12947777298229735
-1.3828867761452104
0.39439088518843374
2.531645569620258
1.7028522775649213
-2.009208874005865
-0.8543357539513029
-0.9047824213700967
0.26086956521738885
0.08673026886384087
-1.2131715771230551
4.517543859649128
1.9303399076793932
-1.6879374228077375
1.1725293132328236
-0.7036423841059556
1.4172571904960423
-3.493629264282778
-1.1925042589437866
0.17241379310345073
-0.6454388984509466
0.9527934170636589
-1.7589017589017566
3.8864628820960725
0.12610340479192222
0.16792611251049777
-0.670578373847441
1.1392405063291091
0.12515644555695093
-1.083333333333331
0.21061499578770007
0.2522068095838564
