-0.9096302155428052
-2.205148672919579
0.40812162024283233
2.5912000812925515
-1.1984944532488135
-0.20050125313283207
-1.4364640883977855
-0.11210762331838796
0.7550249974492376
1.326582278481015
-1.569058564861088
1.1270179713676538
1.5160642570281146
-0.9197903273662416
-0.46915552006387823
0.33095978337177356
-0.05997600959616381
0.550110022004401
-1.591564707052621
-0.31335287577073784
-0.1723788278239754
2.9964448958862366
0.7199211045364846
0.26436894154509405
-2.4218749999999956
0.22017614091272333
-1.7874975034951046
2.0233858668022346
-1.2756627466613468
-0.02018978396931612
0.979402261712444
0
0.6099390060993923
0.3776585171933964
-0.7722772277227677
0.29934144881261227
-0.8456028651014723
-0.3411257148590439
-1.7316017316017247
-0.6146911177133491
1.2060612308009413
0.926869016092893
0.6256938137047174
0.6218032293651521
1.9236519485697268
1.5744181498142014
-0.1155290266679547
0.7036144578313209
0.49770290964778385
-0.36190476190475757
3.4696998661823697
7.990762124711316
-8.905047048759617
-0.08451497793220875
-1.5601503759398412
-0.19094901661256442
1.5209489190740255
1.4510505983228204
-0.24147859199406857
1.0613536914626285
-0.6540764624596876
0.843842729970318
1.9862068965517157
-1.541790641060311
4.5512820512820555
0.7007094683366909
-1.409063233887105
2.690780767534186
-2.774914089347075
1.2635857559423835
1.36125654450261
1.196625344352625
5.393449595916639
1.5416902090564135
-0.8982511923688358
1.363599903745889
-1.930838015351752
1.8155410312273057
0.7608178792201725
2.2494887525562297
2.784615384615388
0.1646460110761896
-3.003586371787212
-1.1862578955476883
3.3052697224820777
0
-1.139450648958658
-0.9770246546065152
1.7420797040006273
-2.250170467459659
10.021702061695859
0.5494892567805534
0.18216212429062822
0.15385691307083138
1.2010334473849624
1.3040778306768848
0.2928756300231545
-0.3735144312393888
-1.929107021131558
1.3901438798915686
3.167203674504699
-0.77746029636521
-2.1229574069113344
0.8073896681491587
2.2262947125500547
0.9295531505212138
-0.7565291757121243
-0.06628662335940608
-3.104271690103473
-1.6497809419496106
2.8119997215841765
-1.1509037979825334
1.0136292034792262
0.7254729134178465
1.3126009693053313
-0.3388479170819154
6.086666666666664
0
-1.4453591403255202
-2.002167952560088
-0.41642266900905006
0.5488402482848802
-3.119111053349795
-0.5298812797639071
-0.7687120701281248
2.120141342756187
-0.1663561352142667
1.3930547223888616
-0.013147515119645377
0.9138724523339967
-1.667861098442904
0.4107864572980882
-0.09897723523589574
0.29722589167767505
-0.7112281857095788
-0.17244809975460212
-0.3720683011095548
-2.634211403801267
0.6232876712328704
-0.20420665713702268
-1.2209262669667733
-1.76080651843668
0.7591199831306639
-1.9253575165678347
4.744291912653803
-0.11544207524105787
-2.1619416683663184
2.598846501285532
3.149339654588554
0.9717662508207455
2.6271296657562813
-0.6463059181345866
2.2002551020408165
-2.021840873634951
-2.929749697471499
0.774227412899428
-0.7617683442932511
-0.13777719459389426
-0.9000722685762972
-0.16573853089366214
0.3187462646922076
1.9064010061560834
-2.1370574861968232
-0.5973715651135006
4.366987179487186
0.3582853486884139
2.7986739767946
1.8852713178294631
2.312983139570272
-1.576536379320602
4.092117988394573
-0.7432785552523056
-0.9243549991224451
0.8562149394744611
-2.464871194379386
1.3266102407107214
-1.8246445497630306
0.1749939657253116
-2.7287512800433684
2.2851127074560376
-3.5902403584185962
0.7159005275056433
-4.246165357276463
0.18883896594386035
2.4957753802157865
-0.361445783132533
1.6801374657926615
1.395756399824745
11.499999999999998
-0.6532691136577509
-0.7913067706882165
-1.657024097062293
6.225725382682203
-0.2043230454887598
-5.937500000000002
-0.33222591362125986
1.2126436781609142
0.9482709670092582
-1.423107211159858
-0.5135520684736091
-1.7034700315457438
4.679659236783758
-4.331103678929768
0.41950707918196384
-2.1293878735132026
0.30234764050273516
-0.5792304509722904
-0.20807324178110695
-1.2927439532944012
-1.3639929989739956
5.874074527320565
3.791250072241816
-2.4166156244779824
-0.02282453637661004
0.4508875064208716
-0.5681818181818182
-1.588571428571426
0.38323075136452844
-1.908838500694123
0.2712584031135828
-0.9233121618442746
1.8994479729328664
-0.8446437933244014
-1.4980613323933731
1.5268086121548226
-1.9561769370851174
2.4445775913720764
0.04678909814013069
-1.110721384309599
3.452352802080876
-5.548571428571424
0.9437957529191063
-1.4024572969733349
0.6747310193909268
-1.9502475546431561
0.7512777880411243
3.942301815292464
0.7703163589321497
-1.8147867187955964
1.6581481041245747
3.2329728149663812
-0.09627364367425788
1.4851765772915395
-0.7373065966597803
-1.5024478082268764
0.5998628884826325
-2.4135385314327897
-0.3549813780260787
-2.02067394732231
0.5424092507599636
-0.22527863410006846
0.1841948900772376
-1.9215942114939721
0
-1.7959726673520013
-0.24630541871921183
-2.45061728395062
1.2465987470733435
-10.112499999999997
-3.205395633430687
8.23935062136341
1.7586939208919565
3.547903215287295
-4.566353845184858
6.052006335797257
-2.626174621942874
1.1823352719371125
1.3453764527539132
1.1717045808663107
2.439475143226769
-0.3006795357507968
0.25333252910307125
-0.20456049575836976
0.21100862120938083
-2.7373360606425217
1.8741881610688411
-0.22465088038858808
0.17647416783302447
-1.2938889563843976
0.4431041910271289
-0.9619508608541032
5.784459292254392
-4.684484472776194
-0.6381151061479853
-0.7595405705817081
0.07466865783087832
2.8788161412671736
-0.9549135742777684
2.69709543568465
-0.05347593582888241
-2.3958147553653144
1.0659032768912169
-0.5484240342312969
-0.7090049690946579
-0.5859017393957833
-0.17803425624655234
-0.5227552275522755
-0.01854714064914711
2.040563937670047
-0.5393285662344013
-0.3716566136598982
-0.5626223091976544
0.1906519065190596
1.5038978577128477
-1.2215771649733804
-1.383616995224693
-1.6513533647876775
-0.018937002903670907
-2.531725487720193
0.2202357818370314
2.313857290589449
2.053063802905875
-1.6341689879294392
1.1578881127682394
-1.1446345256609698
3.1904851802907337
-4.640809854860343
0.8697320457888283
5.325556330438091
1.5891169566002583
-0.8236060911299455
-0.22702831879555233
-0.7485029940119761
0.8386123680241382
-2.5128634677515853
-0.9083098072910385
3.2639663074445715
-0.449829064955317
-2.5183757079166136
-0.9703337453646506
1.1171441053485671
-0.16664609307493183
1.1993817619783673
-1.1729488667603425
0.6181615874389566
-0.03686182957548298
0.1167721713478023
-0.0798035604665411
-1.1242858020519724
0.8947433826270574
-0.44956275403374524
-2.1651716671821837
1.9601644008852355
-0.5457364341085243
5.3501278293945225
1.9236460491269607
-3.658536585365854
-2.0614828209764946
-0.6954702117183625
-0.8366904245429191
1.8062500000000057
-0.030695561421818403
-0.12281994595922377
0.7439744220363937
-1.6051266402197104
0.7691353430095437
0.061553613197094674
0.873523622047247
-0.8720575679960944
0.4613964933866503
-0.7470912431108417
0.37018756169792694
-0.4425866732235091
-0.2778463818226723
-1.9193857965451058
-0.5302695536897837
-3.833216982928228
-0.3431663696957728
-2.496523409045747
3.8440641130127617
-0.2943100065402224
-0.7937028533945496
-0.224808251785248
0.27170311464545455
-1.6125834379750092
-0.5239470679115976
4.848402998176781
-0.4637083789527948
5.532190229699126
2.8816676885346415
-0.5899880810488731
0.8692524428991069
-1.0043979555449818
0.13207660443057245
-3.6932669824330078
-0.9524995330884614
-0.6222501571338838
-0.28461197900196067
-2.448306482303686
-0.565669700910276
2.092460602890211
4.400179337731381
-1.3926380368098188
0.6408262303241433
-3.6288328387734805
1.3022002694207424
-2.6595744680851063
3.8121259432734784
-6.159919789447297
0.2671118530884808
-1.5184815184815155
0.9467775748968689
-2.6127152140416694
-0.9355437848249388
0
0.3749739601416632
-0.40124524386025284
0.020837674515520908
-1.4444444444444413
-1.0217023675310033
-2.171282124297003
0.9605588706156342
1.1532362692806688
0.748182984181274
0.19096117122850398
0.30354369617395044
-1.6538813428108945
0.1431229426077
-0.6074031727883378
0.26601481055430426
0.035852574214828625
-0.3870690273098605
-0.7051881701086532
0.8696282339299949
-0.4166966017673814
0.8585239160233815
0.2503576537911302
-0.2497324295397788
1.2732474964234588
0.5297358383952536
0.6815147895735295
0.5792044661549166
0.5966835495733114
0.28277812262914054
-0.15130674002751343
-0.9436561509849873
2.0930394270217745
1.0012259910094023
-1.0722233461460713
-0.4703476482617649
-0.5205122936785089
0.37177280550775155
0.027436724055138455
0.7680175546869674
0.06805035726437564
0.6188371302278075
-1.2165450121654502
0.3557744937055313
-0.2590673575129503
0.1367053998632946
0.05460750853242011
1.6441533633510805
-1.4698973085442035
-0.156675749318798
0.12963089308861728
0.006813845734541866
-0.5450705184983307
-0.11646228677125747
1.6735253772290872
0.647598488936853
-2.680965147453083
0.36501377410468006
0.35682426404995854
0.1982905982906045
0.08188890405348834
0.38865402972862717
0.08150512803097504
0.22395656599931826
0
