-3.139866793529969
1.9646365422396856
-5.973025048169559
0
-2.9713114754098275
-0.10559662090813994
0.9513742071881668
-1.9895287958115242
1.8162393162393193
-3.1479538300104934
3.791982665222102
0
0.8350730688935253
4.761904761904771
-3.952569169960474
4.938271604938269
-2.8431372549019662
2.926337033299703
-7.058823529411767
2.848101265822788
-0.20512820512820804
0
0.7194244604316576
2.0408163265306123
-1
3.0303030303030303
-1.5686274509803866
1.3944223107569635
-1.0805500982318215
0.794438927507445
4.137931034482762
4.91958372753075
0
4.77908025247971
0.17211703958692154
4.982817869415805
0
4.991816693944361
-9.353078721745918
3.0954428202923547
-6.171809841534617
4.6222222222222245
-2.2939677145284647
2.608695652173913
-5.508474576271187
1.345291479820628
0.6194690265486751
2.5505716798592712
-3.687821612349912
2.2261798753339272
-4.094076655052268
1.998183469573118
2.938557435440781
2.0761245674740536
1.3559322033898258
2.675585284280939
-2.44299674267101
1.836393989983308
-3.1147540983606534
3.045685279187812
-3.0377668308702814
4.572396274343782
-3.9676113360323932
1.0118043844856686
-1.7529215358931505
-1.1045029736618497
1.3745704467353903
2.0338983050847506
-3.0730897009966798
2.39931448157669
-4.9372384937238545
1.8485915492957823
-0.9507346585998345
2.0069808027923313
-0.8554319931565441
8.714408973252798
-5.63492063492063
4.373423044575263
-3.3037872683319858
1.6666666666666667
-4.098360655737705
2.5641025641025643
-2.9166666666666665
-0.7725321888412066
-0.2595155709342536
-1.1274934952298328
-1.3157894736842106
1.7777777777777777
-1.6593886462882146
3.0195381882770924
-2.4137931034482736
3.79858657243816
-2.638297872340421
3.1468531468531418
-1.5254237288135568
1.2048192771084263
-1.7006802721088436
-5.536332179930788
2.3809523809523756
2.325581395348845
-1.9230769230769256
2.0499108734402824
-3.5807860262008684
3.260869565217386
-3.0701754385964914
8.597285067873303
1.25
8.641975308641975
1.2121212121212077
9.95508982035929
0
4.96936691626956
0
4.993514915693916
0
4.941321803582458
-9.417304296645085
-4.938271604938268
0
-4.9897470950102605
0
-4.89208633093526
-0.07564296520423171
-4.996214988644962
0
-4.940239043824703
10.393964794635366
4.176157934700076
0.728862973760933
2.8219971056439985
-7.600281491907095
-4.95049504950496
0
-4.96794871794872
0
-3.288364249578408
1.7436791630340016
2.056555269922872
2.1830394626364473
1.8898931799506962
-3.306451612903221
2.001668056713921
-1.635322976287817
2.2443890274314238
-6.178861788617882
1.9930675909878657
-3.143585386576043
4.03508771929824
-1.4333895446880174
0.8554319931565441
-0.8481764206955046
-0.7698887938408945
-0.51724137931034
4.852686308492196
-3.3057851239669422
-2.393162393162391
-0.6129597197898449
3.348017621145372
-1.7050298380221653
1.9947961838681676
-3.0612244897959138
1.6666666666666716
-2.5884383088869716
4.517271922054911
-3.220338983050845
-1.7513134851138352
2.228163992869875
-2.0052310374890996
-1.3345195729537367
-2.4346257889991008
1.6635859519408476
-3.6363636363636362
2.924528301886787
4.491292392300647
-0.9649122807017494
1.8600531443755484
-2.0869565217391353
1.2433392539964527
-2.8947368421052606
-1.535682023486904
0.9174311926605505
1.545454545454548
-1.0743061772605218
3.167420814479638
-4.824561403508772
-1.7511520737327242
1.4071294559099439
-1.8501387604070305
0.5655042412818176
1.2183692596063702
3.333333333333328
2.1505376344086073
-2.8070175438596516
-0.722021660649817
-1.3636363636363635
2.857142857142852
-3.3154121863799184
2.0389249304911847
-3.5422343324250605
-2.0715630885122436
2.9807692307692255
0
-1.5873015873015768
0.09487666034155058
0
-2.3696682464454977
2.2330097087378613
1.6144349477682838
-2.2429906542056126
-0.47801147227533464
-0.2881844380403431
0
-0.7707129094412304
4.854368932038835
-3.240740740740741
3.1578947368421026
-5.009276437847858
-2.3437500000000053
2
2.058823529411759
-1.5369836695485057
2.0487804878048723
-0.9560229445506693
1.9305019305019306
-1.7992424242424163
-1.6393442622950847
2.254901960784311
1.2464046021092974
-0.5681818181818128
-0.19047619047619319
-1.7175572519083944
2.912621359223301
-2.5471698113207575
0.09680542110359006
0.580270793036745
1.1538461538461566
-2.8517110266159693
-1.5655577299413
3.2803180914513037
-2.21366698748798
0.5905511811023706
3.7181996086105644
-2.1698113207547145
-4.050144648023147
3.1155778894472306
3.313840155945425
-3.30188679245283
2.4390243902439024
-3.04761904761905
1.1787819253438143
-4.174757281553395
0
2.735562310030398
-2.0710059171597717
1.6112789526686895
-0.8919722497522355
-2.5
-1.9487179487179545
-7.845188284518829
-8.399545970488072
15.861214374225524
2.032085561497332
4.821802935010476
9.5
-8.584474885844754
5.194805194805197
-5.792972459639121
-0.2016129032258093
-1.41414141414142
-0.61475409836065
1.8556701030927805
0.40485829959514746
-1.0080645161290323
3.6659877800407275
-2.848722986247536
0.707785642062678
-5.522088353413655
1.4877789585547352
1.675392670157062
4.016477857878482
-3.366336633663372
4.5081967213114815
-6.470588235294112
0
-1.781970649895181
-1.1739594450373623
0.7559395248380161
-0.32154340836012557
2.0430107526881782
2.845100105374066
0.5122950819672132
0.9174311926605563
-3.939393939393945
-0.8412197686645607
2.2269353128313982
1.5560165975103732
-5.822267620020431
6.07375271149674
-1.9427402862985599
0.10427528675703265
-2.6041666666666665
4.491978609625671
-2.7635619242579352
0
-1.4736842105263217
4.594017094017106
-6.741573033707874
0
-7.009857612267241
7.184923439340393
2.5274725274725243
9.110396570203644
-2.848722986247536
6.572295247724974
-3.9848197343453533
-7.114624505928856
-1.9148936170212736
4.555314533622562
-5.60165975103735
5.274725274725272
-8.663883089770353
9.942857142857145
1.3513513513513484
-1.9487179487179545
-2.7196652719665213
-1.8279569892473149
5.038335158817096
-1.9812304483837389
-2.9787234042553163
-0.8771929824561372
-2.3230088495575316
1.2457531143827956
-1.4541387024608627
3.291713961407498
-8.351648351648345
2.8776978417266084
1.8648018648018747
0
-1.601830663615567
0
-0.8139534883720964
0
1.055099648300124
2.55220417633411
-5.995475113122184
-0.12033694344162975
0.12048192771083653
2.0457280385078254
-5.542452830188683
4.86891385767791
-2.6190476190476226
0.6112469437652812
1.5066828675577268
-0.2872875269332165
-1.5606242496998766
8.536585365853659
3.505617977528095
10.247503256621794
-9.787317841669946
0
-0.9604889762060791
-0.48490191756667156
2.281284606866005
-2.013858813339107
0.4640883977900571
-3.9815222173339246
2.3596792668957645
-6.423455684870183
7.797177708682128
2.0634568449079205
-0.6304347826086938
0.6344344782323325
1.9347826086956534
-2.004691831947105
-1.2187159956474478
-1.4100022031284436
0.15642458100558723
0.04462293618920823
-1.226583407671731
-0.42899074283133376
0.4761904761904781
0
-6.29654705484089
-1.9990366088632112
0.3194888178913801
-0.024497795198427267
-1.837784856652781
-2.646030953569651
0
2.051282051282044
6.5326633165829175
0
-3.702830188679246
-3.869703649277488
4.45859872611465
2.195121951219509
-1.933174224343664
4.648332927719631
-5.162790697674416
2.010789602746445
0.40865384615385025
-3.4713909504429084
0.32242063492064127
-0.5933250927070506
11.240984829644358
8.428347864967591
-6.7422680412371205
-5.7041786424939165
1.4302461899179355
1.941747572815542
-6.82539682539682
4.623996106108538
-4.6289834845312905
2.195121951219509
-2.147971360381858
0
-0.1219512195121882
3.0525030525030523
-1.7061611374407724
-1.9045323047251668
0.8847382649299569
-2.1924482338611417
6.102117061021178
0.7042253521126693
-1.8881118881118768
-0.21382751247327964
-1.952380952380953
2.112676056338022
0.11890606420928482
1.9002375296912046
-2.121212121212113
1.9290307216003695
-2.9906542056074628
0
-0.4335260115606929
2.080309627479437
3.554502369668246
4.897025171624715
-6.871727748691112
-3.0217849613492604
5.120772946859915
-1.9990808823529516
1.7350527549824197
-3.733579165706378
1.9870720612880015
-1.2910798122065827
4.447086801426884
0.06830601092896434
0.3412969283276418
5.782312925170062
-5.144694533762055
2.0338983050847426
-5.780730897009966
-1.2693935119887145
1.976190476190472
2.941863180014021
-3.9237922431390424
-1.7941454202077385
5.288461538461528
-1.9406392694063799
0.6519208381839209
2.8915105250983117
-3.4397482014388356
-1.0244470314319087
-0.7057163020465707
-1.9900497512437891
1.4503263234227737
2.9306647605432548
-0.7407407407407414
0.5130597014925347
-2.2737819025522135
1.6144349477682804
-0.5841121495327103
-0.1175088131609804
0.09411764705882153
