-1.2324880297925043
0.09875213214829957
1.0403587443946107
1.8995206816971502
-0.7142857142857183
-0.6974907878575228
0.35340371957414857
-0.49302284632653165
-0.44238000442380004
0.44434570095534326
-0.8184030081840301
0.10258697591437028
1.015906964309572
0.15438225045211945
-1.462168589800045
-0.34414945919371914
-0.291519038435664
0.09445843828717003
0.8313485822136341
-0.16935555753633041
1.968749999999996
0.6961166323716165
1.1217391304347906
-0.07739272508384994
2.0137693631669613
0.8098532141049357
3.062761506276143
1.4939915556999102
2.1920000000000073
-0.34444966337874516
0.09819324430479183
0.45124583088091036
-1.417968750000007
0.40813091888894015
-2.774269928966069
0.09335552218209124
-0.012165450121661878
0.7259601735815424
0.6764374295377751
-0.8158694608862618
1.2056451612903263
0.6414598191162958
0.9738717339667422
0
-0.5057633498000507
1.9032982622059418
-5.846867749419946
0.5421389847215302
0.09803921568627823
0.40809663728370876
-1.2030564135912822
0.7898634194503792
-3.0816326530612246
-0.6106548747104653
-1.9533898305084707
0
2.6967457539219537
0.8290199048941554
-0.638564273789657
0.8106859327088748
1.658333333333341
0.0983687187474234
0.7697977233641874
-0.6582689963429427
1.5215968586387358
0
-0.8823529411764742
0.7723263281980408
-2.968819329595414
0.020785699438786116
-0.3325020781379884
0
1.2677231025854916
-0.11942019436666491
1.4801071943929125
0.3493946534492528
0.5060728744939271
-0.012084592145022433
-0.2860365804528205
0
4.634156195709275
-0.4594949416943428
5.318282322820897
-0.14732965009208104
-2.080413131685728
-0.5462216529797334
-2.4127873944168714
0
-2.1114733736997393
-0.8802537668516978
-0.004000320025616601
-0.7880945713485547
0.3104838709677346
-0.06431643686939378
1.4520735288202369
0.41630322734121006
-0.529079638330621
-0.6866986861429833
0.5795363709032774
0.5364593681700774
1.8102766798419043
-0.9550430934078873
-0.3606146127312566
0.01966955153422502
-1.0776794493608688
0.5924217724941391
-0.11067193675890047
0.8982272871161868
-4.529589395662575
0.06572461386788979
2.6231527093596094
-0.7040281611264414
-0.9869878741489747
0.9032468060867368
-1.4838709677419428
-0.13097576948263828
1.6762295081967251
2.374138417509778
-2.6734388534530313
-1.2864598082446774
2.02040899963117
0.38161806057684583
-1.228540557845463
0.0648245685114806
-1.6802979998380434
0.7865584977144466
-1.2053607910435564
0.3350014475371152
0.18136850783182568
0.3949967083607599
-1.4836065573770418
-0.008320159747078493
-0.6074222000332796
0.29300962745918796
-1.5651085141903172
-0.945516217935136
-1.9433267699683092
0.8250392875851071
0.333376628999449
-0.9234486925002197
1.4547038327526172
-0.8070747832059836
0.709772353501259
-0.2965191233347697
-0.7801387871212409
0.1737619461337967
-2.285342584562004
0.4748590955487426
1.696113074204951
-0.026059763724804945
0.8645407941610754
-0.0689150191669858
-1.2758070772811478
-1.253001528050636
-0.1282164647625825
0.7614325556686802
-0.21967400377839288
0.03962837391572766
-0.0880281690140845
0.43612334801762515
-0.7456467388920567
0.19444076185426182
-0.7233273056057906
0.10662401705984677
0.49704877291083377
0.0706557739015195
1.46948501831341
3.9401583021657784
-4.853556485355648
-0.31662269129286796
1.764602082230457
0
-0.11271024796256128
0.7204235743425208
-0.8316097897276878
0.7212687377797049
-0.500409818385743
0.052026880554945504
0.6326645577848232
0.5727080911165536
-0.32539818462065034
0.02147766323024055
0.4895855701095165
0.43164237787939264
-0.23404255319148937
-0.784815525698447
0.3783156356132661
-0.30836438391366966
0.15465910555485518
0.030026165658637586
-0.3987993138936613
-0.11624402634863815
0.05603448275862853
-0.9132813509671421
0.3565062388591919
0.42022267469565555
-2.1095772217428856
0.13221100876999692
-0.3168874609392112
0.22517550443727796
-0.16740088105727674
-0.7148530579825179
-0.4088888888888808
0.5042841842199093
0.39962701478619955
0.8226084649064574
-1.263324121594935
0
1.0084854946910045
0.4574243490499688
-1.0726795096322241
-0.15490152688647932
0.11524822695035059
0
0.45603471176836013
-0.03966679888933364
3.302469135802473
0.004268214605826499
-1.177976952624836
0.7989980133022372
-0.6726937743690935
-0.03882322491586732
1.5535321279074783
0.7053924276547787
2.164648297396503
0.6071369568808969
0.5911572724660327
-0.48157368485492313
1.5952429772401104
0.10494873657866752
-1.6209677419354764
-0.012296089843437243
0.0327936052469843
-0.13932713191001478
2.191308629816574
0.7870537686222506
-0.4302960277301957
0.40014405185866914
-0.4942011079670038
0
-1.5220090519485723
0.21556106885753376
-0.5762987012986939
0.24899991836067878
1.2948409951545148
0.7878763516501333
-1.6033183105332538
-1.8321105751692197
2.1181716833890634
-0.5296781497654823
1.386122515344901
-1.2869858070724045
0.5442508427764954
-1.106847101595641
-0.07761120869245909
-0.9852015370779131
2.378101647330825
-0.012098237690032147
-1.2059369202226382
-1.1961624821392196
2.615486323444351
-0.519428226293541
0.7083299603335222
-0.9645914553273582
0.28407937989529647
0
0.08093561571769657
-0.5256560591969593
0.4186821673915769
1.1131800518134716
-0.5324472556947909
-0.8291073009739962
2.824675324675321
0.6473002841806161
-2.0666666666666593
0.15616866215511296
2.154965616504082
0.007827482290331996
-0.5283137009353109
0.7278306711779053
-1.566222708276388
0.071422902944218
-1.4432989690721685
-0.02816221435467566
0.008048613626295548
0
-0.2615588909903022
-0.3429355281207133
1.5950771223837128
0.1036062960749117
-0.4538035906213961
0.003998880313526765
-0.01999360204734485
-1.3678358596968472
-2.676290499168728
-0.2583225698929136
-2.280797025773838
-0.820758346513926
-0.7327270376276885
0.5557726542486293
0.17703700505202769
0.2629310344827547
-1.693822277632092
0.5772510604801799
-1.0956998130353612
0.5143535411263144
-1.0496850944716585
-0.9856789250353687
1.1204856926030047
-0.7549002295602998
0.5070948801209951
0.5001106439477842
-1.0128589043508895
-0.34700596138447287
1.000000000000004
0.1944837340876985
-0.01764602082230858
0
0.22502647370278453
0.286154523442659
-1.6417910447761235
-0.022315451218423637
1.0445962233828887
-0.291583830351222
0.6557667597146407
-0.5546507021173531
1.956531362046845
-0.1432726956974854
-0.5173913043478301
0.42830295878677427
-0.6136037251403416
-0.2495840266223081
-0.40384530968788984
-0.3878531446956755
-1.0618999159329234
0.6529224989937797
-0.5331674590127516
0.41095278509850686
-0.9119622759019529
0
-1.1538116189279102
-0.7357950674478729
0.5490734385724091
-0.24118316268487744
-0.15053371042786823
-0.5847686052355147
0.13786131152061026
-0.4176035978156078
1.1336405529953875
-1.098150004556635
1.488136374107357
3.0234247321590657
-3.0492641226756088
0.2045268611944369
-1.3425862929196677
1.7838260309870895
-2.5204390442206144
0.09267411148695612
1.1805009027359845
-0.7732430453879984
0.7884908009406726
0
-0.8966968615610011
-0.2862154925676216
-0.41203703703704125
-0.05113662777183344
0.39069767441860886
-0.7088584136397416
0.07932434324111208
1.1749347258485554
-2.1520737327188857
-0.19780530306599503
0.1557264876598642
0.43818318884280655
0.5441666275742536
-0.24261652591798966
0.9962115897292074
0.11114198388441654
0.1480247941530122
-0.009237875288675201
-0.013858093126394211
-0.6606606606606691
0.8045763184820102
-0.4336793540945832
-0.21315045641999486
-1.0866032040863753
0.8544199802826287
0.9123492994460694
-1.7851376908529117
0.9628029306781891
-0.02791087128436103
-0.05118421664882551
-0.4236499068901261
0.00467530038804568
1.0518934081346423
0.6708304418228083
0.5330882352941134
-0.7085390382153959
0.2532111781225542
-0.9873254959588538
1.883029544084222
-0.7556789730049579
-0.3531948075776257
-0.44651077149697443
0.8877791649327357
0.07791374490122453
-0.2930939732551791
0.5833180231490113
0.8584866888898911
0.06338570199665373
2.3075878919505906
-0.04864888770951789
-4.800884955752212
0.027887520334646018
0.004646624227494497
-0.0882817582008938
-1.4695623866437408
0.49086704111011903
0.4227138227420037
1.8427575885131702
-1.3639494833524601
0
-0.27004376571376204
0
-0.47619047619046767
0.009381743127864625
1.3367729831144466
0.7127979634343944
-0.14246978261868234
0.5108615611192888
-0.25184303310591144
-0.9135145060594974
0.9867963863794386
-0.8854023304890439
-0.7637121036797038
0.3451492537313475
0.6925722785163192
0.004616165812671793
1.3801698670605655
1.1701497973865054
-0.26552655265526964
-1.5793511123144264
1.705561413965443
0.8835594824865847
-0.04021627418562451
0.7554760840411305
-0.692133635032606
0.08041817450742648
-0.026784518548275037
0.6117436927885608
-2.1658086277294397
1.1567773543821447
-1.7893179066325884
0.20091324200913657
-1.8592781625957064
-0.07429420505200172
1.4684014869888433
-0.027477559992668488
-0.6917086578103485
0.2813782923566543
-1.1039558417663293
0.7581395348837294
-0.2492729538845077
-0.9209125827201671
2.7463801961700227
9.996363305755052
-1.611770054138943
-0.7644810349897013
0.31746031746031744
0.08016877637131185
-0.25717778995741425
-0.6678501986643073
4.4212765957446845
-0.06927747666980207
0.5179022918196018
