0.5828071879553126
-3.235152100434567
-1.5968063872255573
2.7383367139959462
0.6910167818361331
-2.9411764705882355
-1.868686868686863
0.1544004117344225
-1.4902363823227163
2.5039123630672986
0.3053435114503788
0.4058853373921925
3.082364830722584
-0.34313725490195524
1.8691588785046644
-0.4345726702076319
-0.29097963142579747
0
-1.2645914396887132
0.6896551724137959
-1.0273972602739698
0.790904597132968
2.0107896027464416
-0.14423076923077469
-0.28887818969667517
0
-1.2554321583775927
1.124694376528123
1.789168278529975
-0.285035629453679
1.3339685564554469
-1.2223789374706133
3.8553069966682507
-0.9624197983501349
-0.3239241092086944
-0.603528319405762
2.0084072863148115
0
-0.18315018315018575
0
0.6422018348623879
-0.638103919781224
0.596330275229363
0.04559963520291578
1.0027347310847714
0
0.9927797833935095
0.08936550491509769
-0.08928571428570921
-0.7596067917783811
0.7203962179198534
-0.7599463567277553
4.324324324324322
0
-0.47495682210707874
9.327548806941431
-8.73015873015873
0.34782608695652667
0.4332755632582322
0.08628127696289414
-1.1206896551724113
0.2179598953792502
0
0.43497172683775553
0.6929406669553895
-0.43010752688172044
0.2159827213822894
0.7758620689655221
-0.641573994867408
-0.9040034438226529
4.517810599478716
1.4546965918536992
0.4916018025399496
0.3668976763147074
-3.9398862713241223
4.016913319238901
-3.373983739837403
-0.2103491796381994
-1.5177065767284967
2.568493150684932
5.634390651085142
-0.2765705254839939
1.4659270998415281
3.0456852791877993
-1.3641530882910065
-0.03841721091049663
-2.767102229054569
-0.4743083003952524
-2.1842732327243843
-2.2330491270807955
1.744186046511623
0.3673469387755125
-0.16266775111834308
2.566191446028518
-2.6211278792692703
1.2642740619902213
-1.3693113169552982
-0.9391588403430018
1.8136850783182217
0.32388663967611797
1.3720742534301764
-0.7165605095541334
3.2477947072975115
-0.11650485436893646
-0.1555209953343613
-1.8691588785046773
10.317460317460318
0.7194244604316546
-1.8214285714285796
-1.127682793743167
2.428256070640164
2.0114942528735718
-4.5070422535211305
0.8112094395280195
-2.3408924652523693
7.865168539325842
-7.673611111111119
-0.07521624670928494
-2.0700037636432067
-1.6141429669484968
3.554687500000009
1.8483591097698895
3.3703703703703787
-0.2866356144751026
-3.7010420409629936
1.8283582089552155
-1.355807988274089
2.9346210995542474
2.4900757849151844
0.704225352112676
-2.027972027972032
1.0706638115631693
-2.5776836158192133
0.18122508155128672
-1.5195369030390697
-1.5797207935341704
-3.994027622247103
0
-1.166407465007776
-1.6129032258064495
0.9196321471411482
2.099841521394605
-1.7462165308498254
1.2243285939968496
1.5216543113538732
0.6149116064565806
0.038197097020613406
0.42000763650249057
1.254752851711031
1.0889973713856467
-0.2600297176820166
-2.3463687150838033
1.9832189168573566
-1.9072550486162925
0.4574914220358325
-2.618595825426936
5.611847233047535
-0.8856088560885524
-0.8935219657483373
0.11269722013524094
-0.15009380863038546
1.8789928598271326
0.4426410918480223
0.9181050312155711
3.9665211062590893
0
1.575078753937697
3.273604410751206
-3.069736403069733
0.30981067125644657
0.7206588881262947
1.1584327086882376
-3.4691815426069232
3.14026517794836
-1.7253044654939182
2.444061962134259
-3.0241935483870965
-0.5890505890506048
-0.5228302544440572
0.700770847932726
-0.48712595685455023
0.6993006993006993
-3.8541666666666745
0.5778259299386143
-0.5745062836624857
-2.1307331166486017
4.280442804428053
-1.0969568294409138
2.182468694096609
-1.610644257703089
1.103202846975097
0.492784230904603
0.5253940455341506
0.3135888501742081
-0.6252170892670909
-0.34952813701502966
0.7365836548579325
1.4623955431754836
0.20590253946466122
-1.952054794520544
1.2923506811037333
0
-1.3793103448275863
0.5944055944055904
-1.0427528675703859
0.49174569722516126
0.13981125480600393
-0.3141361256544423
2.030812324929956
2.264927934111195
-3.6577181208053613
0.9056078021595143
-1.0010355540213935
0.592747559274752
-0.415944540727899
-0.1392272885485674
-1.080515859184373
0.5990133897110601
0.38528896672505175
0
3.66364270760642
-1.5146415348367552
0.8885850991114032
0.6097560975609795
0.7070707070707147
0.8692744901370665
0.4640371229698489
0.2969317057076797
-1.71052631578947
0.26773761713521127
-2.57009345794394
-0.6509078451524417
1.0689655172413872
-1.8764926646195836
3.3379694019471366
0
1.0767160161507365
2.5299600532623248
-1.7857142857142858
0.09917355371901203
1.9154557463672428
0.7777057679844385
-0.25723472668810654
0.5157962604771189
-2.180885182809497
-0.7213114754098323
-2.5099075297225966
-1.5921409214092104
-1.9277108433735017
0.2106002106002186
0.7355516637478188
-0.38247566063978533
0.8027923211169324
-0.3116343490304827
1.5977770059048362
0
-5.47008547008547
0.18083182640144665
-5.848375451263534
-1.8404907975460165
4.843749999999991
1.1177347242921014
-0.07369196757553008
-0.6268436578171049
6.827458256029677
-0.13893713094823804
2.886956521739134
0
2.1636240703177747
-1.1250827266710712
1.7737617135207535
0.23018743834264668
3.444881889763779
-0.8246114811290906
2.526383114806535
-1.2788521522146046
-1.1058451816745656
0.3194888178913738
3.1210191082802585
2.1618282890673255
-2.297460701330116
-0.9900990099009866
2.5
0.0609756097560941
-0.6093845216331505
-0.03065603923971977
-2.943882244710218
-0.25276461295419
2.3439974659486964
0.4952027236149693
-4.003695719125346
1.122874558870709
0.9835025380710732
-0.7540056550424236
-1.4561570117125566
-0.5139736588499912
-1.2269938650306786
0.032690421706447446
1.0784313725490233
1.034594245069508
0.5760000000000036
-0.7317849188673278
-1.2499999999999927
0.7140538786108369
-3.6416371253625557
-1.4715719063545074
-2.987101154107268
0
2.0643806857942537
0.13712718546453004
2.019856213625463
0
-4.89932885906041
-0.4587155963302592
-1.4179369018078694
1.9417475728155256
-1.3403880070546776
-0.4647836968180234
2.047413793103465
0.2463921154523015
-3.5463483146067496
-0.9828904259191805
5.000000000000008
-0.07002801120449771
-0.350385423966363
-1.6877637130801528
0.5007153075822522
-1.81494661921709
0.2174700978615523
1.3743218806509987
-2.81840884766323
0.5139500734214516
-0.6208911614316978
2.16832047041528
-1.043165467625891
-0.2544529262086679
-0.03644314868803422
-0.7655851257747075
0.4041146216017718
-1.097694840834248
-2.2197558268590454
-0.4161937192584271
-1.7477203647416284
0.5027068832173064
-0.5001923816852462
0.5413766434648016
-1.769230769230767
0.11746280344556889
-2.972233085647241
0.6449012494961687
-1.281537845414493
0.9736308316430043
1.7677782241864224
0
0
0.8685353335965214
1.761252446183953
0
0.30769230769231204
0.3834355828220859
-1.5278838808250572
-1.900698215671065
3.3214709371293023
-0.4975124378109496
-0.11538461538461976
-1.4247208317289137
-2.578124999999998
0.36086607858861497
-0.5593288054334821
0.7633587786259565
0.6778309409888311
-0.15841584158416067
-1.3486711622372098
-1.0856453558504178
1.260162601626014
-0.8430349257326353
-0.4048582995951417
-0.3252032520325249
-0.04078303425774646
0.6119951040391677
0.20275750202757503
-0.08093889113718682
-1.2960712839206225
-0.24620434961017412
-0.6170300287947347
-0.08278145695363769
-3.3554266777133366
-0.08572653236177327
0.38610038610038855
4.273504273504273
6.516393442622942
5.386687187379762
-1.7159547280029168
-0.07429420505200172
4.83271375464684
-1.2056737588652402
3.7329504666188
-2.041522491349473
-0.565171317555642
0
2.806394316163402
0
0.8984105044920605
0.958904109589045
-1.01763907734057
1.0623714873200705
1.017293997965412
-2.9540114132258997
1.6257350397786192
-1.4635806671204938
0.6563039723661407
0.06863417982156675
1.371742112482853
0.06765899864681618
1.0818120351588874
-1.6722408026755853
-0.3401360544217687
-2.04778156996587
1.358885017421595
-0.9281540048126465
-0.3469812630117974
-2.123955431754863
1.3874066168623185
-0.7368421052631658
1.0250972074938263
0.5598320503848726
0.38274182324287503
0.06932409012131321
0.13855213023901425
-1.1760636457973137
-3.2201610080503986
-0.1084990958408721
-0.10861694424330608
1.1235955056179858
1.2903225806451695
0.3892427459306319
-0.4934790271413385
-1.2043924902586023
-1.9361778415202502
-1.2431444241316187
2.369492780451676
0.1446654611211491
0
0.036114120621171086
2.0577617328519815
0.7782101167315135
-0.666900666900659
-0.03533568904594443
2.8985507246376976
0.9275163174166913
1.3274336283185764
0
-7.457171649311385
0.9074410163339383
-0.5755395683453319
-1.374819102749622
2.531181217901679
2.5402504472271996
-4.570830425680398
-0.10968921389397125
-0.6954612005856432
0.5160339107998442
-0.3300330033003217
-0.18395879323031641
0.5897530409141046
0
0.3297911322829
-0.8400292184076009
1.9889502762430855
