-1.5880796000392163
1.6037453929674292
-1.3725490196078431
-0.45725646123260666
-0.37946874375873324
0.2806736166800275
0.08996401439424004
0.15979227004893867
-1.216472230531452
0.918542444736036
-0.5101020204040717
2.543480446365734
-0.9215686274509781
-0.6530773797743937
0.6075697211155401
0
-0.5247005247005314
0.4578025477707029
0.4259956409748433
-0.3748643582914144
-0.5248044360827759
0.9556042205853098
-0.29579964504042594
0.24723101265822783
0.4241886159613253
-1.7583497053045165
1.7398260173982578
0.3341523341523319
0.5779214418650188
-0.3408648227502922
0.3518029903254311
-0.029214139643605207
1.509838301188389
0.7580846367911037
-1.1523809523809436
-0.5684555352153474
-0.6104651162790654
-0.8287023496148971
-1.7204089657884387
0.45013504051215364
-0.4580760804620616
1.8207282913165197
0.8646099430143402
0.13637249172025045
-0.9241245136186771
1.1389297987236042
-1.1261042617221542
0.7461953853706341
-0.1169476659194833
-0.8683774026734403
-1.0039370078740202
-1.1731954662954818
1.8913480885311826
-0.5233017377567096
-1.488833746898263
0.15113350125944586
-0.020120724346081035
0.22137250955927204
1.2751004016064302
0.1387925052047167
0.6831006831006808
0.09832841691248771
0
0.19646365422396855
-0.9117647058823485
0.22756505392301915
-1.6485686080947726
0.12044564890093802
-1.6641604010025086
0.7646039351615863
-0.8093889113719143
0.010199918400655114
1.0096889342172337
0.3432956381260074
-0.33205876433889664
0.9591115598182736
-0.8899999999999977
0.6255675512057242
1.1932216985861919
0.2774474831549697
0.5830039525691677
0.47155909224875414
-1.5742642026009603
0.5364593681700752
0.5632411067193721
0
0.45199960695685454
1.0270957644527048
-0.5906274206041741
1.178533164507637
0.5487100500577633
1.4839636189564385
-1.3773584905660292
1.0044002295771952
-0.9375887868169419
-0.35372848948375196
-0.38376666986472224
-0.0674178946354662
0.5011565150346998
0.8918296892980394
-0.87444159300445
-0.7575031163102973
0.7536231884057927
-0.19179133103183738
0.2305918524212232
0
0.05751533742330416
0.019160758766051493
-0.1532567049808342
-0.42210283960092965
0.4913294797687774
1.3133927715463567
-1.2301286903860713
1.935236635370765
-1.7857142857142858
-0.3444976076554937
4.964470904551547
0.8141981520446521
-1.3157894736842106
-1.5540229885057555
0.4296656080702538
0.7719494047619005
-2.85186894323951
0.30400912027361254
-1.685925364652392
-0.43352601156069365
0.493468795355579
0.7510109763142868
-0.573394495412844
0.028835063437135187
0.24983184395117794
0.019169941531682687
-0.22999520843316637
-0.03842090097011465
-0.16335159027578028
-0.8084696823869193
-2.3287405394915477
0.4271806079872794
1.5036106439806047
-1.7152324334860063
0.842835894893406
0.5113077679449406
-0.3326159264331922
-0.6674519042010164
1.5612648221343828
-1.7026658883051178
2.890230624566965
0.4040404040404084
-0.7856663792277517
-1.0912602607435977
1.6305409099785242
0.2209626284945676
-0.20130368098160817
-0.691576217462282
-0.406228842247804
0.3399048266485384
-1.674409601238876
0
0.3445220986317551
-0.12752599568373107
0.3634220607012996
0.8025053826580589
-0.4271844660194263
-1.9598283931357168
1.2829438090502214
0.510604870384922
0.36146932395466314
0.07787403874232986
0.019453360568042553
-1.3420208110473553
1.6067028092656437
-0.31043849437330673
-0.9634098871155959
0.3537388228357973
0.5385293253696269
-0.08765095442149042
-0.03899015498587493
-0.4193076548025309
-0.63650607128868
0.1478269439243126
-0.4821885455619062
0.4746366063482714
-1.328609388839681
0.14961101137043686
0.23902001792649907
0.08941877794336585
0.2283105022831118
-0.08913538674854818
-0.3568596352101417
0.02984480700357685
-0.3779214321233172
-0.36937206748527956
-0.751503006012024
-0.6259464916708779
-0.701005790917401
-0.35809289952936363
-2.0638669267892005
0.05242189138184106
-1.1841140102693026
0.10604453870625663
0.02118644067797092
0.48718491844947137
-0.8853288364249555
0.5104210974053667
-1.1849344054168478
0
-0.4282655246252677
0.892473118279565
-0.5755088990727888
1.1791188766212886
-1.9705477275135102
-0.5619798984113187
-0.6738398000217417
0.021884232410553175
0.08751777704845799
0.13116187561482626
1.997598515445907
0.4494863013698679
-0.17046665246111473
0.32017075773745995
2.9574468085106336
1.2605910312047992
-2.306122448979594
0.6789220806350533
-0.45647888785143453
-0.458572173006772
1.0051303528426367
-0.23841608790298208
0.6442227763923571
-0.5678298575263266
0.9033329872287335
-0.21609384647045782
0.09281220996184152
-0.5769627034823843
0.5284974093264272
-0.08246572518297786
1.2380068090374499
0.1426678895343005
-1.5264068383026355
1.8807481657538423
-2.444466984481187
0.6238303181534622
0.5476338086381555
1.736717706299453
-2.0202020202020203
0.07216494845361293
-0.473884825383746
-0.18631611634407083
-0.15555325106294723
-0.7789779808890736
-0.26169789594891657
-0.8606213266162818
1.7467711200508151
1.7584018312350407
-3.415132924335376
-0.4763921236502223
-0.5424954792043424
-0.5347593582887701
-1.9032258064516179
0.5151814096240322
0.9705561613958535
1.7820498973971273
-0.382003395585741
0.12782275244994093
1.2234042553191489
-0.8407777193904361
-0.3073661897191285
-0.48904954284499497
0.3525641025640977
1.0326839135526504
0.06322444678609301
-0.8003369839932627
0.8067940552017009
-0.989890480202188
0.34035311635821436
0.32859868560526
-0.16904384574749315
1.5874695734998412
-2.5627669548911367
1.5396129584090763
-1.0003158892281774
-0.08508827908956267
-1.9693421332765595
-0.09773048105114315
0.4891304347826087
0.10816657652785289
0.09724473257698296
1.6731433506044906
-1.9004140566939143
0
-0.5411255411255411
0.315560391730139
-0.02169432693349949
-0.17359227514375855
-0.10868383871318335
0.26112501360025864
-0.8355941399891531
0.05471656817684395
-0.4593678223777679
0.2856828919898937
0.2081735510025175
-0.896566805160731
1.5445719329214476
-0.347674923946103
-1.4718709114696902
-0.022131238242784713
0.5534034311012729
-0.9356081452944414
1.0555555555555556
-0.7036833424958744
-0.28789724283025386
0.2220988339811216
-0.8642659279778343
1.6988934838493273
-1.9342784921419962
1.2888042138294296
-1.04005310909493
1.285778175313059
-1.0266033778562704
0.23421815748383032
0.04450873483920966
0.011122233344458094
0.044483985765122025
4.046242774566472
-1.6239316239316288
0.34752389226759833
-0.8549783549783525
0
-2.0085143543281276
-0.7686309457502607
0.26942074539740585
-0.04478280340350324
-0.10080645161290068
0.4596927906716025
0.044642857142854604
-0.22311468094600626
0.24597495527728594
1.2380102609859494
-0.9033821747273378
-0.38910505836575876
0.1785714285714311
1.5262923351158568
-3.368813782508497
-0.20440608675903568
0.045516613563961195
-0.7393084622383985
0.882319239142882
-0.0454338936846862
-1.3636363636363635
0.2995391705069151
0.7810705260739668
-0.6154547526783654
0.9862385321100944
-0.0681353622530119
-0.11363636363636363
0.5005688282138768
-0.3848766130858023
0.4431818181818156
-0.18101595203077528
-1.8587781933582657
2.0441159487238765
0.2716161158895402
-0.6546275395033808
-0.02272210861168433
-0.3863636363636338
-0.524754734200322
-0.9174311926605505
-0.9027777777777725
-1.8453632328895198
1.1423131841980037
-1.2823529411764678
-0.01191753068764423
-2.7651966626936884
0.14709487619515146
1.6891064871480972
-2.4554646124217596
2.369200394866738
3.109932497589194
-2.595277063362162
0.04800768122899391
0.43186180422265147
-0.29861442904921165
-1.5334850844614913
-0.46234335077259453
-0.5745018946339133
2.2006392918613202
-3.8614218693612306
0.11261261261260976
-1.9247594050743628
1.1724225818784162
1.5619095603980322
-0.781346893215919
3.1875
0.06056935190793458
3.523002421307509
0.4210033914162113
-1.327588214743227
0.3186592706243415
0.5764705882352914
1.4621593168791671
-0.9222965183306433
0.5003490807540224
0.9494037281463391
0.35554536070650566
-0.8914285714285662
-0.8879151291512967
1.3728912158231477
0.02295420635832038
-0.6081468732071089
0.4848764719464248
0.2642463235294196
-0.6073106451243346
0.21904542310352518
-0.14954561141147527
-0.1152073732718894
0.1845444059976958
-2.141376928390516
0.7999999999999946
0.2334267040149393
1.8630647414997672
-1.3946044810242264
0.08115001159285089
0.49808872929457526
-0.184416781927158
0.4849884526558944
1.0572282233969124
-0.352513077098024
-1.175396553691653
2.575057736720549
-1.0919734323989567
0.5577054404734779
-0.7243916242218423
0.7524797628548652
-0.6336992191920361
0.683293474547318
-1.1310937676733401
0.686420318041414
-0.011362345188049397
-0.4431818181818156
-5.261956397671501
1.6746987951807202
1.9196587273373678
-0.5580746424834401
-0.07015082427217458
-0.7488007488007594
-0.5658375574678716
0.3912270302311742
-0.555030703826161
0.7125044531528322
-0.6602994929843206
0.26112759643917455
0.46170237954303034
-0.14140938015555568
0.1534104319093779
-0.6244845057146303
3.5807446051695573
-2.7586996336996363
0.2236609770453181
-0.43457834155507774
0.0943730093193293
0.41249263406010606
1.8661971830985888
-1.5324346122825159
0.07020828457758281
-0.3391019644527702
-0.6805115569635052
1.0632014176018902
0.011689070718880507
0.1285647498831256
