2.4784244301836793
0
-3.476570935003244
0.44742729306487694
2.4498886414253898
0
1.4130434782608696
-0.02143622722401345
1.7581475128645039
9.060261272650653
-11.089644513137564
1.2603215993046526
2.575107296137339
0.020920502092054965
-2.1961932650073206
0.5132591958939215
-0.2553191489361678
1.9624573378839565
-0.06276150627615301
5.086874607494245
-5.936254980079683
1.6730199068191518
1.2705686315350897
9.008638420403129
-10.471698113207546
1.5806111696522656
-1.9502074688796633
3.6817604739737573
-3.897959183673474
1.1042684221703218
-0.2310438983406895
0.21052631578947367
-4.621848739495798
0.02202643171806668
3.699625633120448
0.23359524315141703
-5.296610169491525
5.167785234899334
-1.723037651563502
0.021645021645026567
-3.2027699632114284
0.17885088307623773
7.565275608123181
-2.5103734439834073
-3.6390721430091437
1.1704946996466457
2.4667103252564844
-1.1291009799744258
-0.2154708037060978
1.0796804145972791
-0.23499252296518322
-0.2997858672376825
-4.29553264604811
4.376122082585278
-3.870135454740916
0.9841198836949177
-0.6866002214839475
1.2711864406779763
1.2332085443734784
0.47857298237981044
-0.714440355055197
0.30527692978630117
0.021739130434787552
1.1736579004564176
-1.546723952738988
4.5166921230634935
-2.5052192066805845
1.177730192719486
0.5291005291005291
0.631578947368421
1.0460251046025104
0.641821946169777
-0.5760131660152256
1.386302503620937
-0.6122448979591837
1.0266940451745379
0.4065040650406504
5.2631578947368425
-5.557692307692303
7.839543881083282
10.762839879154079
11.48994203886805
-5.107033639143728
1.4502094747019014
-2.033036848792895
0.5188067444876857
-6.09677419354838
1.3397457918241076
-0.10169491525424114
0.01696640651510396
-1.0178117048346056
3.170522707797772
2.3421926910299042
-1.2335659795487781
-2.5472473294987674
3.591905564924107
-1.7580986488686237
-5.368682684341338
-2.67904044825776
1.1155091759625848
-0.16014234875444436
3.011940830511491
-3.3737024221453287
2.0411817367949827
-0.8773469029654326
3.6643653744025575
1.9979508196721194
1.774652603381889
-1.1186050337226443
-1.4473465313591825
1.130992572586098
1.8360874645301284
-1.4587772496312041
3.4264803725881414
-3.859761981344484
-0.9033121445299394
1.2829169480081066
-1.1499999999999961
0.4046535154274114
-1.9311502938706968
3.0136986301369904
-1.3630319148936245
2.055948769801154
-0.01651254953765237
-2.1800165152766384
6.365017727502963
-4.317460317460324
1.1944260119442678
1.0983606557377124
-0.16215339711366952
-0.5197336365112953
0
-1.3714285714285677
0.6455884787286835
-1.41447368421053
2.435769102435773
-2.3452768729641655
0.033355570380242124
0.9336445481827315
1.0901883052527293
-1.029411764705875
1.3703153376258799
-1.7263843648208506
1.4252568776930765
0.8006535947712381
3.031285459555851
-0.29893014474511914
7.290516017042752
-1.7649654360935432
-1.781703847881416
-1.310975609756101
0.3861600247142416
0.3385136174796193
1.1501303481061187
2.0466949666464522
2.2136383895409266
-4.258720930232552
0.18217701533322175
-3.2126079709046724
2.0040707687490142
0.7521105141980011
-0.9750152346130374
-1.6769230769230734
0.15647003598810827
-3.405717856584919
2.183406113537118
-1.012978790756565
2.334505916213627
-1.8593749999999964
-0.12736825346283526
-0.2869440459110401
0.7354116706634729
1.1109347722583716
-0.8005022759378468
1.5031645569620253
-1.1847233047544852
-2.460955986748702
1.4232573184538362
-3.3487482060277465
0.9734367266127664
-0.4411764705882427
1.0996225176432046
5.51948051948052
4.615384615384615
-4.058823529411768
1.7627222562844882
-0.843500527187833
-1.4886829712896787
1.202775636083262
3.3064147493524376
-3.2595870206489708
4.512883061442297
-3.326039387308527
1.4033499320959641
3.5119047619047654
6.3829787234042525
-0.7837837837837777
0.7899754835194708
14.662162162162161
3.2410135533294047
-1.6552511415525115
0
-5.594892629135234
-1.3894012049674112
-4.7132169576059795
4.998691442030872
0
4.187437686939186
-5.19138755980861
-1.8420388594499144
-0.5269922879177407
2.5972347848559276
-7.392947103274565
0
0.8703930368557176
-4.9750573007954815
5.561861520998872
0
-2.150537634408602
4.505494505494499
-0.3154574132492084
4.878691983122363
-2.1875785768166933
0
2.4678663239074607
1.6056196688409374
-3.864197530864192
4.019519712341075
0.9382716049382744
4.990215264187861
0
4.9976700838769785
0
4.992788194829691
-2.8320828489908014
2.88200108754758
-4.862579281183932
-2
-2.2108843537414966
4.057971014492754
-0.1671309192200557
3.5714285714285716
-3.9008620689655222
-3.5546086566494655
1.8951284734333165
-3.674121405750791
2.001895285477372
4.517477644872835
-6.333333333333333
-3.167259786476874
3.4178610804851273
0.21321961620468544
-1.8912529550827424
-2.4096385542168677
2.308641975308648
-3.8132013997827947
0.17563668297578436
-1.8033813400125207
1.313607958168595
0.45317220543806935
1.7919799498746811
-2.4990766958020383
4.709595959595954
-3.967201254069695
0.45203415369161515
4.237499999999997
-3.225806451612901
-0.8674101610904585
2.325000000000003
2.614219398973855
-0.5952380952380952
1.7964071856287425
-1.1764705882352942
0
-0.35714285714285715
4.778972520908005
-4.184720638540484
-3.129834582887059
3.599508599508594
4.340092493774461
-4.76190476190476
-2.1479713603818618
2.4390243902439024
1.1904761904761905
-0.04705882352940909
-2.306967984934089
-0.8554216867469907
-1.0815408919674294
2.6412776412776413
-2.9802513464990996
6.303972366148534
4.212602994081461
-3.6191536748329622
2.010398613518195
-5.096839959225281
2.589807852965753
-4.874360167519774
2.6904732787085726
-4.311063475050618
1.9539514623522147
-3.283691406250011
3.104884513441881
-4.443628351083358
2.434025108890597
-1.3006503251625785
0.07602635580333363
0.012661433274249524
1.025446259020132
-1.0401002506265606
-0.7217930859820242
-0.982142857142863
1.5973206234703197
-1.7750729047800176
-1.8975087130502188
1.4078947368421113
-0.09082652134423841
0.4415584415584386
0.8404447892423067
3.7184254391588665
3.5727531215230535
-4.6550489376939606
2.6289434151226843
-4.049768236155152
0.1779811848461705
-1.598984771573607
1.6120711890637092
-2.9445361086432205
1.9877075977507428
-2.243877420182075
1.7707240293809026
-2.500322206469903
-79.48446794448115
-1.417525773195869
0
-3.137254901960792
-0.13495276653170624
-2.9054054054054133
1.3221990257480905
-3.983516483516472
-3.004291845493574
0
-0.884955752212381
0.5208333333333248
-2.7387120651369274
0.07610350076103067
-0.07604562737642154
0.608828006088267
-0.6051437216338752
0.22831050228309205
-0.22779043280180938
5.175038051750367
-1.5918958031837835
0.5735294117647067
-1.1551396402982983
0.4437869822485376
0
-0.14727540500737632
3.215339233038358
-0.27150614461274325
0
-2.220948559965627
0.3810082063306054
-0.11678832116788072
0.07307804735457053
1.6503578209434724
0.5603448275862077
-2.271753107586783
-2.7777777777777857
-1.0526315789473728
4.51367781155015
-5.758324850952442
-2.021293010337914
-1.3228346456692968
1.994893073731248
2.362697543420443
-3.683888719046169
6.110141247421046
-3.1558480406820215
7.150579150579143
0.7494955318535749
-2.260371959942793
-3.8056206088992894
7.303712720632984
0.014180374361890409
-1.5170849283992731
0.9213936078318465
-1.6262482168330965
0.4350348027842393
-1.790355183367036
-2.499264922081745
1.341978287092884
1.547388781431344
-2.622710622710632
2.287089978934713
-2.6037069726390265
0.43800030206918333
-1.278195488721796
-1.5079969535415216
0.9897927621404278
0.10719754977030228
3.2124827902707573
0.7707129094412273
-0.838358582144423
-3.114802729160499
1.775872627066765
1.2936221419975924
-2.583902583902597
0.6097560975609844
-1.0303030303030407
2.5566442131047182
4.776832363039264
9.517025217267427
-10.810459216859636
-0.8168028004667477
4.808823529411759
0.32271643047566156
-6.12587412587412
2.428486293206191
-5.629090909090916
0.9556103575832376
0.7175572519083953
-1.318781264211012
-0.9062980030721801
1.1471089753526504
-2.0076628352490458
3.0653737879261933
-4.6889226100151795
0.06368412673141084
-0.9228321400159082
0.36935924201059395
-0.9120000000000005
2.938801873082513
-2.196078431372547
1.4434643143544483
-5.913043478260873
2.486976978659056
-0.016396130513207274
4.788455231223355
-3.4741784037558667
2.1400778210116735
-4.349206349206352
1.3109857285097894
-4.357084357084352
2.7401952389107747
-2.817136189364902
0.34305317324185736
3.8290598290598323
2.732960158050702
-3.25320512820513
2.0374358124896537
1.2662337662337682
0.1923693491503646
-4.063999999999998
2.985323549032687
-4.534412955465583
3.477523324851564
-3.967213114754101
-0.10242403550699072
-2.5803144224196943
-0.9647430275390233
3.8788522848033966
3.069053708439905
-4.929693961952033
2.662258569688535
-2.016949152542369
3.78827192527244
-3.9499999999999957
-0.22557695644629977
-1.7565217391304313
0.902814657461494
-4.052631578947373
9.672700676540499
-8.302767589196394
-1.2727272727272778
2.651933701657468
