3.1222515391380803
-1.833688699360346
-1.737619461337967
5.393457117595057
-1.0906040268456352
3.8167938931297707
-4.697712418300654
1.628804114873546
-0.042176296921127926
4.810126582278483
-1.6908212560386542
-3.6855036855036856
3.8265306122448983
-0.7780507780507687
-0.20635575732562939
-0.78577336641853
1.0004168403501483
-0.536524969046641
-1.6597510373443984
8.860759493670885
-7.984496124031006
1.4321819713563628
-0.8720930232558234
0.29325513196481656
0.877192982456138
0.869565217391302
6.403940886699505
0.5015432098765477
-0.882917466410753
0.154918667699471
0.3480278422273694
-4.431599229287091
4.153225806451617
4.452187379016647
-3.150481838398814
0.7654037504783773
-0.9115077857956833
0.5749329244921426
-0.9908536585365725
-2.6173979984603584
2.806324110671946
-2.1145713187235784
5.145326001571091
-0.03735524841238921
-0.11210762331838989
-6.0231949120838095
8.519108280254791
3.0814380044020457
-0.7473309608541007
0.28684116170670904
-2.78870218090812
-0.18389113644722327
-1.8791451731761113
-0.6759294029290317
-1.587901701323247
0.6530925854782899
6.259541984732816
0.5387931034482759
0.7145409074669525
-0.7449450159630955
3.180843459614002
0.45029442327676183
-1.9655172413793065
2.0049243756595105
-2.6206896551724217
0.5665722379603481
-1.9366197183098592
1.903052064631961
-3.065539112050736
0.6543075245365156
-1.0473094980137152
0.36496350364963503
2.58181818181819
0.7798652959943242
0.8793527963418923
0.4184100418410002
-1.5625
-0.599647266313929
-1.4194464158977997
-18.610511159107276
18.92967713401149
0.1115656377835669
-0.40861812778602
3.6553524804177373
-1.8351925152932589
0.18328445747800587
-0.8415660446395943
-3.985239852398528
0.6149116064565806
0
1.5660809778456706
3.798420458819114
-1.6304347826086956
1.620626151012883
-1.304820587169252
1.689313257436638
1.1917659804983791
-0.7851534618129867
9.424460431654673
1.545036160420772
-2.751699579151829
-1.464713715046597
1.418918918918915
-0.06662225183210814
-1.2000000000000075
-0.03373819163291697
5.602429969625368
1.5659955257270803
-1.1327879169288932
-0.6365372374283896
0.9609224855861628
1.5545685279187926
-0.49984379881287805
2.6687598116169546
-2.2629969418960174
0.12515644555693906
1.71875
-1.5668202764977028
-1.404494382022472
-4.336815447926556
5.592322964923903
0.1253525540582818
1.1893583724569676
-2.78379214351995
-1.4635698377346555
3.3580884727155422
5.217119650109337
1.484560570071259
3.071971913399649
-2.2707919386886175
-1.5974440894568689
-1.8595041322314083
2.7669172932330794
0.1463271875914545
-4.821741671537113
-3.5922628185446697
-1.7515923566878981
3.4035656401944894
-3.322884012539192
-1.1348897535667966
4.165300098392931
0.7871536523929471
11.746329272102455
-0.11182555213865733
1.1474951021550421
-0.6917542888765911
1.0030649205907003
0.44137931034483385
0.7415545179895602
0.8996728462377348
2.485814644690621
-1.9245979435802825
2.8763440860215024
-0.7316435850535697
-1.368781258225846
0.400320256204964
-5.927698032961193
2.7408872562871
9.378437843784369
2.112144832788543
6.574735286875152
1.0166358595194032
7.822506861848122
2.1001272804412463
-2.721795138167468
0.5980350277659144
-1.7409766454352418
-0.28089887640449684
-1.191765980498375
-2.6315789473684212
-2.2522522522522523
-3.6405529953917077
5.045432807269255
-0.7284315957204618
5.755560651226774
3.9895923677363476
-3.1693077564637293
-0.19379844961239823
-4.487594390507014
-0.15812062344702701
-1.674208144796375
3.4744592728946078
-6.1151879030464755
-0.0473709142586425
0
-1.8720379146919377
4.4192224100458715
-0.4162812210915714
5.202043660009283
-0.22075055187637968
3.0973451327433628
2.8326180257510707
-5.488313856427381
-1.0598366085228428
2.5887078777058616
0.06525995214270423
0.26086956521738885
2.2333044232437147
-0.40296924708377035
0.5110732538330446
0.635593220338983
-0.21052631578947367
2.9113924050632933
0
-4.1820418204182115
2.20367993153616
-3.433117019049608
-2.8831562974203364
8.058035714285719
0.7436480066101975
1.4148041828993303
1.091791346542656
-1.7200000000000046
1.7501017501017548
-2.9200000000000044
2.1631644004944377
-0.2621496269409063
-2.8305701577031943
2.6425301706200557
1.7433610379079598
3.1878860330743177
4.228615562849967
0.7224898110411433
2.630126908221437
-1.7383512544802948
0.6748130585446007
-3.351449275362319
2.717900656044986
-1.1496350364963421
-1.4029905851947613
3.744617112900206
-1.4257354268182596
1.2632735261808818
3.182064726089319
-4.818643770807779
0.6075110456553672
0.36596523330283626
-0.09115770282588878
-4.525547445255466
-1.7010703363914546
3.655454015166259
2.9825548677546383
0.9653916211293178
0.8479162908172553
-0.3935599284436575
-0.6285919540229885
0.9578890294596184
2.0050125313283087
-4.720954720954717
-3.481304107570451
4.026717557251913
-0.7521555677857316
0.46210720887245843
0.0551977920883081
-0.7171754321441666
0.3889609186886503
-4.88929889298893
-0.2909796314258002
-4.708171206225679
-4.859126173948552
8.347639484978536
-1.7033075856605202
3.2440056417489354
-0.07806401249023756
4.609375000000004
2.2778192681105174
1.3326031398320681
1.243019275806157
3.701067615658355
0.017158544955391687
4.923657574197984
1.6677567037279155
-1.3991637182373644
2.250856304028699
1.3877811453182398
0.9597230962869765
3.989403147888407
3.102053049602884
-4.171511627906983
1.9717882602760506
-6.276959690614299
0.28566894143785976
-2.3263174552935486
1.6850291639662955
3.2504780114722718
3.8580246913580245
-4.888558692421988
3.5150757694110295
1.2677331723513396
4.128166915052168
-6.741090596822673
2.7777777777777812
1.8067791548454395
0.8946905250806723
-0.7849978194504983
0
4.996336996337
0.8233324030142307
0.12456747404843976
4.976499861763893
-7.848301290492497
-0.8288082309231144
-0.27377521613832523
-1.1414535471752603
-2.5869628763519503
0.37509377344336087
-5.276532137518678
-2.777339435063914
4.836877130335977
3.065490013934056
-4.296229532822596
0.15696123057604772
-4.184297132110961
3.254824991822044
-2.5344527166165056
-2.0965382740126732
-0.14940239043824324
0.1662510390689942
-0.6473029045643116
-0.43434680922152064
5.453020134228188
1.8456642800318255
3.0932666770816986
4.98560387937566
-3.334295612009225
-1.8963715096311848
6.012176560121766
3.402727925340997
-4.387670091641214
-0.18878884693582168
-3.113633056889274
0
-0.22525904790509085
0.5418422636965717
-1.721556886227545
-0.6854531607006854
-0.3834355828220859
2.093918398768287
-1.0707283969235444
-0.3048780487804878
-1.6819571865443426
-2.006220839813371
0.42850341215678966
0.6795195954488098
-0.6278449223041909
-1.2320328542094563
-0.9275547737086126
-1.533494753833737
-3.245901639344255
-0.898000677736372
2.9577705590699384
0.9797409498505442
1.036013813517506
0.2604166666666704
-1.5909090909090835
0.8742989112504048
4.088307440719542
2.4980361351139004
-3.908645003065604
0
-1.4037326527356764
1.8605403656366284
0.28589580686149213
-0.332594235033263
-3.0510090576831295
-2.6225208982134074
-0.5891264096953375
-3.5895699288858864
1.1766772040744724
2.0308974136434528
-1.803334467505939
-1.1607761607761686
-0.595968448729181
1.5693881149709006
-0.15624999999999606
-2.2083115979829673
-2.6315789473684132
-2.6296566837107336
6.826706676669162
0.33356741573033305
-2.537182852143482
-0.21543985637343724
1.3134220942785297
-0.7281122358373331
-1.144901610017885
0.0723850886717295
-4.936708860759485
4.56534144949591
-8.604693469165012
-1.9705414012738809
7.106598984771574
2.3696682464454977
2.555555555555547
4.297580353918395
0.6578947368420973
2.8551771585827352
-2.1070234113712414
-0.17082336863682954
-2.241615331964412
4.673551549098556
0.30100334448159777
4.501500500166722
0.4148053605615863
3.257070225611694
0
1.230958609016772
-1.7327861377108948
-0.98994586233565
1.390407748789248
-1.9722650231124736
0.36152153410876364
-2.521534847298359
0.9800771208226258
0.6523468575974579
-2.5608599430920083
-0.3082414016872124
2.7502034174125267
-0.19005384859042315
-0.47603935258648045
2.646683673469373
-2.345448897173021
-1.9564180054079954
1.086956521739138
0
0.7382442625581804
2.262227178588487
-2.4458638417198837
2.8106036410092474
2.127990059024549
2.798479087452468
-2.337623908862251
-89.85002272382972
3.432835820895518
4.9062049062049145
-6.87757909215956
1.7725258493353069
3.047895500725681
1.408450704225352
0.27777777777778173
1.6620498614958488
-5.449591280653951
1.440922190201729
-1.4204545454545454
-1.7291066282420788
-0.8797653958944406
0
-0.7396449704142013
-0.1490312965722717
1.7910447761194073
0.14662756598239635
-1.3177159590043799
2.3738872403560745
-6.23188405797101
-0.6182380216383395
2.643856920684297
1.3636363636363722
3.5874439461883276
2.4531024531024572
-4.647887323943658
0
0.2954209748892213
0.4418262150220871
1.3196480938416297
0
1.4471780028943562
-1.4265335235378032
2.0260492040521068
0
-3.8297872340425574
