-9.882747068676714
4.925650557620812
-5.048715677590775
5.876865671641782
-2.0264317180616778
4.766187050359723
-0.0858369098712428
1.8041237113401982
-3.206751054852312
1.569311246730599
0
1.9742489270386303
-4.713804713804718
5.653710247349828
-2.591973244147161
2.403433476394844
-5.44844928751048
4.875886524822701
-4.649196956889271
1.9503546099290838
-1.3913043478260883
-2.1164021164021185
-0.6306306306306332
4.261106074342708
-2.9565217391304337
2.1505376344086042
-4.385964912280701
1.376146788990829
-2.6244343891402795
-0.6505576208178465
-2.525724976613654
-1.631477927063339
0.19512195121950804
2.239532619279459
-4.095238095238092
3.277060575968223
-0.38461538461539346
3.2818532818532806
-4.392523364485971
4.5943304007820025
-4.672897196261682
0.980392156862759
0.29126213592232386
-1.2584704743465709
-0.9803921568627417
0.4950495049505021
0.6896551724137959
-2.1526418786692822
1.6999999999999993
-0.29498525073745685
1.4792899408283882
3.984450923226435
-6.542056074766349
-0.5000000000000071
-1.9095477386934625
-0.6147540983606609
1.8556701030927991
1.214574898785417
4.199999999999999
6.621880998080608
-11.07110711071106
1.0121457489878505
-2.7054108216432824
-2.162718846549957
3.894736842105255
0.8105369807497474
-1.1055276381909491
0.10162601626016043
0.5076142131979767
0
-0.70707070707071
-5.3916581892166775
6.4516129032258025
-0.10101010101009886
-2.123356926188077
5.371900826446277
-5.294117647058815
4.037267080745347
-2.2885572139303525
2.8513238289205636
-4.752475247524757
3.9501039501039585
-2.400000000000002
-1.0245901639344226
1.2422360248447124
0.2044989775051263
-0.204081632653075
7.7709611451942715
5.502846299810248
3.417266187050367
11.565217391304348
2.18238503507404
14.263920671243335
1.4686248331108067
-6.381578947368414
1.8271257905832732
-6.280193236714977
2.7982326951399172
1.6475644699140304
2.8893587033121926
-3.8356164383561677
-14.743589743589734
6.683375104427726
3.2889584964761154
-3.9423805913570855
2.2099447513812103
-0.8494208494208451
-1.7912772585669816
-2.2997620935765197
-2.5974025974025996
-2.916666666666664
0
3.605150214592274
2.3198011599005746
-1.8623481781376554
0.08250825082509541
-0.9068425391591195
3.9933444259567423
-2.5600000000000023
3.448275862068965
0.7936507936507908
3.7795275590551216
-4.172989377845212
0.9501187648455994
-3.8431372549019627
3.6704730831973986
-4.720692368214015
0.7431874483897594
-4.180327868852458
-3.3361847733105114
2.743362831858396
2.9285099052540904
-5.188284518828445
3.6187113857016784
0.5110732538330536
2.966101694915251
-7.736625514403287
1.9625334522747444
-4.286964129483817
4.387568555758688
-2.8021015761821393
1.8018018018018114
0.08849557522123705
-0.08841732979663826
5.0442477876106055
3.201347935973048
-2.2857142857142807
2.339181286549702
0.489795918367351
1.5434606011372827
3.3599999999999994
1.393188854489162
3.282442748091601
0
-4.434589800443456
-3.325599381283834
-1.6800000000000068
-1.545972335231892
6.611570247933891
4.5736434108527115
0.29651593773164675
3.473762010347381
-4.071428571428574
3.2017870439314944
-7.575757575757568
4.605776736924277
-1.7910447761194046
2.12765957446808
2.752976190476198
-4.996379435191899
5.182926829268304
0
-5.000000000000009
3.7376048817696432
-5.588235294117645
-3.4267912772585634
-1.6129032258064602
-4.999999999999996
0
-4.918032786885249
8.529945553539031
-4.598662207357865
6.923751095530229
2.459016393442629
1.519999999999996
-1.4972419227738338
-1.5999999999999943
4.796747967479673
-8.378588052754072
4.572396274343769
0.24291497975709422
2.584814216478178
2.125984251968515
0
4.780262143407858
3.679175864606328
0.4258339247693435
1.0600706713780943
2.9370629370629366
-1.4945652173913087
0.34482758620690146
-1.7182130584192439
2.5874125874125817
-3.2038173142467663
6.267605633802821
-3.9098740888005294
1.1034482758620698
-0.4092769440654877
-2.1232876712328803
3.4989503149055285
-3.380662609871535
1.2596221133660008
-2.211472011057362
2.826855123674914
-3.7800687285223415
1.071428571428574
2.120141342756176
2.0761245674740536
2.1694915254237306
1.526211015262113
-2.483660130718959
2.8820375335120625
-2.4755700325732835
1.5364061456245734
-1.7763157894736814
0.4018754186202311
4.336224149432957
1.6624040920716099
3.2704402515723356
0.36540803897684965
4.611650485436881
-4.988399071925751
0
-4.945054945054937
0
-4.945407835581243
0
-5.000000000000002
0
-0.07112375533428013
4.555160142348746
4.697072838665768
0.2600780234070165
0
4.60440985732814
-3.223806571605701
8.071748878923778
0
3.4973325429756956
4.46735395189002
-0.32894736842104566
2.805280528052814
-0.8025682182985667
1.8338727076591148
1.0593220338983014
4.245283018867937
-3.4690799396681813
2.3437499999999964
-5.5470737913486
-2.2629310344827487
-2.3153252480705717
2.1444695259593827
2.762430939226519
4.999999999999998
0
0.3584229390681018
4.59183673469387
4.19512195121951
0.7490636704119857
4.089219330855014
0.6696428571428668
3.9911308203991065
0.8528784648187603
4.2283298097251585
0.608519269776885
4.838709677419351
-9.230769230769225
-4.872881355932212
0
-4.89977728285077
0
-4.918032786885249
0
-4.926108374384237
0
-4.92227979274611
0
-4.904632152588567
10.315186246418342
3.116883116883124
1.7632241813601905
1.9801980198019908
-6.796116504854379
-4.1666666666666705
9.510869565217392
1.985111662531028
2.9197080291970696
2.127659574468099
2.777777777777768
3.6036036036036068
-8.260869565217385
-4.976303317535548
0
-4.987531172069826
10.498687664041995
3.800475059382426
1.1441647597254003
-4.977375565610866
0
-4.761904761904762
1.999999999999993
2.6960784313725528
1.9093078758949984
-4.918032786885249
0
-4.926108374384237
0
-4.92227979274611
0
-1.9073569482288903
6.944444444444445
-4.935064935064931
3.278688524590152
0.2645502645502683
4.221635883905017
2.025316455696195
-1.488833746898249
-4.030226700251893
4.986876640419943
0
-0.7499999999999929
0.5037783375314754
-0.2506265664160437
1.005025125628155
-2.7363184079602023
2.3017902813299194
-6.999999999999993
-2.4193548387096926
-1.9283746556473713
1.1235955056179734
1.3888888888888888
1.0958904109589003
-4.607046070460693
-1.9886363636363715
-1.7391304347826129
4.719764011799414
-1.6901408450704265
0.8595988538682071
-5.113636363636376
-0.29940119760479467
-3.3033033033032866
0.9316770186335315
-5.846153846153841
0
-4.967320261437918
-4.951856946354876
8.610709117221415
1.7321785476349087
1.7681728880157144
1.9948519948519983
2.776025236593057
0.9821976672805411
0.5471124620060782
2.1765417170495733
-6.627218934911238
0.6970849176172447
-4.782882315921961
0.39656311962986596
-4.871626069782754
4.498269896193774
0.4635761589403992
0.527356624917601
0.5245901639344267
2.4135681669928193
-4.458598726114645
0
-4.599999999999996
-0.06988120195667216
4.755244755244753
2.1361815754339135
-1.8300653594771314
-1.797603195739012
-2.237288135593221
3.9528432732316245
0.9339559706471019
4.626569729015197
-8.654453569172452
-2.1438450899031847
6.431095406360425
-0.1328021248340063
-2.859042553191488
2.6694045174538026
-1.6000000000000014
2.574525745257458
-4.293262879788641
4.278812974465143
-7.677035076108538
0.35842293906810546
4.2142857142857135
3.2213845099383183
1.4608233731739633
1.4397905759162346
-6.129032258064512
0.5498281786941586
-3.6226930963773145
2.1276595744680904
-4.3055555555555625
4.354136429608138
-7.301808066759393
-1.6504126031507924
-4.652936689549958
1.519999999999996
-3.3096926713947985
2.607986960065202
6.354249404289124
4.33159073935773
-10.73729420186113
3.287890938251805
-9.316770186335413
2.3972602739726123
-1.7558528428093716
-2.127659574468085
2.9565217391304337
1.013513513513522
-2.591973244147161
2.3175965665236014
2.4328859060402763
1.3923013923013916
-6.542810985460425
3.7165082108902308
-4.583333333333339
0
0.8733624454148596
3.4632034632034507
-2.5104602510460166
0
-1.9742489270386303
-1.9264448336252245
3.125000000000013
2.1645021645021645
-2.11864406779661
3.3766233766233658
-4.020100502512552
-2.9668411867364886
1.7985611510791464
3.3568904593639486
0.1709401709401825
0.8532423208191096
0.42301184433163225
0
-0.4212299915753912
-0.930626057529606
-1.1101622544833543
-1.4680483592400684
-0.6134969325153399
-0.3527336860670119
-1.681415929203551
0.18001800180019217
0.0898472596585785
1.795332136445236
-0.5291005291005335
1.6843971631205787
-1.8308631211857092
1.865008880994679
-2.441150828247612
-0.7149240393208228
1.0801080108010892
-1.9590382902938615
-0.8174386920980914
-1.9230769230769147
1.213818860877675
-1.2915129151291564
1.0280373831775815
3.3302497687326493
2.1486123545210405
