-1.9444444444444444
-2.691218130311615
-2.4745269286754
7.91044776119403
-10.456431535269711
1.946246524559781
7.878787878787879
0
-3.7359550561797783
0.10213014298220681
2.608949132779475
0
3.6505681818181883
0.8633685076058591
-3.057065217391304
6.377014716187807
-7.509881422924901
2.2507122507122443
-0.027862914460843102
-0.2508361204013473
-2.48672813635093
2.277936962750713
1.2746883316991207
2.3374827109266914
1.0947425327747025
0.26737967914438504
-0.26666666666666666
2.125668449197858
0.8508967142296112
4.101765316718591
1.6209476309226933
5.030674846625767
-5.210280373831778
-1.8856297756963218
-1.6329606833312398
2.158089643723659
-2.9375
3.0264005151320026
-3.8499999999999943
0.6370254810192377
0.7621754295310654
2.3076923076923075
7.518796992481203
5.920745920745915
0.8802816901408451
2.945026178010471
-1.6528925619834616
1.2928248222365868
-2.999361837906833
-4.407894736842111
1.858224363386103
1.2500000000000027
3.792681570459351
-3.321903129018431
-1.3522500554200891
-3.022471910112357
5.167419765959914
0.2533876831552225
-1.098901098901099
1
-0.473047304730468
-0.9837515198408412
2.411252511721369
1.1554392849356903
-2.1551724137931036
0.05506607929515418
-2.0363236103467255
2.719101123595511
-2.8658936775322736
-2.027027027027027
0.1839080459770141
3.246902248737948
1.5668407600844565
0.6564551422319475
5.684782608695647
-0.23655250437107422
-0.05154639175257732
-1.8050541516245486
1.5756302521008403
-12.099276111685626
11.211764705882349
3.0360732042737806
-2.392197125256669
0.13674134848006253
-0.7247899159663842
-2.063273727647868
0.3133102852203951
0.5923532579429187
-2.9871520342612397
-1.5450833241364088
-0.03362851698240872
0.9194886745907206
4.422222222222217
3.2134496701425883
2.783505154639175
3.0992978936810522
-4.212472030353154
-3.5141174080845037
5.357894736842104
3.706664002397844
2.967244701348743
8.252245508982039
6.395851339671564
7.221770917952891
-14.076824001818332
3.0773300414425617
-5.885372112917019
0.5908016724231958
0.5873317068762989
-0.1167804527488281
2.3653206223581216
0.7204357757863332
-2.9483600837404205
-0.9347474384324883
-2.3135547087642894
-3.2042351629980494
2.283630781040103
-0.5628517823639775
3.7547169811320713
-0.18185124568103292
-3.0515576607760977
-2.095273888941084
1.5451055662188014
0.8505812305075136
-4.207665635835429
1.1543729211504552
-0.686653771760146
3.184341221151019
-0.09437523593808986
-1.5492159455885004
0.9403185568988633
-1.1406844106463878
-3.3076923076923057
0.039777247414476656
-0.3976143141153082
-1.6966067864271457
-2.7411167512690353
2.0876826722338206
-6.952965235173824
0
3.7362637362637363
0
-3.294491525423731
-1.5883448351407603
3.573018699910955
-4.126813541106929
1.3003026566528442
2.246320681642133
-0.7575757575757576
3.5768811341330378
6.590861233943991
0.7408139075464244
3.8533189528385203
1.0196374622356452
2.4299065420560746
2.6003649635036497
-4.064028457092045
1.8261030774935156
-5.070550751024128
-4.104334484081315
0.5299999999999955
4.297224709042082
-4.043872198378635
-0.6063015604810678
2
2.1666666666666576
-3.5793110066212415
2.0700636942675117
-1.8038221528861045
-2.6908946479992077
2.8673469387755124
-0.38686638230334064
-0.5277833100975969
0.11012113324657351
-0.9100000000000023
0.09082652134423022
2.0266182698124644
-1.9270678920841982
8.514711809754143
-0.6500139288699043
-0.4579867277315722
-5.727699530516432
9.501992031872518
-0.31835546661815534
2.418103841591386
5.131860299358509
-0.5677966101694953
0.2301201738685797
-1.2500000000000038
-0.11194351158184401
0.7758620689655172
2.6347305389221516
-1.1668611435239207
4.4020914150784325
-6.30048465266559
-2.043103448275866
1.144064067587785
0.4089445749586745
-1.3518197573656767
0.14054813773716698
-2.3421052631578987
-2.9731429084703054
-0.5739677837437553
1.1918063314711318
-3.4965034965034967
0.09534706331045004
-0.3619737092779534
-3.4225621414913916
2.4450603840823644
-2.1934486423809108
3.7344398340248914
-1.9047619047619047
-2.8640776699029127
3.7281359320339784
-3.4592407014839064
0.8084639185547483
-1.4653465346534609
-1.8488745980707486
2.139639639639649
1.2729277337877047
-5.007917656373715
0.8543446551364915
-0.5165289256198347
-1.557632398753894
0.7911392405063291
0.052328623757195186
-3.1380753138075312
1.511879049676026
0.20212765957446566
0
-3.100116785221354
-0.2958255724772702
0.8901098901098926
2.080383400501037
-4.03329065300897
-7.705136757838554
8.179737381038427
-3.407572383073499
2.374913534701409
2.4774774774774775
1.417582417582415
2.026221692491066
6.117247238742568
1.481184947958362
-1.4891518737672607
4.514966463109422
-5.804597701149427
1.565995525727067
-1.481778133760508
-3.3943089430894284
2.671996633705026
2.243852459016391
-4.599659284497443
0.8298319327731069
-5.000520887592458
0.23028840881675872
-4.004376367614882
0.29633006610440193
-1.1818181818181792
1.3109475620975135
0.22701475595913734
-0.33975084937712347
0.25000000000000516
-2.3804126048515073
1.3585694379934894
2.107916141596973
-3.062941770447656
1.8518518518518519
2.5
-0.46563192904656825
0.022276676319898138
-5.79064587973274
5.732860520094563
0.8384572386808273
-2.0066518847006676
2.9528227175019826
-1.4285714285714286
-0.1337792642140519
-3.170350524670683
-2.0059949273691466
-0.23529411764705882
0.9433962264150944
-1.845794392523359
0.9402523208759791
1.238061549345596
0.13976240391333936
-3.6171202605256934
-2.811632677687953
3.799354358082943
-1.4234449760765524
0.9586215265137699
-0.9615384615384616
1.1529126213592233
1.9796040791841631
-2.2117647058823477
0.5774783445620734
10.645933014354068
1.6216216216216217
-2.0638297872340403
1.6185096676080792
-0.6627471940139011
1.5387926396212277
-3.041543026706236
-0.9727839108099221
0.9271523178807922
-1.1373578302712137
0.38716814159292035
0.27548209366391185
-1.5384615384615385
-2.455357142857143
7.52860411899313
0
-0.03192168546498771
0.9047365620010644
0.2109704641350211
0
-0.10526315789473684
1.791359325605901
-2.070393374741201
-2.7272727272727226
2.4777222342968868
0
2.025450689289504
-1.8813013200291053
-0.9427966101694891
-0.8234413431718581
0.3773991805046366
-1.6006015683746888
1.5283842794759825
-0.43010752688172044
0.28077753779697867
-4.5660133534352765
0
0
0.8237418190024773
-3.301622831561276
0
4.456018518518518
-1.8282548476454294
-2.0090293453724555
1.290025339783452
-1.0689106208778687
2.7011494252873565
8.550643536653608
-6.815135580987732
-3.573799513166625
0.665519219736082
0.30776245298074156
0
0.9090909090909091
-3.1081081081081106
3.4170153417015316
-0.7866936390200046
-3.4662437698232793
5.609011969021351
3.9666666666666717
-4.766484984503582
0.9987655706430228
0
1.1111111111111112
-1.4285714285714286
1.4492753623188406
-0.43956043956043955
-0.44150110375275936
-3.680709534368076
-2.163904235727435
-2.5764705882352916
1.5577828764641923
-0.19024970273484218
3.633547772218251
-1.2875043108403186
-4.797950390124612
2.7522935779816513
-2.142857142857143
0.9489051094890456
-7.929621595565191
3.442408376963345
1.4804504618499363
-5.860349127182045
2.5165562913907285
5.684754521963824
-0.5134474327628418
-2.6787908577045902
3.2702020202020172
-1.8217385988507124
0
-3.5491905354919053
-1.0974822466107166
3.4725848563968698
0.6939187484229119
5.03696278661821
-2.385780746749374
7.307833312965914
1.3551987245188448
0.5617977528089888
0.7821229050279329
-5.4545454545454595
-0.8911819887429537
4.070042593468998
1.625738972260113
-6.018570309878058
1.773598381145099
-0.5730994152046757
-1.6468650746970943
-1.2079894749431912
7.506053268765133
2.59009009009009
2.0856201975850714
1.9677419354838661
3.3428240008436196
-2.999999999999998
-1.115085209341471
1.8191489361702151
-0.5537561383345594
0.3677243118302165
-2.135454830943157
-3.144721360573321
3.368304803975704
-3.557692307692303
0.7532956685499007
-1.8801539307311734
0.40340654415060767
2.131696428571431
-0.5573161403125366
-0.010989010989013488
-0.010990218705354736
-0.14288854693338696
4.545954870665928
0.0421141292903865
1.031361818564508
-2.052083333333338
2.2014250771030572
-2.3413111342351716
-0.9057005860415557
2.3118279569892475
-2.5328428796636913
2.232046581841713
4.377175403438455
-4.6079223928860165
1.6737288135593171
-1.9274848926859762
0.4780622543291193
-0.6872488898287165
0.07452358139040195
-0.4148936170212742
-0.9400705052879038
-2.2754232718645433
1.9642463032443118
-0.7575757575757576
5.561613958560524
-2.0144628099173554
0.36900369003690037
-2.6260504201680672
0.9385113268608464
-2.6931708881051666
1.0214168039538665
-0.17395085888235584
0.19603572206490463
0.9130434782608671
0.6570443774235268
1.6693418940609976
8.578044416377212
2.142303218301681
2.116351902818635
-2.323420074349442
0.47573739295908657
-1.4204545454545454
0.8645533141210374
-1.2095238095238139
