3.006993006993004
0.5924828735419451
-12.068225044481258
0.1953670108847303
3.4540389972144783
-0.5115778136779692
-1.4411366711772635
0.7757259559277788
-0.29291553133514675
1.1136161781785854
-1.4189189189189189
1.0966415352981493
-1.4440677966101665
0.7085368370365244
-1.7759562841530054
-1.801112656467322
-0.8497981729339282
-0.007142346975209561
-2.892857142857143
-0.6914306730415661
-1.0591808014221136
-0.4341967360383257
1.7293233082706767
1.3968957871396963
-2.2960857205335663
1.671142942405242
2.428823011447031
0.2937173149939042
-0.9571428571428636
0.6779172075580623
2.371060171919764
0
-1.5324329997900683
1.5918135304149987
-2.5321768326804577
1.4066312616621148
-2.5123849964614298
0.9074410163339383
-0.17985611510791366
0.28108108108108765
-0.5030904125341382
2.5642877780988154
0.295795478554815
0
0.905835264377508
0.06958942240779402
0.2086230876216968
-0.055517002081884426
1.8955700597139253
0.5792163543441227
-2.33739837398374
0.027748872702052788
-0.25660586725848156
-0.11820330969267455
-2.47128437173686
1.9271948608137044
2.3949579831932803
1.4635480782382617
5.506875168509035
0.1597137928831534
3.56550580431178
0.38800270986019303
0.8036809815950865
-0.7972734465339851
3.3496932515337368
0.6767185088448351
0.3714622641509407
0.7343006520589791
-2.0935386050851332
0.530108999940429
-2.2870008294821607
0.03638127577006482
4.739968481028006
0.3935185185185159
-2.2596264699100788
1.1972163246048704
3.0071682498980072
0.3620933521923672
-7.3792209256440655
0.9129640900791236
2.8166465621230428
0.017598404411330704
-0.05278592375367103
0.046945601783943545
-0.9619332512170855
0.414569144210838
-1.5157770569153668
-0.005988741166601333
-4.366053782116553
-0.6763527054108188
2.2509457755359423
0.6351359684281899
-1.29901960784314
1.7382666997765086
-1.946546253356106
0.34849710622938007
2.3689922480620185
-0.32107590719088597
-1.4646894372189216
1.153395423425649
-0.4390243902439052
0.1959823615874599
1.5709046454767754
0.49948847565745647
-0.09580838323352749
0.6952769120115025
-1.2797619047619047
0.5667772083207773
-1.546855327057988
-0.030448815541075452
-0.09137426900584796
0.23779037863545463
-1.0827250608272478
0.23367359488377534
-0.46625766871165086
0.15409270216962523
3.1940427103206264
1.1032919847328244
0.7196366424821593
-0.3513909224011713
1.6103438142815216
0.6420267221932968
-0.12643678160919802
0
6.105420646794807
1.9578068224957919
-0.8670212765957422
0.5580297258142332
0.25612293901073485
0.0638671563148554
-2.0424445508217577
0.016289297931256694
0.7491856677524406
0.7597801487229301
-2.540242793732285
-0.13169446883231403
-6.494505494505496
0.3701962627805826
-1.1943094666588527
-1.1791195117615743
-1.0732701762801213
1.2182556518576828
4.281437125748503
-0.5627332759115679
0.9759196165617522
0
0.120096076861497
0.531216084994571
2.795454545454548
1.3044439531284495
0.7474901789611549
0.7202816138640646
-1.3818690181739997
-1.4175890082329208
1.8693656324318446
0.11401270427275688
-3.1290672451193084
-0.3526843195431873
-0.9101123595505644
2.999206259213068
-4.937524082126935
1.910828025477707
-2.585227272727273
0.5365995917177047
2.367001218309448
1.4338339472938484
-0.32964577047714066
0.9473625203206381
1.7992003553976061
-0.40366572114336086
0.9530069010844612
0.759548611111111
2.9776006892095603
0.6065359477124136
0.14032534691544335
0.5086153207390468
2.7367551378704946
0.06533976678730308
-0.4068511728364125
0.09078071414161562
-1.9348987201451107
0.19525228650703702
-1.7794871794871818
-0.3968046781183057
1.5463647324002725
-0.6762337394177234
-1.1745751260329458
-0.23139626610571082
2.8728058615781986
0.020496003279365186
0.4354508196721312
-0.4845702626880898
2.0963608405945715
0.005020332345996739
-1.6516064257028158
0.4542902353121378
0.1524390243902439
1.0603754439370925
-2.1436819117425596
1.154319720911143
-4.265354769995443
0.37613901250265613
-3.1561724811315752
2.7794430214180608
1.5483323612068411
0.04699493499034468
-1.8006263048016702
0.4039330321551905
-1.842147054152769
1.5962897050099842
-0.7325229576941548
-0.09625153735094137
3.4095166729112054
0.8074534161490636
-0.8266584514273931
0
-0.031063939943044735
0.8493448650888116
-1.5405946695424435
-0.4850571115631333
0.16771488469601917
0.005232314776052169
-0.5598283890545726
-0.5366726296958759
2.5444350402031266
0.21150374000515393
-0.7412745804591714
-0.6275282647028387
0.8872188299149314
0.35693963064508255
-0.7938144329896955
0
-0.4000831341577376
0.005216756220977049
0.5998956703182056
0.025926886180969666
1.99585277345775
0.025412960609911054
-4.019308943089427
0.005294086505368683
-1.085230280571731
0.8616537329408568
-0.5730659025787942
0.021346995410400842
1.3712517340732069
0.52108005684509
-1.5394282123782523
-2.0102105934907564
-0.7218061434928881
0.06559886295304464
1.4313029226987186
-0.39317067916195153
-0.13517897696550232
-0.6713953110617841
-4.442627418915236
0.0627495721620028
-4.463827603899433
0.017901897601143007
-1.9927211980192032
-1.3209959213490012
12.072794571252315
1.0403478835250655
-1.3891915449989105
0.10496657643224634
1.5728476821192052
-0.5704971475142624
2.7814207650273275
0.1648147163591849
0.2441613588110355
-0.021179709837968
-0.05296049147336087
0.5510809665112263
-0.5269814502529511
0.6410256410256483
-1.0738537663841707
0.09578034374500902
-0.11695284673860072
0.05854489328862148
-0.2819148936170189
0.28271190057075557
-0.26063829787234527
1.4772545464241933
-3.647256674374599
1.4454019853823497
-0.38174095381472856
0.9175302245250432
0.6203872071879418
0.9833103008398001
-2.589609979472606
0
-0.04863024801426979
0.9730781706130393
0.31052575222186285
-0.5070452604611444
-0.03755163349604732
0
-0.6064183750134261
-0.8584849630149487
1.8407580873543161
0.11229946524063684
-0.6409914000320496
0.10214504596527559
-0.28464017185821455
1.2333710346313278
-1.9631836560970348
-0.14109730287079483
0.01086897451225724
0.005433896647293182
-0.9889154531623584
2.398199978048515
1.3880701002197258
1.1206258589702953
-4.903293256664922
-1.049912049252426
2.9887228487306365
2.265494363234263
-4.884223851468967
-0.7319913491931485
1.346293503156256
0.03307242861866989
-2.457571082212911
-2.2709298384363374
-1.6473988439306357
-0.6758742286218042
0.017751479289938137
-0.1360705200260282
-1.427725118483407
-0.2343890858825705
0.22289156626506298
-1.4125142754102302
-1.5668820875503016
-1.1458655930628678
0.23182957393483994
0.6438707257610773
11.900621118012419
-0.12211367673178387
-2.995442925419589
0.028645087367516472
5.206185567010315
0
1.5624149382111066
-1.479416809605484
0.4298150163220942
0.22211387399100216
4.7675675675675695
-0.30956557630791454
-0.8798261049580789
-0.29239766081872054
-1.4505655634687797
2.019235878633296
-2.7293088181676177
0.460508701472552
2.8729811843718402
-0.24870466321243287
-1.3349262414294643
0.0421163464069468
-0.31047729305898353
0.01055743243242283
-0.6386572363559543
-0.3346613545816709
0.5543119070461499
0.8533870454786461
-1.3086666316287427
-0.6283949302375096
-1.3772775991425534
-0.9889691898060123
-2.6617638987980903
0.022552999548945137
2.5422773393461053
0.049475015117370735
-0.7032967032967008
-0.7304116865869879
0.27313266443701734
2.3180832731113354
-0.9236118656959688
-0.20837903048913986
0.32421145180789596
0.47105219915648294
-1.117592542114158
-0.7553203219759645
1.3777012388200758
-0.3835826620636747
-0.4235656526761673
0.9335984974035942
-1.926550270921122
0.3404207824097276
0.11123470522803114
-0.0055555555555505025
1.227845991443964
-0.9165751920965997
5.810668586938464
2.8059889016856827
0.697627049597721
-0.08596713021492013
-0.15689847150520847
-0.7451715922339963
-1.5883554647599545
0.16088017022159473
0.5699481865284974
-0.1545595054095827
0.9081527347781171
0.2147678461853163
1.1276660883763718
-0.0958676017962607
0.8888888888888843
-0.08009611533840154
-0.9118236472945914
-0.09101021336838683
0.28846153846154077
0.11606196699802969
-0.6854838709677373
0.37048315062931153
-1.698943216868086
0.005143768324681674
1.2807324349346705
-0.05586308465796095
0.14227642276422534
0.1623706109194259
0.45086119554205123
-0.1765091532603762
0.5910882085480357
0.005022349455081936
-0.41181197267979336
-0.04538577912254619
1.0746178295747026
0.49915144254766897
-0.2135690871163297
0.03981882434922015
-1.1443355390815464
0
4.272988071870758
0.11584129742251356
0.3856908687686819
-1.0613773892997749
-1.2135333236250667
0.29973957053708106
-0.8083480305702527
0.10865807280091103
-0.6956435936652097
0.009936406995232783
0.04470938897168857
0.30289488057996466
0.6138613861386184
0.034442038968698
-0.939452068270125
0.3574975173783538
0.7173956065703543
0.49614383258829436
3.196793430442852
0.682076544145514
1.2278885961610797
0.11153971278524381
-0.39459635114432945
0.4381058911260296
-2.060324825986083
0.16582962190846207
1.4143134194219806
0.6483208955223922
-0.34756012790212704
-0.20461309523809945
-0.7455731593662628
-0.46478873239437046
-4.93372954105938
-1.2602331927561445
5.492186322295371
0.5049061636658049
-0.39810426540284793
-1.0182717929196847
0.8653014133256418
0.18110761605186265
4.652711703139875
0
0.8637148831711973
0
1.0951865873444981
