-0.9048136083966702
-0.547845142439737
2.864487697392586
9.925026776151357
-5.813575836310483
-1.482758620689659
-1.9950997549877454
0
0.2142857142857224
-0.03563791874555336
1.6399286987522363
-0.38582953349702653
-1.6549295774647848
1.3963480128893582
-3.036723163841796
0.10924981791695357
-0.836667879228794
0.5135730007336673
-1.7883211678832034
0.5945745076179731
-0.4063538973032752
-0.5563798219584569
1.6038791495710385
-1.1747430249632853
1.1144130757800892
9.99265246142542
-9.251837007348026
-0.6256900993743058
1.5555555555555514
0.4011670313639762
-0.3632401017072285
0.2551950419248956
-1.5999999999999917
-0.2956393200295681
-0.4447739065974754
1.265822784810118
-3.3823529411764666
1.0273972602739683
-0.33898305084744906
2.0408163265306034
-2.2592592592592675
0.8715422508526001
-1.0142749812171257
0.11385199240987148
-0.6823351023502696
2.5190839694656577
-1.6008935219657525
-0.07567158531970815
1.5145778114350623
0.2610966057441211
-1.041666666666671
-1.1278195488721805
-0.6083650190114155
1.071155317521045
-6.320968962906885
-0.08080808080807622
-1.4961585119288383
-1.4367816091954024
-0.12494793835900998
0.9174311926605456
7.68595041322315
2.1105141980046045
3.945885005636978
2.494577006507584
-1.199294532627858
-0.6783291681542427
0.46728971962617233
0.7513416815742479
-1.5269886363636402
0.10818608005770333
-1.2608069164265128
-1.4958044509303257
-5.629629629629625
-4.238618524332814
8.278688524590159
0.681302043906136
8.796992481202999
1.0020732550103781
6.6712281902155315
8.40282232200128
-10.059171597633137
3.815789473684218
-5.830164765525993
-2.4226110363391617
-0.6551724137930957
0.9024644220756562
0.20639834881321734
-1.5791280466872717
2.057900244157668
-0.20505809979494966
1.952054794520544
-2.015451797111186
12.23860130270826
5.0702504581551695
4.651162790697675
1.6666666666666667
-0.5191256830601031
-4.916231804449336
7.5389948006932475
2.0145044319097503
-4.370721432332813
-0.8810572687224638
5.91666666666667
3.3307107264621
-6.928934010152287
0.35451322607036034
0.298913043478267
0.08127878623677987
1.028695181375206
1.6613076098606616
-2.767527675276753
0.05421523448090146
-0.7856949336223338
3.058438012015289
-6.571277159512442
-1.8150879183210533
5.661467359907575
2.51503553854565
-5.680000000000002
0.08481764206955368
-0.7344632768361646
-0.4553215708594098
-0.22870211549457156
-3.7249283667621778
0.6547619047619013
-2.4246008279124744
1.151515151515155
-0.539245056920315
2.078313253012041
-2.095013278253162
-2.2302591922845187
-1.3563501849568365
-0.6562500000000071
2.516514627241271
-3.620742559067185
-0.03183699458771816
-1.0828025477706933
1.5453960077269653
-4.090044388078623
-1.1570247933884297
1.638795986622066
-4.04738400789732
4.732510288065828
0.7203667321545664
0.7477243172951737
0.67763794772508
1.410256410256403
1.137800252844508
0.7187500000000036
2.389078498293512
1.0606060606060606
-4.617691154422782
0.4715498270983967
2.847309136420515
1.7949498022513035
4.57262402869096
-3.143755358673907
-2.6261434051342514
1.2121212121212122
-0.5988023952095808
0.6024096385542169
0.5988023952095808
1.0119047619047552
0.17678255745433788
3.4117647058823595
-4.436860068259392
-0.44642857142857145
-3.6173393124065836
7.196029776674952
0
-2.1990740740740806
1.8934911242603483
-3.8908246225319334
2.839879154078543
-0.2350176263219608
-4.004711425206131
1.2269938650306749
-4.242424242424242
3.734177215189877
-4.1793776693105515
0.5093919134033639
4.434589800443459
-1.8804974218986925
1.7001545595054095
0
-3.9817629179331377
1.6144349477682884
2.1806853582554515
-0.6097560975609756
-1.8098159509202385
-0.5310840362386896
1.1306532663316655
-3.4161490683229814
2.508038585209007
-1.725219573400251
4.628151931056495
-4.484441732763877
-0.6707122325135811
-1.6398713826366633
-0.9153318077803055
1.9135598812273025
0.3237293622531564
-1.48434979025491
-1.7359973796266004
1.2000000000000075
-3.623188405797101
2.5974025974025854
-1.998667554963358
1.903467029231823
-3.2354903268845856
3.205791106514979
0.20040080160321402
-3.066666666666663
-0.17193947730398898
4.6848088184636465
4.310628496215868
-5.646687697160876
2.1731862253426946
-0.16361256544502617
3.1465093411995952
-0.9215125516364719
2.0525978191148098
-2.105593966059079
0.1926163723916606
-3.396347324575464
-0.4975124378109453
0.8666666666666742
3.0733641771315114
-2.9817249118307005
2.412425644415054
-1.7747660535656664
2.3653088042050086
0.7381258023106401
0
0.509716470213451
-1.109350237717908
-1.5705128205128132
1.530446108759358
-2.661962796664532
0
1.1861614497528905
-2.3119505047215965
-0.7000000000000076
1.3763007720711726
-1.9867549668874172
-1.9932432432432357
0.37917959324369727
-1.0645604395604278
2.013189864630321
-2.892140183735965
4.379817799579538
-1.9805303793219127
-1.3013698630137025
-1.353226925746002
0.4220893422441043
-1.2259194395796849
-0.851063829787226
0.786838340486405
-4.187366926898513
-3.555555555555564
5.645161290322599
4.289349327517249
-4.3220634367375315
2.6958105646630153
2.2348350478893266
4.094378903539213
0.8666666666666742
4.428288169200257
-2.0569620253164556
-1.4539579967689822
6.524590163934419
4.924592182209911
-6.1308301554708065
-4.0000000000000036
0.6184895833333445
4.011646716273043
-0.27993779160185916
4.242046163443533
-2.27408737283063
-2.5719534598897837
0.4714016341923319
0.531748514232089
-2.333540759178594
-2.3255813953488227
1.239399869536841
2.9317010309278424
-0.7511737089201806
-2.7120782087669575
0.25931928687196476
0.7436146136437153
-0.7381258023106583
-2.101519560297446
2.0475561426684243
0
-0.6796116504854443
-0.5539263603779696
-0.26212319790301813
-3.0223390275952657
5.182926829268297
-0.09661835748792637
-1.9664732430689769
-0.49325879644853665
0.16523463317911433
-0.09897723523589949
-1.287978863936603
4.38273670123788
-2.1794871794871833
-3.669724770642198
3.6394557823129214
1.083032490974733
0.1948051948052022
3.661697990926751
-1.9693654266958285
-2.391581632653061
3.82228030055537
-3.618628067967275
0.1305909239307794
1.0759700032605188
-0.967741935483871
2.1172638436482085
-3.0940988835725642
1.0862409479921038
0.16281341582546402
-0.5201560468140516
-1.241830065359481
-0.43017868960953387
1.8610834164174221
-1.2398042414355666
-2.0151965642550267
3.1355360755225736
-1.6672115070284297
2.9255319148936207
-4.61886304909561
-3.792753132407717
0.1759943681802182
-2.178496134926228
-0.32327586206895736
-0.5405405405405406
0.7246376811594203
-1.7625899280575459
0.3661662394727206
-0.6931776723823546
3.6370315944158835
-0.0354484225452048
-1.0283687943262332
0
1.7556431386599702
-3.6971830985915495
-0.25594149908591907
-0.9530791788856388
-1.591413767579575
1.4291086874764993
-1.4831294030404154
0.8656379375235271
-1.1940298507462643
0.07552870090634012
4.90566037735849
0
1.4388489208633093
1.0638297872340425
-0.3508771929824561
0
-2.9577464788732315
0
-2.467343976777943
-3.7574404761904843
-0.5798221878623889
-0.46656298600310603
1.5625
0
-1.5384615384615385
0
-2.0703125000000044
0.5185480654168374
-0.7936507936507936
0
-1.3600000000000023
-0.6082725060827251
-0.6527947776417765
0.2053388090349076
-0.4918032786885199
-1.1120263591433348
0.08329862557268515
0.332917186849764
-0.33181252592284655
0
-4.9937578027465666
-0.2190100744634253
-4.697102721685697
-3.684937816674344
4.782400765184122
-4.929256047466902
0
0.336053768602971
4.641148325358846
4.7096479195244685
0.26200873362445165
4.094076655052268
0.8368200836820083
4.979253112033195
0
4.980237154150206
0
4.969879518072284
-5.523672883787674
-4.9354593773728075
4.672523961661349
0.03815337657381377
-1.6018306636155564
0
3.10077519379845
0
-0.8270676691729281
-0.6823351023502696
-2.2519083969465563
3.0456852791877993
-1.8567639257294346
0.30888030888031326
-0.6158583525789155
0.6971340046475645
-0.23076923076923953
-2.852737085582104
0.833333333333331
2.243211334120432
-2.1939953810623622
-0.039354584809128026
-3.110236220472443
0.690776107273473
-0.6053268765133172
-4.993909866017057
0
-4.999999999999996
1.3495276653171389
2.0417221482467793
2.8708133971291843
4.989429175475692
0
4.993958920660482
0
2.80015343306483
2.1268656716417866
1.5710632078918567
2.7697841726618666
-0.3150157507875314
1.5800561797752808
-1.1406844106463918
-0.1398601398601319
-4.1666666666666785
1.6806722689075715
1.9044196909809599
-1.2693935119887245
-0.03571428571429384
-3.2154340836012865
0.036913990402370894
1.2915129151291513
-0.9107468123861566
1.3602941176470547
0.8342401160681943
-1.2949640287769866
-0.8017492711370222
5.841293166789138
4.998264491496
-2.479338842975207
0
-2.508474576271179
-1.7385257301808066
3.3970276008492446
-2.053388090349076
0.034940600978344775
0.5937827453719834
0.5555555555555635
0.7596685082872888
-0.3084304318026162
0.3437607425232039
4.6248715313463515
