-1.7424975798644724
0.8669950738916211
-3.770267630396553
-0.5075111652456353
3.9175678432972836
0.6086785784409907
4.976580796252928
0
1.0039040713887297
-0.5705871525860315
-0.4627915586819696
0.055793193230417426
0.7620817843866213
0.036893562073405606
-2.2127973446431866
-0.05657175183857337
-1.9245283018868011
0.6733358984224702
3.3441620485381236
1.3868343195266273
-0.2553346708006525
2.7061620040226857
-3.471604059106284
2.8033935817041553
-2.996053103695718
-0.1294618087664223
3.240740740740741
0.735426008968614
-1.6737891737891697
1.159000362187609
-2.613677049767279
-2.0220588235294117
1.6135084427767397
1.9387001477104873
-0.7969570729940186
1.5519444951615846
1.6540812657317387
1.874778917580478
-3.8020833333333295
0.1443782710701957
3.207785186520106
1.2746638728828277
-1.103448275862065
-0.27894002789400674
1.2237762237762237
0.08635578583765112
-0.983606557377057
0.731962356221688
1.1072664359861553
2.3100616016427105
-4.047499581869866
0
0.2963221195746787
-0.556134862704194
-4.037049982523596
2.6953196139136684
-4.2028728497960515
0.7034431691965853
-4.080882352941185
0.45994633959373155
-0.8584509729111025
3.117182990186633
-2.9669714498973647
1.5576923076923122
-3.1433440636243177
1.270772238514174
-0.5598455598455555
-0.019413706076494414
2.155339805825247
0.6842805550275656
-1.8123466112894133
2.2687944626033367
-1.7672494829855194
0.28708133971291866
-1.5839694656488463
1.2604227263913126
0.7659900421294522
1.102242493348528
-0.3195488721804597
-0.05657175183857337
0.35849056603773155
0.20680579056214002
2.3639774859287095
-0.29325513196481356
0.4779411764705924
0.4390779363336951
-1.6575591985428093
-0.018521948508987356
-2.667654686921078
-0.647125999238671
1.379310344827595
0.22675736961449955
-0.13197586726997207
0.5097224844251333
-1.4462809917355244
-0.3811701924909472
0.6887315859957737
-6.65019950598517
6.065540403012418
-0.5948954135482676
0.3861003861003861
0.8461538461538418
-2.402745995423335
0.4298554122704159
-1.1089494163424103
0.01967342120794135
1.0424862313139396
0
0.23359937706831452
0.7962711206059474
-0.8670520231213873
0.2915451895043732
0.135658914728691
-0.1354751306367419
-0.34883720930231676
1.1279657720731144
1.3269230769230727
-0.835073068893524
2.3732057416267898
-0.9721443260422382
3.322635454030566
0.1461721176685672
1.4230979748221044
0.5576542543622995
-3.1305903398926653
-0.2770083102493075
-0.44444444444444026
-0.6696428571428613
0.7865168539325927
-0.4087699739873737
1.7723880597014925
2.5847846012832307
-2.1086490350250298
0
-0.6024096385542086
1.2672176308539904
-1.8317011244105954
-0.7759098466654225
0.31651461552782195
-0.14847809948031823
2.5464684014869974
0.07250317201377147
-0.3622532149972831
-0.7453190329031126
0.01831501831502248
0.6042849295000832
-0.8190753549326538
0.9359515507432599
-1.0363636363636446
1.102333272092596
-0.23623478102852166
-0.18214936247723132
-2.8832116788321085
0.5261180007515885
1.850467289719622
-1.798495136722326
1.0839095496168856
0.14790164540581777
-0.6091932804135256
-0.22288261515600516
0.81906180193596
-0.5723781388478624
-0.5385329619312864
0.9522031366691603
-0.7397817643795079
0.03726476616357961
1.5272862730489933
-0.8071913410383373
0.5733308673941019
-0.03677822728943211
-1.14054451802797
-0.26051358392258606
0.5597014925373134
-0.500927643784795
1.9019205668469228
-0.09149130832570906
-0.677655677655686
-0.03687995574404053
-0.2213613724405175
1.3311148086522546
-1.9521985039226502
0.42798660215855383
-0.2408745599407204
0.11144130757801314
0.5936920222634593
-0.14754703061602142
0.4063538973032962
-0.2943340691685104
-0.8856088560885524
-4.690990320178712
2.734375
-1.8250950570342248
1.8590240123934978
0.30418250950570774
-1.2699014404852247
-1.689383758878855
3.573520796719382
-1.4517345399698214
0.9183087813277127
-1.0236966824644507
0.6129094043286596
-0.5330287454787654
1.1100478468899435
1.6467915956842791
-1.2290502793296132
-1.4517345399698214
2.3722976850966093
-0.20556905251355312
0.05617977528089036
0
3.3876099569530274
-1.1585807385952167
1.0256410256410298
-1.649746192893405
2.9493087557603688
-1.629364368845125
4.040771751001101
0.06997900629810659
-0.017482517482521456
-0.4196537856268539
0.4038630377524064
-0.47219307450156206
-1.423299947285191
1.4260249554367201
-0.7908611599297012
-0.08857395925597875
-1.4539007092198661
-0.3958258366318697
0.9754335260115565
0.41144901610017076
-1.621236415464085
-0.5070626584570931
-0.20021842009465285
2.206821083348536
-1.8022840827980056
-0.6723605306196496
0.8415660446395943
-0.16328011611032128
0.0908595311648192
-1.8700072621641168
1.9611470860314566
-1.7419706042460574
1.717451523545698
-0.5083514887436374
-0.2554744525547404
-0.8049762166117778
1.2910365178900773
2.78587035688273
-2.7812223206377404
-1.7492711370262226
0.6120178041542942
-0.5345622119815626
0.6671608598962236
1.9882179675994023
-0.7039711191335699
1.0361752408652847
-3.526448362720387
-2.629615814994409
-3.083700440528639
-3.1620553359683794
5.836734693877555
4.165059776320868
-4.38726397630508
-1.5876089060987393
1.9476686995868648
-1.196449247394837
0.9960937500000044
2.0885708760394417
0.11365788975185125
-1.5894039735099295
0.7114016535281545
0
0.17182130584194177
-0.26681913474368035
1.070131855532204
1.8339950841368966
-1.8195321203119323
-0.9077155824508235
-0.4580152671755682
-1.936349693251538
3.304007820136848
-2.081756245268736
2.2419791264012416
2.155009451795837
-0.46262028127313104
0.37181632273656817
-0.6297462493054228
-1.938490214352279
1.6916935943736888
1.1775700934579354
-1.2931830777757252
0
-1.4972861688190158
1.1780353410602407
-1.7276995305164404
-0.6115039174469582
1.8265718131128628
1.4916918429002977
-1.5255813953488457
-1.7948233515964482
0.5194305502116286
-1.3205741626794214
2.3467804499612144
0
-0.7580064430547659
6.454076761504669
-4.735426008968606
0.7154961400866041
-2.2621050663675497
0.7459831675593136
0.26580596164799264
-0.8142397273243832
2.920962199312728
-3.1719532554257137
4.597701149425287
0
3.3516483516483433
0.30125819599504616
-1.9257950530035295
0.03602954422625325
0.6843147848010208
-1.6276158111250263
0.12727272727273553
1.6706010532049993
-1.7145918914091844
2.0897692167908417
-1.0323958704165104
-2.6798561151079094
-0.22177046756607752
0.20374143359881883
1.035120147874311
-0.018294914013908294
-0.2744739249771272
-1.926605504587156
0.5986903648269496
-1.8225776455272582
4.1674559575677215
1.4366248408801559
-0.3764790247400339
0.25193449703076787
-0.7180039490217196
1.2475140119327386
-1.8392857142857062
-0.1273421866472704
-1.0382513661202268
-0.018406037180178365
0.7179675994108942
0.18278194114421495
-1.696770662287916
-1.243504083147723
2.8753993610223554
0.47497259773475026
0
-0.709090909090905
-0.6225965940303931
-0.11055831951354757
1.2174875484228043
0
-0.6560962274466963
-0.20179783525958955
0.8272058823529411
-0.34639927073837323
-0.5305525064032157
-0.31267242964871167
-0.4797047970479747
-0.4820170559881392
-0.13040238450073247
-1.1005409438537543
0.7921539041870863
-1.8338323353293329
1.6774685474647264
-0.6561679790026247
0.8114738629930305
-0.7862223886185034
-0.07547169811320326
-2.7001510574018255
3.939452745973233
-0.9895444361463905
2.489157080897614
-1.9871205151793845
0.8447531443589261
-1.693968726731203
2.2533611058511602
2.2592592592592675
-3.2053603766751255
-2.7128157156220767
0.9807692307692352
0.7046276899638034
1.3615733736762567
2.2388059701492535
-1.2956204379562086
3.2168607875762576
-3.152427010567779
-2.9961161457370156
-3.336510962821735
0.05917159763313834
-3.0553912872067808
0.24400162667750885
-4.381338742393514
1.018243529910906
-4.38891222175556
1.8888644849549672
-1.314938564345757
0.6989951944080359
-1.4533622559652903
-0.26414263702399043
0.9048775104833294
0.5249343832021072
-0.2828546562228049
-0.06545930613135749
-0.8078602620087312
-0.2861545234426615
-1.9426048565121439
-0.4727600180098978
2.352408957249486
0.3756906077348041
-0.7265521796565415
1.020181858505217
0.285400658616907
-1.0507880910683036
-0.42035398230087995
-0.022217285047772213
-0.9111111111111162
0.4709576138147618
-1.5848214285714337
1.1794057609435349
-0.1793319883434233
-1.1677520772512886
1.3633265167007498
1.6588208921766368
-1.9404630650496166
-0.4947155385653224
-0.11299435028248588
0
-0.5656108597285068
0.5688282138794084
-0.5429864253393614
1.000909918107365
-0.8558558558558584
0.7950931394820536
-0.901510029299076
0.9779395042074167
-0.022522522522527642
0.6983554854697055
-2.0134228187919465
-0.9360730593607358
2.1203042175616607
0.8575942225231221
-0.5370328932647074
-1.0123734533183353
1.0227272727272727
-0.5399325084364404
0.09047726758651374
-0.5649717514124294
-0.22727272727272727
-0.20501138952163492
0.20543254964619428
0.04555808656036187
-0.02276867030964615
-0.4327032566613605
4.300091491308328
-1.5350877192982457
4.944320712694876
0.1697792869269973
0.2542372881355908
-0.042265426880809094
-0.9936575052854099
0.19218449711722768
3.026427962489341
