1.4082840236686363
0
1.788423386626216
1.2353463842471812
2.434881087202718
-1.437258153676064
-2.5911385305664636
0.9903270382312325
2.4857468643101432
0.6898086337338725
2.5773480662983475
1.7800877925295533
1.4790707519712147
-0.1381899721012745
-0.28981723237597673
-1.6365969258163344
1.4082632307528509
1.0159346861628071
0.2598752598752599
0.2592016588906169
1.3288521199586374
0.03571975302342427
-3.966027341358906
2.4088386051576185
-2.741182572614103
2.3491454017011946
-0.8962067528136747
0.31808622502628575
0.361625743560184
0.054831718843831666
0.25574112734864773
-0.15097089905773808
15.213764337851938
1.0498687664041912
2.5055978504254286
1.5749579501518245
-9.434408602150535
2.5336594400778814
-3.209819360815201
1.402115136143953
-2.243983010854185
1.7644645055396069
-0.8206831119544679
-0.6552829195962988
1.494944631680317
1.150352221247124
-2.24640060029077
0.3981961235847115
0.8410187795670839
0.4596502866890877
-0.009433962264142363
0.24294744787242362
0.5058942563354433
0.13110455588332548
-1.6834229600187047
0.5469678953626635
-0.7899716177861787
1.2587612644828892
0.9346894570796423
0
1.161624408108028
1.6048329451912742
3.3450584364007634
0.7400250334877957
0.05885430290347497
0.21131516458618865
-4.258695652173905
1.7233941100338237
-2.236607142857139
0.8242385497054535
-4.751013383455225
0.9961722260526291
1.9303201506591336
0.6928406466512702
-0.7339449541284404
0.9704251386321626
-0.9862700228833036
0.7557373639326245
-0.18350307367648405
0.009192021325481114
1.9094669117647143
0.33595634822212883
0.14382022471909295
0.08078269455166422
2.8721973094170483
0.8609228220832152
4.205203561241236
2.7166023806561324
1.730194621658722
0.8156542102443066
-4.9291338582677096
-0.4058307106178641
-2.060291060291068
-0.2313782928951928
0.7106382978723327
0.9844931761524564
0.12552301255230125
-4.722106142916841
2.491228070175447
1.2110578568983108
3.027356137161216
-0.23392292855090158
-1.569313039901279
0.8128382472783615
-1.2125357542594204
0.41753215417216666
-1.7070622649394027
0.6122058542184848
0.4098793602501455
0.15781167806417676
-1.4096638655462261
1.1741140872381761
-1.8049705139005858
1.7094567059176762
-2.3703078869675167
0.3110419906687324
1.5267011197243676
1.380729177713215
-2.341004184100411
-1.9322636618752966
0.36042727014570003
0.7748563468570513
1.2116630669546515
-0.556966347282396
-0.6309012875536403
0.8292661858074468
0.5354465624330692
0.8095440988495952
1.4814032121724505
0.03956602319817655
-1.623646960865945
0.08463817181548879
-0.13742071881606766
-0.07409759712077908
-1.6567796610169454
-0.9435994657245073
-3.923444976076547
1.0503440782325162
-3.7544802867383593
-1.4058281351829356
-3.1798866855524035
2.889327774120401
-4.9954974169391955
-0.02244948865053856
12.74918290461816
0.4182248677834001
-8.477302776553545
3.7247489947752346
-0.9911792014856039
0.8135418376198583
2.453488372093023
0.23833844058563158
-0.14039855072463356
-1.5374846931833683
-0.7047443574389766
1.4078953472190179
-2.5845703437707277
1.0542133314549935
-2.474442379182156
1.1054198927933208
-1.7813803341266161
3.161960511479504
-5.420804167344953
0.3688222276862552
5.734933855952973
1.0078543129213873
-1.2730525736306082
0.3252712529913338
-1.8387716819897766
-1.1465779602236406
2.0381375146177807
0.7858729973102646
-2.24872943306028
0.9472484687336914
-0.2610474824204596
0.6366423013440227
-2.5140581068416163
0.22352008075564647
1.5515587529975976
-0.025975866058975946
-0.9637188208616823
0.457927876359469
-0.13770180436847534
-0.09034282725500885
0.9637350085665335
0.1696952556034959
0.6305733982729647
-0.7996446023989296
-0.8084474509156948
0
0.7936507936508067
-0.09901456928661931
2.255993958844616
0.06692513615804822
2.1586218030026854
0.6817617445876655
-2.5605955290477325
1.9375474607082823
-0.8826384342761565
0.12070693267742055
-0.8644025386137713
-0.6424818154700442
1.4179811089813084
-0.39849709666401
-3.5619570187471465
0.00237067943673519
-0.3792997178958348
0.9352021512029169
-1.6644662391550442
-0.16782546152001918
-3.8184438040345823
0.37453183520599254
-1.2835820895522365
0.7962906965023664
1.8399999999999976
0.8886488609583728
-0.6666991094457173
0.06368802665098738
-0.873929008567927
0.06914775393277177
-1.959477801633723
0.636846477206942
0.6128064032016008
0.23617153511497824
4.630456349206344
0.9789745656244858
-0.8169014084507085
0.04733503739467954
-2.476816805450412
0.18192844147968465
-1.0944309927360731
-0.11750881316099152
1.1151960784313726
-0.03635922918434129
-1.5058195926285138
1.0807750067702329
-0.04384042086804476
0.09746588693957114
-0.34566699123660705
-0.9233475010992276
-0.09122287968441366
0.041951484342220915
-0.30093734583127324
0.20287990499282046
-0.31111111111110884
-0.22786942091445664
0.5213246611389702
-0.9656228390793221
2.0722675245006337
-0.07817844229453284
0.8337408312958524
-0.3418927766058137
0.33333333333332893
0.15520042680118695
-4.939347715551691
0.6112936501872087
0.2810055441634366
-1.9918206604059285
-6.9314581562475945
-0.2435514225617106
4.081123071801129
1.2315073970411787
0.50556916028123
-0.07597788781472113
-0.4667016255899366
-0.3187397924240006
1.1072646071721173
1.4061683220073231
-0.40208258157637927
0
-2.2255576833497233
0.7119792493780132
-0.5150981577356681
0.1796328094043107
-2.0436146929304115
1.389038440831267
-1.3328377230246462
0.15607340832033212
-1.2090274046211713
0.9437041066086435
1.9586712288169916
0.14797590106753802
0.010554089709764933
0.2005065428450799
-0.8030542390731964
-0.09289980092899801
0.38257173219978985
0.09527842473004206
1.1263881544156507
0.19348428593840117
9.253653444676418
0.272297329575303
3.2158170557408288
0
-3.2979459958458257
-0.29593565786020726
-6.6041123106015185
0.6714849556614849
0.5753564154786127
0.341720245026072
-2.5831840770919023
1.1963642955175253
-2.0676066429540207
-0.34229573306158473
-2.70319874147876
-4.063704222695308
-16.60346619476981
-13.03469181542607
-8.001549186676991
-4.858129157194582
8.32300884955752
4.579061312854863
-9.90157018982892
-9.996965361772226
0
-9.99951832763354
0
-4.998662028365003
0
-4.996901583009398
0
-1.565464895635679
-3.4036144578313254
-1.7337075148113474
-3.2874278098622804
-3.281055187348251
-1.7708121310808151
-4.8694571073352675
-0.1306904813766031
-4.994547437295532
0
-4.996939087848175
0
0.04027386226339106
-0.7326892109500732
1.5491929596885317
0.46325878594248837
-2.862140244871999
-2.1934850220985393
-2.041841004184108
-3.0155475824363536
-4.8621509733110235
-0.13887602999722248
-4.997218616725372
0
-4.703815750951502
-0.30721966205837176
-3.852080123266564
-1.1858974358974383
-4.995134609146927
10.515534312051892
4.016064257028113
0.9405009405009405
4.99215378579835
0
4.9976646426903315
0
5.000000000000004
0
4.999152685985426
0
4.995158166559059
0
4.980401198985488
0.014642360348474858
4.999633994583133
0
1.0875627440044553
-2.6068965517241347
2.9599206911202347
1.9188445667125233
3.6507186719751608
1.2955729166666725
3.901279002506576
1.0515897562786094
-1.1998041136140982
5.173482032218092
2.6804123711340204
2.2547332185886377
3.574033552151717
1.3759479956663105
4.734423426311847
0.25000000000000466
3.705023156394725
1.0943711046768392
2.912621359223301
-7.103773584905656
-3.9301310043668165
-1.109936575052854
-4.997327632282202
0.5794655414908554
1.5773576462691603
-2.8799559471365614
-0.09638827464988635
-4.897843359818386
-3.04947186250523
0.25236981410809656
2.8918769570823297
2.0467836257309915
4.075785041810423
0.8877401955275849
4.032078413900651
0.9261241970021389
4.996552272847825
-4.743622126799702
-0.509121764955447
0.3091684434967993
2.4550961845042005
-0.16078838174273388
0.8156267858070454
-1.8602494073997686
-0.12601732738251986
-1.6087482256453347
0
-0.2618220678600102
-0.3482267223829423
-1.5160475243266394
-0.08188219880997871
-3.14138986013986
-0.5076428450561227
5.482170191053904
0.5804579168010418
-1.1809340600619929
-0.2811874763424023
-0.5531153408166487
0.8779104640383831
2.76756756756757
4.996844098464128
-2.4045686804929365
-1.0214557026999327
-2.3025462842918563
-0.9183077658049886
1.232186863816565
0.12701100762066528
-0.6289640591966221
-1.7073559917025642
-0.795454545454548
-0.010909289259807204
-1.5656538104849609
-1.3522500554200891
1.3707865168539377
-0.12746619374862458
1.4039176516286656
0.9083944401882406
-2.8253796095444637
0.5301635135889279
-3.563894748528924
0.276306700437483
0.3559127439724481
1.2527170804255727
-1.0168917010338399
0.5992808629644427
-2.2466810393736476
-2.2518862449216455
6.584728654554082
3.838226282658353
1.1158798283261777
4.997877758913415
0
3.557352198079843
-3.9377378744998555
-0.802560065017522
-0.5786266577909868
0.4635352286773795
-1.2303906490310674
2.2734350669573438
-0.8018676410881131
0.5423104471503191
-1.653775697130063
