-0.5540166204986154
0.9749303621169957
-8.551724137931036
-1.9607843137254886
3.3846153846153806
-1.0416666666666576
2.631578947368418
-1.0989010989011014
5.481481481481484
-4.845505617977524
7.011070110701102
0.6896551724137907
1.8493150684931479
-3.1607262945527834
3.4722222222222223
-2.013422818791951
-0.7534246575342427
-1.3112491373360904
1.3986013986013937
-1.7241379310344827
0
2.1052631578947416
-2.0618556701030974
3.8596491228070224
-2.9054054054054155
-2.2268615170493984
2.2775800711743663
0.9046624913013277
-3.103448275862064
2.4911032028469724
-0.20833333333334123
-2.5748086290883734
-1.571428571428576
3.047895500725689
5.281690140845071
1.8060200668896411
-2.7595269382391585
-2.0270270270270316
-2.9655172413793083
-1.208244491826581
-0.21582733812950458
-0.5046863734679057
0
3.550724637681148
-2.09937018894331
1.5010721944245824
0.28169014084507693
-3.089887640449435
1.4492753623188352
2.85714285714286
-0.555555555555556
-2.234636871508382
-0.7142857142857117
3.597122302158273
3.263888888888881
0.20174848688635602
-3.221476510067117
6.449375866851593
-4.88599348534202
4.45205479452055
-0.8524590163934478
-0.7936507936507885
2.000000000000005
1.9607843137254832
2.2435897435897414
0
-1.2539184952978013
-0.317460317460322
-2.5477707006369337
-1.307189542483667
0.993377483443711
2.2950819672131124
2.2435897435897414
0.9404388714733677
-2.1739130434782696
2.8571428571428528
-2.7777777777777737
2.8571428571428528
-5.555555555555547
3.921568627450978
-0.6289308176100606
0.9493670886075859
-3.761755485893415
2.931596091205219
-2.21518987341773
0.9708737864077693
-4.487179487179483
-0.671140939597313
0
-2.0270270270270316
6.20689655172414
0.32467532467531773
0.6472491909385205
2.893890675241153
-3.125
-1.6129032258064515
0.9836065573770515
-2.5974025974025996
-0.6666666666666643
1.0067114093959755
1.6611295681063123
1.3071895424836555
0.9677419354838732
-0.9584664536741236
7.096774193548396
2.409638554216859
-4.411764705882353
8.615384615384606
10.481586402266299
0
2.8205128205128243
1.745635910224428
2.2058823529411904
-1.6786570743405342
20.73170731707317
-0.8080808080808052
1.0183299389002036
1.6129032258064457
2.9761904761904763
-1.734104046242772
11.764705882352942
0.8771929824561403
9.04347826086957
0.47846889952152655
-5.396825396825395
-4.865771812080535
0
-4.938271604938279
0
-4.82374768089054
0
-4.8732943469785575
0
-4.918032786885243
0
-4.956896551724132
0
-4.9886621315192805
0
-4.773269689737471
0
-4.761904761904758
0
-4.9999999999999964
0
-4.9861495844875465
10.204081632653063
4.232804232804237
-8.62944162436548
-4.999999999999992
0
-4.970760233918137
0
-4.923076923076928
0
2.265372168284799
2.215189873417708
2.1671826625387087
-6.9696969696969715
-4.234527687296419
-0.6802721088435351
-2.739726027397263
-1.4084507042253471
4.642857142857145
-8.873720136518775
-4.868913857677905
9.448818897637805
3.597122302158273
-7.638888888888887
0.37593984962405214
-4.494382022471908
0
3.137254901960787
4.562737642585549
-2.909090909090912
3.370786516853941
-2.5362318840579814
4.832713754646843
-3.9007092198581486
0
-1.1070110701107037
-0.7462686567164153
-1.5037593984962485
-2.2900763358778544
1.5624999999999944
0.3846153846153901
0
1.9157088122605364
1.4285714285714248
3.039288361749445
-5.39568345323741
-1.1406844106463905
5.999999999999996
0.14513788098694738
1.8115942028985506
1.0676156583629792
-1.4788732394366133
-3.431022158684778
0.5921539600296082
0.07358351729212499
1.0294117647058865
2.4745269286753993
-3.480113636363638
2.2810890360559273
-4.460431654676266
-2.409638554216856
2.7006172839506144
4.057099924868513
-2.1660649819494506
0.7380073800737981
-3.809523809523806
3.8080731150038076
-2.2010271460014725
-1.2753188297074263
-0.2279635258358614
2.8179741051028118
-2.8888888888888933
-2.364607170099151
0.6250000000000006
3.6490683229813574
-4.269662921348317
0.07824726134585124
-2.189210320562935
3.4372501998401255
1.4683153013910455
0
4.95049504950494
4.934687953555889
-4.840940525587836
2.1075581395348904
2.7758007117437633
2.423822714681438
-4.462474645030415
-1.981599433828741
-0.8664259927797777
-0.9468317552804135
-0.8088235294117605
-1.3343217197924366
1.2021036814425254
2.15293244246473
-1.1627906976744196
1.3235294117647038
-5.297532656023212
0
2.2988505747126355
-2.1722846441947503
0.22970903522204716
-0.6875477463712747
0.923076923076917
2.1341463414634236
-1.4925373134328437
2.196969696969704
-1.260192735359525
0.6006006006006012
-2.238805970149259
-0.38167938931296896
1.839080459770103
0.8276899924755546
-0.7462686567164153
0.6766917293233071
-3.4353995519044127
4.4083526682134595
-2.8148148148148207
2.8963414634146405
-2.8888888888888933
2.974828375286046
-2.444444444444445
-1.2908124525436593
1.230769230769232
2.9635258358662657
-2.7306273062730697
3.110773899848256
-1.471670345842526
0.8215085884988755
-0.29629629629629
-2.6002971768202183
1.8306636155606424
1.7977528089887658
-0.5150846210448881
1.701183431952666
-0.7999999999999958
0.8064516129032216
-1.309090909090907
-0.14738393515106538
-1.1070110701107037
-0.6716417910447751
1.0518407212621999
-0.8921933085501801
0.07501875468867057
-0.22488755622188428
0
0.07513148009015617
-1.6516516516516564
1.9083969465648856
-2.3220973782771575
3.4509202453987813
-2.9651593773165335
-0.6875477463712747
1.3846153846153824
-1.3657056145675244
2.230769230769224
0
-2.1820917983446138
0.3846153846153901
-0.07662835249043343
1.9938650306748587
-1.2030075187969935
0
-1.9025875190258752
3.8789759503491075
-0.9708737864077728
-3.469079939668168
0.5468749999999883
1.0101010101010162
-1.8461538461538478
0
-1.4890282131661403
-2.147971360381858
-1.6260162601626102
2.066115702479339
-4.291497975708497
-1.4382402707275797
4.206008583690989
0.9060955518945587
-2.7755102040816313
-1.3434089000839642
5.191489361702123
-0.32362459546924877
-2.5974025974025996
3.083333333333327
-0.8084074373484208
-2.200488997555009
4.083333333333335
0.08006405124099109
-3.760000000000005
2.9925187032419056
-0.7263922518159794
0
-4.390243902439032
0.3401360544217766
0.0847457627118626
2.4555461473327616
-3.0578512396694153
-0.1705029838022129
0.34158838599486885
-0.34042553191488634
0.08539709649871721
2.4744027303754192
-3.247293921731895
0.08605851979347301
0.3439380911435868
-0.5998286203941755
1.8103448275862144
0
-1.524132091447923
0
-1.289767841788481
-2.003484320557495
8.444444444444438
-2.8688524590163906
1.181434599156123
0
-1.5846538782318558
-1.271186440677969
2.489270386266087
-1.1725293132328207
-1.101694915254244
-2.913453299057411
1.5004413062665483
2.1739130434782608
-5.446808510638303
4.590459045904589
-7.831325301204805
2.7077497665732877
7.0909090909090855
9.932088285229202
0
5.482625482625489
-6.661786237188873
-3.8431372549019627
4.159869494290374
-3.680501174628026
-2.3577235772357796
8.159866777685266
-8.852963818321788
3.462837837837839
6.285714285714282
2.9185867895545377
-8.507462686567168
3.5889070146818884
-5.118110236220462
-0.41493775933610544
0
4.166666666666667
-3.519999999999996
-2.4046434494195763
2.633814783347498
1.4072847682119198
-1.2244897959183703
1.9834710743801671
-2.431118314424641
3.8205980066445258
-3.200000000000003
2.4793388429752126
-0.967741935483879
1.7915309446254124
-3.1200000000000045
3.2204789430223006
-2.799999999999997
2.7983539094650194
-2.4819855884707804
3.858784893267657
-3.2411067193675898
3.7581699346405153
-1.968503937007874
2.4096385542168735
-4.313725490196084
-0.8196721311475381
1.322314049586778
1.0603588907014745
-3.2284100080710276
1.6680567139282676
-9.187858900738304
-2.8906955736224056
-2.51162790697674
0.6679389312977126
-4.83412322274883
10.956175298804796
-1.5260323159784552
2.0966271649954296
0.8928571428571556
-2.566371681415937
0.09082652134423058
2.087114337568062
-0.266666666666661
1.5151515151515145
-4.302019315188764
0
-0.36697247706422864
0
-0.5524861878452921
-2.6851851851851936
4.376784015223604
-0.09115770282588684
-0.09124087591242301
-0.9132420091324169
-2.764976958525336
-0.7582938388625599
2.7698185291308417
0
1.7657992565055716
-4.018264840182644
3.996194100856327
-0.36596523330282843
-2.1120293847566614
-1.5009380863039412
2.380952380952381
0.8372093023255801
-3.597785977859784
3.7320574162679483
1.8450184501844953
1.9927536231884118
-0.35523978685612034
2.4955436720142545
-6.869565217391297
7.376283846872074
-7.652173913043486
2.7306967984934176
-0.45829514207150057
0.09208103130754869
6.991720331186768
11.693895098882196
-7.852193995381059
-3.9264828738513002
0.8695652173913012
