-3.4196989902838615
1.9923069336226384
-3.0944782903007337
1.7762698333499605
1.843317972350237
-3.1481659767016503
-0.4373757455268367
2.076677316293925
0.3032081377151822
1.023890784982935
0.44401544401543525
1.8835287334230384
0.39615166949632574
2.395715896279594
-4.477474997706228
-0.3265776582460728
0.009636696540417176
0.3372518789747543
1.8438490348602752
0.04714757190004715
2.082940622054657
0.08309482042286871
-1.522140221402214
-0.2435597189695465
0.751244248286224
-1.9852735576475142
1.7116774438950173
2.9543754674644855
-1.643661460225221
1.4403102206629248
-2.311823063620651
-0.3074629646883401
2.672897196261674
0.8192244675040962
-1.7425063199711048
0.20215014242396817
-0.9903713892709725
4.1585625636750825
-4.188155788724872
0.35266821345707233
-1.8033848145750486
1.3373516669806034
0.8736059479553988
-0.4975124378109536
4.77777777777777
0.6804524566984841
1.2288247169314492
0.10404924997832703
1.8709398007795504
0.21256695859195648
-1.196334634311888
0.489480463718338
0.3760041018629177
-0.3405414609228674
0.7004954724073165
0.25449609772650156
0.15231003553900446
0.11828320378507022
-1.2911392405063253
1.5046593143541
-1.8782110671270913
1.708154506437776
3.021352012828083
0.11468829360202044
0.7528025529825748
-0.3979533826037411
-1.3290932811480904
0.23964961573424437
-0.7337180544105598
0.5315173158375626
1.6356877323420036
-1.1054214419247264
0.8958658666885726
-0.15477354187030495
-2.1701884637350197
2.0765574180635555
-2.3529411764705843
0.8032128514056148
6.947211155378489
-0.6131160263872791
-6.192409807902543
0.7158911179555595
-1.1984461525745929
-1.1627906976744262
-0.0761743546339476
-0.24563781128238724
-2.1992018340833903
3.802743531863167
-2.7183004349280697
1.3498409423093498
-0.6023074312860459
1.109499018520099
-1.7894825694268628
-0.15470562956596084
-0.6714298011534781
0.7712973394574801
-0.32679738562091115
-1.639344262295082
4.236842105263154
-0.6984768156189476
0.7796610169491563
-1.269761183989248
1.4308832297078768
-0.025191031992625904
11.456408533512523
0.5275056518462697
4.677661169415299
-0.16470925236323272
0.5595007531741039
-0.2781938797346523
-0.40772532188841526
0.05745888098828949
3.933673103151259
0.11741142344083279
-2.179911699779243
-1.2411847672778498
-1.0925449871465425
1.5522344957042813
-3.1138916536328707
-0.9392427355444639
-2.6074074074074107
3.4377852144812935
-2.6911764705882284
-0.4004836028411804
-1.1607617024504935
0.15351550506601166
-1.7703862660944136
-0.13263634235780958
3.6484375000000036
0.17336247832968676
-1.8359668924003079
0.0536562931166676
-1.7314027426645147
-0.21049349029391481
-3.078125000000007
0.056424310817350116
-6.420687988399263
3.753443526170811
-4.795884500497839
-0.6972285166463308
-0.5792522380200225
1.8891242937853188
-0.4851845434067004
-1.9240814905101786
4.003550821127377
0
0.5974735404574941
0.96724927880537
0.12605042016806722
0.486781368023496
4.3431053203040175
0.8084527335307882
0.4684770525647025
-0.4188729945467442
0.30158730158729796
1.2818483937331893
-1.906250000000007
0.740681745778925
1.2016760218198923
-0.007811889696110386
-1.796875
1.511535401750199
2.695924764890289
0.5265567765567661
-0.4175206862521825
-0.13721603903033652
-0.7786259541984768
-0.7462686567164214
0.9224091155724433
-0.19201228878648233
-0.5617545209696002
-2.0043336944745467
0.06317618257916406
-1.7993844211190875
3.086072490556947
0.38200670460745795
-1.9881950916433606
-0.41996830427891874
-2.0211665473064446
0.4548038658328707
-0.549761500525522
0.772294935371108
-1.2665375927718474
0.07353541956041044
-0.7266492488569452
-0.616827041697508
1.903343263819927
-0.600942017216184
-2.875816993464056
0.2691790040376889
-0.40268456375838546
1.8109838274932615
-0.25647389757591926
0.3649635036496426
-1.5041322314049623
-0.8138949488169195
0.49911175027494215
-0.32828282828283595
-1.4187990879148684
-1.1822153687997905
-2.5487646293888244
0.8896005693443645
-1.5783440613702375
4.148002150152299
4.369892473118275
1.2033297618066543
-3.1435784673019085
0.7567476666946944
-3.6885587916214675
0.5112208647430978
-1.2155172413793025
-0.8639497338336757
-1.2235915492957827
1.6308706888869249
0
-0.6050508593476053
0.8292898103220195
-1.1024586578003444
1.0085817924444918
-0.12262415695892886
1.7626940278874101
0.01723543605651655
-0.870239531276918
-1.086484137331595
0.1757469244288225
-0.1842105263157815
-0.8612356094560314
0.6825636025175114
0.08804366966015144
0
-0.01759324419423342
0.3959176491289812
4.1977039698536585
-0.42893187552564416
-1.5879719570909858
-2.1543215174663044
1.2719298245614035
-0.1818969250757825
-0.16487330787921647
-0.008691873098644854
1.0257301808066719
0
-0.1376699363276662
-0.2154058245734965
-0.5785338053708504
-0.01737015806844237
-0.2692842251563704
-2.16009058444386
0.9347458381554349
0.546833656729586
-1.2982456140350838
-0.6043370067543508
3.6033619456366193
-3.339949943902653
2.7857142857142896
0.3040305767894371
-4.711180393175725
-0.21812233027354935
-2.978413334547777
0.08449117536611561
0.4127192571053458
0.72863148061653
-1.660020402485381
-0.03772161448510854
-2.584905660377367
1.4913809800503672
-1.8034351145038254
0.3789719172092208
1.3068731848983544
-0.047778308647873864
0.9560229445506692
0.9375000000000087
1.2102448634956247
0.6210604375231782
-3.417779824965445
2.823349866463173
-2.458256029684601
-0.019020446980508365
-1.5124132027014043
0.2607687850106063
-0.924766400154119
-1.215362177929023
0.32480314960629475
0.46110075542039103
-0.5273437499999978
-0.03926958570586857
-1.2276566489884109
0.6463159988068012
-0.5532503457814684
0.8642956487184513
-2.353984044124887
0.20173492031470647
0.49325548620897697
0.67114093959732
-0.4577114427860719
1.1495401839264294
-0.2767071845043932
-1.8927757407590944
2.7474747474747523
-1.091230829728669
0.864725176423808
0.8178951517540469
-0.8699051901084915
0.11831985801616365
-0.5416584597203072
-0.5842162590355459
-1.1852589641434241
3.003729462755766
-5.342988550738822
-0.18608497880698383
0.2278612118073584
0.3926836829595902
-1.317550180133809
0.39637008448940797
-1.1740259740259693
0.9461732548359966
-1.0310352009998012
0
3.2726507418709905
1.0393315671489756
-2.541347317466725
0.40355960264900426
-1.0821395444707822
1.6149197749531152
-1.8148262073208175
1.232247284878859
-1.7227150814937005
-0.28340505930513754
0.07368421052632057
-2.7032712737982587
0.8540540540540515
-7.471325972773066
0.9962928637627327
0.9520532232163419
0.6022042949664759
-0.5308335215721631
13.580106733280335
0
-6.67799660101969
0.2678093197643278
-1.6025641025641026
2.0629750271444083
0.7234042553191441
-1.763836079425426
-0.010751532093325742
4.290322580645159
-0.8042066192390921
-0.7691508159234983
-3.1004504032680447
-0.10809642200843152
-0.4869602856833676
-0.5654632448890872
0.6671041119860043
1.4340032590983212
-1.1352682874585007
1.354132813346333
-2.191107310816588
1.0490656758824197
-1.2760895425543493
0.14240333004711012
6.6068693940056855
-0.47198850810589194
-1.1030927835051594
-0.9903054310434692
-2.3373341756159123
-0.3880983182406234
4.3506493506493555
-2.1364862061812926
-0.9749894022891104
2.09760273972603
-3.836477987421386
0.283409635927624
-1.2717391304347876
1.9707145216338315
1.414381343122426
1.1391461726817893
-4.515789473684209
0.7275934296108503
0.18605669256866933
0.4151190736290221
-1.6209747606614546
-0.2432820966493345
-0.07759671876732574
0.3328156201464389
-0.8292790800530739
0.6689708997658602
-3.389079632295938
-0.30952653903472793
-2.794388224471029
0.603336093694549
-1.1876763875823169
1.225752707366425
-1.046320244533268
1.865272662468805
1.866106834616282
0.6984199679413812
1.0801591813530416
-0.47244094488189486
2.5655515370705295
3.581267217630854
-1.1914893617021325
0.2799310938845847
-1.8037363109297784
0.7216269407391234
-0.6404689535388722
0.1966568338249829
0.47977319812452046
-3.505154639175253
3.3513270355375564
0.859630032644176
-0.8954579782069214
0.3810145874156325
0.17351697212883882
0
0.9418642416368876
-0.5791505791505768
0.2804746494066907
-0.5163511187607647
0.9731833910034603
2.78432212465196
-3.500729318608034
-0.09717123731376494
0.4430995352858557
0.9360877985797338
-0.3197953309881676
-0.9731579510212836
6.187904967602587
1.2610596969388885
1.1951390981219219
-2.3124255657006816
2.0522198516712433
1.4136386261821847
-2.405026013546677
-0.9555421444377389
5.778409667919149
-17.521121351766503
-3.0031428238854696
-0.5040201608064241
-3.075624170787601
0.8959681433548944
-1.5910212136161788
-0.23812507833061503
-0.30150753768843935
0.050403225806448744
0.8690176322418107
0.012485953302537487
0.024968789013738512
0.5117324013978918
0.3725319756612443
-0.09897315353209879
0.07430340557275823
-0.136121767108034
0.3469640644361778
0.5062978513213168
-0.2088708686570748
-1.2558483132233496
1.508728179551125
-0.2579535683576984
-0.024630541871926783
-0.234047795023402
1.407581182862079
0.08523073176671685
0.4501216545012221
0
0.8477655322756449
-1.2729674552660049
0.48655881279649676
0.484202881007142
0.20479460305986408
-0.9257032940610642
1.2134449702705983
-0.11988970147464333
0.024006721882118807
-0.03600144005759685
0.08403361344538361
