0.4666427362699419
1.9804001633319699
-4.1791791791791795
3.3794724471141313
-3.3094179466451092
3.0203271150128
-4.783160030433678
0.9269124227572908
5.2200992293887944
1.2289942312515676
-3.6669970267591676
2.515432098765437
-1.5856289828892636
2.8909396828634093
-2.190287413280478
1.72763197892391
-0.37352457791722693
0.08998200359927787
1.0088902207571693
0.6576344936708838
0.5108807781107169
0.6304677190753185
-1.6949975716367214
-1.007855343115452
-0.918301142885666
-0.4533319901274367
1.82664575216314
2.663486384416612
-1.6650532429816114
3.3668044890726567
-4.599999999999996
1.5124288709194347
-0.9539263411516
-0.2780122126793382
-0.8413401702593762
1.807410382568531
-0.8531413354374177
1.0693857249440437
-0.14763779527559054
1.330704780680138
-0.783073929961085
0.49512230991714834
8.536585365853659
3.3707865168539324
12.20869565217392
3.1463112213267133
-8.692712246431258
-1.1725499876573686
1.6901877523833275
1.5269988127891343
-4.2701612903225845
1.2846973589991997
-1.858937037345081
0.39408449510571325
-2.2243795373965822
-1.8519317936542237
-2.5510204081632653
3.2632244087380475
-1.7832947244197814
0.6007743313604201
-1.5659559409006498
1.1369764515549248
-2.2528327038435823
0.009091735612320124
-1.7772727272727231
0.2221296681937955
2.7058225977744086
0.5035292001978068
1.6819503466785912
0.02639567110993397
1.3502221049390981
1.2237458774518233
4.368515819257485
0.2259190798932019
-1.643442622950816
-0.6750281261719352
0.46566262533038405
0.38834140638047965
0.35356266378270457
1.861062753875491
-0.354018311291956
-1.4170205815093218
0.08284660950250611
0.1531393568147127
-0.5000413257294141
2.1638908501889924
-6.8745426457435705
1.6195922643733516
1.4305352693530253
-1.215535131930025
2.7653918710341276
1.6938545621427639
2.699487179487187
0.26764670634761384
1.7490039840637486
-1.464426954853365
0.26624279753625346
-9.638554216867464
11.482456140350886
-4.005035801400589
5.098360655737709
1.103571985649654
-5.770046669495118
1.1829233351070398
-0.8252427184466056
-0.383423070647744
1.5314061092457658
0.6573640909824239
1.2981289314475777
0.4627615393742759
-0.6141732283464532
-0.011884012042472742
-0.8834832217423925
3.525461667599321
-1.3204633204633134
1.5728930276234374
-1.506163328197223
-0.8173960655481282
-1.7665615141955908
0.433526011560701
0.09192645883294093
-0.6508804855648357
0.04019292604501608
-0.35757332261952957
-0.11693076892061172
0.7791054416276515
-1.2537552573603117
-0.6774298231380748
1.3681846028180518
-1.53102336825141
-0.40507364975450455
0.2341727948728595
1.2460037708008702
-0.15788195287829473
-1.5853707983619334
-2.7645023071852304
1.4194313800262701
-0.06684491978609246
3.2232441471571867
-0.28350411080960675
0.9910239226676452
0.679670219183595
-1.6177997922824958
0.8891956636485481
0.12073406310367031
-0.309510410804738
0.9556066287649801
1.385893441968201
3.572976167027765
-1.7115472387037884
3.6181410107576815
-3.943683011539751
4.233894483107193
0.0783289817232342
0.029816257314307402
0.14158500689294412
-3.4304423856829196
-0.15796570988248543
0.19680481592960983
-0.16560754862315355
-1.2730499189877325
1.5981556736480187
-1.5384023691396485
-0.3906097418069607
-0.14117093447315435
-1.8260357353229923
1.8320000000000072
1.7715452902820295
-2.4393068045852897
-1.0958578945286157
0.7239999999999963
0.0794249632659545
-0.7777469148049645
5.546890621875618
-2.8682934222491596
-1.6812951043495186
-1.6306935407078205
1.4802565240188688
-0.8823529411764633
4.503167856283572
-4.846322090480017
1.5565771433180058
-2.9463151207115734
0.21683986580476974
-2.792406613594615
2.3560539246566674
-1.2637452814705288
0.25349069148935793
-0.16580310880829016
-3.0350840772264855
0.7621820673117978
-1.827298997110318
-0.519435546705913
-0.5526063876076851
-0.9844672938087946
-0.9765797613786968
-1.3119728680440934
3.020574270856893
-2.1068340429267436
0.4349190691835097
-0.3705357142857224
-1.317381368463487
1.434863551741357
-0.17458256860200058
1.3318385650224134
-1.4338186484931468
-1.8363040452565926
2.9180387852176968
-4.021864723135722
1.8659999073945541
-1.2409090909090992
0.9619367607124818
-2.739788475565277
1.288961799859386
-1.9018972697825038
0.07547525826689509
1.564930473721415
0.8400241332900341
-2.5312960235640647
0.25498158466331267
-4.285983421250932
0.8758980415313431
4.019512195121956
0.9941849559182057
0.7661589895988113
-0.13363439472835772
-2.9300479881875234
1.2501782573560956
1.056338028169014
1.4727061556329764
-0.6180752678326161
-0.4652876952135214
-0.21290382301212207
-0.009276437847857982
-1.2060487985898505
-0.234763827589445
-0.3012048192771127
1.0196374622356452
-1.3878504672897112
-0.19902383547364225
0.14719149138217127
1.3701877489095435
-1.6416444506805066
-0.42320494531621927
-2.7219330499976127
1.6444946247116
-1.772433111175496
-0.19666650277791434
0.9409330508892019
0.6442166910688052
-0.5964503927843918
1.858627250109757
-2.0881226053639805
0.7483858344746491
-1.4565227945817243
-0.817854855397356
1.490238934975908
-1.4585678625617913
-2.170565737843344
0.4366368805848973
-1.3800424628450083
-0.5535906504690236
0.13916808411937764
-0.2985381922997712
1.1822405782137373
-1.0102556252870136
0.05669810834493771
0.8705955079332302
4.42776160563812
0.22007042253522238
-0.453813497291767
0.4705882352941132
-0.28786104605776075
-1.1596613984440007
1.0940594059405895
0.8324763723617845
3.2635617502792615
0.5408456003386163
-3.9199176723734763
1.796494644595915
-1.4826151418049642
-0.7184814796834886
0.38628917901325566
0.23867510959571803
-0.3838864862238248
4.390243902439025
-4.626168224299065
1.1366976972072425
0.6685398701676283
-2.1944177093358954
1.062782916748667
1.538461538461534
2.1288837744533993
-0.704225352112676
0.6099290780141887
-2.565910052164101
-0.13987363140886946
-0.579598145285935
-3.8087835211815046
3.1818181818181817
-5.232501223690655
1.120809875522961
-1.8183675554193437
-0.29133284777859414
-1.6957111551706148
1.2791253118199744
-5.078084058274818
-0.292607519461158
-0.3211517165005512
2.210865459393398
9.021739130434783
6.580259222333001
-9.97193638914874
2.6704073150457237
-0.7134905373950073
1.5799398603537027
-1.836335356981582
1.6509072323025789
1.1011665325824664
-0.4376585268811834
1.543533643039106
4.879968516332155
-4.76078799249531
4.604777148485595
-7.391713747645951
0.665988815455003
8.07534972981163
1.5420560747663552
-4.588127013345597
2.7347706554767672
-2.8920187793427186
1.7211371108102838
1.1739543726235655
-0.5120496077417972
1.5912739635470685
-2.096211945154539
-0.34656285605773746
-1.052832166166448
0.07703418391910972
-0.9044549215818208
-0.2087581318574707
-1.707613719289706
1.9006137398534988
4.502622887118701
-7.208924006507083
0.19535163293928387
-2.0446932960055926
-0.2704909666224447
-0.5526841000972291
3.7410590233108656
-6.230158730158726
-0.16398645789251673
-0.540454617707839
1.9924351393106436
3.4212588143118308
4.242424242424242
1.744186046511628
-0.40000000000000435
5.536431440045907
-1.7350729364863722
7.966437693052427
1.7122848968785989
-1.9983207388748911
-1.760623714873197
-0.8372214712423264
-0.5628600325403337
-3.5908548180250417
-1.903582404476859
-3.343308706630506
3.5750568429200373
-2.7323680523120037
-1.128451380552221
-1.4473045167557044
2.330967869110977
-2.1911870936672284
-1.5657311669128486
1.4605842336934796
0.3894695326365541
4.94033295683348
0.7113107772942027
2.053807908554448
-0.37335518827119574
3.1305699008272017
0.06204023752548485
-5.29229406554473
0.16366612111292964
-2.133520074696537
0.4102466250059585
-3.6486293885695367
3.629012376115572
-1.946043678926566
0.9365295031055767
-0.971107158309688
-0.014563813777376663
-0.17479122159642208
3.5992217898832686
-3.769953051643201
1.283114602136907
-2.085741811175335
5.864121611649532
-2.174822250104567
1.168590565768843
0.9156219185800818
-0.08375209380233237
2.309769954363412
-1.9754210286754708
-2.98105497771173
-2.742414090169435
6.210324295064233
-1.5984802854098132
2.467275638007328
0.6019667309990059
-0.1918421413237232
-0.19221088279711768
-0.04585262964831033
-0.1100967934308955
-0.004592422502866087
-0.9644530173601543
1.5627898349100267
0
1.3241404502077532
4.420711099094223
-5.510961505264968
3.6720712491436442
-3.136702057359367
-0.21376267794605078
0.6472196900638021
-6.199619599673927
3.5147009124704156
1.3105732008768205
0.3590829573704163
0.27522935779816515
1.9990850869167347
-1.4486253756110565
0.42777828342587104
0.07250317201377147
-0.8875203767433394
0.415752923976604
0.004549797534005598
9.1901728844404
-0.48333333333332956
0
9.098141014905364
-0.2187511992938488
6.688461538461541
-0.03965535888099459
0.7609636468551612
-1.209778445900003
0.17390674250933597
-2.332814930015552
-0.022218930528807176
2.226090821542333
-0.13768614804884893
-0.1523892456732273
-0.8430538900396188
-2.081577307875535
-0.03742655039485011
-0.011232168931827545
-0.9960308544896245
0.22692889561270801
4.226415094339623
0
4.815351194786387
0.17616580310880514
1.730974793972631
2.498051045656368
-2.490079365079371
-0.9733102723233906
1.5821917808219115
1.0720787539613035
0
-1.9346230820547032
1.9251700680272077
0.11346192351331813
2.6666666666666665
