-0.03164556962026036
-4.938271604938262
6.560106560106556
-5
0
-4.9999999999999964
9.626038781163437
0
4.232469993682873
0
3.0303030303030303
0
2.9411764705882355
0.5714285714285714
2.1590909090909154
2.3081201334816335
-0.9785267735797679
0.988196541312096
3.9684696928513246
0.4444444444444415
0.7287870900572648
3.359173126614987
-2.375
0.23047375160050634
0.9453244762391532
0.30372057706909356
0.7317688619732469
0.20040080160320928
4.775000000000006
0.31018849916486624
0.9039010466222672
0.11786892975011787
0.6121968448316513
0.14041656915515233
0.7244683337228378
0.13921113689095654
0.7414272474513411
0.16099356025758707
1.1251435132032095
0.13623978201635395
0.9070294784580499
0.11235955056179775
0.6285072951739644
0.11153245594467989
0.8021390374331474
0.13262599469496525
0.8830022075055187
3.2822757111597376
1.6525423728813584
0.10421008753647353
0.9577347491151292
0.12373685295937777
0.7209062821833162
0.1635991820040923
0.6329113924050563
0.14201663623453956
0.688816855753642
3.03822937625755
1.8941612966217403
0.1724798773476602
0.7269944518844373
0.0949667616334283
0.6451612903225763
0.11312217194570565
0.6967984934086715
0.11221245558255265
0.8780123295348489
3.6296296296296338
1.322373123659753
0.08818342151675485
0.7929515418502202
0.12237762237763032
0.9603631918980268
0.13836042891732178
0.3454231433506045
2.2547332185886444
2.6763171183302434
0.09836065573770865
0.7206026858827346
0.032520325203259426
0.7802340702210588
0.08064516129032258
0.8702659145850085
0.6710337114555114
-5.618155848278048
-4.994114679670429
0
-4.991150442477884
0
-4.992548435171378
0
-5
0
-4.994840041279668
0
-4.996741255702802
0
-4.985136062199865
0
-4.9819494584837525
0
-4.9898682877406255
0
-4.985337243401771
0
-4.994388327721649
0
-4.991139988186661
0
-4.97357786757849
0
-4.972194962381416
0
-4.991394148020654
0
-5.000000000000004
0
-4.99618611746758
0
-4.9779205138498615
0
-4.985213350232354
0
-4.979991107158745
0
-13.617220402433317
0
-4.98374864572047
0
-4.960091220068424
0
-4.979004199160158
0
-4.987373737373741
0
-4.983388704318937
0
-4.9650349650349614
0
-4.930095658572492
0
-4.953560371517021
0
-4.967426710097715
0
-4.9700085689802895
0
-4.959422903516681
0
-4.933586337760913
0
-4.99001996007984
0
-4.936974789915969
0
4.972375690607735
0
4.9473684210526345
0
4.9147442326980855
0
4.971319311663482
-9.47176684881602
-4.929577464788738
0
-4.973544973544977
0
-4.89977728285077
0
-4.918032786885249
0
-4.926108374384237
0
-4.792746113989641
10.204081632653061
4.938271604938271
0
-4.941176470588239
0
-4.9504950495049505
0
-4.947916666666663
3.5616438356164304
-0.9259259259259109
-1.7356475300400684
0.1358695652174029
3.5278154681139675
4.9803407601572705
-3.8701622971285823
0.12987012987012247
-1.8158236057068633
1.7173051519154519
-1.558441558441562
-2.110817941952499
0
-2.4258760107816673
1.5193370165745776
4.8979591836734615
0
3.2425421530479897
-6.658291457286429
2.2880215343203267
-2.7631578947368345
0
-4.059539918809201
-1.2693935119887245
-1.857142857142853
0
-0.727802037845706
3.5190615835777
-6.090651558073651
1.960784313725486
-5.769230769230757
0.15698587127157662
1.880877742946713
0
4.923076923076928
4.985337243401747
0
-0.13966480446926582
-4.055944055944064
-3.7900874635568433
5.303030303030303
2.0143884892086414
-2.6798307475317427
1.4492753623188406
-2.2857142857142776
0.877192982456132
-2.028985507246385
-1.3313609467455496
1.0494752623688197
0
0
2.07715133531156
-2.1802325581395348
2.2288261515601784
-2.906976744186047
-0.5988023952095681
0.3012048192770913
-0.9009009009008925
-0.7575757575757576
1.6793893129770905
-2.2522522522522523
1.3824884792626817
-2.727272727272723
1.7133956386292746
2.909647779479335
2.8273809523809397
-3.762662807525318
1.804511278195493
-3.2496307237813924
-1.3740458015267263
-3.4055727554179502
1.7628205128205152
-5.984251968503933
-3.1825795644891217
2.7681660899654004
-0.5050505050505003
5.414551607445
4.975922953451057
0
4.892966360856251
0
4.22740524781342
-5.874125874125878
0.7429420505200595
-0.5899705014749137
0.8902077151335227
-3.9705882352941217
-0.4594180704440998
-3.076923076923077
0
1.746031746031737
-0.15600624024960114
-3.5937499999999956
2.1069692058346794
-2.8571428571428528
1.9607843137254832
-2.2435897435897414
-1.4754098360655714
2.995008319467549
0.6462035541195453
-0.6420545746388421
0.16155088852988922
-1.6129032258064515
-0.9836065573770515
0.4966887417218614
-0.4942339373970416
-1.9867549668874103
0
-0.3378378378378426
0.6779661016949129
-1.5151515151515127
-0.512820512820508
-1.0309278350515487
1.9097222222222245
-6.473594548551967
-2.003642987249547
-2.973977695167276
-4.214559386973185
-0.4000000000000057
0
0
0
-3.815261044176704
-1.8789144050104356
-2.7659574468085046
0.6564551422319412
3.260869565217391
1.0526315789473684
-0.6249999999999941
-2.3060796645702335
-1.9313304721030011
-3.7199124726477084
5.4545454545454515
2.370689655172417
-5.8947368421052575
4.47427293064877
-2.569593147751612
-1.978021978021975
6.950672645739913
4.821802935010476
0
5
0
4.952380952380954
-7.622504537205087
-3.9292730844793713
-1.0224948875255624
-4.132231404958678
0.2155172413793134
0
0.6451612903225745
0
-4.914529914529909
0
0.2247191011235987
2.0179372197309386
-3.95604395604395
2.0594965675057173
-2.690582959641262
2.073732718894006
-2.934537246049655
0.6976744186046445
-1.847575057736714
1.6470588235294183
-2.5462962962962994
3.800475059382426
-0.32036613272311343
-2.6629935720844897
5.424528301886803
2.013422818791943
-4.210526315789477
-1.5567765567765561
2.558139534883724
3.1746031746031713
1.758241758241752
3.5853131749460125
-0.8340283569641338
2.73338940285954
-6.180925092099869
1.614310645724247
-6.483469300128802
-2.295684113865932
-2.7255639097744444
2.1739130434782576
-5.768321513002359
-0.6522829904666282
-2.6767676767676822
-0.778412039439536
-3.2949790794979212
1.1357490535424601
0.6951871657753957
0.9028146574615068
-4.157894736842101
-4.228445908841294
2.4655963302752277
1.9026301063234463
-6.699615595826482
-0.5297233666862853
-4.437869822485207
3.9628482972136263
-8.576533650982725
2.931596091205219
1.5822784810126582
4.984423676012465
-1.4243323442136615
1.4449127031908608
3.5014836795252213
4.988532110091728
0
4.969961769524851
0
4.994797086368371
0
4.955401387512389
-9.442870632672333
-4.588112617309693
9.999999999999991
2.0864381520119313
1.0705596107055906
2.0221473278767537
2.8787163756488883
4.999999999999999
0
4.980340760157277
0
4.868913857677895
0.11904761904762357
4.9940546967895285
0
4.983012457531145
-7.623157137720236
3.5422343324250685
-2.5563909774436078
4.16666666666666
-4.333333333333339
4.452187379016656
-5.263157894736849
4.381846635367766
-8.958020989505249
-4.981473857554553
0
-4.6793760831889015
-0.31818181818181945
-2.0519835841313236
7.169459962756048
4.995655951346665
0
0
0.744724865535787
-0.7392197125256661
-0.9929664873810591
4.889260342666117
-5.657370517928293
-0.760135135135134
-4.25531914893617
-2.2666666666666737
5.1386994088222036
-1.8166089965397998
2.2466960352422976
-0.9047824213701028
-3.0000000000000058
0.6723442402510181
-1.5583259127337552
-0.49751243781094273
2.7272727272727337
-2.5221238938053108
2.4058102587380734
0.8421985815602894
2.6373626373626435
-2.48394004282656
0
-0.30742204655248256
-2.1585903083700373
0
-4.907699234579018
4.119318181818169
-0.5457025920873009
-0.3200731595793337
2.11009174311927
-0.8984725965858168
0.9972801450589412
-1.2567324955116748
0.454545454545461
