0.3782901286186437
-0.543478260869576
-0.14758087032826048
0.5592394343692578
-0.11122586795901254
-0.648214427741976
-0.1561061521834884
-0.09220654265555572
0.4855342883511861
0.8465777493810508
2.629286449671343
1.4082876765182497
-0.9169425103679322
-0.3532754780738737
0.44315992292870904
-1.0397084212545524
-0.054276188260839374
0.5663304887509663
-0.9989971457224444
-0.6779132738535721
3.8794963323265064
0.3020919870100446
-0.8771929824561301
0.06456758707128331
-1.2715402717680104
0.7035484987120904
5.5088951668320885
0.7091941961862852
4.300650307189301
0.4305890458146745
-1.7458411936203084
-0.25832576974097926
1.4944701105977978
-0.372426635401227
-0.6299539649025585
1.0449684767842837
1.7373918439105136
0.3557754210009148
-2.748328719022219
0
0.77419802805165
0.9405036689978359
1.6689419795221874
-0.24169995635973926
1.78012585388835
0.44303378959201517
-0.4279131007241606
-0.6247933884297551
2.571438075912318
0.2140494259583547
3.236245954692557
-0.9404388714733543
-1.9683544303797411
0.19045774420555348
-1.3145600412410907
0.1338600672565186
2.755135311379198
-0.20625099159130572
0.7344992050874375
1.2404911461128179
-0.28995448026439424
0.015634282855445422
-0.7878446820483905
0.08193105186865535
-0.4534005037783404
0.1707995951417033
-2.323965898326489
1.4450119609491117
-0.5130492973455246
0.4932735426008998
3.1491043539236223
0.07725109696557692
-1.01275203013554
0.11229295985526401
-2.8415641065586486
0.7920982586665752
-0.5154311167674138
0.21107841883075057
-0.44041616135827477
0.5609693550455187
0.9626725319562741
0.11997600479903157
0.37526410393869924
0.5026704366949418
4.126289465457956
0.7805463824677275
-3.839737861185585
-0.28499736687214827
-3.47944950138246
-0.46670314461360196
0.9280817488035124
-0.17621992246323412
-0.4525613044036433
0.45139448653877157
-1.3448884609212033
0.7385476314419662
-1.072247521235031
-1.6682445888152495
1.5803452855245654
0.6961694339129357
-0.2142231166217634
0.36105780177601104
-0.768133791404689
0.26455890518340675
0.045605576910536065
-0.23443605105495632
1.2369451697127967
0.3127115638801966
0.1896130608047336
-0.9302325581395349
3.8238627165290566
0.7609305806773559
2.253172392448164
0.3390035716447672
0.17496229260935692
0.5992531920019163
1.3859370790552934
0.7115441393563599
-2.6325818650875004
-1.2735976876524306
7.654772796584324
0.8413597733710997
-0.9523274433238654
-0.45096148391854585
-3.9716231231659047
-0.16614745586707932
-0.9628815120805995
1.3443360840210108
1.746957628875137
-1.1611326135669204
-1.0923330585325612
-0.5417795374036338
-1.0834755020801479
0.4175618021725234
-4.800072317473702
-0.8166107488763746
-1.4966811335205543
1.7170440923964105
-2.7486702551199076
-0.7565337001375486
0.6105006105006104
1.0987929677250066
0.5385588683775073
0.03549646648810575
3.1516129032258005
-0.34399724802201587
-2.435120971537952
1.1868386349747544
1.4717101080737502
0.20048241080097848
-1.6663019351611508
-0.7598397660075059
-2.3386192535639916
-1.3711661472855563
1.972261948315435
-0.23809523809524402
-2.7593422042043887
0.6488921763103831
1.76710315339391
-0.5153454784178506
-0.6202982710835483
0.9229747675962876
-1.095466807026784
-0.27274239148510954
0.6970616682786791
0.3875198728139995
-0.3596291530568508
0.4337748344370831
-0.04286043981404264
-0.34632891351672274
0.9135140502432697
0.022959100003273905
0.27216684155299653
0.6082605709800813
-1.040143019665204
0.17736902611266517
0.2983704383750257
0.6864988558352403
2.6493506493506462
-0.18661437246963852
-2.870995341762522
0.48611790806173016
3.9675324675324615
0.8338017612891223
-0.6132119297593663
0.5266274033218065
-1.1469311841289522
-0.4640953276889364
4.1018209312582785
0.00605253601258377
5.422744053743276
0.752052356622074
0.5754985754985703
-0.49005722055406853
-1.2439864499416513
-0.7379222875590888
-2.3086305029620164
1.0671502036205847
-1.9441176470588208
0.14097603407420192
1.380818307074819
-0.4608975684698765
-0.32056038704697776
0.8813983265342556
0.7585820124560884
-0.24021560815560752
0.7106360486286433
0.5248425472358292
-2.610511660285416
-0.023826542768636143
-0.19065776930410183
-0.2925023877745995
2.60132910255643
-0.16630196936542138
1.3238646326494747
-0.05480084220241963
0.3607295394205241
0.08338844638698252
0.1264149859219701
-0.03443328550932046
0.9386302313565594
0.6170908573866009
-0.1554462721157651
0.0028306960681734597
3.0032835144927508
0.5798455577234853
3.8907103825136637
-0.11571638964864535
1.8931016324381278
0.2093077340499731
-2.9783393501805056
-0.26578073089701
-0.49833444370419233
-0.24639777170711533
-0.743704021908388
0.28943168600719027
-0.03506311360448072
0.2671127539594646
-0.7130940207739088
0.62335691248611
2.6584426428205963
1.0494831295586924
-3.6506205535649348
0.8542632316481572
1.0420841683366733
-0.018511172815015683
-0.23275497249259897
-0.848356309650053
-1.045454545454543
-0.16752681780108278
1.8242347145911737
0.27378325934983605
-1.6170077404304952
0.7409602845287493
-0.9601754526732486
0.418579530110721
-0.12370579534758394
-0.8131613667573244
-3.9063984580720374
-0.08192553251596392
2.4767451723260456
0.5435232445854551
2.1678283299489602
-0.18801031370863774
-0.15338248748721323
-0.16439832906616114
0.09448223733938019
0.24542193694543835
0.12106537530266344
0.13166733843880402
1.3203091455560276
0.6806865134018507
-1.5231631284034433
0.2003526206122776
-1.4343224292836434
0.02975304968759052
1.3844573035530874
0.24270549954659168
-0.43102301450046077
0.9192208000427446
-0.33362459289855984
0.09032703700752082
-0.8865295288652977
0.4873999089472771
-0.07995096340910908
-0.04000746806070466
1.2674102139922088
0.01317418912865913
-0.1211865746351326
0.145072800168812
-0.30026075275896535
0.22719467413414812
0.39009989720339827
0.328195972379027
-1.376530932691299
-0.6713368359602964
0.18432933507866417
0.5546370860220837
-2.4821002386634823
0.23929950508510706
-4.001410666811351
0.5736569926809332
-0.9497049733071139
-0.6751389992057111
-1.142400182784029
0.20511931588374382
-2.407380712123396
-0.5258493353028119
2.069969113803762
0.5237277779394222
2.3676517410055204
0.472191591031195
-0.5262565430292191
0.00848728322064622
1.9603960396039655
0.14982104708264118
3.540460426074194
0.6020066889632107
0.2553191489361678
-0.09284804753820035
-1.5559862988237145
1.3998651382333134
1.5055593977762385
-0.3197064989517772
1.2829275987170652
-0.6203602761771295
1.1701099589939192
0.8519426874919324
-1.2543197235376935
0.3758911211924822
-1.7071280991735513
-0.7593473291468533
1.8215514958962187
0.0026002392220060597
0.4602303752047588
-0.05952997204678867
0.6914769637168782
0.24176954732510522
-0.7107302304100239
-0.5530144455642463
-0.7483824026193431
-0.8666055766461555
1.373336150433129
-0.11984160066694219
-1.3433147269028118
0.4679692250746852
-0.997368421052634
-0.06645224741500758
-2.367273114161081
0.08173050727401515
-0.09255226480836484
0.40324777941257106
1.7150610583446355
-0.3308254628888436
-1.1510252154826275
0.476603119584053
0.2910737386804584
-0.10480490164462099
-1.6436661017405203
-0.9600131283846592
1.0135041838115566
0.3034610968341601
-0.5614761917740987
-0.33166132171149204
-1.0037951707826853
-0.7722865794371678
-2.5644614910831742
-0.20113208631439816
0.809028877436441
0.8425201348032215
1.0988699764932377
0.29694372076085845
-0.24858252101779432
1.0304082432659385
0.16905936478023292
-0.2545444484409228
-0.16088319325399372
0.20281721445835932
1.05085121721289
0.7435862258197259
0.2587427824381741
-0.18744397055228304
-0.7103587175439527
-0.27411529289219044
0.6157060003848188
0.0027318672312500766
2.1827022892422034
0
-1.3634540836786526
0.3875863938203058
4.152492035207077
-0.4251347988386585
2.2519004477767366
0.8223642335208947
-0.459595959595955
-0.2942818001928145
0.8014859294692382
-0.03281419592598448
0.9468740531259469
0.5077665774531561
-1.2692250261311036
0.44867916918734074
0.4040150564617292
0.6898103021669019
-1.1120212475488305
0.3514144431336128
0.045023637409633235
-0.2725204390329184
2.103389490573597
-0.1301348000098148
0.04671288783989996
0.6413879537021087
0.26126874053817145
0.19726748009058362
-3.3882650332992963
0.6339941632283339
-3.9200000000000044
0.7649875104079957
-0.340856272271854
0.015546457998650284
-0.5025906735751319
-0.5519970837889866
1.2331779860711083
0.6931333247122767
0.9220969357614269
0.42756795276392606
1.1226558540294014
-0.21552264240784813
0.48220609287490956
-0.029993251518415177
0.007500562542195213
-0.05
1.2006003001500751
0.14335145823035547
-0.7527518633693666
0.15169223882823735
3.5407458906490517
0.9832134292565947
-1.4652101638565618
-0.5952811317571595
1.1201086165931198
0.07672388990121362
-0.16770483948251078
0.34557235421165433
-0.4376524608982464
-0.11049458336336776
-0.23806661055668238
0.47726944029309337
-0.3166682660013391
0.6810743165190649
-0.7266642763236437
1.0112927692566998
-1.6590784486663097
0.2593625015149635
-0.5439775639475848
0.5372292583319241
0.4497316117800535
0.019256691700370258
-0.12995764343472363
-0.9831799122849337
-0.19956193721099583
-0.026824034334772817
-0.35856282166987385
0.4626682986536019
0.7407587904188833
1.1997194204581054
0.10994526637826822
0.3390235167721098
1.275370595093639
