-1.3773566474553114
-0.8320126782884288
-4.464642429085102
2.4673288029273417
-1.7039077645138296
0.02075980900976183
-2.2519717725197226
1.1360016986941337
0.6508503044299739
1.241134751773059
-0.4944885134439135
1.791075680712296
1.7900732302685016
-0.22981614708232959
1.8728092138207357
-0.717656311443184
-0.5545103475591665
0.31862989146669773
-1.895781637717124
-0.24281667341157195
-0.8316430020284021
-0.5318060953160086
0.4832407978613954
0.6548654456154805
-0.7319304666056771
0
0.17409114183308197
0.37824575751379386
2.4035034117527267
1.39234211834908
-0.9024031387935307
-0.4058200534494615
0.6658715961041475
0.5726132885773589
-2.542456071463639
-0.28203062046736044
0.76767676767677
-1.7542101042502005
2.14263850627487
-0.17980221756069006
-1.1508055638947263
0.7795100222717196
3.475640381717721
-0.23298708863215842
-0.9049333463072947
1.5219952867242845
0.8898346068284957
0.08628127696290777
0.651340996168578
0.05709935287401375
0.932090545938744
0.442894836034682
-0.9100290834037006
-0.5207347093353532
-1.9986675549633577
0.038846265902676855
1.4561693039510728
-0.019136924696183916
-0.736912623217537
0.5013497878904787
1.2279355333844928
0.43593631539043864
6.255897339120585
-3.028150253085864
0.10073260073259241
-0.27444881529594733
-1.5319695440785084
0.6241848332401544
-1.416535505971665
1.1551465063861717
0.6406090428001199
0.7472324723247149
-0.8881970515520391
0.6929046563192904
0.7248371410220995
0.9291309892512339
0.10830324909747703
-0.7482870537324157
-3.5970569534017742
-1.8185244511448182
4.337811900191943
-1.5728476821192179
-0.05606952621249501
-0.32725572697522204
-0.9662288930581571
0.018944775978028367
-0.9375887868169419
-0.5640535372849035
-1.6633016056148404
0.2737583105201364
0.6240249609984488
-0.3682170542635615
2.3536276988912705
0.028506271379699213
0.8644438111522664
0.762855528348101
-1.5889335451911393
-2.554848513629033
0.9551656920077929
-0.1544699748986203
4.999033069038875
-0.09208951100469656
-1.0047008940916295
0.5493482309124852
-1.157514584683767
0.18737118231216038
-1.393304656816915
0.1422475106685633
-0.3409090909090823
0.01900418091978507
0.9690290708721305
-0.4516371847948772
8.799621928166342
0.2432455911736758
-1.3866019585752665
0.8875999648475181
-3.196864111498262
1.8716818140916005
-1.307305008391481
-0.11635191980667274
1.0035842293906851
1.1976579134137686
0.44709388971683256
-1.1433059870832527
-3.937494482210659
-0.275709953129308
-1.9813842042208094
1.927416321925536
-1.6050179872705346
-0.028124121121210696
-0.4032258064516299
-0.7532247434328219
3.567024001517896
0.25648071814600665
-3.0059387848332655
0.48040693293143716
-4.134245804818601
-0.2346958732642262
-0.813565967457368
-0.6127087656883023
-0.9744456597394917
2.6107038859323226
-2.3289950092964045
0.24045686804929137
1.4592703648175935
-0.2856861392966188
-3.9616676546137146
1.7693652916366558
-0.9804912564439434
1.3781135157207023
-0.48333501157990816
0.34402509359507144
-0.12100433598871084
-0.797576981322562
0.44779157337675324
0.87132725430598
-2.6315789473684257
-0.4435733443366984
-0.09325458501709431
0.5393071976768234
-3.404167526304931
3.0435711234515166
-0.8809203026220334
-0.20911752404851527
6.580050293378046
0.39323633503735744
-2.0074422248335293
0.32976916158688463
-1.633466135458165
-0.16200891049007926
-0.09127789046652914
-1.076032890061925
-1.4776808619805004
1.3331944589105253
-0.3494706547435479
-0.20629190304280556
0.2687338501292013
1.216369446448815
-0.651797535390567
0.12301383905689857
-0.8088461144670923
0.9393063583815053
-1.5338991716944472
0.6750441375012982
1.4029296472044588
-0.3357070193285813
0.5511891395325076
-0.33499137143437907
-1.425952332450601
0.22731969415168893
-0.07216494845361293
0.45393582998040766
-0.6675567423230975
0.07237386269643628
0.24795949994833943
-0.2164279088941471
0.1445982235075374
-0.061881188118814226
0.5572755417956633
-0.041050903119866304
1.6119096509240294
-0.282914014347789
-3.3539365690546177
0.03145313482911179
-1.0166649198197302
0.7200338839474871
-1.6610597140454235
-0.5666025229848145
-2.5803677023975915
1.5230107052201693
-3.391673007935638
0.7201530325194078
-2.4243101329460446
0.4694298145179783
2.575498575498578
0.5332740806576997
1.0056359818764529
0.5361050328227547
4.712155838502565
0.5923924340053972
0.03099493749354977
-1.466639124147908
2.3270440251572375
-0.6351157549682488
1.0309278350515463
1.2959183673469434
-0.7958094086833979
1.045897644191721
0.32157572103305515
-0.030051086847636434
0.20040080160320642
-0.21000000000000227
-1.5131776731135407
0.3764753764753811
0.7095793208312214
-0.6945143432309993
-0.6689641191972453
-0.2142857142857166
0.4908477349422301
-0.6919711000305351
-0.7172866072343478
0.928888430178553
-0.6340116576336979
0.5351445919522416
0.6141877367181902
-0.11191372469223958
-0.122224485638616
-0.7852335304915404
-0.9970192208860039
-0.05191029900332226
0.46743533811156124
-0.7340777502067848
-0.3020518695969146
0.88800668616799
-4.266335300818064
0
-2.3796646836127637
-1.6620498614958448
-1.7690140845070474
0.057352603808212894
2.5449959876189436
0.9278926774734437
0.44306601683650865
0.27569475077194533
-0.31892664687121713
-0.04413062665489599
-0.7726269315673289
1.6129032258064515
-1.488779419813905
1.2668074230470028
-0.1097333479644464
0.329561682961661
-0.40512427460855494
-0.4837291116974469
1.1489173663278807
-0.6006989951944081
-0.5384023733655617
0.033141847105607
-0.8172280508006601
1.2916156330030089
-0.6595580960756293
-0.2877060971561384
0.8878037953612251
0.021999780002192475
-0.15396458814472422
0.6608657341116864
-0.7331217857533573
-0.34171075837742754
0.9401614865612211
-0.6684198991891325
-0.6067291781577496
0.12208657047725002
0.7427114510586333
-0.78124999999999
0.7984917378285384
-2.079436681703155
1.5056179775280873
-0.1881779942439597
-0.3105245647111088
2.0024474357548114
-2.47573344966735
1.028852605681048
-2.368828868718173
0.5668934240362812
-0.5975197294250231
-1.7693092888737691
0.9005888465535105
0.46916123126216075
-2.243735763097955
0.7689619014330681
0.705283847843684
-0.48220436280138296
-3.4956160590678307
-0.08368200836820627
4.13974635080163
0.19531250000000522
-1.9378511638573532
0.8886810102899799
3.4654612888270853
-0.07841380082895098
0.5717488789237694
-0.3455579088173027
0.42505592841162804
-0.9801737580752902
-1.226096737907759
0
1.1729871313062241
0.742908599729854
-1.9217877094972118
-0.3075871496924051
-1.3027082619129216
-0.5557485237929916
-0.6287111421585723
-4.018746338605736
5.908203124999997
-0.1152604887044721
-1.7655204246480576
-0.3171619875484473
0.671694555738856
0
-1.0651995786023538
0.5324183625177472
-2.7303754266211655
0.43557168784029315
-1.6744970485483648
0.8943886302376812
-0.8743169398907159
-1.2617910082077612
-0.5459057071960269
-0.18712574850299402
-0.02499687539058186
-0.01250156269533976
6.364091022755701
0.5172211120253881
-1.263010174248634
1.3146985668601237
-1.3794715922375445
0.4148885727833096
-0.6492739936253099
-0.19011406844106735
0.17857142857142858
0.6417112299465214
-1.8183965049002218
-0.40889957907395996
-1.231735297669369
-3.019929086685406
3.7065052950075614
-0.13372234378799205
-1.0590383444917888
0.5659448818897667
-1.198923415708338
0.2847944526993505
-2.938634399308551
1.2466607301869932
-0.40206056037189747
-0.07569067743156588
-1.4392122206792042
1.1015755091584358
0.025338907893075573
-0.6839772007599718
0.51013901288101
0.317218627077782
-1.2142676448267167
0.2560819462227913
-1.3282247765006356
-1.1001812063163343
-1.5312131919905831
0
-3.0037214247740596
0.39736914223076064
0.477685273645421
-0.5569138820972592
-0.6010107908755603
-0.49470935825203005
3.8392487225521275
-0.8378773773108066
0.7242489270386235
-0.30625832223701127
6.30426071857886
-1.3695187837668021
0.2038216560509583
1.0678871090770374
-2.377358490566035
0
-1.507537688442217
0.5886970172684458
-0.9754194303550527
0.3677436301549866
-0.7327924627061008
0.9886633271816504
-0.09137188356612001
0
-0.40501698458322744
0.45913682277318646
3.3429093758161432
-0.0505433409148316
-0.7964601769911447
0.64992990951955
-0.07596859964546836
0.08869741510389403
-1.6837574376503297
-0.06438320885912954
-0.8375209380234505
-1.2474012474012504
2.657894736842111
-0.06408613176108689
0.43606515326407297
1.034350657642705
3.450455005055606
-0.06108735491753207
-1.4303178484107635
-0.8929678779610483
1.9521962207483448
0.4541549036455053
0.8308895405669683
-0.6543868153175098
4.3791168577701995
1.1218885123290767
4.865364613428871
0.2975534494159186
2.4063289748379275
0.5150214592274629
0.27754056362083934
-1.7777304662550493
-0.39015931505364937
-1.980198019801985
6.093906093906092
2.1134128478761296
-3.463114754098356
-0.09552112078116015
-1.327950706469776
1.894918173987944
-1.0883347421808913
0.8439269308834502
-6.864406779661012
-2.058689717925389
4.227151318081521
1.548746518105847
-5.09106868553873
-0.5202312138728323
-0.10459035444508742
0.4769660307119617
4.5154567558179926
0
-1.1188656253461862
4.145193815818955
-4.76549053356283
0
-1.3441771151022228
0.664071444927876
-0.15923566878981926
0.5582137161084634
1.35946527699105
0.3911925785179389
2.839011356045424
