3.789836347975888
0.4149377593360996
-4.462809917355377
1.2975778546712804
1.2809564474807857
0.674536256323787
-1.0887772194304952
0.7620660457239676
-1.428571428571431
0.6820119352088637
0.7620660457239676
1.680672268907563
-2.396694214876038
1.5241320914479353
-0.7506255212677279
-0.25210084033613206
-2.2746419545071634
1.4655172413793127
-1.274426508071368
1.5490533562822695
-0.16949152542373122
1.018675721561972
0
-0.25210084033613206
0
-1.3479359730412876
1.5371477369769526
-0.6728343145500516
2.032176121930572
0.4149377593360996
-0.8264462809917356
0
-0.4999999999999953
-0.0837520938023522
0.4191114836546522
0.5008347245409086
-0.3322259136212672
1.3333333333333286
-2.220394736842096
0.5887300252312772
-1.421404682274238
0.6785411365564012
16.17523167649537
1.5228426395939045
6.571428571428563
4.222520107238614
-13.44051446945338
4.309063893016353
-2.7777777777777817
2.271062271062267
4.011461318051572
7.369146005509655
-7.6972418216805645
0.6949270326615705
-2.208419599723959
-0.9880028228651923
-2.2808267997149088
3.9387308533916894
-1.8245614035087678
-0.07147962830592874
-0.7153075822603719
-0.4322766570605351
1.1577424023155014
-0.35765379113018597
1.3639626704953174
2.8328611898017
-5.1652892561983474
1.5976761074800416
-2.716225875625455
0
0
1.1756061719323985
-1.4524328249818448
0
0.07369196757555103
0.8100147275404965
-1.4609203798392987
0.5189028910303844
-2.286135693215335
1.1320754716981132
1.9402985074626824
2.269399707174227
2.004294917680753
0.9122807017543939
11.752433936022236
-0.1244555071561846
-5.046728971962613
0
-0.7874015748031608
0.2645502645502683
0.7255936675461704
-1.7681728880157097
1.2000000000000075
0.7905138339920873
-0.32679738562091504
-0.26229508196721685
10.387902695595011
1.250744490768311
3.8823529411764675
1.9252548131370362
-3.6666666666666634
0.9227220299884626
7.085714285714288
2.40128068303095
5.940594059405943
2.3118544023610372
10.817307692307692
3.1670281995661655
-11.942809083263247
5.921680993314233
-4.8692515779982015
-1.4218009478672986
0
0.8653846153846209
-4.385128693994288
1.595214356929221
0.09813542688910139
1.9607843137254901
2.596153846153849
2.202436738519207
-4.0806969280146745
0.3824091778202731
-2.285714285714291
0.29239766081872454
-3.206997084548116
0.05020080321286282
-0.9031610637230363
1.2658227848101267
0.04999999999999716
3.4982508745627188
-1.6417189763399351
0
0.19636720667648783
-0.0489955903968615
-1.2254901960784315
-0.049627791563272614
-2.8798411122145042
0.2044989775051154
-0.9183673469387813
0.9268795056642696
-2.857142857142854
2.9411764705882324
-1.7346938775510232
-0.31152647975077585
-1.8749999999999971
1.910828025477704
-5.989583333333333
4.1551246537396125
-0.6914893617021337
0.6963042313872584
2.2340425531914834
1.8210197710718004
1.2263668880940244
0.9591115598182764
-2.549999999999997
-0.564391995895328
-0.3611971104231254
1.5018125323666525
-0.3571428571428513
0.3584229390680945
-2.0408163265306123
-2.0833333333333335
1.1702127659574408
3.0494216614090495
-0.25510204081632654
0.20460358056266276
-2.092904543134249
-4.06673618352451
2.2826086956521676
2.0191285866099955
-1.4583333333333393
-2.484143763213525
2.113821138211385
1.910828025477704
-0.41666666666667257
0.41841004184101016
-1.9270833333333275
1.9649495485926651
-1.7708333333333364
1.7497348886532404
-0.052110474205312306
0.10427528675703265
-0.10416666666666075
0.10427528675703265
-3.0208333333333393
3.0612244897959275
-2.6576341844710756
0.10706638115631083
0.5347593582887701
2.127659574468085
-0.78125
-1.837270341207349
1.6042780748663101
-3.1578947368421053
3.260869565217391
-2.0000000000000058
1.5574650912996808
-2.5912215758857777
3.0944625407166217
-1.0005265929436575
-0.26595744680851063
-3.7333333333333334
2.770083102493075
1.293800539083561
-4.097924427887183
-0.11098779134294598
-2.944444444444451
0
-4.979965655409267
-3.6144578313253013
-1.437500000000007
-4.9461001902346124
3.669112741827885
2.8957528957528957
0.25015634771732687
0.9357454772301933
-3.399258343634116
1.8554062699935874
-1.1306532663316478
-1.9695044472681031
3.0460142579390723
-1.2578616352201257
1.2738853503184713
0.5660377358490601
-2.5641025641025603
0.12836970474967177
-1.4743589743589816
2.667534157449592
0.6337135614702154
0
-1.0705289672544187
0
-2.1642266072565284
0
-0.9108653220559384
2.232435981615218
-5.973025048169546
0.34153005464480873
-4.084411164057181
4.3293115684882855
-8.02721088435375
2.071005917159772
1.4492753623188406
2.2857142857142776
-0.6983240223463688
1.2658227848101347
3.6805555555555634
4.219691895512379
-0.06426735218508632
-3.3440514469453304
5.123087159015295
1.645569620253161
-1.9302615193026118
0.31746031746031744
-5.189873417721512
-3.6715620827770357
1.2474012474012355
2.3956194387405887
-6.483957219251329
0.7862759113652568
-0.921985815602845
2.863278453829635
1.1830201809325103
2.613480055020621
1.5415549597855305
4.686468646864682
0.2522068095838624
3.899371069182383
1.0290556900726495
2.875973636908318
0.6406523005241833
2.9513888888888853
-1.6863406408094435
2.858776443682104
-0.7226236798221297
-0.33594624860022076
-4.6629213483146135
-0.4124926340600994
2.544378698224859
-0.6347374495095341
-3.1358885017421474
-0.47961630695444324
-1.4457831325301238
3.9731051344743276
0.05878894767783323
4.347826086956525
-5.855855855855858
-0.11961722488037599
-1.0778443113772522
2.239709443099284
0.5328596802841952
1.1778563015312131
-2.5029103608847563
0.6567164179104443
-3.67734282325029
0
0.8620689655172449
2.5030525030524995
-2.8588445503275826
-4.291845493562232
0.06406149903907388
-3.969270166453258
8.799999999999992
3.982843137254902
-5.303476723629935
-1.9912881144990597
0.7619047619047546
4.284814114681797
-3.323262839879154
-3.75
4.090909090909098
1.6843418590143409
-3.2515337423312953
3.107165504121754
-1.5375153751537516
0
0.49968769519051304
-0.4972032318210139
5.496564647095573
4.381290704558914
0.22688598979011754
4.131295981890216
-2.228260869565214
-1.0561423012784912
-0.168539325842703
1.9696117051209905
-1.3796909492273732
-7.554560716284276
-0.9079903147699758
-1.649358582773359
-0.06211180124223249
-0.4972032318210139
-2.998126171143025
0.5795235028976028
1.0243277848911798
-0.3168567807351077
-2.733630006357286
8.104575163398696
-7.376058041112465
-0.2610966057441105
1.7015706806282684
0.9652509652509652
-7.265774378585089
4.05498281786942
-2.245706737120215
1.3513513513513513
-4
-2.638888888888897
0.4279600570613572
7.5994318181818095
-2.31023102310231
-0.06756756756756373
6.747802569303576
4.826450468710416
-3.4682779456193407
0.1502253380070162
-1.899999999999995
0.63710499490316
-0.050645733096994494
0.07600709399544246
-2.8607594936708924
8.13135261923379
-6.8691250903832275
0.5693581780538273
-1.9042717447246578
0.8525708289611827
-4.799063597346856
-0.27322404371585085
-1.561643835616439
5.468967436682448
-4.93468795355589
-1.873698820263698
-3.3097595473833143
9.610883557636054
-6.592819965300963
6.8009715673667746
-7.304347826086947
6.19136960600374
-5.789616743680355
3.8661281015580022
-1.1111111111111072
-4.480337078651682
1.2498162034994769
1.5974440894568607
-3.016009148084619
-2.0044215180545315
-3.744924048729125
0.015625000000007994
-3.108889236056869
2.0638503708481037
4.075829383886253
2.914389799635704
-3.805309734513272
0.4293161606869076
4.488549618320607
2.425482174167149
-2.0542082738944334
4.558695018933891
-2.6187491294052228
-2.145615791732227
1.2571261511474923
-1.746787931283375
1.983543931824852
4.509436680593589
-4.149434794596091
3.5524234143535147
-2.80555555555555
12.017719348385247
-6.046689628779174
1.8329938900203588
-0.8933333333333356
-0.4439660971343984
-2.027027027027027
3.4482758620689653
1.080000000000003
0
1.5565228861627656
0.012988699831153548
-1.9220779220779272
3.0852754237288114
-0.8220937700706494
1.0231835254500794
-3.9358974358974272
3.376484719071115
-1.4717273431448499
1.1399371069182451
-1.826661484648266
0.62021641594088
-2.5442622950819644
3.525770421208457
-2.742753152216318
0.2405773857257509
-3.5066666666666606
3.6341025286720954
-5.7866666666666715
1.1180300028304646
5.038488453463953
0
-0.8794137241838729
1.4921360397902936
-1.5496688741721878
1.5740616171128774
-1.9735099337748276
-1.3376570733684758
0.4108463434675393
-4.500818330605561
6.226792345044273
2.8367840817424033
2.7716041312589943
4.312428444218294
4.999999999999993
4.7619047619047725
-1.1862527716186335
4.902950746101205
-7.497326203208561
0.6474736963810872
-1.9988512349224525
2.4967764623139086
-6.1756633119853515
-0.04875670404681405
1.9634146341463408
6.43463700514292
-4.809529160579842
0.3423444693660799
-4.752941176470595
-1.1857707509881346
-1.8875000000000064
4.471907249331132
-2.2682926829268286
