0.6211764705882268
-1.3188663361706023
-1.336492890995252
0.24978384090689873
1.4686152371825631
-0.07791655844922867
0.5505671077504769
0.2514511315300876
2.421472105016413
2.4878126931087317
-0.7927646270656543
1.7422622397298737
-0.07079802650500715
0.7372639316315049
-1.7274725274725355
-0.7111866529498428
0.18695377961976917
0.04721329166573808
-1.1505617977528049
-0.4273892879876371
-0.6643835616438439
1.128502148980679
-2.3590909090909133
0.328197011312331
1.1924924019209715
-0.26136598115412885
1.8067719467622796
1.1537853643116884
0.35714285714285715
0.08896797153024912
-1.940000000000004
0.6549278219684218
1.154989193083557
0
-1.460081461862037
0.9780227226526366
-1.0513130228604661
0.14467854236367744
-3.0316027088036157
0.7984728914961515
-0.47575057736721393
0.7170371745486738
-0.7441881897564726
0.18570102135561745
4.235403151065806
1.1380812661154045
-3.3582417582417623
0.7914127171836665
0.6159747292418813
0.634628753391792
-1.4417506016579178
0.6127201609803605
-0.22247191011235137
0.7634963176504951
-1.3030844881537815
-0.17890708154991591
0.803121738735869
0.3781058696435043
1.9125560538116633
0.9306316414758141
0.9634667364199105
1.211192193099863
0.14078798609186127
0.18106294600063905
1.0865405060599695
-0.5700342861950813
-0.26655383964460255
0.5430171389784567
0.10126582278481397
-0.016860563142812802
-0.5059021922428331
0.635593220338983
-0.6189473684210449
0
2.575943735965755
0.4089050431622028
-0.6396544631838824
0.602372228777254
-0.8600823045267527
0.04358474118966344
1.28415243864489
0.7332759821392033
-0.11386742578284595
0.5618434980864825
-0.3805668016194369
0.3820206453710514
-2.066801619433206
-0.08061348932387269
-2.958212660322714
-1.7267107226604135
4.084598698481566
-0.00416814288393427
1.3567870615451836
0.962329330481991
-2.1547861507128347
0.6452687232005329
-0.4032925215089345
-3.895591502792937
4.524534906333044
1.0025839793281655
1.0540319279574293
0.05063291139240506
0.504048582995944
0.2235694575923053
-0.532556270096463
0.25255076270330334
0.6590084643288959
0.02802971149419476
-0.26420608074299406
0.27494029581169055
0.7985430092462802
0.6433038816638467
-1.3415139379352523
1.1817872782899153
0.06719367588932088
-0.05924872615238773
0.6896688008853163
-0.5279375110395962
4.107805224528465
-0.6936284728802706
0.9007633587786225
0.330988046603117
-0.22055912681206888
0.13413942943510984
-1.8546819871323215
-1.1476796493521437
0.4803484957507597
1.8696291708600963
-0.32678496789147354
-0.08005794670427772
-0.6791301030141237
-1.6575752919483573
1.8573855979375296
0.6653627857033253
-1.7600335244480778
-1.1148812409112943
-2.031372549019615
-0.0860619646145079
0.13020572504557199
0.02800784219580755
0.49200000000000726
1.2856744815507593
1.8097146899316272
-0.5963754270163963
-0.6116029822926375
-0.9533298169528468
0.3254373680992485
0.5013171863327173
2.973337767258074
0.31914287342564296
0.0889999810638476
0.2724383229907605
-1.7301886792452796
-0.16512105677477035
0.5884954901244372
-0.043974533009582276
-1.229915837796484
-0.07165404651702884
-0.12984496124030656
0.9042749306269663
-0.9750187503605804
0.3359745203138387
-0.5438885125326693
0.7375836836369405
1.236404381508027
0.5285956910863847
4.447608200455584
1.412136742816637
-3.066308243727605
0.12202111335022582
-2.103222232480835
-0.06790402897239255
1.8289920724801743
1.9425753952807316
-0.970962052475583
0.0679360299652942
1.372477064220187
-0.3294236895453196
0.757273090473247
-0.11895535569454362
-0.5936806395149438
0.1887888469358052
0.6939411508914368
-0.820512820512827
0.5932618516301227
0.3895682285466842
0.9719377672379786
0.2686689322633926
-2.3937963587322932
0.17271157167530224
-0.8294010889292163
1.1858792526032644
-0.5715215857915459
0.5911778080945884
-2.7920433996383296
-0.47250539474664305
1.274718702104591
1.5041340617156358
-1.5745740831651387
0
-0.39716993331239725
0.5193070959605326
-3.1255765895420593
-0.19808014627456264
-0.0019083969465718282
-0.7614649134525399
-1.0999999999999965
-0.01750019444661557
-1.7406017230984656
0
0.08312881007047597
0.07317169639678475
-0.4110428235480146
1.3969639845222668
-1.2368148104659549
0.42007648562426575
-0.5307918467215146
0.02777226740725325
1.132397271140734
0.7569369546033996
-0.7356805044666351
-0.7803462541419167
-0.04742614366168632
-0.35586485043791144
1.7579016289359228
0.10528983953049595
1.5465222726475845
0.12467632108947924
2.442528735632184
0.08415147265077139
-0.12331838565023101
-0.3517042690911676
1.616415724852616
0.5080643671365492
-0.5293923017536154
0.7114609897623536
0.23853648690801668
0.16657819107068342
-0.06396198830409357
-0.885069031727158
4.003616169443368
0.7574816838445267
3.6673826543188173
0.030570132980066105
1.8693016859369491
0.3
-0.8856763044200762
-1.413315003269237
-6.317597442350861
0.2033073753381025
-1.0724443397764665
-0.01648079986814694
-0.6593406593406593
-0.07374631268436578
-1.3929889298892988
0.29188885770418865
-2.3339116807522315
-1.9656160458452652
-2.1024531868046323
-0.4000636917320062
2.9575747886732877
1.0092971797907648
-0.015372494763747465
0.2037168719850759
-0.2186463108229854
0.028832292167227293
-1.2778631821675634
1.6019464720194683
-1.5077206023219245
-0.33066853397132906
0.6889014656232172
0.7481490095747638
-0.3251250480954143
0.2875837177433293
-0.08275596612779411
0.34478109289829045
1.6431203931203826
0.2776099108626647
-1.3164089719203684
2.013358778625954
-0.7295856327752315
0.060303401488736794
0.9247226773640764
0.02425916249907035
-0.37685864069701547
1.1161257701455152
-1.05009723122511
0.6943924533952133
-1.0223238350155208
0.8394523840823439
-0.3519815256257551
-0.9045545442652295
2.455538162684115
0.001840773124719076
1.3400581673599983
0
2.7918044102154385
0.4753406018624805
-2.8983468167428805
0.6647105701659027
0.7826697133809533
-0.02499375156210298
0.625
-0.12422360248447205
0.14214641080312723
0
-1.4513839602555036
0
1.613193619243102
0.11162691803395197
3.378701261924561
0.4964903269988016
2.170357751277677
-0.25511054790407967
0.3075842931411985
0.024997916840263312
-1.7344218593802128
0.26450092405772163
0.3145345396127566
0.47537971376072247
0.060399644313196554
-0.23139220979559136
0.16302247021058164
-0.1661129568106404
0.6722802063900234
0.36394597572580817
-0.723589001447178
0.6987031265708223
-1.8502803707216398
-0.31362842660247175
1.3945103908030339
-1.0415618395894042
1.925391095066176
1.2671067728686136
0.022988883232902768
-1.1032127788813524
0.06307996215201063
0.4114202292672437
-0.7798172716308395
0.5678128382316271
0.7500496721637073
-0.21200019720947982
-0.7460474308300425
-0.6886023860487498
2.795228229633098
0.9329540837058047
-1.0499363918903657
-0.6932803879766214
-1.7682437193753058
-0.07674084948782914
2.839922532389466
0.004870367063333959
1.3636363636363635
0.09609224855861627
-1.984
0.48808357819130976
-0.3037736155558053
0.045623411327644234
-0.18566775244299083
-0.7913716019971935
1.7976678015164103
0.00969399295570433
-0.358642972536346
-0.2869742858069298
-4.186923789857075
0.1272782812340902
-1.7609871019135361
-0.6417997998688765
0.06945650286508075
0.12319972236682915
1.5233704788478473
-0.30556503926254075
-1.3886748514580292
0.5052960583434687
-0.371451771738567
0.0017341240939106977
-0.5947942497442243
-0.7152327123020027
0.5798221878623889
0.5887079868632648
-0.0052100519268540296
0.03820903817429953
-0.6440972222222285
-0.3180205839696626
-1.0394937507669146
-0.09388174442907983
-1.4290526763709928
-0.5288245345804413
1.28749932189291
-1.2639922875046896
3.3848657445077266
-0.30956503489164905
1
0.05558450581899979
2.7707371271830903
-0.16385688705699208
-0.6328150115903376
1.512081325455075
-2.0263356537784145
-1.0375468693820853
2.951506029307442
0.15796460920564884
2.249962248955545
0
0.11978602605756591
-0.0016389412439623667
1.0833579178549246
-1.0879610863396898
1.6146482197888663
-0.10969688170480686
-0.006459843994776338
-0.6395658704394505
2.051332065473575
0.2819234506156096
-0.57655654383736
0.9633049507164909
-1.4936708860759436
0.022487792341294593
0.9089449172956539
0.4169584314724014
-0.11727788519446805
-0.3220995176440606
1.1429299119720997
0.40762366420624413
-0.03291639236340267
-0.2759615535381008
0.7955849750789996
0
1.3633456564805801
0.027700404733680187
1.2554039292912256
-0.32363442984122437
-0.32620956678149504
-0.43738912338655966
1.9123836441276767
0.3813284700137185
-1.9924924924924898
-0.7660135124783601
-0.44308585367359576
0.02171013863473678
-0.48682170542635095
-0.28822484653974384
1.0640458742832057
0.8302155159085962
3.912970146736392
1.0122323707780534
-1.2927823305140453
-0.8450245663884368
2.2835480067461678
-0.1896951744466008
0.5350798964927334
0.19486090712115617
-1.1567321229009844
-0.1512392810994842
1.208805752856573
-0.30077154439649273
0.004372158097226192
0.5537824800711174
-2.178292439020845
0.5718857413772587
0.22097168616127988
-0.34983537158984274
0.7065522022597951
0.04540594378450419
-0.16104474115717968
0.010264832683237933
0.007331270802480902
0
2.1640324898102725
0.3114147125513019
-1.7267772071131178
0.01164618878472285
1.4192139737991267
0.4664513814137065
1.5357142857142858
