0
3.1793478260869534
-6.399789307347909
-1.519414743950472
-1.7428571428571493
-3.9546379761558494
0.1211020284589698
1.42122769882068
-1.520572450804999
0.5752346351801324
3.7627934978928357
1.5375689004931858
3.3999999999999937
3.8961038961039027
1.0372340425531854
2.000526454330093
0.28387096774194137
2.9336078229541886
2
0
0
0.07352941176470867
-5.069801616458484
-2.992776057791543
-2.047872340425529
-1.982079826228621
0.6925207756232687
1.678129298486939
-2.976190476190476
2.760736196319012
-4.74898236092266
3.7037037037037037
-8.104395604395604
0.4484304932735426
-4.315476190476191
0.4665629860031104
-3.1578947368421018
0
3.5805626598465436
4.938271604938271
-7.676470588235301
-1.975151322077091
1.6574585635359191
1.246803069053701
0.44205873065994133
1.8233259981137864
-1.8524235875270147
0.6605850896508408
-5.124999999999993
0.03293807641632605
0.26341784655910816
1.80623973727422
-3.8387096774193474
-2.583025830258318
-2.4104683195592287
3.0345800988002907
-6.678082191780822
-1.9816513761467807
-3.0700112317484254
4.210119737350342
-8.598962194217945
2.879156528791563
1.8131651556957127
4.529616724738672
0.44444444444444026
4.977876106194691
0
4.987706357569367
-0.03345600535294945
4.9531459170013425
-8.54591836734694
-2.9986052998605377
-0.07189072609632949
4.316546762589928
-3.5517241379310382
2.9674651412227426
0.6597222222222143
4.863746119351509
-6.480263157894733
4.818853323953566
-6.073825503355712
-3.536977491961407
1.4814814814814814
2.18978102189781
-1.3571428571428612
4.272266473569881
-2.916666666666659
0.14306151645206625
-0.8214285714285755
4.969391429600292
-4.459691252144082
2.3339317773788153
-4.421052631578956
3.5242290748898766
-5.815602836879425
4.668674698795172
-2.733812949640296
-2.3668639053254354
-2.689393939393948
-2.685869988322296
5.720000000000004
0.6432084752175515
-2.030075187969916
3.7989255564082796
-3.3271719038817005
3.900573613766726
-3.0548398969451642
0.9491268033409265
-1.805189921022924
3.408655687476054
-5.555555555555555
3.5294117647058822
0.6818181818181861
1.5048908954100828
-3.595255744996289
2.2683583237216367
-1.9172932330827153
-0.7665772326561902
-0.8111239860950042
-0.0389408099688562
-1.0907674328009282
2.481291847183924
-3.881629515757108
3.5585765693722533
-1.7760617760617738
-1.572327044025157
-2.755591054313101
3.44969199178645
-2.4215958713775283
2.5223759153783516
-1.5873015873015872
0
4.274193548387106
0.6960556844547388
-3.6482334869431536
3.5472299721004408
-6.928406466512702
-2.35732009925559
-2.371876323591696
-0.21691973969631237
1.0434782608695676
2.409638554216865
-0.6302521008403361
4.820295983086683
-4.800322710770474
-0.423728813559322
-0.2553191489361678
3.2423208191126256
1.6942148760330555
-0.040633888663142756
5.040650406504056
4.992260061919518
-0.036859565057140706
4.646017699115053
-4.298801973220574
3.46097201767304
-4.875444839857647
-1.9453797231574965
0.6104540251812155
2.38907849829352
-2.5925925925925926
2.0152091254752893
-0.409988818486777
4.977544910179645
-0.03565062388592611
-0.5706134094151092
5.0215208034433285
4.986338797814196
-1.6590761223161894
1.8855441614290402
-0.8441558441558515
3.7982973149967334
-2.429022082018924
4.461687681862273
-2.0117610646858557
0
-1.989892608970313
-1.0634869481147313
-1.3029315960912051
-1.9801980198019802
0.8080808080808004
-4.943219772879076
5.973295853829936
0.13262599469495268
-0.13245033112582028
-1.1936339522546493
1.8456375838926173
3.459637561779242
-3.280254777070067
1.4158709252551898
-2.435064935064935
2.029950083194683
0.26092628832353376
2.1470396877033258
-4.745222929936299
0.03343363423603005
2.3395721925133692
1.8941868060091482
0.5769230769230805
-2.1669853409815203
3.517915309446258
-0.5663939584644466
5.569620253164564
4.796163069544364
-0.028604118993141515
4.721030042918455
-6.120218579234966
0
-4.9767171129220085
-3.8284839203675345
5.445859872611472
1.0570824524312896
-2.600119545726254
1.2580546179809828
-6.151515151515155
-4.9725540845979905
0.6116207951070375
-4.998311381290108
0
-4.976892996800569
0
-4.975682753460536
0
-4.999999999999996
7.708246995441344
4.50173143516739
-2.1354933726067786
1.0910458991723013
2.3446222553033165
2
-3.2798573975044523
-1.216365646885371
-0.4104477611940383
-0.9366804046459349
0.4916792738275384
-0.6398193451260777
0.3409090909090823
-1.1702529256323013
0.11459129106188364
-3.8534910339565136
3.5317460317460228
-1.1498658489842852
4.652966265994572
1.8895887365691082
-5.236363636363628
-0.9976976208749128
1.7829457364341172
1.4470677837014296
-1.801801801801785
1.146788990825688
2.645502645502645
0.5154639175257648
5.201465201465197
3.586350974930366
-6.5210084033613365
0.683207479323976
-0.28571428571428975
0
6.80515759312321
-4.761904761904758
4.718309859154922
-1.7148621385339498
2.429011289770772
-1.9706078824315223
1.9080068143100588
-1.7051153460381219
0.6122448979591876
-1.2170385395537602
3.901437371663256
-1.1857707509881497
-0.23333333333332953
0
0.935516204477117
-1.3571665011585643
0.40268456375838546
0.9358288770053514
-2.8476821192053055
-1.4996591683708171
7.231833910034594
0
-1.3875443691513245
0
-3.534031413612569
0.4070556309362241
-0.6418918918918842
0.6460387623257318
-1.2837837837837875
-1.7111567419575633
0.6267409470752129
-1.7301038062283738
3.028169014084515
0
-0.10252904989747483
-1.4026684912760938
2.671755725190836
-0.03379520108143491
4.2258282623394186
-1.3947453778786931
3.2236842105263195
-0.063734862970041
-0.8609693877551164
-1.576069475715657
2.320261437908504
-1.9482593420632457
2.9967426710097684
-1.8975332068311197
0.5480335267569274
-5.129849310676499
3.3119297059817545
-1.9954203467451639
-8.144192256341801
1.7441860465116321
4.03571428571429
-5.183659457603852
2.824040550325855
-2.676056338028177
-7.525325615050646
0
-6.377151799687004
2.0058503969912174
-0.245800901269969
2.012320328542097
-6.843800322061192
-4.969749351771823
0
-4.95679854479309
0
-4.976076555023925
0
-4.984894259818734
0.5299417064122947
3.3210332103321094
-6.020408163265312
0
-4.994571118349614
-4.971428571428565
0
-4.990980156343963
3.734177215189877
-4.942037827943865
0
-4.942233632862655
0
-4.996623902768404
0
-4.975124378109453
0
-4.936424831712786
0
-4.9567269866247035
0
-4.999999999999994
0
-4.9843150923666775
7.795304475421863
3.454143270376032
1.4802631578947463
2.6742301458670963
2.1783741120757734
4.588289819249187
-9.158050221565734
-4.991869918699187
0
-4.997432825603289
0
-4.99009187533777
0
-4.9867273416761515
0
-4.989024146876871
0
-4.998949800462094
0
-4.996683617068314
0
-4.980218757272517
0
-4.996326230712709
0
-4.975509151843258
0
-4.991861096039057
0
-4.997144488863506
0
-4.989480012022854
0
-4.9984182220816145
0
-4.995004995004995
0
-4.977216964598674
0
-4.979712283290291
0
-4.968944099378886
0
-4.98366013071895
0
-4.987102321582116
0
-4.977375565610866
0
-5.0000000000000036
10.526315789473692
4.9886621315192645
0
4.967602591792666
0
4.979423868312761
0
4.978439827518618
-0.07468259895444201
4.970104633781757
-0.035599857600575165
-4.985754985754981
0
-3.1109445277361254
-1.7408123791102623
-2.559055118110231
6.141414141414139
-1.027788351732012
-3.999999999999997
-2.043269230769237
-2.9038854805726007
0
-4.970513900589721
-1.9946808510638268
-2.6684758028041604
2.6951672862453617
-2.126696832579196
4.4382801664355105
-2.523240371845951
-4.995458673932779
0
0
-4.780114722753345
0.40160642570280264
1.1999999999999922
2.7667984189723436
-1.6826923076923144
2.200488997555009
-5.215311004784689
2.2211004543160087
-5.0370370370370345
-1.1960478419136786
-3.842105263157897
3.721948549534755
-8.390501319261213
-0.6336405529953885
-2.608695652173909
-3.5714285714285796
-1.4814814814814719
-4.949874686716797
0
-4.943968358602505
0
-4.9930651872399485
0
-4.963503649635035
0
-4.992319508448543
0
-4.93128536782538
0
-4.931972789115647
0
-4.919499105545608
0
