-0.9222614840989367
1.8545597203894575
-0.15406701915333487
0.2980887252323339
1.3041958041958106
0
-3.4963586787698953
1.5736766809728182
-0.33098591549296097
0.12011587649261962
1.6125617501764227
1.9272840920929264
-1.8908421913327884
0.11806785429038064
-0.28094759113453954
-1.3217391304347825
-0.17271765949947449
-0.03177853889340387
-0.5721955354619885
0.17761989342806395
1.822695035460996
0.4179146061154837
-0.8184781854754771
1.7553675082173514
-0.5876288659793784
0.26616889626325896
0.48610632282975624
1.8972793083336257
-4.063973063973058
1.0774576211701055
0.27083333333333964
0.3324329939746488
0.16911713950438637
-0.4927126761534018
-1.1772853185595569
0.7708479327259986
-2.05493741307371
1.1040505520252728
1.1692415730337142
0.3054176934022742
-1.259471990588564
0.9040894277604578
2.260809168258375
0.7267540582761697
0.5731625084288604
1.5755950385517934
-2.250825082508245
0.3815247484637628
2.610070296996398
0.3048480676566094
1.2254901960784315
0.46811945117029863
-2.3875321336760984
0.07571517924746295
-1.4013157894736812
0.00333622472809465
1.127606338615519
0.4849404545904337
-0.7452396585686086
-0.033076439652035855
4.575985176852057
0.613807504904135
-0.5220125786163493
0.11380160586710214
0.19576886643510635
-0.35295600655489157
-1.4516129032258094
0.3594236385225209
0.28139289482939683
0.3794521858359138
-1.1817026683608582
1.6523080879516405
-3.317310733033952
-0.42848264808819425
-0.19709611720649103
-1.2606148377328592
-0.5833527784259475
0.2212982832617995
-0.39143526262963596
-0.5609108924193152
-2.252921705059779
-0.2695324648398418
0.9008696857350751
0.27471584080217026
-0.5102564980651378
-0.38895773096515657
-2.163170807560728
-1.1054992406315183
-1.9821428571428572
-0.38622699945344907
2.8823292731994488
-0.4515234472215245
0.8892857142857176
0.3044355552408903
-0.6493735662608114
0.10301587865440272
0.7452093683463449
-4.716449454033113
4.4989094673025125
0.04245082779113549
1.5381895332390383
-0.7487375935921992
0.32280701754385327
1.0772243984331347
-2.6816608996539792
1.329777777777781
-3.3615214568932306
0.003630950219669186
-0.7878875898627485
-0.09149130832570906
3.102564102564096
1.183074572778633
4.034410112359554
0.5096358297613793
-0.3257219610476769
0.057271839099815314
1.0067340067340098
-1.5633854461815424
-0.16254656281747992
-1.645071569093006
1.0828706417905332
0.6106922315854147
-3.838589352322815
-0.3350024684392411
-3.8778615150550317
2.6208267383222394
-4.5374654758061626
0.1765987825956195
1.6841078729229997
1.7152342309111028
-0.8304623753399851
1.5285599356395883
4.124045526581184
0.3839634715832408
0.6512749827705062
-1.3968297442569133
4.576229992014173
0.0033201633520339004
-1.351261620185917
0.24231817722881627
2.3837502098371663
-0.6263321856041945
1.3859556494192184
-0.06509569066527796
1.162714955706091
0.06116995589324526
-2.596525096525091
1.0999900901793587
0.08168333006600013
-0.32973131794586885
2.623648869963967
-0.4181162426989215
-1.532051282051288
-0.9179089903001048
1.9382391590013142
0.2771511440541382
-0.39529502506748065
-0.05807763043268421
2.062953995157388
-2.220535205921436
2.4003623188405885
0.15479876160991
-0.06623978803268976
-0.574458683163936
-1.0920634920634948
-0.48786750545640706
-0.31931363695007386
-0.016178611875101116
0.12621359223301265
-0.42341381427970876
0.5875097377304567
0.03549646648810575
2.374193548387094
0.08507688429544596
-0.49428580423764357
-0.2752641903435999
3.4550588533900215
0.7728164867517118
1.0225197808886155
1.0603687191227942
-2.6976272803147725
1.399993873112147
2.166163141993952
0.34893692521513386
4.0194489465154
0.5495906399614746
-1.9046009072211523
-0.7122957176092061
-1.1947120252249177
-0.34547370886519874
2.735178330101648
0.660585089650831
-1.8465909090909092
-0.2054992764109959
-5.977551553119287
-0.9778518107224465
0.5887667050870717
0.6131929389904052
-1.138882048756464
0.009340556697170656
-1.7776532486535261
-1.4896988906497624
0.20270270270270854
-1.101371094628012
-6.7824675324675345
-0.45975410121555566
0.24843416494628603
0.17452006980802792
0.818815331010453
-0.12096077414895455
-0.2975778546712771
0.03470535156521135
0.3226477935054027
-0.3319846457101328
-0.5343326046979665
0.47092475668887573
0.3124783001180474
0.35303890350270917
-0.28626612402566676
0
1.2313652243090834
-0.902039840092925
1.8273971658104333
-0.4977482815833228
-0.15653712652283092
-0.4942058623040218
1.161157732488443
0.33859280828875193
-0.5635418775730672
0.45474598703634883
-1.8006148440930958
-0.9185358469795056
0.3124891496823027
0.3772801218372535
-0.7413793103448276
-0.07990272711482306
-0.740560461720316
0.9807699043749343
-1.689271219952141
-0.6386281843200872
-2.826604168886045
0.7345148912844841
-1.5236160487557135
-0.022102703897440103
1.1717022844510014
-0.6956078374244432
-3.1099864304837253
-0.45043340020440176
-1.422053231939167
0.2044279873486146
-0.9469186650756345
-0.8238448684568559
0.44277261862780387
0.6475774362175201
6.251937984496131
1.6306132127092918
-4.389806173725778
-2.008484438938319
1.2068040763159913
0.31797706022637284
-1.6716350326402676
0.16501650165015452
1.528677062181529
-0.15471698113207205
-0.07180921425602219
0.6051437216338881
-1.1616541353383494
0.03803582975162603
0.9163149690125817
0.21852158842589792
-0.9285714285714217
-0.8386141995218899
4.584417572325126
0
-0.5085986095865382
-0.47809937111544265
1.0457854476922577
0.058513750731418554
-2.6279239766081903
-1.2987500469201574
3.4721429929644487
-0.3932666862687545
0.3616102726836715
-0.1250045957572003
1.2552917356893027
0.014542281683999526
0.4325699745547107
0.03981323971189363
-0.3219971056439975
0.3048891147326809
-0.3727157590012731
0.6065669039663037
0.16607097729159567
0
-1.0200036042530252
-0.22212511834534665
-0.8831794460056136
-1.679001435988067
-1.973561023106028
0.508099022004897
0.5663461172982663
0.16252173255725025
-1.1961812761782507
0.8211121295447601
-1.6477896890033712
0.3735942073640355
-0.2570891370246659
0.023082249749938794
1.2576923076923008
-1.8460135982071604
4.013002592778928
0.007441029838522885
-2.797619047619041
0.12247397428045843
0.5122324159021442
-1.0268502319920894
-5.925299723332319
0
5.861449228004249
0.3163946444418827
-3.78091465056349
0.015989766549412015
2.817745803357314
-0.1749271137026239
0.4166666666666596
-0.44983906619614183
-0.07011803202055733
0.9589521693369161
1.3398200702729763
-0.02286062638115938
1.3262195121951288
1.154656235895886
-3.1790295593976574
0.15745007680491202
3.49296422683179
-0.048162418494358594
-0.18162274361540795
-0.3304864463423725
1.2927983309116753
-0.17287038399294807
-0.2321211451309726
-0.1440283625083127
-0.5066755427345787
-0.87725819641662
0.266256656416407
0.486217601077159
-0.5396955372762124
-0.45655265324451083
-1.6353383458646618
-0.221670170074534
0.34090473819282535
-0.36265078637959997
1.9386230412627834
-0.8832262186642613
-0.1592598210222895
0.516521078617543
-0.7745787047532684
-0.6092684970107765
0.2950078541052172
0
-0.6837802735121128
-0.08461863917844042
-1.7900450398429382
-1.1406396989651895
-1.5939098370405542
0
-1.5270558846045406
-0.16366612111292964
0.7254098360655663
0.5004679171583262
2.364372469635631
-0.39946211042556196
0.11912798316324504
0.2062428112481584
0.7361963190184013
0.165022985344398
-0.38441925234378777
0.21657806654853318
-2.577603143418464
0.17342905541662204
0.9381165197085068
0.9932189868368604
-2.9385046802796353
0.9114954221770128
-3.0888342271865765
-2.130404027795126
4.748947748820215
-0.304407825310496
-2.5811179416195125
-1.2871411258305896
1.9135515007832131
-0.13292900760188894
3.901667983860912
0.652548140437957
0.003977408320752677
-0.1829535059460034
-0.2669641789855289
0.2796644027167399
-1.1872509960159434
1.1450689460527415
-0.33484812245874557
0.7319414446844326
-1.8741314274369592
1.1613320924209856
3.703999999999996
-0.0809997685720863
-0.4284887087434823
-0.054276188260839374
-0.2172226532195465
0.22158295754936316
0.5663085217796017
0.4126971882593541
-2.193285703311051
1.7122884184895695
-3.949959457894134
1.0250844187168355
-1.376785643229474
0
-0.3510187613475819
-0.07692930601668518
-0.8185096640868865
0.040854679903582956
-0.5921509372320007
0.7805439158655821
-0.07744986140549634
1.1218537102761799
0.9924156850088716
-1.3301909403211705
2.3683251690214973
0.1937831210946805
-2.1472271561081544
0.1895849300149358
0.8937917706739599
0.03591380686353116
2.540986876221621
1.5249358126507537
2.5979002222392413
0.0933671945025396
-0.2014850192157043
0.2691890679328625
1.1857265371564834
-1.0502266278512733
-1.869506926858328
0
2.8121442125237155
0.25838839466981656
-1.1118883693531099
-1.7052012360847455
-0.8711791220029544
-2.0595315425470977
1.135299625468179
-0.4706245419125978
-3.7556683849463237
0.5960051546391826
-2.00160128102482
0.7312091503268011
0.7380672371142308
0.07648645384646717
1.3073209975864843
-0.33750248163589436
0.47808764940239046
-0.4718477398889806
-0.051790765308144186
0.3706951530612136
1.8823716294031252
0.031183005262139227
1.8353271246541678
0.5548327848779367
-0.7039841698694775
-0.4445466390741132
0.38879051505119366
-0.6058514513593383
0.8178696809536775
-0.2755137182872335
0.6830129311998843
