1.109165207238749
0.4618937644341867
1.4367816091954022
0.3682719546742242
0.8467400508044031
0.559753708368318
0.47314222098524594
0.24930747922437044
1.050013815971266
0.43751709051135435
0.7623196297304686
0.21615779519047676
1.0514963602049163
0.40021344717182494
0.7175126229072518
0.39577836411609496
0.7621550591327141
0.2608242044861763
0.7544224765868975
0.4647560030983763
0.6168080185042347
0.5108556832694764
0.8894536213468869
0.42821158690176037
0.5517933283170275
0.27438263906211596
1.0696517412935351
0.4184100418410014
0.8333333333333277
0.38891589693729284
0.43583535108959115
0.5303760848601708
0.47961630695443647
0.525059665871119
0.42735042735043005
0.8037825059101601
0.39868667917449474
0.9110021023125384
0.1620370370370344
0.5315461058470098
0.7356321839080434
0.6617982656321393
0.45341192473362046
0.5190701873166226
0.583744948361029
0.29017857142857395
0.3115958157133268
0.5546927002440648
0.4633715798764393
0.6149791346365059
0.21829294913774283
0.479198431714221
0.5419466724474311
0.4959034066407959
0.5792748337266657
0.5546075085324159
0.3818413237165913
0.4860524091293346
0.378548895899056
0.5656819610307958
1.6875000000000047
0.7580413849620956
1.1386742578283786
0.522718134298356
1.2
0.3952569169960474
1.0629921259842474
0.584339696143358
0.9682416731216112
0.4986574606827815
1.0305343511450338
0.868908197959959
0.6179775280898792
0.8747440908245013
0.6273062730627265
0.9534286762009618
0.5266981474754772
1.7886178861788578
-0.31948881789136574
1.1574074074074074
1.6194331983805548
1.3337952537675466
0.7521367521367482
1.1197828299966106
0.906040268456372
1.1306950448952557
0.8549819138441189
1.0759700032605188
-20.838709677419352
-19.987775061124697
0
-9.98217468805704
0
-9.98585572842999
0
-9.99371464487744
0
-4.993016759776521
0
-4.998162440279317
0
-4.990328820116056
0
-4.967426710097715
0
-4.9700085689802895
0
-4.959422903516681
0
-4.981024667931688
0
-4.992511233150275
0
-4.9921177088807145
0
-4.97787610619469
0
-4.947613504074505
0
-4.960195958358862
0
-4.96134020618556
0
-36.610169491525426
0
-1.6042780748663101
-3.369565217391298
-4.949381327334089
0
-4.970414201183435
0
-4.981320049813201
0
-4.9803407601572705
0
-4.9655172413793025
0
-4.934687953555886
0
-4.8854961832061115
0
-4.975922953451034
0
-4.898648648648658
0
-4.973357015985785
0
-4.859813084112152
0
-4.911591355599215
0
-4.95867768595041
0
-4.999999999999994
0
-4.805491990846685
0
-4.8076923076923075
10.1010101010101
4.816513761467893
0
4.814004376367605
0
4.801670146137796
0
4.5816733067729025
0.38095238095238637
4.174573055028454
0.7285974499089227
0.9041591320072333
3.942652329749109
4.999999999999998
0
4.926108374384237
0
4.851330203442881
0
4.925373134328354
0
4.978662873399716
-9.48509485094851
-4.940119760479038
0
-4.8818897637795295
0
-4.966887417218543
0
-4.8780487804878
10.256410256410259
4.983388704318936
0
1.265822784810122
-6.093749999999998
-4.9916805324459235
0
-4.203152364273202
9.50639853747714
-1.3355592654423993
-2.3688663282571887
-4.679376083188913
4.9090909090909145
0
-1.5597920277296458
0
-4.929577464788728
3.333333333333328
-3.5842293906810037
3.159851301115247
-5.405405405405405
-4.761904761904762
-0.20000000000000284
-4.609218436873742
3.3613445378151288
-2.439024390243908
-2.2916666666666696
-4.477611940298511
0.6696428571428668
-2.4390243902439055
2.954545454545448
1.1037527593818985
3.711790393013107
3.5789473684210584
1.2195121951219396
4.016064257028113
-4.440154440154435
-2.222222222222225
0.6198347107438105
3.28542094455851
-3.1809145129224543
-1.437371663244359
-1.0416666666666667
-0.42105263157895334
-1.4799154334037965
2.1459227467811157
-3.7815126050420256
0.4366812227074298
3.260869565217391
1.6842105263157834
-5.38302277432711
0.4376367614879556
-0.8714596949891037
-2.4175824175824205
-0.6756756756756693
-0.22675736961451567
-1.1363636363636365
-0.6896551724137866
0
0.6944444444444379
-0.9195402298850542
-1.8561484918793603
0.7092198581560385
2.8169014084506943
0
3.4246575342465757
-4.415011037527594
-3.9260969976905216
2.4038461538461537
-1.8779342723004795
-3.1100478468899455
-0.9876543209876508
4.987531172069826
4.275534441805219
-3.6446469248291606
3.546099290780142
-3.6529680365296677
3.08056872037914
-4.597701149425287
2.6506024096385574
-2.8169014084507107
-0.7246376811594134
2.1897810218978067
2.1428571428571397
-3.2634032634032604
-1.686746987951814
0.24509803921568976
0
-0.48899755501221454
0
-1.4742014742014775
0.2493765586034948
-0.7462686567164285
2.0050125313283313
-5.405405405405412
-3.6363636363636327
0.26954177897574505
2.9569892473118125
-4.960835509138378
1.3736263736263736
2.168021680216814
-1.8567639257294504
-1.6216216216216255
-2.7472527472527473
3.1073446327683656
0.5479452054794598
-0.8174386920981042
0
-1.9230769230769114
0
-2.5210084033613605
-2.0114942528735513
-1.1730205278592334
-2.67062314540061
-1.8292682926829096
1.242236024844716
-1.5337423312883436
-4.049844236760126
0
0
-4.220779220779223
-0.6779661016949129
-3.7542662116041003
-0.35460992907800665
0.8540925266903858
-1.9054340155257556
-0.9352517985611567
-4.9382716049382696
0.22918258212375373
-0.15243902439024065
5.114503816793893
4.502541757443725
0.4169562195969334
4.982698961937721
0
4.943968358602505
0
4.96231155778895
0
4.7277079593058
-2.6857142857142793
2.172636523781547
-4.770114942528727
1.9915509957754876
-6.390532544378688
0.5056890012642229
-1.3207547169811373
0.06373486297004326
-3.0573248407643225
-1.9710906701708324
-2.546916890080434
-3.026134800550203
0.4255319148936206
3.4604519774011315
-7.098976109215022
-4.335047759000734
8.141321044546856
-3.835227272727279
8.714918759231917
4.619565217391302
-8.961038961038966
3.209700427960065
-2.418797512093997
1.983002832861198
-3.819444444444449
2.527075812274366
-0.7042253521126736
2.1276595744680904
-1.666666666666668
3.672316384180788
1.158038147138964
4.175084175084182
0.7756948933419471
4.939063502245026
-4.15647921760391
2.9974489795918293
-3.839009287925692
0
-4.958145524790725
-4.810298102981024
-0.14234875444840817
-0.213827512473267
-0.7142857142857117
1.0791366906474846
-1.5658362989323888
3.0368763557483724
-3.5789473684210513
-4.657933042212522
2.4427480916030557
-2.8315946348733294
5.521472392638041
-2.906976744186049
1.2724550898203588
-1.9955654101995535
-1.9607843137254886
-4.769230769230763
1.9386106623586303
2.1394611727416906
-4.73235065942592
1.7915309446254124
-6.239999999999996
-4.266211604095563
0.8912655971479468
0
-4.681978798586583
0.09267840593143248
4.81481481481481
4.240282685512371
0.6779661016949158
4.9663299663299645
0
4.971932638331991
0
4.8892284186401875
0.0728332119446452
4.80349344978166
-8.680555555555555
0
1.8250950570342221
2.2404779686333005
-4.455807158509857
3.8226299694189603
-1.5463917525773259
-2.01944652206432
-2.137404580152667
0
1.482059282371291
1.0760953112990053
-2.8897338403041886
2.1926389976507528
2.2988505747126355
4.494382022471908
-5.5913978494623615
-2.809415337889136
1.3281249999999993
3.161141094834234
-2.4663677130044848
-1.5325670498084372
2.5680933852140084
1.593323216995454
1.2696041822255408
-2.8023598820059052
2.807283763277701
0
1.5498154981549745
0
-1.453488372093018
2.1386430678466013
-3.0324909747292415
3.2017870439314944
-1.5151515151515085
2.344322344322346
-3.006442376521116
2.140221402214016
-3.4682080924855523
1.8712574850299402
-2.9390154298309965
4.163512490537463
-3.997093023255806
-0.6056018168054509
0.9900990099009824
-2.9411764705882395
0.5439005439005461
0.7727975270479107
-1.3036809815950916
2.5641025641025648
-2.575757575757575
2.332814930015558
-4.8632218844984845
3.2747603833865826
-5.6457849961330275
2.1311475409836196
-1.2841091492776897
0.40650406504064174
-0.48582995951417407
0.813669650122062
-0.8878127522195416
-0.9771986970683976
-1.3157894736842117
0
0.9999999999999934
