0.4999999999999953
0.8291873963515755
-3.618421052631572
-1.0238907849829375
3.4482758620689653
1.6666666666666667
-1.4754098360655714
1.830282861896841
-1.6339869281045751
1.9933554817275676
-1.7915309446254095
2.653399668325044
-1.6155088852988693
0.6568144499178958
-0.8156606851549756
-1.1513157894736772
0.16638935108153313
-0.3322259136212672
0.16666666666666904
1.3311148086522415
-1.4778325123152687
0.3333333333333381
0.49833887043188896
0
0.16528925619834944
-0.8250825082508251
0.998336106489187
0
0.8237232289950577
0.9803921568627357
0.32362459546926026
0.8064516129032258
-0.9600000000000023
-0.32310177705976695
2.4311183144246353
1.107594936708854
-3.1298904538341157
0
-0.9693053311793238
0.4893964110929923
-0.9740259740259763
0.819672131147541
0.6504065040650383
0.6462035541195453
-0.6420545746388421
1.7770597738287583
-2.698412698412703
0
0.6525285481239897
0.4862236628849224
-0.16129032258064746
0.6462035541195453
-0.9630818619582574
0.8103727714748784
-0.9646302250803881
0
0.4870129870129824
0.32310177705977844
-0.3220611916264136
0.16155088852988922
-0.16129032258064746
0.16155088852988922
0.3225806451612949
0
-0.3215434083601332
0.8064516129032258
-0.8
0.3225806451612949
-0.48231511254019976
0
-0.16155088852988922
2.4271844660194177
-1.7377567140600227
0.6430868167202549
-0.31948881789137834
0.9615384615384638
-1.7460317460317483
0.16155088852988922
-0.16129032258064746
0.16155088852988922
0
0.4838709677419309
0.16051364365971335
0.4807692307692376
-0.6379585326953838
0.4815409309791401
-0.4792332268370675
-0.3210272873194153
-0.4830917874396204
-0.16181229773461864
-0.48622366288493396
0.16286644951140297
0
0.8130081300813008
1.774193548387099
-0.31695721077654965
2.702702702702696
-2.0123839009287883
3.791469194312805
0.76103500761035
-0.6042296072507638
0
0.15197568389059046
0.1517450682852721
-0.7575757575757576
0.15267175572518216
0.4573170731707491
0.1517450682852721
-0.3030303030303073
-0.6079027355622971
0.9174311926605417
1.060606060606065
0.7496251874062968
0.4464285714285672
0.44444444444444026
0.7374631268436579
-0.2928257686676469
0
1.1747430249633062
-1.3062409288824464
0.4411764705882311
0
-0.5856515373352731
-0.14727540500737632
-0.14749262536872318
-0.5908419497784426
1.485884101040119
0.7320644216691069
0.43604651162790287
-0.43415340086830273
1.4534883720930234
-0.7163323782234957
4.040404040404036
0
-2.4965325936199685
-0.7112375533428166
-3.5816618911174785
-1.783060921248147
1.6641452344932053
-0.29761904761905184
-0.746268656716418
0.3007518796992524
-1.1994002998500706
0.3034901365705442
1.9667170953101536
0.44510385756676135
5.908419497784342
2.3709902370990275
-2.316076294277933
0.6973500697350069
0.41551246537395725
-0.2758620689655212
-0.41493775933609567
0
7.083333333333325
0.25940337224384286
-4.657179818887444
0.4070556309362241
0
0.8108108108108031
-1.3404825737265416
1.358695652173913
-1.4745308310991883
-0.2721088435374188
3.001364256480222
1.7218543046357577
-1.4322916666666594
0.1321003963011814
-2.374670184696566
0.5405405405405482
-3.7634408602150686
0.8379888268156545
0.13850415512464587
0.9681881051175697
1.7808219178082152
0.134589502018854
6.048387096774193
0.6337135614702154
4.2821158690176215
-0.7246376811594134
-1.2165450121654502
0.4926108374384131
-1.9607843137254835
0.25000000000000355
0.2493765586034948
-0.3731343283582231
-0.24968789013731416
-0.25031289111389593
6.900878293601004
1.6431924882629008
6.2355658198614385
2.1739130434782608
8.085106382978717
2.1653543307086642
0.09633911368016236
-0.1924927815206957
-5.207328833172618
6.1037639877924725
-2.0134228187919407
0.2935420743639894
6.731707317073177
2.285191956124314
8.579088471849861
1.5637860082304573
3.2414910858995136
0.07849293563578831
-4.235294117647063
0.32760032760033225
3.1836734693877595
0.23734177215189647
-2.525651144435677
0
-6.153846153846149
-0.25884383088870694
10.207612456747416
2.040816326530608
3.230769230769222
0.8941877794336939
7.82865583456425
3.28767123287672
6.29973474801061
1.6219588271989982
-4.419889502762441
-1.091843288375073
-3.896103896103896
-1.6216216216216255
3.090659340659341
0.2664890073284515
-0.13289036544849742
1.1976047904191502
-6.114398422090718
-1.5406162464986113
2.41820768136558
0.41666666666666274
-2.558782849239273
0
0.35486160397444994
0.8486562942008405
-5.469845722300128
-1.5578635014836963
6.631499623210257
2.1908127208480526
0.3457814661134163
0
1.9297036526533504
-0.7437457741717338
-0.7493188010899337
-1.3726835964310227
-2.366040361864981
0.570206699928712
-0.7795889440113355
0.28571428571428975
4.700854700854697
2.176870748299312
-6.9241011984021155
0.4291845493562191
-5.3418803418803416
-0.9029345372460624
-4.100227790432795
-3.800475059382421
4.773662551440327
0.5498821681068365
-0.7031250000000044
2.6750590086546073
2.2222222222222268
2.473763118440767
0.2926115581565514
1.4587892049598834
-1.8691588785046689
-0.1465201465201382
0.5869405722670454
0.7293946024799417
4.199855177407684
2.571230020847803
-0.5420054200541891
1.1580381471389567
-3.0303030303030303
2.361111111111115
-1.6960651289009496
1.7943409247757034
-2.305084745762716
0
-2.359472588480226
0.49751243781095744
2.1216407355021216
0.7617728531855916
4.192439862542951
2.638522427440633
2.2493573264781492
2.51414204902577
-5.763335377069287
-0.3253090435914119
-2.8067885117493363
2.8878441907320234
2.023498694516986
0.3198976327575176
-1.5943877551020407
0.5184705119896195
-1.0315925209542194
1.3680781758957619
-2.1208226221079585
0.3939592908732727
-1.3080444735120993
1.2591119946984795
-1.0471204188481824
1.0582010582010732
-4.450261780104719
-0.6164383561643875
-0.06891798759475831
0.3448275862068966
4.604810996563566
2.4310118265440326
-6.799230275817829
1.6517549896765156
0
0.8801624915369068
-2.885906040268464
0.8293020041465219
-2.1932830705963102
2.312543798178004
-1.5068493150684854
0.6258692628650745
1.5894955079474855
-0.47619047619046845
-1.1619958988380157
0
-1.037344398340249
-0.48916841369670766
-2.6685393258427044
-0.36075036075036077
1.0861694424330195
-0.28653295128940237
1.652298850574721
0.07067137809186877
-0.7062146892655368
-1.0668563300142249
-1.5815959741193304
-0.2191380569759031
-2.855051244509521
0
-2.1100226073850665
-1.770592763664366
-2.5078369905956026
-0.2411575562701056
4.593070104754244
2.8505392912172485
-5.468164794007489
0
-3.0110935023771765
-0.16339869281045982
-5.891980360065468
-0.17391304347826333
1.95121951219513
5.775803144224189
6.090468497576742
1.6598142226282981
-1.4529658478130598
0.16719866241069983
-0.7132018209408176
-0.6571908910285905
-1.569230769230774
0.1250390747108556
3.465501092725568
-1.1013880506940312
1.5865751334858982
-0.28532812734644497
-3.6144578313253093
-1.5312499999999951
0.44430339574737227
1.10584518167457
-2.0156249999999987
-0.7175889012916645
-0.5300353356890433
3.3424834490553854
-1.7031250000000053
1.6213638531235148
1.032379164711409
1.563709552562302
-2.1798780487804765
0.4207573632538507
1.8156424581005615
-0.6249047401310723
-0.8282208588957151
1.8249304051964226
-1.7010935601458148
0.8189122373300388
1.8697318007662818
0.4212426658643014
-0.7940074906367058
-0.619148293566893
1.9146026439750659
0.7454897867899211
1.5243451235755532
1.8221574344023326
7.931281317108099
1.273378432152797
-1.493123772102162
-1.6088286132163194
-0.48648648648648574
0.48886474741987973
0.4594594594594641
-0.12106537530266802
-0.9966329966329898
0
-0.9794585770643434
0.6319549388652201
0.43686006825937634
-0.39418241130894666
-0.25927947598252965
0.01368176221096033
2.5991792065663555
0.46666666666665907
-1.247511612475113
0.2553420239215129
3.5388739946380707
2.019678922837911
-1.6116751269035483
-0.3095575906100798
13.598136887048765
0.911161731207286
18.273137697516944
3.0632693959347206
-3.1481481481481532
0.3919694072657847
-1.7522140748500175
0.8044974314238619
3.5000000000000004
3.4002229654403537
6.379155435759218
3.88513513513513
5.853658536585357
4.185867895545329
-4.6443051971986815
-0.5798221878623889
10.303265940902023
0.810715544589359
-5.559440559440551
-1.3328396890040808
-3.714821763602243
-4.8324240062353985
-0.1638001638001545
-2.214930270713702
6.333892617449663
0.23668639053254215
-5.19480519480519
2.69821502698215
-2.4252223120452707
1.5741507870753864
-3.1402936378466513
0.29473684210525836
2.350965575146945
1.271534044298603
-2.1871202916160413
0.24844720496894174
-4.0479140850888
0.2582866982350384
-0.4723057106054076
-0.04314063848145933
-2.5032369443245504
-1.1066843736166445
2.9991047448522776
0.7822685788787533
-0.9918068132815918
0.2613240418118442
0.608166811468291
0.6476683937823834
4.2900042900042905
-3.661044837515428
-1.3663535439794998
-2.2943722943722995
6.335844040762079
1.7499999999999953
-2.9074529074529054
0.7591733445803507
-1.2976140644621157
