-4.680851063829782
6.919642857142848
-7.306889352818364
-2.702702702702705
4.86111111111111
7.0640176600441364
-5.567010309278342
0.4366812227074143
-7.1739130434782625
3.0444964871194564
-7.727272727272743
1.9704433497536966
2.898550724637684
3.521126760563389
-7.936507936507949
-0.4926108374384132
-8.663366336633665
4.336043360433608
-12.467532467532468
1.4836795252225465
-6.140350877192981
-1.5576323987538885
3.797468354430369
4.878048780487809
0
3.7790697674418574
1.1204481792717098
4.9861495844875385
0
4.749340369393144
0
4.785894206549116
0
4.807692307692312
-9.174311926605512
-0.5050505050505055
-4.314720812182739
0
3.183023872679048
3.3419023136246646
1.4925373134328483
4.901960784313729
-2.5700934579439325
3.3573141486810476
-7.424593967517388
-0.5012531328320806
-4.030226700251893
2.362204724409445
-7.179487179487174
1.933701657458559
-6.775067750677507
1.453488372093031
-6.017191977077376
0.914634146341471
-5.740181268882173
1.9230769230769247
-4.402515723270444
1.6447368421052573
3.2362459546925595
4.702194357366769
-7.485029940119761
0
-2.588996763754048
0
0
0.6644518272425256
-0.6600660066006607
0
-4.318936877076409
3.8194444444444557
-1.0033444816053594
2.7027027027027053
-0.9868421052631661
0.9966777408637957
-5.921052631578952
0
-4.895104895104884
-0.7352941176470594
-4.074074074074086
3.4749034749034866
-4.850746268656729
0.39215686274510714
0.7812500000000007
0
-2.7131782945736544
1.5936254980079696
-1.1764705882352866
0
1.1904761904761827
0.7843137254901968
0.38910505836576775
0
-1.1627906976744282
1.176470588235304
-2.7131782945736544
1.1952191235059861
-0.3937007874015839
-0.39525691699603904
0.39682539682538837
0.3952569169960566
-1.181102362204734
0.3984063745020013
-5.158730158730155
1.6736401673640182
-4.526748971193428
3.448275862068969
1.2500000000000104
4.938271604938257
0
4.705882352941181
0
4.8689138576778985
0
5.000000000000004
0
4.761904761904766
0
4.870129870129867
0
4.953560371517033
0
4.719764011799401
-9.01408450704225
-4.953560371517033
0
-4.885993485342017
0
-4.7945205479452095
0
-4.676258992805752
7.924528301886792
2.7972027972027997
-6.802721088435365
-2.9197080291970825
3.0075187969924837
1.8248175182481685
-5.376344086021502
0.3787878787878707
1.8867924528301987
0.37037037037036247
-1.1070110701106939
-0.3731343283582175
3.3707865168539275
0.3623188405797185
2.1660649819494604
2.473498233215542
-4.1379310344827624
2.517985611510802
-2.456140350877203
2.158273381294966
-2.8169014084507067
0.3623188405797185
-1.8050541516245424
1.102941176470581
-1.8181818181818117
0.7407407407407414
2.9411764705882213
4.28571428571429
-2.054794520547947
0
-2.0979020979020997
2.50000000000001
-3.484320557491292
-0.7220216606498201
1.0909090909090837
0.7194244604316553
-1.7857142857142796
-1.454545454545456
0
1.1070110701107103
-0.3649635036496434
0.7326007326007332
-1.8181818181818117
1.8518518518518452
-0.3636363636363559
-2.5547445255474552
1.4981273408239715
0.3690036900369089
-1.8382352941176567
-2.6217228464419415
2.692307692307686
2.6217228464419584
-3.284671532846726
3.0188679245283048
-2.1978021978021998
0
0.3745318352060012
-0.7462686567164185
0.37593984962405214
-0.7490636704119857
1.5094339622641524
-2.6022304832713696
1.5267175572519096
0.7518796992481209
-2.985074626865674
0
0
-1.1538461538461633
-1.5564202334630366
-1.1857707509881346
0.3999999999999915
-3.187250996015922
2.880658436213985
0.3999999999999915
-0.7968127490039671
1.6064257028112285
-3.1620553359683647
2.0408163265306047
-4.0000000000000036
1.6666666666666683
-3.6885245901639285
2.9787234042553123
-3.3057851239669453
-0.8547008547008556
-0.8620689655172422
1.7391304347826104
-2.5641025641025665
0
0.43859649122808037
0
0.4366812227074143
0.8695652173913052
1.293103448275873
2.9787234042553123
-2.479338842975209
2.1186440677966214
7.46887966804978
6.9498069498069555
-5.054151624548741
1.9011406844106566
-4.850746268656729
1.176470588235304
0
0.7751937984496131
0.7692307692307699
0
1.1450381679389239
1.8867924528301987
-5.555555555555569
-1.9607843137254835
0.3999999999999915
3.187250996015939
-3.0888030888030915
3.187250996015939
-1.5444015444015458
0
-0.7843137254901968
2.371541501976287
-2.702702702702697
-0.7936507936507944
1.1999999999999922
-1.1857707509881346
0.8000000000000007
0
-1.1904761904761827
0.40160642570280264
-1.1999999999999922
0
19.838056680161934
14.864864864864863
0
10.000000000000009
-16.844919786096266
-6.430868167202563
1.0309278350515396
2.3809523809523756
0
1.3289036544850512
-3.934426229508186
1.3651877133105814
-6.73400673400674
-0.7220216606498201
-3.63636363636364
2.2641509433962286
-0.7380073800738014
-1.4869888475836446
1.1320754716981227
1.1194029850746194
1.8450184501844953
4.710144927536245
-4.1522491349481
3.2490974729241824
-4.545454545454542
1.831501831501825
-1.7985611510791304
1.4652014652014664
-2.1660649819494604
1.4760147601476028
-0.727272727272728
0
-1.0989010989010917
1.1111111111111038
-1.831501831501825
-1.119402985074636
1.5094339622641524
0.37174721189591936
-1.1111111111111203
-0.7490636704119857
1.8867924528301987
1.8518518518518452
-2.5454545454545396
-0.3731343283582175
0
2.6217228464419584
-4.379562043795624
0.7633587786259548
-4.545454545454549
-0.39682539682540596
-2.788844621513938
0.40983606557377994
-0.40816326530613184
2.0491803278688634
-2.4096385542168695
2.469135802469138
-4.016064257028115
-0.8368200836820091
0.42194092827003316
0.8403361344537823
0.4166666666666763
-2.4896265560165998
1.7021276595744694
-0.8368200836820091
-0.4219409282700519
-0.8474576271186449
1.2820512820512928
1.2658227848101182
-0.4166666666666578
4.6025104602510405
0
4.0000000000000036
-6.923076923076929
2.479338842975209
-3.225806451612906
0
0.4166666666666763
0.41493775933609073
-0.8264462809917363
0
-1.6666666666666683
-0.423728813559313
3.404255319148939
0
-2.0576131687242905
0.8403361344537823
-1.6666666666666683
0
-0.423728813559313
0
-1.2765957446808616
-0.8620689655172422
0.43478260869566226
1.7316017316017331
-0.8510638297872347
2.5751072961373414
-2.092050209205032
0
-1.2820512820512737
-2.164502164502176
2.2123893805309853
0
0.4329004329004237
-0.8620689655172422
0.43478260869566226
0.8658008658008666
-2.1459227467811273
-1.315789473684202
5.777777777777773
-1.6806722689075646
-0.8547008547008556
3.017241379310357
-3.3472803347280364
-2.5974025974025996
0.8888888888888897
3.964757709251095
-2.9661016949152477
-1.3100436681222816
1.7699115044247804
2.1739130434782727
-3.404255319148939
1.3215859030836918
-1.304347826086948
0.4405286343612241
-0.4385964912280609
0.8810572687224677
-3.493449781659392
0.45248868778281587
-6.756756756756772
0
2.4154589371980806
3.3018867924528226
-2.2831050228310423
0
-1.4018691588785162
4.26540284360191
11.363636363636363
1.2244897959183594
-1.2096774193548308
0.8163265306122456
0.40485829959513303
-2.4193548387096797
-4.132231404958682
2.5862068965517264
-2.5210084033613467
0
-0.8620689655172422
0
1.3043478260869674
-2.1459227467811273
0.8771929824561412
1.3043478260869674
-1.2875536480686802
0
-0.8695652173913052
-2.1929824561403435
0
0
0.44843049327355294
2.678571428571411
-2.608695652173896
-0.8928571428571436
-0.9009009009009016
1.8181818181818197
-2.2321428571428688
0
-0.4566210045662003
-0.9174311926605512
0.9259259259259267
-1.376146788990837
0.4651162790697782
0.4629629629629531
0.9216589861751161
0
-1.3698630136986212
0
1.8518518518518534
-0.454545454545465
-0.9132420091324209
-5.529953917050697
4.878048780487809
-0.46511627906975755
0
1.8691588785046744
-1.376146788990837
1.395348837209314
-1.376146788990837
-0.46511627906975755
-0.9345794392523372
1.4150943396226323
-0.46511627906975755
1.4018691588784955
-2.30414746543778
1.4150943396226323
-0.9302325581395358
0
-0.4694835680751074
-1.4150943396226532
-1.4354066985645841
-2.42718446601943
1.9900497512437831
0
0.975609756097562
-0.966183574879228
2.4390243902439157
0.476190476190466
-1.4218009478672895
-0.9615384615384623
0.9708737864077678
-1.4423076923077043
0.4878048780487918
