7.1654724212631224
0.38874203078836883
-8.7360594795539
-0.033944331296681174
3.25976230899831
3.4692535350213594
5.879548704910218
7.444094251838514
11.56586115379244
3.205208463753588
-1.0190464636661383
0.5025125628140732
3.5243902439024364
-0.5772175756861795
-1.5876777251184808
-1.2761858897182787
1.3170731707317018
1.1073663938372709
-2.5357142857142803
0.6229388054232208
0.14566642388929904
0.6060606060606061
-1.1807228915662595
1.5240185320653499
-2.1736519755013837
1.6695310581880705
-0.3743057232552551
1.0786571324687888
0.16786570743405002
0.7421594445774534
-1.0456273764258637
-0.09606147934677649
3.5937499999999973
-6.021580229725024
5.641975308641981
-0.6193759495150248
-3.022107243650039
0.36376864314296103
-2.1747009786154403
1.5190811411633882
-0.6569343065693403
1.1143766838109261
1.2232045537119909
-0.5384063173007897
6.327438951040541
1.821473017309653
-5.277777777777778
0.4340175953079232
2.020555944872688
-0.011448196908989438
-0.9961071673917944
-0.13877645426159887
-0.41690793283150235
-0.39539481335038695
-3.9462930531231706
0.4497386653701145
3.134075508228458
1.8303414290742723
-1.1406844106463851
0.2913752913752914
-0.8715862870424173
0.2696365767878024
-0.8301180872208476
0.5659042678613481
-0.8440797186400991
0.03546937810357865
3.2738446992081234
1.0757610437171081
-4.053442028985515
-5.3339627094642355
7.940663176265261
1.9632752049890287
-0.3397893306150187
-1.1137629276054046
6.2751407884151265
2.519736130636958
-2.8586497890295384
1.37908567705506
0.5462724935732672
0.09587727708532835
1.0962111536824133
1.2211811769659988
-0.7072282891315606
0.48182675185921325
-1.667882831231106
0.6996713664793833
1.610695862722399
-2.6004973062577728
4.797361982767793
-0.5075111652456353
0.4488879820444784
0.2945358521226871
-0.1620253164556985
0.324576529059747
2.942068547164091
1.1196228638774173
0.6118881118881296
-1.8438073173086336
3.8257277734067756
0.36942313157145623
4.284635711589288
-1.3393665158371
5.687029902770134
-2.1871202916160426
2.1472937000887353
1.5635858234885336
5.841601094765648
-2.0606060606060606
-1.3448844884488411
0.008363301831555495
-3.905335340357923
0.7310068749456176
2.462203023758099
1.1551433389544727
0
0.6334917062598907
0.024848836246165372
2.3517721099701965
-4.95954692556634
-1.251383331914535
6.32758620689656
3.7781741527484924
-0.3437500000000071
0.03135779241142137
0.5721003134796203
0.8337878905945645
-5.123647604327663
3.005620265537172
-2.2615846908113166
-0.016181229773466463
-2.5084965204725687
-1.245019920318725
-0.29416708690536225
-1.6269071904240036
-3.2390745501285307
-1.7003188097768371
-2.729729729729726
-3.0471427248309797
5.483377913641584
-3.9123347219706615
0.36757775683318483
4.986383697999803
-3.595706618962437
1.1319354240118804
-1.568807339449533
-1.2023487743499013
-2.047169811320759
3.053067514205918
0.6822429906542014
-1.2345679012345638
1.7387218045112782
-1.8752886836027671
6.232347957070235
-4.617157036511887
4.515469664591669
-3.1024979998222144
3.0091743119266012
-1.1400071250445276
1.909909909909914
0.7779349363507739
-2.438596491228066
4.0280525085416246
-0.08643042350907519
0.3460207612456747
4.6379310344827545
0.8403361344537853
-0.3921568627450943
-4.002624671916006
1.896787423103197
-2.1968807647157322
4.861111111111095
-3.491129098193101
1.3046424940697952
-1.3212911858170224
3.1610169491525384
1.8319231085188494
-2.871894159406253
-2.823920265780731
1.4444444444444522
1.0194624652455901
-1.0842368640533777
3.709949409780776
-0.27642276422764966
1.0924506766672177
-0.3387096774193585
0.6473539407671144
-0.9567454574690355
-3.8720675379495124
3.9351460901874606
-1.9662008449788793
0.09945300845350949
0.6954793840039817
-1.093570136490705
0
-0.665059439687422
-0.4100761570005934
-1.8823529411764783
-1.1476533059266756
0.19060821348120302
0.5102040816326412
1.1786974103071535
-3.401360544217687
0.528169014084507
-1.0507880910683012
-0.7699115044247827
-1.8817444038169902
0.5271768769314629
0.27124773960216997
-1.514878268710546
-2.4903863761215934
4.131455399061033
0.09017132551848513
1.1351351351351269
-0.23160520220914924
0
0.7410714285714245
1.0989984933085253
1.3500482160077025
-1.2974656171611454
1.2882306546315
-1.5400588337082501
-1.5817223198594024
-1.6071428571428572
-2.4591651542649644
2.716531770397229
1.9744588352504469
-2.300381916688879
1.0909090909090908
0.35071942446043985
-0.28676404695761676
0.6470746832030237
0.008929368693625239
0.9910714285714205
-1.158164618512944
0.008944543828256624
1.3236740899740795
3.4866272398269924
-1.825315591948148
3.1537793223284063
3.234228922765947
0.3752957493677008
-1.8125660408030526
2.268211920529809
0.5342399222923675
1.6988727858293002
0.6808645396247437
-1.9265550051112683
0.7777421423989773
-2.665287612379664
1.2506130456105897
0.2987002502623755
1.0544108177720466
-4.269215452011144
0.21632415342373815
-5.197177251971765
0.6655574043261151
-5.080469769464993
-4.866648336541098
1.820809248554922
-1.9112498817295906
2.7105237773704935
2.12246431254697
0.21151370240941275
-0.2753051298522529
0.8005889389896057
2.318787657476708
0.5620985010706597
-0.5412119598970729
5.2631578947368425
-0.1694915254237288
-1.5534804753819995
-4.630507889971548
7.875226039782993
1.416478082306604
-2.338842975206608
0.7023779301006985
-1.7394957983193315
0.4960232617805486
-3.2507871670495976
1.6800070366786795
-3.8494809688581313
3.283850652271705
-3.3449477351916457
-1.7664023071376993
3.165137614678899
-0.035571365051141925
4.919491148474352
0.8394098694251197
-2.430000840830729
0.008617718028258276
-1.8957345971563981
-0.2810715854194155
0.3699462697084511
3.554190434401053
-2.2711864406779623
0
-0.02601456815816463
0.5984907624251767
-0.8794619762027975
1.0786360473208152
-0.8003442340791699
-1.7957838119198442
1.60777385159011
-0.12171796209355686
-1.619080779944282
-2.2031498849761184
-2.858952320636923
-4.610226320201173
8.748291349345822
4.345483928892089
-1.71226983307521
3.046485161516235
-4.859400220881813
-2.6698812393963824
3.4128440366972517
0.3193754435769969
-0.8224266006367134
0.2585822559072752
-0.2223408039843472
-0.16935555753633041
-1.1428571428571388
1.1560693641618456
-1.8482142857142898
-0.42754480123715505
-0.7399963456970501
0.966405890473999
2.4339106654512346
-1.5751535107235066
5.5153707052441225
0.23993144815766534
1.752436313899812
-1.4114088885154965
-0.2045164039199055
0.19639655025191546
-0.23862280552242898
-1.2472236459935
2.1280276816608916
0.6860918177198151
-2.4564650458484096
0.03449762828806304
-3.4485731528580046
1.0179480310741909
-2.5015468929550035
0.08159564823210254
4.18516169942928
1.434657855838623
2.905880336019209
1.957517700957934
-2.8513071895424913
-0.7989235556303087
-2.1447948457104067
-1.1435502035865932
-1.0866707562877806
1.1517675201559316
-1.707979329070684
0.9802174300481197
2.2502647370278854
-0.4056269957711267
-1.100519930675914
0.28038202050293926
-0.13979903888159975
-0.5687286726747747
-1.5399507215769095
-0.2859951738314456
0.4481491440351349
-0.0446149727848666
-2.7941439028744823
0.9918266140141384
-1.7732108756933709
0.16663580818366547
0.9057301293900143
-2.152408866092691
2.6022652812880236
-0.3010674208557572
-1.088945827232784
-0.33305578684430903
-1.0674835236238744
-2.4113342090448535
2.6920488414575523
1.1141278906469518
-0.4351851851851894
0.17669487584860885
-0.6219829186780584
0.7099486221391788
-3.7658844263055293
-3.2289156626506026
0.049800796812749
-0.049776007964161276
-2.031872509960157
-2.196014640097603
2.6611226611226635
-0.15188335358444713
8.021498833789678
0.5632745024408562
-0.01867064973861515
0.5042016806722774
-1.1055369751022008
0.5166744950681071
0.9719626168224385
-1.6845612736023736
2.73018263980418
-0.6964809384164348
2.085640457733494
0.7503163984812832
0.46657694033199154
-0.3483075823881478
0.6452769313497083
-0.25823686553874364
0.6427997500223236
0.5056329282356112
1.059135039717564
0.5589519650655101
-0.10422094841063448
0.4434011476264918
0.5712801869644366
-0.8606592649969876
1.81439361055646
-0.059686221009553675
-0.5289651053664208
-0.8748606226949176
1.9555247901704516
1.3663752864296137
-0.041862022772940384
-0.9213501968339056
-0.40578239918845055
-0.43290043290042524
1.5515771526001745
0
6.136668905305567
9.602151388119916
-4.589738038536489
-1.3387792148853959
-1.119288561790872
0.7908202822143003
1
0.9824828636709894
0.6259898936571351
-1.3566181981711989
-2.1578907377858725
0.0931894074706877
0.9310264566684769
0.05380890152969622
0.18438844499078758
-0.5828220858895635
-0.9642085775995063
0.47511488433677923
-1.4186046511627872
0.32240308248800104
-0.6035428750587902
0
1.6560208185474332
0.2947793033899761
-1.4927681955294438
0.9422110552763819
2.387990043559431
-0.4786142976525074
0.7175572519084039
0.4471729574048706
-1.9090017354561197
0.007692307692300697
-1.907545573417426
-1.3487022661334624
0.3338367379381644
0.6337637645567615
0.11021018657010871
0.8964378391129876
0.7481879822305461
1.1913050204997186
1.2690161302652807
