-8.446866485013626
-4.1666666666666625
9.316770186335402
-4.261363636363636
9.198813056379805
4.891304347826099
0
1.0362694300518098
3.8461538461538463
4.938271604938271
0
4.941176470588239
0
4.932735426008959
0
4.914529914529924
0
4.887983706720974
0
4.854368932038835
0
5.000000000000005
0
4.938271604938266
0
4.873949579831931
-0.3205128205128137
4.501607717041796
-9.076923076923075
-4.906937394247037
0
-3.9145907473309656
-1.1111111111111138
-4.681647940074907
-0.19646365422397136
-4.921259842519685
10.351966873706004
4.878048780487807
0
4.830053667262975
0
2.218430034129688
-4.173622704507513
0.5226480836237009
3.4662045060658575
4.857621440536011
-3.0351437699680486
2.1416803953871453
1.6129032258064515
4.761904761904762
0.15151515151514292
4.992435703479594
0
4.899135446685866
-0.27472527472527863
-0.8264462809917278
-4.166666666666667
-4.3478260869565215
-0.6060606060606146
2.1341463414634236
-2.089552238805979
-4.725609756097553
0.6399999999999977
-2.384737678855326
7.491856677524432
0.6060606060606146
-2.40963855421688
1.8518518518518563
0
0.15151515151514292
0
-8.472012102874425
7.43801652892562
-3.076923076923077
3.1746031746031744
1.5384615384615385
8.333333333333334
0
-4.475524475524479
3.8067349926793685
-0.4231311706629215
-3.1161473087818536
-2.1929824561403506
-3.288490284005983
-0.4636785162287437
-9.627329192546586
5.6701030927835
9.593495934959359
0
0.5934718100890081
-4.12979351032448
6.769230769230778
-6.195965417867451
-1.689708141321036
0.78125
2.3255813953488373
-7.575757575757576
5.901639344262286
3.71517027863778
3.283582089552243
-4.624277456647403
-3.0303030303030303
2.0312499999999956
-4.134762633996931
1.916932907348236
6.269592476489028
-10.029498525073743
0
-7.213114754098359
2.120141342756176
3.806228373702427
-5.833333333333333
2.3008849557522075
-7.612456747404843
17.97752808988764
-4.761904761904762
-2.833333333333338
2.9159519725557512
0
-6.499999999999998
-3.5650623885918002
-7.393715341959334
11.77644710578842
4.107142857142852
-0.3430531732418452
-1.8932874354561124
-6.842105263157893
-2.0715630885122436
7.6923076923076925
-6.78571428571428
-3.4482758620689733
3.57142857142858
0
-3.8314176245210727
-0.3984063745019977
-1
-3.0303030303030303
8.333333333333334
-0.5769230769230714
-8.317214700193432
1.2658227848101296
4.166666666666667
-6.799999999999998
5.150214592274675
0
-1.2244897959183703
-12.60330578512397
0
1.6548463356974064
0
11.627906976744185
0
-5.416666666666669
0.6607929515418597
-2.4070021881838106
0.896860986547082
0
2.2222222222222223
0
-1.0869565217391304
-7.6923076923076925
0.47619047619048294
0.7109004739336425
-8.47058823529412
6.68380462724936
6.024096385542169
-2.272727272727273
-2.3255813953488373
0
-2.380952380952381
-6.097560975609756
7.792207792207792
11.325301204819285
12.554112554112548
2.4999999999999947
11.819887429643536
-11.91275167785235
9.523809523809524
-7.304347826086961
0.37523452157599035
-0.3738317757009399
3.189493433395878
0
-12.727272727272727
-8.333333333333334
-17.954545454545453
13.296398891966751
-2.200488997555009
2.5
-1.2195121951219512
0.7407407407407337
-3.6764705882352944
2.0356234096692223
-1.7456359102244459
0
0
2.030456852791889
4.975124378109452
-7.582938388625599
2.5641025641025643
0
-2.5
2.307692307692304
-4.761904761904758
6.578947368421052
1.2345679012345678
-1.2195121951219512
5.679012345679006
6.07476635514019
-0.660792951541844
0.2217294900221761
13.05309734513274
-13.698630136986301
9.977324263038545
-10.721649484536087
-3.0023094688221645
14.285714285714286
-8.958333333333327
0.9153318077803171
-0.45351473922903135
1.1389521640091116
-2.4774774774774806
0
8.083140877598153
0
-5.76923076923076
9.070294784580499
15.176715176715172
-15.162454873646208
0
-1.702127659574462
-6.277056277056289
5.542725173210175
-3.282275711159737
0.6787330316742016
3.3707865168539324
0
-6.521739130434782
-1.860465116279063
-4.265402843601906
9.158415841584166
-0.22675736961451567
0
-4.318181818181815
0.4750593824227927
-1.182033096926714
-2.1531100478468868
-0.7334963325183305
-0.24630541871921532
0.7407407407407337
1.9607843137255008
8.17307692307692
7.777777777777778
2.268041237113405
12.499999999999991
0.35842293906810546
4.285714285714283
5.136986301369864
-7.166123778501627
1.4035087719298196
-8.131487889273348
0.7532956685499032
-10.654205607476639
0
-1.6736401673640109
-1.9148936170212736
-2.8199566160520697
1.7857142857142954
3.070175438596488
4.468085106382982
0.4073319755600728
3.4482758620689715
-1.9607843137254901
-1.7999999999999972
-1.425661914460291
1.2396694214876063
-0.20408163265306412
2.044989775051125
-4.2084168336673375
-2.092050209205021
0.6410256410256502
3.609341825902326
1.2295081967213144
3.643724696356284
-6.8359375
2.0964360587002093
-3.9014373716632558
4.487179487179491
-3.680981595092019
2.1231422505307855
-1.2474012474012504
2.7368421052631517
-2.254098360655726
-1.8867924528302005
1.2820512820512853
-1.0548523206751055
3.6247334754797502
0.4115226337448472
0.20491803278688817
5.112474437627812
-4.669260700389103
1.8367346938775482
-2.805611222444887
0
3.0927835051546393
4.599999999999994
-4.58891013384321
-2.805611222444887
3.711340206185561
0.39761431411531384
-2.5742574257425686
0.6097560975609698
-2.6262626262626205
0.8298755186721962
-1.2345679012345707
-0.41666666666667257
-2.9288702928870265
2.1551724137931036
-5.69620253164556
1.7897091722595013
1.098901098901099
0
-1.0869565217391304
-0.879120879120876
0.26607538802660186
1.6806722689075586
-0.6524575902566272
-2.5831873905429066
0.6741573033707802
1.5625000000000064
-4.351648351648345
-1.1948529411764777
-3.488372093023256
0
0.3373493975903628
0
-4.995196926032657
2.072800808897877
-2.5260029717682095
4.57317073170731
-0.24295432458696387
4.529956161714562
-1.3047530288909652
1.5108593012275746
-1.069767441860467
2.2566995768688316
-2.758620689655179
3.9716312056737584
-4.5020463847203205
3.809523809523813
-2.293577981651376
3.1924882629107967
-0.5914467697907143
-4.988558352402745
0
-4.961464354527943
0
2.6355803345159634
-7.407407407407407
-3.4666666666666592
3.9226519337016423
1.4885699096225473
-6.390780513357773
4.532736429770558
-8.940042826552453
4.6443268665490836
0.33707865168538603
4.647256438969776
0.32102728731941527
4.959999999999998
0
4.97967479674797
0
9.97095837366892
0
9.59507042253521
-2.57028112449798
7.1310799670238945
-15.736821854559446
-8.630136986301357
13.043478260869561
-1.9893899204243999
3.6986919260261466
1.1309264897781712
-3.3548387096774244
2.3587004895416164
-0.4782608695652149
1.1358671909130538
1.9870410367170663
-5.717916137229977
2.5157232704402457
3.8124452234881727
-4.8543689320388435
5.989352262644195
-3.850983675177906
-1.828471919895508
3.7694013303769305
2.521367521367521
-0.29178824510211226
4.515050167224072
-2.9200000000000017
2.142562834775441
0.605082694634942
4.12991178829189
-1.3092029264535998
1.443620756925482
-2.3846153846153886
5.949566587864467
-7.437709185570844
0
-2.1695460024106032
5.544147843942495
-5.252918287937734
3.408624229979459
-5.639396346306586
5.218855218855212
-3.0400000000000063
-1.6089108910890968
-1.2578616352201286
7.600849256900209
-4.498816101026048
3.2231404958677734
-4.00320256204964
0.0834028356964119
0
1.5833333333333293
-5.127153404429861
-0.12970168612190913
2.0346320346320295
5.176071277047089
-4.316256555062527
-0.2951096121416538
0.9302325581395452
-5.152911604524509
1.2367491166077789
4.27574171029667
-7.531380753138063
3.846153846153836
-7.8867102396514115
1.9867549668874085
2.1799628942486198
-4.67544257830232
3.809523809523813
2.0642201834862353
-1.9775280898876462
4.03484640073362
-3.878360511238442
