1.4435483870967742
-0.15104539311551
-8.240445859872612
-2.229934924078091
11.494497692580767
0.46484971981660433
1.0648412245674053
-0.34023204766384163
-1.8548526658590774
0.04648627853296592
0.6841523400573569
1.1553150859325327
-0.7142182927980453
-0.4183039675497471
0.18298116089613034
-0.32558804377173894
0.31868447050575227
-0.5146288001524912
0.320911964747587
0.2705498527890507
-0.3650503928259662
2.9072082835523694
-2.241486068111458
-0.37053458322776217
2.4619345815187965
1.7218111591977292
0.8463333180840844
0.7984031936127772
0.19051905190518778
0.285983799242373
-2.0185732628624296
0.22856794563130464
5.64491607881293
0.21730057994791066
-1.5393452039057987
0.5498191576245453
0.6759010805714752
-0.42644537609313166
0.7104101859220193
0.22986524150216933
1.3000602012441564
0.03820412321536963
1.5572842998585625
-1.802203311931596
0.36450281532329865
0.9312644847662731
-3.717289948615992
0.4507910656119125
-2.384261269868841
2.0302234877133607
-8.148255813953494
1.512801848276741
-3.7537022603273607
-0.0016196430306672008
2.2837336615863038
0.7236623331380313
1.9179977361338196
1.0026531745542049
-1.4569779162466865
0.6307730456884373
-0.7099844450262642
0.2962618272064583
2.6414685822984376
-0.40229625276860914
4.142083446794351
3.021499128413713
-6.194303440496336
-1.2416011544184986
4.853807400191772
0.15967484395412979
2.1550724637681133
0.4823584490757161
-3.293941575952676
0.462814261103173
-1.1131941114066117
0.3762216180468861
-3.3030263100101074
0.04693769399652303
-2.0370482474726126
-1.436737216128534
4.352664576802505
0.635354551872271
1.5537313432835875
0.40416807513117087
-0.5196440072603782
-0.5164726828622351
1.7734063008430652
-2.629016553067181
5.246268656716418
-0.29213642487414543
0.6386095663428657
0.969501681788624
-1.6264486870835875
1.0984320309609832
1.7507810960677872
0.8285153116268726
0.8354253261451163
-1.2053437814600219
0.07160561828697078
1.0017613386173516
2.002724795640327
1.9099772939762254
-1.4600262123197856
2.2796797276088583
-1.9102730819245726
-0.5448688205114656
1.6222340709144203
0.9745923895221504
-3.711353598337228
-0.5706730704369788
2.253731343283587
0.9301893552367863
-1.0701795903341962
0.30964278120348954
-1.7832302168757748
-1.2288392796924579
-0.9450453403255739
0.10478133789224568
-0.0743719700308581
-2.9136918708823725
0.6132879045996567
-0.38379049554125494
-0.7450424929178522
0.5793875046379594
-1.4472190692395006
1.540454938093867
-1.6361831844605081
1.4760147601475961
-1.7173295454545403
0.03902241621019812
-1.2843480019648148
-0.0775658944225625
5.845392231530837
0
-2.7024783096018954
1.686719572204687
-2.3566433566433567
-1.5140012891212464
1.4369237034236042
-0.25521176841682935
-0.3090501379944802
1.508226032038981
-3.0213497350814618
0.24021560815562085
1.6979367584312324
-0.5244403574815368
0.03466554966561663
1.2200932757699583
-0.2025619811132324
-0.08576329331046312
-1.0829756795422005
-0.1084708502668383
-0.18242891063879602
-0.7861680833164083
-0.08333333333333068
0.8223226958137603
-1.168275161454176
0.635829662261383
-0.7777275181299547
0.5249999999999974
-0.47544508974940386
0.3263170272812767
-0.8673484337914236
-1.9819100824687337
1.5771776661992347
2.719432363026405
-3.783291666064528
0.5812469022694134
-1.4200812328276247
-0.20449278216217034
-1.6833125891745795
-0.2362095317493428
-0.3172392448158465
0.9128308623767785
-0.29690937341353757
-0.08794939052615057
-1.351288743378685
-0.0015654842042700742
1.2633655306291751
-0.17314946509182824
-0.8006566313572419
0.7680899227226574
-1.9024896586983158
-1.2729196607653226
2.1387551389310993
0.14095536413469067
-0.33312480450422555
-0.7092755033188416
-0.09640458316871377
0.20090486284684925
-0.6772864337475023
1.7182731434384595
-0.348475614520341
-2.0197585071350193
0.11523318715789857
3.205230680691882
-4.566365650025547
0.22236288974371163
-0.1441342229707933
-0.613049189899273
-0.7294267391198043
0
-1.5254627346549507
1.3220712449504193
-2.276846024580708
-0.11464023197788424
-0.7966513637591112
0.47298216959301875
-2.406272225420792
3.0468655110787126
-2.968563201939741
0.6455419428730055
-0.4655332942515259
-0.8245565410199619
2.1536365541815163
-0.2667350602718708
0.36516998405596157
0.10761504560828435
-0.8139237266444812
0.28041563446188034
-0.21101027602889263
0.9111538990510246
0.8330777879995849
0.09292581141128964
-0.3257823841193778
0.15749631661840477
-0.9062933279226177
1.26437566119509
-1.1019933610797452
0.5247644523197005
2.1338621379298592
-0.6870229007633527
-0.0401029308558725
-0.013373006586208784
0.45307118734744983
0.19139552300907048
1.441860465116282
0.5387436955524929
0.28340146912716496
-1.250588751197804
8.605121626289039
0
0.16506898066117903
0.0015118986423205195
0.6546422145956515
-0.11265320836337418
2.611990797130867
-1.167970925290891
-0.7443543245207029
0.09112774316915945
1.3716417910447707
-0.8083157879238452
1.4561377467715655
0.692016210443143
-2.1373358130884497
-0.5938859442044155
-0.19864681194270878
-2.6982939239748607
1.2565944291492968
-0.9630282224990072
0.75920245398773
0.3698911637110919
0.2987655069914134
0.39464731231572336
-0.07982408578830323
-0.18389279954177257
-0.060403799398982196
-1.631888306311479
2.506873934348164
0.4001018986108794
0.010447761194027136
0.1387914695479604
0.49031296572279637
0.40042118376366254
-1.639610629403684
0.615717310666927
-3.529903431394499
-0.9731720147290844
2.2529489883602816
0.6936910782770875
0.6691855965766749
0.5818335292876362
-0.1873276585541302
0.2957824722610065
-0.06437125748503267
0.06441272076336836
-0.8547904191616821
-0.2899032146038717
-1.1750988082438552
0.2114586046796597
-0.26758818942185664
-0.13798601741690175
0.8459483526268979
-0.5237116541067159
-0.2372170612632191
-1.6936151934464538
2.88848662650979
-0.5035414739204923
-1.3231505617292447
-0.2239970339703088
-1.7480027249643981
0.05357790069179385
-1.409604208337927
-0.6326080705453906
0.3954856757017518
-2.0224827056110715
-0.7943123314537937
-0.886340796388726
-0.14128754508734895
-0.12151275051601607
3.3731646750995723
0.8173859770744969
-0.6364537691495711
0.6517960602549246
-0.892214707152111
-0.6066179436297108
-0.733682860713877
-0.5788570026980564
2.197332280719058
-3.439174726813329
0.2033333333333303
-0.6985795549050264
-1.6096613178787889
1.3925537529153278
0.8680468107255114
-0.14814568213597018
0.8885258472669109
0.0016523463317971547
-0.9203416995753659
0.6453872323394159
1.2294742423489224
-1.7252385707036901
-0.486350538816433
0.0167372420372571
-0.1037535351506906
-0.1574671245497887
0.7533430647136732
0.048293089092416926
0.5559346859967801
-0.3343651200900438
1.3818073109564666
-0.23589928411120922
0.6141315949358864
0.2741827558631074
3.2388795755277417
0.2081001403099402
3.111873259600714
0.09154574998855677
0.3246901724058973
-0.08052997842403246
1.1055184683931176
0.11881843340151059
-0.30946264665674367
0.1130181883937855
0.46811969414172216
0.1618050249449441
-0.2258619400194505
0.802050851523147
1.1020389952259904
0.029420417769932334
1.8470588235294172
0.3523160448192162
0.7179856115107861
0.5757225103215786
-2.494247322519239
0
1.3649739241907732
-0.5489846657948035
-5.8626320428895635
1.1083138892300248
0.7636716970819432
-1.982853440612326
0.2966811676632927
0.20384391380313385
0.9161963321555935
0.2440207341841137
-0.024191475528802287
0.5444399074452158
-2.6713595956861207
-0.1669062079836831
0.6068205390176431
-0.5431521287562922
4.09666140660293
0.31507297208928775
-0.7970606536489997
-1.4023297491039373
-4.978718892473617
2.7178244652022827
-1.7396297273390255
-1.0834201964686245
1.0090688465959865
-1.790907941325229
7.516376687965749
-0.0014969835780955943
-1.4850299401197578
-1.8310843666423535
-0.15014782595235232
0.18912969336185498
-0.7148604320108902
-0.20259950752735092
-1.27740645886689
0.2815653769496058
-0.5268471196921027
0.2616472677682281
-0.5962642541951986
0.1877486077963434
-0.5050184220556502
5.343974461292899
-6.328979666050484
0.0016175733165017436
0.048526414544983985
-0.2586820151328979
-1.2837969266679605
0.2742200328407195
4.691568277465734
-0.39886129012075333
1.0631782276175044
0.0015539049631781055
0.9882681998290788
-0.3908233447708228
0.23170675193475138
-0.015411407523849154
1.5305886523729548
0.09260664946106519
-0.41861946580516546
0.06854009595613433
0.5814307458143047
-0.6370872552283444
4.853718341176647
0.8003137346037569
-3.317050677963657
0.48586374949700234
2.9396496744434364
-0.0057632735393651205
7.789513119407492
-0.14303474273797664
-1.3159303882195472
0.38390059280763167
1.0689189189189239
-0.31420892888181734
1.0435109179676922
0.08760984416067598
0.8129973474801085
-0.2802152263428648
0.6477572559366802
-0.4312435280701596
2.7829704325847207
0.03586249295557242
-2.121530267335858
0.12296100566406197
-0.4076246717445647
-1.8982277086148294
5.964002032574684
0.25617727972540044
1.61998867140789
0.08422930188772955
-2.4826732673267373
-0.49876894179758957
2.066300174742669
-0.2749278314442459
-4.87211939700004
0.0013172974325801154
-0.15280448929050577
0.32058893374495606
-0.7338146526216144
0.02384642899726007
2.425133441941159
-0.38147209434645424
0.8203850098004831
