0.16652789342215057
-0.33250207813798127
-1.5846538782318647
-0.7627118644067845
2.3057216054654166
-1.5025041736227023
-0.9322033898305037
0.5988023952095711
0.1700680272108868
1.018675721561972
-0.9243697478991549
1.4418999151823482
0.0836120401337864
-0.5012531328320873
1.595298068849711
-2.396694214876038
0.42337002540220153
-0.674536256323775
-1.1035653650254644
1.1158798283261777
-0.7640067911714699
-0.34217279726262245
0.4291845493562232
-0.256410256410254
0.6855184233076239
-2.978723404255319
3.771929824561401
0.6762468300929816
0.9235936188077318
0.8319467554076538
-1.6501650165016502
-0.16778523489933123
1.7647058823529365
-0.8257638315441784
1.3322231473771928
1.4790468364831528
-0.8906882591093072
0.7352941176470518
0.24330900243308773
-0.7281553398058184
1.059494702526485
1.5322580645161337
-1.5091342335186702
0
1.2903225806451568
1.114649681528667
-1.7322834645669314
0.3205128205128251
1.43769968051118
-2.3622047244094486
4.7580645161290365
4.849884526558878
-0.5873715124816322
1.4032496307237856
-3.7873270211216434
-1.2112036336108967
0.22988505747127308
-0.6116207951070423
-0.30769230769231204
2.391975308641971
1.281085154483811
-3.2738095238095277
-1.769230769230767
0
-4.150352388410335
-0.8986928104575233
-1.6488046166529267
1.6764459346186087
-3.4624896949711483
0
1.1955593509820714
-0.33755274261603857
-0.169348010160871
0.08481764206954565
0
0
-1.7796610169491478
-1.639344262295087
0.6140350877193007
1.3077593722755012
1.4629948364888148
0.4240882103477523
1.3513513513513464
-1.1666666666666714
-0.7588532883642424
1.274426508071368
-2.7684563758389236
1.3805004314063798
-1.7872340425531867
0.34662045060657837
-1.2089810017271083
0.08741258741258244
0.26200873362445165
0.6097560975609781
0.17316017316017562
1.296456352636128
-0.4266211604095563
-2.39931448157669
-2.0193151887620817
0
1.9713261648745546
-2.0210896309314563
5.291479820627808
2.3850085178875613
-2.9118136439267888
0
0
1.5424164524421569
-1.181434599156123
0.5123825789923215
-0.8496176720475785
-0.17137960582690903
0.1716738197424917
1.1139674378748905
-1.949152542372879
-2.333621434745033
7.787610619469024
1.8062397372742225
-0.3225806451612949
-1.3754045307443274
4.922067268252666
0.1563721657544868
-0.46838407494144757
-1.9607843137254901
-1.6
-1.3821138211382138
0.8244023083264633
-5.069501226492235
6.115417743324728
1.785714285714288
-3.030303030303039
0.9868421052631603
2.361563517915314
-0.15910898965791792
-2.3904382470119523
-0.5714285714285737
-1.9704433497536877
0
-1.340033500837528
1.697792869269949
0.25041736227044836
1.2489592006661117
-0.4934210526315743
1.074380165289254
-0.9811937857726925
1.5689512799339436
-0.6504065040650383
2.2913256955810124
-2.4799999999999955
0.1640689089417462
-0.1638001638001545
-0.7383100902379045
0.08264462809916885
1.8992568125516198
9.157212317666112
0.29695619896065756
-0.8142116950407065
-1.3432835820895608
-0.37821482602118006
0.07593014426729137
-1.9726858877086666
0.5417956656346882
-3.6181678214010797
-2.95527156549521
0.9876543209876567
1.9559902200488928
-1.5187849720223754
0
0.5681818181818205
-1.2913640032284168
0
1.0629599345870786
-0.32362459546924877
3.4090909090909114
0.07849293563578831
1.3333333333333244
-3.5603715170278596
-3.531300160513637
2.579034941763722
-0.0811030008110254
-0.16233766233766464
-18.536585365853654
23.55289421157684
0.5654281098546066
-0.08032128514055768
0.8038585209003215
11.40350877192981
-1.2884753042233237
-5.1486584481508295
0.6116207951070205
3.7234042553191533
6.6666666666666625
-6.5934065934065895
-2.500000000000004
-0.07541478129712996
-1.509433962264151
-0.9195402298850488
-0.3093580819798961
1.9394879751745537
3.500761035007606
-6.176470588235298
-5.877742946708464
-1.7485428809325516
-2.542372881355932
4.173913043478258
-0.5008347245408967
-2.8523489932885955
1.3816925734024255
-2.0442930153322023
1.913043478260872
2.218430034129688
3.33889816360601
-5.5735056542810915
0.2566295979469608
-0.8532423208191126
0.9466437177280501
-2.7280477408354673
0.7887817703768675
2.869565217391302
2.366863905325441
-5.36746490503716
1.396160558464231
-1.6351118760757364
3.937007874015748
-3.4511784511784467
-0.610287707061903
0.2631578947368396
0.17497812773403573
-2.6200873362445414
2.1524663677130094
-1.0535557506584747
1.2422360248447128
-0.17528483786151502
3.5118525021949076
-4.2408821034775235
0.2657218777679337
-0.7950530035335739
-0.7123775601068542
-0.35874439461883917
2.1602160216021655
-2.2907488986784093
-0.5410279531109183
0
-0.27198549410697836
1.6363636363636338
-0.4472271914132379
-0.0898472596585753
-0.9892086330935328
2.361489554950053
-1.4196983141082595
-0.8100810081008024
0
-0.9074410163339383
1.46520146520146
9.386281588447657
7.260726072607259
-9.307692307692305
3.477523324851564
-11.557377049180324
3.7998146431881317
-3.214285714285709
0.3690036900368925
0.36764705882353466
-0.3663003663003715
-0.18382352941176733
1.1970534069981689
12.829845313921743
7.7419354838709635
-5.538922155688616
1.426307448494451
-5.46875
-4.793388429752064
1.2152777777777704
1.1149228130360305
-0.5937234944868557
-1.0238907849829375
0.34482758620690146
0.6872852233676952
-1.450511945392494
0.17316017316017562
-0.7778738115816817
0
2.003484320557489
0
-2.647309991460286
5.175438596491233
-5.17097581317765
-0.2638522427440608
0.9700176366842983
-0.26200873362445165
2.0140105078809083
-1.030042918454938
-0.8673026886383348
-2.01224846894138
5.178571428571426
0.1697792869269973
0.9322033898305037
1.7632241813602088
-1.7326732673267398
2.0990764063811924
-1.4802631578947345
0
-1.2520868113522539
-0.1690617075232484
-3.3869602032176123
0
1.1393514460999223
-2.3396880415944565
1.774622892635315
-2.1795989537925022
2.5846702317290475
-1.9982623805386597
-0.35460992907800665
-2.0462633451957397
0.5449591280654029
3.0713640469737955
-5.25854513584575
-0.9250693802035153
0.2801120448179378
-0.5586592178771029
5.805243445692886
-0.3539823008849608
-1.24333925399644
-0.26978417266186794
-0.3606853020739456
0.5429864253393614
-1.890189018901885
3.669724770642202
-3.3628318584070773
0.9157509157509157
-0.9074410163339383
1.5567765567765592
1.262398557258784
1.424755120213721
-0.43898156277436345
0.17636684303349967
-3.7852112676056313
-0.2744739249771246
0.1834862385321127
1.3736263736263736
0.2710027100270977
-2.432432432432435
2.308402585410896
0.5415162454873723
-1.8850987432675121
0.640439158279966
-0.9090909090909091
-12.568807339449544
7.345225603357818
-0.2932551319648066
3.0392156862745043
-1.4652711703139791
0.17381228273463945
-0.17351069982648218
0.11587485515643545
-0.6558641975308708
-1.475728155339802
-0.7292077256602375
-9.152273178479254
2.7972027972027997
-7.1428571428571415
0.3891941391941431
-3.420752565564424
-0.8972845336481761
2.4541339051703623
2.883720930232563
6.849005424954794
4.717579860376553
-12.30303030303031
3.248099516240506
-2.766622043730482
-0.06883891693437617
-1.285878300803663
2.163293789253314
-1.3205828779599231
-0.27688047992617565
-1.2494215640906967
-0.30459231490159927
-1.4571092831962338
0.4531361793465245
0.14245014245014787
11.427216690374586
-12.404255319148932
-2.113189215448153
1.0421836228287884
-6.188605108055
10.20942408376963
6.650831353919233
-7.928730512249433
-0.2660861151427347
-3.1045355323793213
2.603254067584478
0.17077335935594115
1.2177301509985388
3.416746871992287
1.0702652396463492
-0.8747697974217207
2.322340919647004
12.074443940081705
-1.5795868772782524
-3.9506172839506206
2.720651242502149
-0.5213764337851928
2.0964360587002093
0.9650924024640634
0.5491153142159773
-1.415857605177985
-0.18465326220763933
-1.4594039054470727
4.1927409261577075
-7.007007007007006
1.162540365984928
0.23409236007661083
3.588110403397023
0.20496003279360817
1.2476989159337275
-1.3333333333333264
0.3276003276003206
-1.0204081632653061
0.618556701030922
-3.934426229508186
1.877133105802038
1.57035175879397
2.0408163265306163
-6.101010101010108
13.984509466437178
-11.36277840694601
-2.044293015332199
0.2826086956521795
1.040537611099061
0.7509118214975358
0.6175468483815996
-0.48677248677248014
-1.1059123777116187
0.5376344086021505
0.8556149732620291
-0.3605514316012762
1.000425713069404
2.233930453108525
0.5978148835291676
-1.3524590163934358
0.14540922309929433
-3.40178386226924
1.3313291818767392
-0.40262767535494326
4.25531914893617
-1.5918367346938798
-2.488593944421393
1.573798383666514
-1.1725293132328207
-1.292372881355931
2.9190813479287385
1.0427528675703857
-0.5159958720330237
-2.6556016597510395
1.3427109974424456
0.9043112513144054
-1.64651938307628
-0.4662004662004638
-1.5328933361720223
-0.6486486486486425
0.4134929270946631
4.833116601647154
2.2327889187513033
-2.932254802831148
-0.02083333333332919
-3.10481350281309
8.19354838709678
-1.0534684953289626
5.363599839292892
-6.768350810295527
0.5316973415132884
-0.3254678600488133
0.40816326530612823
0.4471544715447131
