4.04257912485272
1.460481099656343
-0.09622046031868217
0.17336363986593212
0.665333435889554
1.9751671442215786
-2.5176082721414588
0.9684857801690937
3.753045066991488
1.2143224007630753
-0.07611729312406788
5.118253047011024
-2.953863142275438
-0.3662482665434051
-3.7794432548179904
-0.6861763287711881
-6.812070510905292
1.6351394677781415
0.13801261829652997
0.49222287851939356
-2.4412225705329225
0.01204964453549351
-2.160642570281132
0.15598062556441106
-0.008196721311467954
0.5369292564964304
0.7827469525867267
0.7240807410703488
-0.2891566265060168
2.7388432415015305
-1.1368982280068998
1.99460702672693
-1.539597993857156
0.28035538005922644
-2.0633170578043822
0.792055323255077
-1.1408512505484825
0.4720978089819561
-0.8353413654618547
-0.696581888870882
0.8646003262642666
3.428756267184222
-2.9437060203283885
0.6041809320497845
-0.3082836209312495
0.1927710843373567
0.23649190315855523
-0.25192945975125874
1.1425593329057087
0.44789726108841915
2.0637676584326488
0.6301952445389593
-3.530812970646999
-0.12346170695766095
-1.0886035569024715
0.3708929651279911
-2.1167208900670693
0.2051702913418137
0.45864045864045117
1.4837762921897968
1.703084832904888
1.9352290679304898
0.9996125532739318
2.639251189197473
5.501569741366433
1.8846535354966634
-0.2294853963838633
1.4079598522339196
-2.969276238916767
0.021250974002971913
-0.7259206798866855
-0.7312288211164616
1.2827883578871655
0
4.541100507326073
1.1300777140530147
-1.2516778523489993
0.04417711625378672
5.968070652173907
3.211847293008952
-0.6118202428646937
2.9935629023186108
-2.48179611650486
0
-0.4729014995955391
0.9690528290090653
-0.8018575851393217
-0.9519053712430948
-0.9263927401058764
-1.1322434959608139
1.9687319050376464
-1.1294087955076086
1.1518825781748536
1.1923914072111348
-1.5150098195080866
0.33868261956761997
2.4069400630914886
-0.31728429288729265
1.4462299134734296
2.168880224198849
-1.9141323792486529
-0.1155085415526835
-1.3633597078514967
0.07713192644699494
2.6420445787218387
1.2194389379467745
-3.014836795252223
0.41610573981152577
-1.852528945764783
-0.03725319756611878
1.0217391304347854
0.7101355713363432
-1.3980463980464035
1.1640146120983335
-2.298182263296418
0.22864660005638432
2.9124999999999943
0.8137981294789318
-0.6295180722891593
-2.276378406232
0.04342431761786882
1.3734730576052498
2.8871150258433524
1.3049552629232215
-3.403755868544601
0.12150668286755771
-0.6644417475728183
1.945572829174438
-2.2260171370363766
1.0571472345641182
-1.1431170406306796
-0.3159218476827341
0.2676923076923021
0.16571025255470254
-1.5685793940136583
-1.0239970120451956
-3.198113207547164
0.12344475847057554
-0.01946724635799971
-2.2456595813727023
1.5204328918102354
1.173931526110987
1.2378797672915378
-2.295437857165664
3.581231211606323
-1.7823343848580442
-0.4881965633531337
2.1431107381467136
0.9353177236389031
-0.19409573302445834
2.51874157021424
-0.8628074899033249
0.6820566631689514
-0.07356772828985964
1.3742752845179216
-0.5083668714255372
-1.928282490343383
0.17056908047759342
-0.4767801857585168
0.3888508679151372
-2.1598339066034464
2.141002090327482
-1.7054263565891472
0
-0.5709779179810697
0.7899996827310539
-0.10702593805087166
0.6585996092519093
-0.06261152678208058
-1.747956019171136
4.183006535947706
0.3641705174893684
-3.064398097328943
2.230190934541225
-0.12307692307692308
0.16327788046827424
-1.6055116414972554
0.3626019818073805
0.5824275080200665
0.5883445841332755
-2.376554611501055
0.9081735620585325
0.26250000000000284
0.43012093255204237
0.2824157407982237
-0.06498932318263126
1.3037284776415325
1.1707883715953817
-2.846265409717181
0.11818125272127036
-0.11493538767395062
0.08085834240397789
-0.9042602778036701
0.9752273439949799
-0.3322878171485301
-0.3552065806692868
-0.7223264540337683
1.6724936218463544
-1.0687732342007434
-0.04697040864255519
-0.682957393483715
1.5551069333165157
-2.447585028731175
0
-0.3948164421944037
1.1411948981875082
-1.5170670037926675
0.45250320924261583
-0.9360723299575007
1.5189628482972106
-2.5858508847167982
0.1239197782488238
-0.6220890466729754
0.28185631882539214
0.4575462448526047
0.04879953152449736
3.77849315513933
-0.7958640137866235
0.22109219544550077
0.006302984463151897
1.7458166577379899
0.040263883296688514
-0.3653250773993864
0.40705984711951915
-1.7206696995017596
1.017098592436319
-0.24937655860349128
0.8499999999999943
7.73116013882003
0
2.099692236891305
-0.9212046088401786
-2.0585726471424537
-0.7170643906404174
1.7193485189625348
-0.30758616724637994
-1.3811995386389877
-0.11695564457179615
-1.574895348496816
0.16952681200368253
1.3598574821852785
0.8114125021969599
-0.5898590730786047
0.8388869402548893
-1.1942375141308523
0.32563733974830184
-1.6784607286975872
0
-2.411967642160359
1.1763630268491119
-1.5512515437211964
-0.16521845551340383
1.3944223107569722
0.05138280187395551
-3.830584254727803
1.7120060312873029
-3.706105809320856
-1.2123544693543788
-1.6330638615629274
-0.45547560895109185
4.817639257294435
0.5946920570651227
-0.03459010722932955
0.13526266121422403
0.9518424276693911
-0.42320139407517765
0.6593749999999972
0.40358883611188723
-0.15460251692897561
2.186367718559348
-1.1001000090917274
0.2635288349574036
-2.2004889975550124
0.078125
1.0304449648711944
4.527893679493123
-4.175044352454163
0.9503826215749113
-0.7030199290866854
1.5791417841531794
-2.5758356313827693
0.0031105166568138683
0.5505443234836647
0.7176663470164344
-0.2518504868085713
0.9791544785540593
1.87528586674798
1.6970966776414194
-0.7063601848309151
0.6550671369712886
-0.4387773131515428
0.032535715342065986
-0.05913660555884092
0.08875739644970414
-0.08867868755542418
-0.2958579881656805
-0.19881305637981656
1.6234055838016206
-2.17384943971445
0.49048929297763166
0.04166666666666937
-0.1576723984054317
0.3098834957242064
0
-0.7723154611614437
0.8860948959736539
-2.1215987656152637
0.06366337233977776
-0.7907413578937774
0.4061564771269829
5.705769640195867
2.3708818874982045
-4.997329885606683
1.1774799562143186
-1.7953741337466034
0.6401667411046598
0.3668639053254465
0.6691427897653525
-0.5182864337793862
1.24212633190086
-0.9216187928828881
0.002934358402532617
0.5868544600938967
0.9305717619603294
-1.3873233330443075
3.229871918872177
-2.0896624173078537
1.8384804987675827
-0.7175602949970179
-0.12906186365331115
-0.6691172247429708
1.1275260921102084
-1.6838674633351465
0.2617039837161966
1.1484918793503454
-0.5017777268035325
1.752110890176081
0.002832139114670737
-1.2914188615123168
0.7000631204452886
-2.1767622086728613
-0.39028368381196743
-1.646198830409362
0.4816125100336021
-0.7870055327080656
-0.9900694837920935
1.635492906840161
0.992769084874348
-2.9490301945479622
0.3779403761262623
1.8012590740684877
1.192413527827919
0.8596491228070202
0.2986026555342879
0.18787756163829233
0.1702152212797903
-0.26208922554073644
0.4129367600346573
-1.2020820751732717
0
0.1426284383641418
0
-0.16858504825020876
-0.7162406102602897
-0.4398826979472141
-0.14727540500736377
-1.5339233038348083
0.35949670461354105
-1.785074626865677
0.2978542337851858
-1.2272727272727273
0.07669888019634913
-0.6161863887185748
1.048767697954903
-0.21062914008364392
0.21107372285102757
1.3645105161940174
1.391314822622426
-1.1672805037424314
-0.46280991735537463
0.22644243833217598
0
-0.9368598626340496
-0.4987076174547694
-1.6961584303658201
0.04663309084126096
-4.017898760137961
1.5248640248640217
-4.442105934500468
0.11346192351331813
2.55
1.0921501706484613
1.6848332851033758
1.1193675889328092
0.012508208511838736
0.056279898696173815
0.9030967782256833
-0.523381851966556
1.145667943090196
0.006155929699277235
1.4619433073774277
0.1547048474185497
2.3927067874125454
-2.0084597864347513
3.549867181840132
-0.005830223880604969
-0.03498338289312047
-0.7903178769320475
3.1570592903965458
-0.7494372096999453
1.604938271604941
0.19780157676114046
-1.238049578386308
-0.6253569388920642
-0.879285078014997
-0.44644151326279435
0.8561195072944903
0.12992637505413598
-0.11534025374855825
-0.6322170900692867
2.0830307079980326
0.008537765382199532
-0.08252468626391085
0.8145363408521408
-0.8277303802474767
0.8374875373878391
2.533969886154971
1.102049812651532
2.9049487682581185
-0.4263545363063373
-0.5771123108427919
0
0.9121549325914805
-0.32869449966865716
-1.101034546953541
1.0568209320461501
-0.2873869079297547
0.34158838599488106
0.16489361702127175
1.1576655514842644
-0.17323744028558882
-0.08413967185527499
-0.22894736842104785
-0.18990847466568914
-1.4534499616817738
0.557775334531125
0.3306754846795939
0.7335938122956678
0.15039974669515865
0.11855833069870376
5.031446540880511
0.969608899356095
-5.955334987593052
0.6411609498680787
-1.090632619353495
-0.22795345508521508
-0.9351505007837151
-0.7857545120544981
2.1056330414098845
0.013236267372600927
-0.3493912122816257
0.799511262218442
-1.0066141400300475
0.6149013762078517
-0.6958040107942267
0.9724257359797522
-0.5408970976253298
0.023875845602867513
1.5197326543602727
