3.5714285714285716
-0.27586206896551724
0.6362378976486892
-0.35046728971963553
5.330666850562043
0.818384182270525
-4.266510812390417
1.4109347442680744
-2.354515050167227
1.2398958761474268
-0.5548413289126494
-0.31979315506566275
2.7918088737201425
-0.2523407928813455
-1.6576792490513192
-0.2843216896831875
0.4616429056347559
0.5406135964319503
0
-0.5175426804678079
-0.5810418214985413
-0.0543662928983999
1.2851023322227417
0.11412459720730704
-0.5699725072084758
0.15511195036417283
1.1985724867012446
0.1996140794464036
-0.3187462646922227
1.0725467990140656
-0.2702346427629934
0.05287158813034049
0.6539401545676639
1.5750098438115239
-1.518284016022742
0.03936233024995975
0.4000262312282713
-0.07184846505551333
-1.2549839858814331
0.403786324220554
0.7515822784810187
1.4003402695982112
-0.2903975219411461
0.3171315772441972
-1.2387096774193578
1.2607786778155183
-0.8451067673053293
0.4619388418997989
0.8419143837834338
0.8926851197739446
4.162953532781674
0.5194329014910779
1.094291446288528
0
-3.7825485597450292
0
2.7562499999999943
2.329541998661893
0.9213029006181644
-0.023558513457806168
-2.486008836524303
-0.6766145109647825
1.8551183018064596
0.14928938253911384
2.534136306719933
-0.1395673412421414
-0.29699510831587095
-0.7067344197184691
-1.9176470588235242
1.5833033465275197
-1.0804109103790267
-0.18501939719486177
-3.749103085386274
0.14288376716158008
2.363523573200987
2.1453245257863216
5.92702462177396
-1.0865912400582554
5.622876557191391
1.8602905698815229
1.605263157894737
1.175861175861178
-0.9727626459143969
-1.447626925860821
-2.9640121708110376
0
-2.4652646375087923
-1.3801895682057461
6.328687050359707
0.8510413362934843
-0.39834372870696244
0.5157080460979822
-1.397832574210765
1.837103111394282
-0.8654848800834155
0.9782265698958613
0.6406249999999977
-3.74165502251203
3.225806451612903
1.0416666666666667
0.015463917525770851
-1.0462299644384865
-2.593749999999998
0.8180943214629427
-1.6547334924423254
-0.016178611875098663
-1.4077669902912573
-0.9792658241698173
-2.220994475138124
-0.10170640750367016
-2.7601809954751104
0.9771986970684012
2.217741935483871
1.4370245139475908
-3.0055555555555507
0
0.4696718025087243
2.5426144461547313
-4.264190804469897
-0.4645760743321719
0.9743290548424764
0.41601664066562927
2.324644686115419
-0.11809031097114711
-1.9873888075667128
0.29295192141994997
1.7296678121420415
-1.362459182524493
3.7614155251141606
0.5555861158479514
-1.6849015317286626
-1.357667482750951
2.3183664259927874
1.422349633386623
-5.3704408327444675
-0.9075765408696755
-1.820184337139868
-0.6730826002243662
3.013731201331513
0.975187536064633
-0.5600320018286863
0.2528590310901725
1.7426196617942156
-0.8394839145867423
-0.8352272727272753
-2.45230046410359
2.384728340675472
1.4629109058573806
-0.4184100418409965
0.38042243924597124
0.2092878556479336
0.028223075186272296
-0.4514417922239152
-3.6165750240916026
1.440922190201729
0.06957328385900079
-1.7033603707995417
-0.2652363550630673
-0.8805626145026809
-0.13713331743381554
-1.8687682846737226
1.2350936967632138
-0.6911473045255123
-2.444928588719444
3.424317617866008
-1.5115163147792734
1.0779537149817324
1.2231126107127765
0.9821428571428571
0.7603890362511105
-6.119106119106127
-1.5079760717846489
-4.333797292167532
3.6770054890549657
-2.4430694648210727
0.14384726036352935
-4.616087751371103
0.6639742624409486
-4.535563715490264
0.7764085761093997
3.498727735368957
0
-0.6692617632998672
-0.5431419731866683
2.0530900041476596
0.44028991397412454
-1.0250876719719482
-0.34069228672662855
0.23929987693149188
0.19098287974900635
-0.6127033834842399
-1.0548667716966977
-1.7168570439598445
-0.535324364302327
-0.8568798243750378
-0.5714285714285714
0.6681034482758588
0.08563476771569582
-2.595365418894837
-0.14640216675206794
-3.144930723553982
-0.0832576445655568
1.7044163320960535
-0.04468940861015262
7.071535022354701
1.8860045932215121
0.1980874316939953
0
-1.6633717363146834
-0.7279029462738301
-2.632681564245813
1.11166893781826
0.3546602354943964
0.042408821034784876
-0.2472799208704253
0.26205821942062596
0.049448996891780554
0.5577914283697021
1.0181154332256706
3.1486758879544
-3.4636118598382812
-0.36995672204383323
1.6885027674630517
-0.7854485324514324
1.8958333333333302
1.7106249574047663
0.6231573304744006
0.9655723513351535
-0.1780767708745578
1.4800132144037061
-2.701998828048701
-0.4684154175588865
0.5849132714804234
0.5146714791792023
1.3898124750631793
0.5771627205351842
-1.1672644277795952
-0.6927949326999209
0.5514583748588255
-0.8656006343332983
0.30660534559755626
0.3322479898996611
-0.5894430094708318
-0.5662891405729513
0.6164154103852627
0.5460478124791933
0.8411153056493686
0.4597399185603573
-3.7330020920502034
0.5840407470288563
-2.3631085004388632
-1.1064241753682318
1.0139151108314104
0.3599612349439323
-1.3588081114636534
0.8391021606880639
-1.7266486374037768
-2.6178379904036224
0.42025940149265867
-0.4185006133198774
2.4201144844576548
1.8535550053059813
1.3405570604987118
0.3427004797806717
-1.2704918032786823
-0.0968590009685963
1.3157894736842106
-1.5721120984278878
1.6388888888888826
1.8037715222738517
0.6711409395973155
0.3266666666666727
-1.6678849092963077
-0.01351533991080183
2.372262773722637
0.08582557602165145
-0.9300791556728172
-0.7790132498834839
-1.0267078244530905
0.6644518272425218
-2.3910554320738195
0.2622136351090225
-0.26152787336544764
-0.4140215291195142
0.027716186252762166
-0.11083402604598983
1.7267683772538205
0.07498807007975383
0.20435967302452315
-0.33310673011557385
0.6684400791214912
-0.4810624026018115
-0.6604030501089356
0.20560619560002744
-0.47192394501059187
0.23364485981307473
0.349650349650359
1.639680262348842
-0.9881024400080691
-0.1289884589273653
2.5695058119774443
0
0.13917423288487699
1.9192587690271343
2.8376623376623407
1.0102923533497505
-4.9946865037194526
-1.2962231872614849
-0.13332444503699753
-0.19357853280821466
-1.223916532905294
0.961473356354514
1.7839179129501803
-1.4759175067536463
-0.9763926971176292
0.5537921253461231
-1.155215259587618
0.8153835700210641
0.7818292107568854
-1.1903965759379358
1.4890016920473774
-1.620540180060017
2.0675162689804774
1.474397290296875
0.8508410236272007
0.4542799662534882
0.49744815556559324
-0.012856775520687716
-1.845184518451848
-2.2663260627497306
-0.10723141880570398
-0.03354579000335458
0.2684563758389262
-0.2610441767068334
-1.2012616602912465
-0.142643662545859
3.707230800625808
0.3148366784730541
-0.7453903491565379
-0.7707509881422955
-2.4497112129057865
0.09527698380290346
0.18357356540658454
-0.020359687818117037
2.5251153950583793
0.5031779661016889
-1.0540184453227932
0.1264980026631219
-1.6490458142163829
-0.15549996619565645
-1.8418201516793098
0.26903973509934404
0.7292741658066673
0.39614780411175343
2.5307844071025114
-0.9886537057925728
0.08041817450744172
-0.36159100040177383
0.4233870967741905
0
-1.4120323897477018
-2.2535976106435003
-5.520833333333333
0
-0.24255788313119842
-2.070439139404667
1.5574448875178728
0.01481700992740002
-1.6148148148148114
0.13552175877126596
0.7293233082706801
0.14182279614838125
0.3577817531306039
0.06684491978608612
-0.4898686261411645
-1.9169090773476576
2.0304182509505737
-0.47700678244019457
3.9242117876132774
-0.8359155437054216
3.6843252670590836
-0.7499299130922376
-2.7611044417767046
0.5083514887436456
-0.5997109826589563
-0.050883186741298644
-1.2
-0.1840264998159735
-1.3864306784660734
-0.441220460664081
6.226996169157973
-1.4637250742469272
6.867599569429497
-0.2887456352403945
-3.2392753720789367
-0.22967706013362713
-0.9487268922218284
0.007042749489394256
-0.9225352112675992
-0.056862605728920455
-1.6215062940046907
0.8674907829104316
1.5265534293700247
0.7694479740223134
-0.04203152364272568
-0.23127058658631872
0.6883956167462899
-0.09069345611833277
0.6005167236924891
1.1522176719650106
0.048034035545189424
-1.2277091906721598
-1.2985209360460954
0.16884761502742812
1.8260991712319146
-0.02759001241549618
-1.9042362356837406
0.44310029540019374
-0.5391779287164638
-0.02112081103915671
-0.40842194211674915
-2.7009828183553735
2.7396264806336785
0.38194935634460964
-0.43686583990981154
0
0.7572540693559834
2.26171243941842
-1.9506834260594883
2.283712784588435
-2.99294568865145
0.6707144874329285
-0.8065081702784206
-0.7352941176470652
-1.2179487179487114
1.0959694282211996
-0.8059339562085411
0.13661202185793003
1.9602211531557374
0.6971830985915557
-0.05594796838941058
0.05597928766357721
0.2587593538009524
0.09765625000000636
1.0731707317073234
-1.958080529509107
-2.4261603375527425
1.6288288288288222
-1.41833912488476
0.5683044385296088
0.6723891273247562
0.46184453602387376
-1.2377112949996463
0.10025780578629787
0.2933180712548388
-0.13553035166560318
-0.835714285714289
0.2665130015126446
-0.5100574712643613
-0.06498664163478164
0.14450867052023122
0.2886002886002886
-0.3525179856115173
1.3356436358385677
-1.2824166429182104
1.3279445727482746
-0.8048433048433016
-0.1866877288719851
2.2444428458384325
0.049250685991700946
1.0689170182841101
0.8071249652101244
0.6212037548315847
0.15091233365345352
4.390410958904103
