-9.48139635109898
-0.14283447071892988
-3.5441830896376456
1.7465809853353145
13.295546558704457
1.2006861063464804
-4.364406779661014
3.086693250627673
-2.4355300859598854
6.607929515418502
-4.6694214876033024
3.3232191879786157
-2.629002936652226
-0.4452103978170199
7.400461627236
0.20147750167897918
-0.871313672922252
1.365787694388103
-4.495731056563506
1.6901801927643558
2.9670329670329703
2.1878335112059735
1.7493472584856367
0.08981267641776308
-3.4610947314446863
-0.9294914354003452
2.358933118884871
4.543668979965946
-3.807615230460919
0.27343750000000294
0.6103103493052762
2.9943211151264904
-1.0902255639097802
0.3420752565564482
-1.931818181818176
2.9998712501609313
-2.8499999999999943
1.6469377251672612
-1.177215189873412
0.6788779300627583
-1.3486005089058553
1.882899148826415
-0.12658227848101267
0.1267427122940431
-1.2531645569620224
2.0253813613639218
-4.4352305566025825
1.4988167236392291
-2.4999999999999942
1.7669722332934708
-0.9660574412532608
0.9886633271816504
-1.5533220206239364
0.5038451339167269
-1.7678100263852212
1.450443190975014
-0.5427588032830318
-0.10648209769731859
1.518987341772149
-1.0368814805092503
2.9575596816976066
0.4508566275924256
0.11541420877149154
1.19123863199692
-3.2278481012658227
0.7325049051667787
-2.700947928840419
1.107700520485796
-0.3035902851108854
-2.5155567324242023
2.105120195572457
0.2926310188880082
2.7320954907161834
-1.110250451846117
0.4046997389033972
1.4172409309582599
-0.012820512820515736
1.2052827285549401
-1.7103762827822122
1.5081206496519781
3.2761904761904703
2.053362842739462
0.5421686746987951
0.7189934092270821
0.07138607971445839
-0.8322434906669837
-1.6065219997602178
-0.0731083221640091
-0.23167906352883516
0.8433145930090414
-0.6665858683795903
1.1224987798926223
0.5670849420849476
-0.6478704259148144
0.9419152276295079
1.7226941021653281
-1.4347877219804694
-7.886887006323829
10.051813471502593
2.401129943502822
4.643678160919538
1.0544815465729376
-2.7065217391304324
-1.0054742486872974
-0.8351201895948512
2.1053829520883123
5.884975479268831
0
-2.9684210526315837
-1.2692558038620019
1.9008900120865788
3.4289411257278486
-4.774812343619691
1.7735931683818749
-4.45352839931153
-2.049088043233511
1.7931034482758648
-0.22583559168925021
2.3426889995472986
-0.6082052416233551
9.06764574988874
1.5811486279710294
0.42177144004820705
3.7799999999999954
-3.3821545577182417
0.9075496160366918
-3.706266060486262
0.19501180334600135
3.8824011473058775
3.5400848042599327
-6.457142857142853
3.3088983913663204
-1.241746328964228
1.0477996207963276
-5.875962867864902
-3.4518938201657723
-1.5431427950445604
-0.9492273730684352
2.117227546244707
-2.60803142732431
-0.3697478991596588
-1.698155645524069
2.5740761926553026
1.2268570153914788
-2.7214631996474266
6.467323592705858
-5.319148936170213
1.9550561797752783
-1.3555212695613792
-0.6368003575019602
1.6078255003373139
0.7524621002545042
-1.1422295442064774
-1.0332185312743105
-0.2020655590480416
0.2474690663667093
-0.5385996409335804
-0.5076714801444043
0.4308878557659676
-0.6209777577057695
0.5907748239036504
0.451773209848656
1.05689228693501
0.7788161993769471
2.6827114153234786
0.09676378883990724
-3.029001074113861
1.052281789986708
0.25211005151814847
-0.49201836868576426
-0.4504999450609848
0
3.2229580573951484
2.855004277159958
-2.3183283085559783
0.35121328224776016
-3.8604305864884907
0.8052950910093717
-1.6852702998467912
0.16696349065004454
-3.7337481942438075
3.451460233175585
0.6248605222048548
0.1885118651585768
1.1732152739347008
0.131276665572687
0.8958811318693375
-1.1911207363291825
4.043835616438353
0.2738571729513401
12.62605042016807
4.271591121059499
-2.6565295169946372
2.54525406597446
3.37813620071685
1.75955621045332
-3.2282793867121033
5.6245048851333594
-7.799999999999993
-0.5784526391901744
3.272727272727273
5.6073943661971875
-2.5172959906643366
1.8041898247114074
5.8373929111372425
0.46821680818983347
-0.42654028436019675
-0.6822148183404656
-1.2460063897763505
0.13749595600127937
-3.779985461594375
1.007302946361118
-5.667747029003578
0.42287023169766386
-0.2982717782261681
1.038275406951162
3.814334233214313
2.17263652378157
0.8784893267651925
-0.29299259379833453
-3.0528120153456753
2.205944262019032
-2.2983771315594437
-0.8347386172006822
0.19556160190461544
0.93346911065852
0.7314612409618142
1.4689925715716665
-4.8367195854240315
0.1555882098712036
-0.3193233796496112
1.7142857142857104
-0.25536261491317674
2.9185867895545354
-2.1227197346600257
-0.7624534056252117
-1.331739798531683
0.4152967641460421
0.6806824056522567
0.03423192126658887
-0.5902985713063641
-0.774526678141136
0.44232437120554285
0.8203091270183922
-2.817745803357303
0.8019740900678513
-1.3114180800839308
-0.7264351523742067
-0.4283419596644614
-1.1202724502599033
-1.2779842291307812
-0.651854572163068
-0.16634322151371914
1.9161344071091406
-3.25158946412352
2.074727750657145
-6.345994665685644
3.8004517332809633
-6.3765373699148515
2.334276475343575
-0.2666140021724149
-1.9801980198019802
7.4040404040403995
0.8746355685131153
1.6408726459071543
4.38451660245826
-1.9771528998242531
3.7203047960555806
2.031114952463267
0.16094875052944438
-0.6765899864682002
-0.8429836512261657
-1.3310433662516101
-0.774586597040913
-1.5437242347162452
6.726057906458798
-0.17529215358930794
1.6807425370014137
-3.4539473684210527
-3.7478705281090288
4.20353982300885
0.721868365180467
0.19392917369308216
0.20196919969705387
-0.5291005291005253
-0.7345491388044617
-1.3438802415582167
-0.2155358220536253
-0.5702436495593689
0.20855057351408507
-0.1907734998265735
1.3900955690703736
-2.442159383033419
0.31620553359682996
0.2801856229752251
1.2049244739369558
-1.13018721421792
2.7399650959860464
-2.700866315610683
2.435405027932969
4.073285044737959
3.1196266273642954
-2.826742893441332
-0.5965026965190353
1.1919441019317716
1.161657189277007
-6.841724885569746
-5.96500301698128
5.243377028141884
1.0364950788258942
3.45689655172413
0
-2.2414798766769324
1.5683600409137286
0.6881503860355863
2.0670111685280843
10.901518863302304
4.52838524409101
-5.910115525500131
0.3219285767762188
1.9776119402985075
0.5927552140504873
-0.829332169358349
-0.9609741784037659
-2.7701651729501418
0.1295040755694405
-3.720328667072435
-1.0509679968391905
1.6610765053505794
-1.021209740769835
-0.6587301587301552
-0.3275545258448619
-0.3126001923693382
1.2462812575379913
1.445362134688695
-3.397526225144832
1.4910858995137837
-0.1357393803896555
-0.2558567202366711
0.705410821643283
-0.015919764387490685
-0.04776689753999754
-0.8681800079649614
0.41780491724249125
-0.30404864778364177
0.7383627608346746
-8.67590822179733
-4.0390822646776545
-3.0272727272727233
2.934283303646757
-1.5209471766848857
0.4069175991861732
0.3407939578152386
2.0378189829263644
-1.5113350125944545
1.0595542564852152
-0.8315256688358681
3.454247174626309
-1.3214694740551494
0.0624944201410629
1.0885082084225595
0
-1.1650485436893243
-0.8751562779067651
-0.2882882882882924
4.44524756053488
-4.446366782006928
0.34401593336956204
-0.11728617827500738
1.0839129256616387
-1.3761057993029993
-1.9570535471595665
0.7393032067276593
3.669388129529401
-2.7077249800902496
-1.2278308321964528
2.5138121546961285
0.646725949878743
-2.8737170905845644
6.404484057704681
-5.215889464594135
-0.9566326530612246
1.664980222610628
-1.1853058269996504
-0.521930226169748
1.5740058910161918
-1.930222020842769
0.443540935132134
-1.646734130634783
2.179403236367055
-1.1076528744049923
2.6474127557160174
0.2164306970871912
0.5039143345631366
-1.3788163667293483
2.469359963685887
-0.5227252591477001
0.5700035625222739
0.62876372653205
2.8337586904866714
0.4535729567821955
0.8945305844266486
4.745419234991138
3.659814590890777
-2.006376856676272
0.7459725418617643
-0.527766837337538
0.11086474501109368
-1.3447239360860623
1.330981398332257
-2.9514163633486277
0.12229922543823889
-1.4006514657980493
-0.22299306243806125
-2.6156775101398817
9.205269868253291
-10.398505603985049
9.016678248783874
-4.254980079681282
-0.8405459387483281
-1.4855224506924083
1.652751746464482
1.734830707341606
-0.3048027020347677
-1.198149066270038
0.9868696161244421
-2.1863354037267158
0.6180679028024877
0.13463480309659281
-0.47899159663865926
0.819049227391712
-0.8040201005025049
0.7683215130023563
-0.12568077084206117
-0.8892617449664353
0.6771626883358727
-1.0425424583823852
-0.016992353440955437
-1.393609789258996
0.4998276456394307
1.440576230492193
6.170752324598478
-4.339171974522293
-0.08322929671244278
-1.2661391087047102
0.7339913945836536
-0.16750418760469013
-0.5117449664429454
0.49751243781093374
-4.749118979694572
12.015503875968978
1.1953444479396074
3.6291576002486825
2.5946756655418004
1.4034061837585006
7.107330786419674
-5.881957063059431
-0.6864497676081451
-0.20159838721291537
0.8296659692662868
-2.0678305666857373
0.8694381529918801
-2.238157322903076
0.48158850114840335
-0.13272378705205387
1.1591848789131585
18.619078899350423
10.503322667979328
-10.9026115039813
-0.031248046997062684
2.7444361090272626
2.196531791907509
-0.9109311740890662
2.6257285345190198
-1.3700234192037524
