0.058597326496975244
-4.469089711211153
4.233716475095785
-0.14335600073516233
2.1939188691747002
0.28456163100641496
-1.0164864767788415
-0.8164598301763553
-1.5622141733435873
2.010703932208426
1.1476664116296864
1.2607160867372669
7.30648833238475
0.31160909633362366
-1.6358228684732319
-1.4883252141777317
2.697633176454552
-0.23245774250323778
0.8254834736877051
0.584331979795988
-3.397006695549429
2.9456732239323147
-0.8184818481848245
0.4958072674031709
-3.3873050561239606
0.8362464870792938
2.3825708653388746
2.745410483683558
-1.3311793214862624
0.6123518239570311
-0.40683482506102525
0.5947712418300594
0.21765967123644575
0.625628059256369
-1.8587719863410805
0.37091744624980083
-2.2663352737262143
1.0440020076961625
-1.9604596483094288
0.6519169059280588
-1.3625075508423505
1.7759934676102436
-0.4345791268302467
-0.06379264034381181
0.09071056610111937
2.6382921589688633
-2.361174700765265
1.0249196141479069
-2.015781446853648
1.681667456181898
3.470766363848131
0
-0.7686370360841349
0.8134824177604897
-3.144087957307263
0.21574614976101963
0.8776868810651475
-0.6303762558277061
2.362386836714465
-2.9082340789516126
3.4507978723404316
5.726589112410817
-3.392097264437687
-0.5128366473697515
-1.8753360108788377
1.0635554982596365
-0.9598826455768978
0.47332324435715856
-0.08973208563005326
1.5075699255837824
-0.982746634645766
0.845699696824637
1.3354430379746778
7.363687464867909
5.482838859802211
3.681235350889287
-5.436170212765959
3.723703453706831
3.668655097613888
2.529228676797526
1.7755102040816304
2.3661519951874896
-2.3481880509304625
2.053609488227479
-2.717444717444715
-0.9496388341667906
-1.9455352134224126
-1.1311923026914577
3.855865334034716
-1.094058653700041
2.08941465662928
0.3235515425131701
0.5200130003250013
1.1913348421916605
-2.354618296219823
-3.0885018123238086
1.4856756967351568
2.270109794487237
1.0360360360360383
-1.1740228860157549
3.0977443609022646
2.003111629716055
-3.689227836034323
0.7126596060576111
-2.9090909090909114
-1.558862233019534
0.4370179948586118
0.1279754287176862
-0.9585889570552147
1.1743450767841013
-1.3035714285714262
0.2869032541549254
-0.03350515463917995
0.44602573027045617
2.4897330595482545
4.112196343601298
-3.894448186279218
0.3679323204765554
-0.42144638403990253
-0.823921264180714
-0.5378516236553641
0.23864530706542667
1.382873641820528
0.43968123110744484
6.2778261410272265
6.719090079337227
-1.5701754385964992
-1.5239283486320212
-2.4457013574660715
-0.2759804262621962
-3.3790697674418646
1.9520061616964008
0.4131450965579111
0.5642677450450239
-3.855235779580589
-1.8091625328275374
-3.2615156017830564
-0.16127793564242843
-0.2974358974358951
-1.2447279086513756
0.22395833333333096
2.7360598659252764
-1.8386909127696773
-0.8038750901782907
2.012987012987013
0.5703373647358394
0.20253677308286286
0.5078450693549587
2.581699346405224
-0.06616511872962527
6.324178518881796
-0.3643995479600377
0.4398046341519872
-1.3343780968403711
7.191908810613859
1.0938964067028354
-3.7979867652447528
1.050839102865713
-1.8381374722838058
2.595378464457537
-1.5389696169088427
2.231613783233811
-2.983442332509452
-0.6357795062563368
-0.2518548771356695
1.6764478413174975
-3.5213315734132675
-1.681159420289855
1.7806603773584906
-0.4495423473525579
-2.0879402248551178
2.229935336629902
-4.862564531882237
0.5719733079122996
0.9940454490217435
-0.6112528276459459
0.6755447941888532
0.9163279540152569
-4.680648236415636
-2.8202820282028136
0.30101883297313514
-0.2154674874951928
-7.11549831623865
-2.0064760745025323
1.2285359240849525
1.0322796640906173
4.583989175158092
-0.2613999419111264
-1.7234076348811327
0.8377555693235974
-1.3196559277662043
-1.0232809962100753
0.7056506755647991
-11.92829983704508
0.37621808313802324
0.06144393241167435
1.7347252072459318
2.0009053870529705
-7.027043020297058
-1.3461477261878299
1.403225806451613
0.6903133449976083
-0.28118286364209644
3.2221271742229765
-3.9073050951504045
-0.11179608394288817
-0.07674597083651945
-0.7904505888376943
-2.677332989258411
-0.5004805939478277
-3.407728181212531
-0.3345173638652212
1.550173010380629
0.45318249965925195
0.016960075981140396
-0.6308078410092894
0.034129692832764506
0.21494370522006762
-1.0996493378272625
0
6.251290877796899
-0.4730123760772342
-0.5501302083333363
0.3404143890543711
-1.1906703637253302
-1.4163090128755396
2.0729379458156156
1.0498687664041995
-1.801948051948052
0.8431145643908085
1.8754098360655678
0.40872811534501396
0.5160421808391266
-2.0184948979591897
-5.724607023139247
0.041425020712504076
-2.981366459627332
2.016645326504491
1.0040790712268495
1.9950985468226912
-4.017056414768699
0
-0.7369014879063408
1.2112385891379216
-2.867270302519838
0.13007190085631984
-0.09381878540758358
-0.675407230830347
-3.2836363636363703
0.015039290145508553
-0.4511108604939664
-0.07552584872172502
1.447413174105294
2.0227983907018228
-4.5203928871362224
-0.5621629890244473
-2.6728713175909546
-1.2091516181293678
-5.283788648454059
0.3631756756756718
4.287637801901881
1.6259834577365415
4.494203589010633
0.9118541033434651
-1.7394578313252944
-0.06513909111810379
0.9547179939419536
1.9521458412457307
-0.569959767545827
0.6818777865198109
-1.6298887359059346
0.5522980896538645
-2.001429592566112
3.9540865292333676
-4.966948557923113
0.38859096914587704
-2.8644422079430205
3.5267394596317843
-5.004041726009469
1.4384699542120831
-1.142446273068623
-0.49296912881850136
0.7146917891659186
0.04031932908636401
-0.12090923746574239
-2.183036074570249
0.507404810032597
0.20522081759973732
0.9011223068731056
0.7672322805878091
-1.9860613141038626
3.900534319769835
-4.070572411883385
-0.14432989690721648
-1.0282882510840425
0.250354669114579
-0.25389161741446387
0.5257667431671149
-0.7928271968784986
0.8744769874477025
-2.2149404786594253
0.6235418875927813
0.06323244245847737
0.3328137506845891
-1.7551226066509795
9.40678690486366
-11.26215867807337
0
-1.4791336502905401
-0.8891867739052767
2.4119742121635634
-1.3910899806303887
5.379464285714286
-0.10167337428511294
-2.527458547135402
-0.6874048292364665
-2.1947693520830556
2.0962106960494573
-2.33394753005178
-9.981133770550707
-3.228542914171659
1.5882019285309108
3.390690827876767
1.816485836319898
-4.349293601427264
-0.42345112668246665
-0.9770667746671369
-0.7515337423312907
-0.9117601607170477
0.18714909544604577
3.678912411789117
-0.44542315199438787
0.5379046853006256
1.3050652532626585
-3.4649555774925984
1.2015543511606503
-2.0209164856262314
0.7528489661218036
-1.4893290342392207
0.25457190357440207
1.3059024718868242
-2.5014067215714406
3.3578174186778593
-0.4416243654822358
-0.6322337225309674
0.38996356919287334
-0.4651162790697628
-0.8370134538358931
-1.8020817150846644
-0.3533196224226149
-0.7303132938187953
-0.8316451647297105
2.424470487044399
-0.25192883010549283
1.057616416732434
1.0986150161407966
-0.7519184220013461
0.6693996160033258
3.6546391752577367
0
1.4819235168332565
6.625177635125204
-4.251114481364033
0.02879907842948589
-2.5335892514395373
-5.371209137455698
1.6908589563498257
0.9669497595415989
-2.7109196858373448
5.984375000000004
-5.1796157059315
-2.461777662606893
2.6620616365568495
1.1541845660162613
-2.6504297994269432
-1.5032061389677236
5.747065101387409
2.3313316849169925
-3.9449677005769512
0.5441757790440941
-0.4340056165432729
0.2102564102564056
-1.2588915613325782
0.7825861622181866
-1.0747711611642428
-0.19233768259084294
-3.015625000000005
-0.11277589817946991
-1.091397849462363
0
-0.9838560634886196
0.46113306982872704
-0.09836065573770243
-0.23520402581774175
11.08065135149953
0.5676209279368213
0.8834355828220859
0.21892483580637315
0.2524271844660106
1.689908967654469
-0.9380505690205142
-0.06248798308018563
4.588523880525232
-0.07817889169923284
-0.9941089837997221
-2.3754183711416843
1.6427789152897483
-4.131921671507534
9.568021892103191
0.793863170100802
3.4867256637168222
-0.08123824183342274
-2.2123325773460683
1.0064764572028708
-1.3646997660514688
0.4611938331796021
-0.6601958726827523
-0.9682672417587255
6.039731567485894
1.3369656328583441
6.542867777823724
-0.6210939016342534
1.183547517675098
-1.0152872143298401
-0.45240045240044885
3.2673849167482896
-4.666337873212186
-1.8743284651199772
0.6164328007137568
0.01612253123740794
0.5158378334810884
0
0.15235346002727054
0.09607686148919499
-1.5957446808510674
-1.2395854501117658
0.7283950617283875
-0.723127834293411
0.9711934156378563
-0.22823606129768134
-0.9517973856209224
1.0599249391677434
0.48563499836761714
0.393940624619251
1.2500000000000038
0.28367094170761553
-3.5378486055776963
1.0201552948951047
-1.4473200049061732
-2.0120306990250985
0.8298052497883112
1.557776284850517
-4.109645677430009
2.6128573276419567
-1.8278078910878608
-2.4139702105803837
2.5657894736842106
-0.7953816549069878
0.05172636751583336
-0.5514626685623079
0.12130139063378793
1.5966422915494827
-0.43015332197614603
0.6073826938705598
1.6283321287360308
-0.38068942436411934
0.8482761516818468
-1.1451176348115761
-2.754844144903121
10.460885385081868
-3.062624995098228
0.8454692556634341
6.474387259817886
3.209885845609005
-1.3214090162438334
