1.7412935323383085
-1.5158924205378945
-1.5392254220456774
1.059001512859301
5.139720558882226
-1.0441385856668195
2.8776978417266186
-0.7459207459207433
-2.207609206200102
0
0.6243996157540881
1.909307875894988
-0.234192037470726
-0.2347417840375587
-0.6117647058823583
-0.5681818181818128
1.3809523809523836
0.5636449037106569
-1.8215787015413385
-0.09514747859181191
0.09523809523808982
-0.09514747859181191
0.19047619047619319
0.38022813688212115
-0.18939393939392865
0.18975332068310116
-0.6628787878787772
0.9532888465204956
-0.9915014164306056
1.0491177873152204
-0.9438414346389806
-0.04764173415912068
0.571973307912292
-0.47393364928909953
0.04761904761904491
0
-1.4754878629224153
0.5314009661835721
-1.1052378664103715
0.534499514091348
-0.2416626389560174
0.4844961240310077
1.1089681774349
-2.050548402479725
2.7750730282375797
0.8053055423969764
-1.221804511278206
-0.5708848715508985
1.3397129186602925
0.14164305949007694
-1.36727958510137
0.28680688336521165
-0.4766444232602478
-0.8620689655172468
0.5314009661835721
0.4805382027871216
-0.6695361071257798
1.1073663938372709
-0.38095238095238637
0.8604206500956078
0.09478672985781451
0.37878787878788417
0.047169811320752035
0
-0.6600660066006627
0.1898433792121527
0.6631927996210354
0
-4.094117647058818
0.8832188420019543
-0.9241245136186799
0.14727540500736935
-0.29411764705882076
0.1966568338249782
-1.6192345436702704
1.2468827930174564
-1.0344827586206868
0.49776007964161273
-0.3962357602773707
0
2.585778219791157
-0.145419292292783
-1.31067961165048
0.049188391539593854
3.2448377581120913
0.42857142857143127
-0.948316737790422
-0.5744375299186295
-1.3962445835339323
-0.39062500000000555
0.44117647058823806
0.4392386530014669
0.04859086491739276
0.48567265662943176
1.1116481391976718
0.8604206500956078
-0.9952606635071063
-1.579703207276214
0.19455252918288216
0.5825242718446547
1.06177606177607
-0.668576886341932
0.9615384615384616
0.6666666666666694
-0.7095553453169346
1.0004764173415885
-1.273584905660372
0.8122312470138502
-1.4218009478672986
0.8653846153846209
1.096282173498562
0.42432814710042704
-1.1737089201877935
0.9501187648456056
-1.7882352941176525
1.1020603737422192
-0.9004739336492918
0
-0.09564801530367702
-0.6701771182383943
-0.19277108433735213
1.158860453887014
-1.431980906921241
0.8716707021791823
-2.1603456553048486
0
-0.5888125613346501
1.6288252714708842
-0.7285089849441476
0.7338551859099804
-1.7484215638659515
0.29658922392486126
-1.03499260719566
0.09960159362549234
-3.283582089552236
-0.10288065843622277
-3.9134912461379994
-0.2679528403001072
2.740462117141319
-2.0397489539748834
0.42712226374798873
1.010101010101013
-0.8421052631578917
-2.1231422505307855
2.386117136659439
0.3177966101694885
-2.270327349524821
1.998919502971376
-1.1652542372881445
1.2861736334405176
3.386243386243389
2.8659160696008157
1.3930348258706524
-1.8155053974484872
0.09995002498751478
-0.5991013479780414
-1.858362631843289
-0.40941658137155135
0
-0.20554984583761854
-1.699279093717808
2.252488213724454
-1.3319672131147513
-0.8307372793354072
0.2617801047120419
-0.46997389033942855
1.4690451206715696
-0.05170630816959375
-1.75892395240559
0.2632964718272775
-0.26260504201680673
0.10531858873090502
-0.5786428195686452
0.37037037037036435
0.4744333157617321
-0.8394543546694619
0
1.111111111111108
-0.6279434850863364
0.421274354923635
-0.7341373885684203
-0.10565240359219072
0.7932310946589106
0.10493179433369205
2.044025157232692
0.8217770929635454
-0.4584819154355607
-0.6653019447287674
-0.15455950540957392
-0.7739938080495355
1.5600624024960998
0.3584229390680945
-0.816326530612242
1.851851851851849
-2.6262626262626205
0.051867219917009495
-1.2960082944530844
0.31512605042016506
-0.20942408376963648
0.472193074501577
-0.46997389033942855
-0.8394543546694619
1.798941798941802
0.05197505197504902
-0.46753246753247046
0.10438413361169993
0
-0.6256517205422404
0.944386149003154
0.2598752598752599
-0.5702436495593542
-0.05213764337853114
-0.36515388628064094
1.5706806282722514
-1.4948453608247452
0.5232862375719519
4.737116085372199
0.7952286282306277
-3.5009861932938966
0.35769034236076497
-0.5091649694501018
0.30706243602865624
-1.326530612244895
1.5511892450879006
-1.2219959266802474
0.8762886597938085
-0.8175779253960115
0.8243173621844381
5.10986203372509
1.9931939718036087
7.769304099142031
0.7961079168509559
0.6581834137779727
-0.8718395815170008
-2.198768689533861
0
-0.6744604316546763
0.4979628791308258
-2.6576576576576603
0
2.4525682554373027
0.04516711833784748
0.5869074492099374
0.7181328545780944
-1.6934046345811102
0.5893019038984639
1.4420910319963895
0.3109729009329263
0.2657218777679337
1.1484098939929304
3.056768558951965
0.9322033898305037
-1.7212426532325753
0.34173430158052603
-5.917411664538103
0.5882352941176522
-2.384165542060284
-1.3824884792626728
-7.897196261682245
1.4713343480466798
4.150000000000006
2.688430148823809
1.9167835437120122
1.5137614678899134
-1.0393131495707235
-0.8219178082191833
-0.5064456721915259
0.8792225821379017
-0.8715596330275256
0.46274872744099954
1.658222017503452
1.4499320344358937
0.6699419383653417
0.35492457852705545
-2.7409372236958394
1.2272727272727222
-2.559497081275253
0
-1.0599078341013877
1.0712622263623715
-1.152073732718894
1.1655011655011656
-2.6728110599078394
0.7575757575757683
-0.4699248120300752
0.09442870632671795
0.09433962264150407
-0.5183788878416562
0.4737091425864519
-0.9900990099009874
-0.19047619047619319
-0.6202290076335797
-0.43206913106097244
0.28929604628736466
1.2499999999999973
-0.6647673314340008
-0.47801147227533464
0
-0.3842459173871196
0.19286403085824766
-1.4436958614051971
0.8300781249999944
-0.677966101694918
-0.146270112140411
-1.4160156250000027
0.09905894006933562
-1.2370113805047007
-0.05010020040079876
-1.4035087719298303
1.525165226232842
0.6509764646970513
2.388059701492543
-4.859086491739553
0
0.051072522982632436
0.05104645227156422
1.0204081632653061
0.5050505050505051
-0.201005025125631
0.3021148036253748
-1.2550200803212852
0.3558718861210051
0.10131712259371257
1.0627530364372442
1.6524787180771214
2.9064039408867024
-1.2446146481570102
-0.1938923897237061
-4.273919378339005
0.45662100456621296
-0.7575757575757576
0.7633587786259542
-0.15151515151515726
0.1517450682852865
-0.5050505050505051
0.3553299492385729
-1.2645422357106728
0
-0.307377049180325
-0.3083247687564205
0.2061855670103122
-0.05144032921810407
-0.514668039114771
0.2586652871184687
-1.0319917440660473
0.5735140771637092
-1.088646967340588
1.8343815513626833
-2.779207411219766
0.5823186871360478
-1.5789473684210527
0.545454545454551
-0.03191149877672709
0.5533092147265333
-0.8042328042328096
0.8854277789630877
-0.05287088928835483
-0.8675412611087528
1.0672358591248665
-0.25343189017952383
0.11645140800338709
0.4229671143068687
-1.105612298620614
0.4365417376490594
-0.6466659599279121
-0.7575757575757509
-1.5912267498118524
0.5134928438763234
-1.2934782608695627
1.255368351503139
-3.0886351277868442
-0.12344293569745195
-0.49438202247190755
1.626016260162599
-0.9777777777777727
-0.4937163375224391
-1.2742444745151214
0.7424328954882989
-0.49886621315192486
0.28486782133090244
3.635950460174967
-0.2850564631071055
-1.4953271028037376
-0.602745842169892
-2.57158899494665
-0.4149377593360989
-2.893518518518518
2.4910607866507615
-5.477381090824507
4.269192913385825
-4.023598820058993
0.8114089009097573
0.5243902439024474
2.863035302681062
3.042811652317488
-0.9957651367746417
1.8034682080924882
0.48830342947989164
2.395750932308741
0.03310892837435287
1.6769638128861386
0.8029513888888988
-1.8729817007535081
1.7441860465116317
-3.061994609164424
0
0.7896785674563541
-1.2028249834473663
-0.2233888082207113
-0.3358334266203931
4.5153319105919305
1.5583019881784017
-2.306878306878314
0.41161178509533114
-1.3268608414239524
0.12025800809008357
-0.9499890805852856
0
-0.6283761437548155
-1.2425116485467103
0.9660750393170068
0.5451713395638731
0.24344362067057526
0.08830996798763471
3.4961949928311475
0.1705029838022129
-0.7446808510638329
0.6645230439442708
1.6503407155025522
2.126322404943963
-2.215384615384612
0.45101741136982654
-0.9606348543385211
2.003162888771751
-2.44961240310078
-2.193261284170368
2.7515978767197398
1.1070110701107132
-2.158498435870706
0.5222210380475273
-1.2510602205258616
1.4601674898003
-1.2804232804232738
-1.9187479901382851
0.8961748633879707
-0.3466204506065784
4.315217391304347
1.1149317495050615
-2.33924154987635
-0.0738630368259926
-1.1721224920802529
1.4531467037076604
-2.338072669826223
0.29116790682626553
0.18279569892473302
-1.2450359557797537
0.8259971742201835
-0.7222162336962399
1.1509229098805671
-0.1180764276513519
-0.30091348737238166
0.16169020157379077
-0.26904864399483425
-0.6042948095392277
1.8890457062208175
-0.8950452850292906
1.2149231265455278
3.038028468238793
-2.412371134020622
