-0.22499999999999432
0.22550739163116443
0
5
0
0.47619047619047616
0
-2.843601895734597
1.951219512195122
0
0.9569377990430622
1.4218009478672986
0
0.4672897196261682
-0.46511627906976744
0.9345794392523364
0
-4.976851851851852
-0.09744214372715646
2.4140453547915084
0
0
0
-4.738095238095233
-0.024993751562115155
0
0
7
0.4672897196261682
1.8604651162790697
0.45662100456621
1.3636363636363635
0.4484304932735426
-1.7857142857142858
0
-8.159090909090905
0
8.38901262063845
0
-8.173515981735163
-0.04972650422675003
-0.4975124378109453
0
0
0
-0.4749999999999943
4.998744034162264
-4.30622009569378
-0.5
0.5025125628140703
-0.5
2.512562814070352
1.078431372549014
-18.525703200775943
25
0.47619047619047616
1.8009478672985837
2.4208566108007394
0
20
0
20.000000000000004
-21.543560606060606
-7.825387246026963
-7.245744216499343
3.0588235294117645
-6.506849315068493
-11.5995115995116
24.060773480662988
0.20040080160320134
-1.8888888888888888
0.33975084937712347
1.1512415349887184
3.1019861638027173
-3.701298701298706
0
0.13486176668914873
-0.3367003367003367
-1.7792792792792742
0.8484292593441844
0.15916325602546352
-1.0215664018161181
2.6146788990825636
-0.15645954403218343
-2.484889187374069
3.259871441689621
-1.734104046242777
-0.45248868778280543
1.204545454545457
1.0554682236694337
-3.0888888888888837
0.8942903003898136
-1.3636363636363635
-2.7649769585253456
1.0189573459715666
-1.4778325123152736
2.1190476190476137
-3.4740032641641356
-4.5410628019323696
9.817813765182189
-3.225806451612903
0
-4.761904761904762
2.5
-3.0731707317073225
5.108203321590341
-8.474982044529561
3.557415642165829
0
-4.016165698408684
1.5789473684210527
0
-0.18134715025906442
1.2198287049052656
0.1282051282051282
1.6645326504481435
0.32745591939546886
0.4268139593271375
9.775000000000006
-4.349806422227288
4.499999999999995
1.0252904989747096
-0.45105999097880023
-1.7217942908926067
3.273397879207005
-5.3348214285714235
2.805941994812539
0.8715596330275256
-6.002728512960445
2.51572327044026
0.44832468145351045
1.456424712238663
3.6119472100023207
-3.888268156424576
4.161822831899553
-1.7857142857142858
-0.1818181818181844
4.735883424408017
-2.391304347826087
2.4498886414253898
-4.3478260869565215
-4.545454545454546
3.3333333333333335
-4.608294930875576
0.5797101449275307
5.1873198847262305
-1.82648401826484
-2.3255813953488373
-1.7619047619047565
-1.9631604459525018
1.2113720642768795
7.425500732779687
-2.2510231923601713
-3.5589672016747977
3.9556198745779008
-3.4570765661252847
-1.5140591204037517
-0.9272816007808715
1.477832512315271
-5.339805825242719
2.076923076923083
2.989198693795523
-2.0487804878048723
-0.3984063745019977
6.875
0.11695906432748537
0.2803738317756983
-2.143522833178003
2.357142857142852
-0.0697836706210641
0.06983240223462628
0.9537101651546924
-0.9907834101382514
0.53525715615546
-0.8333333333333386
1.7740429505135442
-1.7431192660550512
-2.4276377217553637
1.9138755980861244
0.9389671361502347
0.8604651162790671
3.758358312197374
0.3555555555555606
3.6093888396811233
-1.218209019021156
5.1492860233665105
-5.514403292181072
2.351916376306623
-5.638297872340425
1.4656144306651635
-0.37777777777777527
0.15614543832254932
-4.9220489977728334
2.1316467556804928
-2.293577981651376
1.8544600938967082
-0.20742106476146055
1.108545034642035
-1.7816354499771612
-0.2558139534883774
-2.1683376078339833
1.9780743565300176
1.4255667211965466
-1.3824884792626728
-5.584112149532705
0
-0.7671368473150266
11.72069825436409
-8.482142857142858
-2.4390243902439024
1.7249999999999943
5.677070533300571
2.511627906976747
-1.0889292196007285
-2.45412844036697
3.4563837291323742
-4.749999999999995
4.0085898353614775
-2.7299839412709286
2.830188679245283
-3.669724770642202
2.380952380952381
-0.9302325581395349
0.9154929577464735
-0.6745754826703833
1.615925058548004
1.2445263885688025
3.778738902799901
-3.1585874095196265
1.245753114382786
-2.460850111856823
0.16055045871559373
-3.6180444240897667
-2.946067949631736
2.3500611995104097
-2.033006457785219
1.5624999999999944
3.1730769230769202
-1.2348555452003755
-0.8256664307619722
3.805899143672693
2.2227314390467567
-2.151983860121054
-1.4891179839633448
-0.02325581395349366
-2.3959060246568864
-1.596758817921841
2.542988617098571
-2.1728861596598934
7.677450507001451
-8.228699551569505
1.930124602980693
-0.886864813039307
3.506650544135429
-3.6448598130841177
0.8729388942774061
-2.1875000000000053
2.629638731875165
-2.1312260536398546
2.715928553951559
-2.358265840876616
2.4640156135642894
-7.238095238095233
11.396303901437367
-8.20276497695853
-0.6275100401606426
-1.0861328618337849
-4.800817160367725
5.06974248927038
-1.3275465917794202
-2.7684346701164264
-2.2618414050026607
-3.3215355295398825
5.547733032948462
-7.897545357524018
15.816917728852845
-12.581290645322664
9.72818311874106
-3.5723598435462813
0.8653326122228201
-3.2171581769436997
-0.4155124653739612
3.6717663421418605
2.7904480815669532
-2.323153223701392
6.841261357562807
-7.453726863431718
13.459459459459461
-9.695092901381608
2.0047480875758286
-4.422032583397974
1.7045454545454422
-2.819898909284375
-0.7117437722419991
2.2883926109732595
-1.320754716981126
-0.9013930620049198
1.3230429988974672
0.19042437431990986
-0.2443660059734005
0.4354926510615196
-1.4363143631436346
3.6293648611492957
1.4592730167153092
-2.405857740585771
-0.18756698821007198
-0.8590604026845607
-0.18954779312211986
0.461204557786215
-2.7005130974885225
5.6064390785456535
5.860709592641264
-6.951340615690168
1.5208110992529318
-1.5768725361366622
0.7476635514018722
0.45056983832493736
3.6939313984168867
-2.7735368956742943
6.778330280031399
-5.465686274509806
-1.1926367643245959
-0.7609551298871776
-0.13220518244315177
-0.9266613714588298
3.2335649385355487
-1.7344033134869243
-2.2128556375131807
0.2963362068965579
4.754230459307007
-0.38461538461538464
5.379665379665374
-3.566194430874442
4.812563323201621
-5.1474142097631725
-2.1656050955414012
-0.9635416666666637
0.7099658164606859
0.3655352480417695
0.026014568158174493
0.7802340702210663
-0.07741935483871261
0.18078512396693922
2.6037638566640946
1.080402010050254
0.8948545861297454
1.6260162601626074
2.8363636363636338
-1.5322960867515323
1.9631314340435693
-2.0192533458558266
-0.7668344116942221
4.684858729775411
-2.9988465974625145
2.5683709869203355
-0.6260143751449081
-1.9598693420438715
-2.665397429795333
6.650366748166257
-1.375515818431912
2.8126452812645333
-0.8365362875876077
2.074783401732778
1.6975653339289754
-1.054249945091151
-1.0654827968923444
0.516042180839132
-1.7857142857142858
-0.7272727272727247
0.11446886446886446
-0.6174251086210814
-0.9664058904740095
2.555762081784387
0.0906207521522506
1.8560434585785397
0.2222222222222222
-0.9534368070953462
