0.8389261744966443
-0.49916805324459235
-6.906354515050159
2.7663014190766977
-1.2585212375458914
0
-0.44255620463798906
-0.0355618776671287
0.017787264318731597
0.746932242575146
1.0767872903795275
1.990918616835483
-0.9417808219178082
-0.7778738115816768
0.8013937282230005
-0.9851365364673428
-0.3316460115203312
0
-1.78633975481612
-0.6597717546362218
-0.6282534553940047
0.8128612716763005
-0.9138147285432758
0.9041591320072333
-0.3763440860215094
0.305810397553525
-0.39454806312769825
0.8282319049333855
1.6964285714285714
1.334503950834069
-1.5248657078496046
0.2991377793419049
4.350877192982448
0.470746469401491
-2.392904953145928
0.4114520829761857
-0.9390472938364349
0.24129610479144728
-0.9628610729023422
0.6770833333333294
-1.1036385583721293
2.371403661726246
-0.8005450519502717
-0.06868131868131477
1.2371134020618635
1.5274949083503053
-0.26746907388833546
0.7039892725444069
-0.13315579227695648
0.9500000000000076
-1.915139508007268
0.31981147954889366
-0.9899328859060365
1.1692933401118415
-2.395309882747061
1.2184657628281979
-1.424211597151573
1.823185414516688
-0.2533783783783784
1.2701100762066047
1.1705685618729098
0.1652892561983471
2.5907590759075982
0
-0.2573588547531
-0.048379293662323526
-1.5488867376572943
0.1802687643395459
-1.5377065270734465
0.016614055490949117
-0.09966777408638251
0.2660458929165319
-0.14925373134327982
3.305098820793884
-3.135048231511254
0
-1.228215767634851
0.15123508654007348
0.11744966442953783
-1.122842299312895
1.644067796610177
0
0.3335000833750208
-0.2825328236662864
0.6166666666666742
0
-0.8282259400364419
0
-1.8039084683480988
-1.0035720360605507
2.079037800687289
-0.050496549402468976
0.7578309195015157
1.9388266755808163
-2.508607968519422
0.4036326942482303
1.155778894472358
-3.9576088756416588
2.689655172413797
-0.9402283411685733
2.33898305084745
0.03312355084465808
-0.6291390728476746
0.9663445518160536
-2.574257425742578
2.6422764227642315
-1.4356435643564431
0.9375523187677922
0.8127384309172296
-0.08226390259953933
-0.9879795817553104
0.8980542158656397
-0.9559914290423714
0.8986520219670456
0.7092198581560397
0.8843760235833569
-1.5259740259740222
0.5605011539729603
-0.5081967213114791
-1.7960125226561177
2.2651006711409396
-0.2461033634126333
-0.2302631578947331
-0.26376524892845743
-1.6033057851239745
1.1254829497732313
-0.8970099667774049
0.6034193764666481
0.04998333888703008
0.2164862614487851
-2.0604852110335625
-0.4071937563623986
-0.034071550255544376
-0.39195637355145785
0.3592814371257524
-1.0228435049437437
1.1023079572855627
1.362862010221465
-0.48739495798318944
-0.6924505995608888
-0.935374149659864
0.8755364806866992
-2.2294077603812155
-0.7658833768494303
0.5262234695667427
0.017448961786777652
-0.9769713886950493
0.5109231853417859
0.6134969325153374
1.0452961672473868
-0.18965517241379704
0.5182242183451373
-1.1170304175975254
0.22592978797359545
-2.0981446159181587
-0.44279135671271697
0.3558085749866572
1.0636411983690834
-0.31573408174005757
0.2991377793419049
0.2631578947368421
1.452318460192468
-0.05174197999309323
-0.6039689387402933
0.8333333333333255
-0.1205234159779497
2.8098603689019055
-1.0563380281690065
1.6268429079817017
0.3335000833750208
1.1301312946651079
-0.1479046836483118
-2.4028966425279825
-0.05059021922427564
0.8267251560654593
-0.06693440428379807
-1.825184192900216
-0.051168343851262926
-0.7167235494880624
0.721897559298736
-0.614334470989765
0.5666208791208909
4.507427010414884
0
-2.025812775690243
1.4507253626813292
-0.1150558842866423
-0.21392134276782426
-0.5112137203166265
0.2817835239516071
1.9504132231404883
-1.3456549935149085
2.0377978635990104
-0.14495087775808943
-1.1612903225806526
-4.3733681462140925
2.269624573378832
0.11680293675956041
-0.03333333333334091
-0.28342780926974526
-0.016719612105002966
0.16722408026755853
1.1853088480801373
-1.0559313644613062
0.0833750208437552
-0.4998333888703765
0.7032819825853871
1.4299966744263424
-2.65573770491804
2.155607948804323
-0.7088691064952305
-0.4316785654989057
-1.0171752542938173
-1.1960916442048555
0.6479113384484151
-0.3896323903100042
-0.935374149659864
-0.738197424892696
1.3836042891732963
0.05117707267143543
-0.08525149190110827
-0.3412969283276451
0.5993150684931506
0.748936170212762
-0.5913161006926846
0.050985723997292356
0.11890606420926307
-0.2714625042416055
0.4933650901667389
-0.11850347045878541
-0.5593220338982974
-0.4602011249360909
0
0.01712328767123677
-0.06848142441362391
-0.5824910056536047
0.7237635705669561
0.18819503849444358
-0.37568306010929736
1.1312992800822803
-0.5932203389830508
1.585677749360606
-1.8294729775092275
-0.13677551718241657
0.6163328197226541
1.4122851795133493
-1.6778523489932886
-0.7679180887372014
0.15477214101461345
-0.7211538461538345
1.7295053614666205
-0.391023461407696
-0.5632360471070071
5.715756951596284
-2.743951940250037
0.18363939899833434
-2.0996500583236166
-1.1744680851063791
-2.3079572855666513
-1.5867418899858956
6.503045503403789
0.5887300252312868
3.3110367892976513
0.2104240854645627
1.356808270069452
-0.3187250996015936
-2.174260591526782
-0.29416571335184744
2.770037698737908
1.4194577352472053
2.67337631703098
2.3127584622453705
-2.065868263473047
-1.0394374808927038
-3.2591906085882028
-0.36723614881046696
-1.2980769230769267
3.0199707744763797
-4.633569739952715
0.31399768633283376
-0.5930807248764453
2.071594298972489
-2.8251339503166064
1.921470342522974
-1.672131147540991
0.6002000666889001
-0.19887305270134767
2.308203254732643
-0.7141697776334973
1.291482752983485
-0.597159457714662
-0.9579477187855134
-1.5573770491803278
0.2497918401332223
0.9800664451827205
0.016450074025336856
2.9111842105263235
0.6872303020616836
3.5396825396825324
0
-1.2877510347999352
0
-1.1647771393073458
0.4714016341923319
-3.9411948701907935
0
-1.1722565939433482
-2.17462932454696
1.6672280229033498
1.010435646844444
-0.2951787471301992
1.5953947368421126
-2.5254978144730487
-0.06643414715163216
-0.29915240152901246
-0.9668278046340981
0.7237838747685498
0.2673796791443888
0.16666666666666666
0.24958402662229617
-1.0622406639004112
-0.9897668176480418
1.1860386309725517
-0.8372404554588077
0.3883823032759126
0.2354920100925109
-0.43631481792247406
2.4102477667284794
-3.308097432521399
0
-0.5957446808510638
-0.17123287671232876
1.6295025728987993
-2.0590717299578136
0.8788557642598696
0.05124701059106051
-0.47806044049856034
-1.0979584834448408
0.5724197745012931
-0.6553984132459391
0.12152777777778567
-0.15606034333277108
0.27787426189649583
0.4676134395566411
-1.4307877952077346
-1.0143406785589288
0.6183745583038869
0.05267778753291563
-2.614952614952611
2.8293386195711023
-5.485453908166853
0
2.70721305395884
0.018053800324972512
-1.2274368231046848
-0.21929824561404337
1.3736263736263736
0.09033423667570009
1.3176895306859124
-0.5344735435595939
0.680637650008968
0.16011385874399167
0.5683836589698127
0
-1.0773578240904313
0
-2.5174076057846855
-0.8424908424908466
1.163649796823064
0.566003286470679
-0.7806826434277333
0.4391582799633993
-2.933139005283298
0.6193693693693822
4.029099048684951
0.053792361484661017
-0.21505376344086838
0.5747126436781691
-1.1607142857142858
-0.25293586269195617
-0.2898025719978306
-1.0717529518619395
1.3404333455747253
0.7428882043848565
-2.3920863309352436
-0.8107610097660016
-1.7276611554894956
0.20793950850662055
-3.6030937558951184
-0.9589041095890366
4.505038529934787
-0.07562866326337253
-0.22705771050142773
-0.9671913521714223
4.174645729605506
2.2058823529411766
-0.8992805755395683
-0.3992740471869411
0.29154518950437736
1.7260174418604652
0.6786926236828127
-0.28383892141210265
2.419498309909273
0
1.3896126454750737
0.23984923762206223
-0.5810972483336143
0
0.5157297576070139
0.2223362408072438
0.95563139931741
-1.4536849222447639
3.3276157804459654
1.2616201859229785
1.8196721311475448
-0.17710513604894906
-1.7419354838709604
0
-1.5594221930400525
0.3835250958812664
-0.21594684385381305
-0.01664724488097598
-0.7992007992008106
-0.6210137630077093
-0.6586725215335208
-0.6970418225093544
0.6676938880328671
0
0.05102040816325757
-0.3229644739078663
-0.11937244201908796
0.08536793580331227
2.9853292391675192
0.11595163160509056
-0.7941760423560481
-0.2501667778519013
-0.03343922421000593
0.6188325806991212
-1.4793882978723365
0.16871941960519654
1.263264274886306
0.14970059880239142
0.6809500083042721
0
-0.1484658528538586
0.46258053857592407
0.1808913007729029
0.131319763624418
-1.8032786885245902
0.5008347245409015
-0.7807308970099743
-0.01674200569226671
-0.7702612190221069
-0.2699966250421908
0.7445008460236848
0
-0.3359086328518643
0.10111223458038807
0.7070707070707147
-1.3707790036777072
2.2542372881355854
-0.861926073263705
1.822437719444905
0.01642036124795119
-0.49252996223936957
0.06599571027882813
-0.5441055234954583
0.14920424403182647
-0.9766594934613436
