-0.5608591885441582
1.4040561622464953
-5.384615384615385
0.4315196998123884
7.2420449592129
-1.2890488909534343
1.2764705882352967
1.0164372422605563
-0.04599816007359444
-0.5924988495168075
-0.6712574503790237
-0.14564520827264782
1.4994165694282406
-0.3391389319997753
-0.028838389664321146
-1.2865632031385192
1.2156633547632936
-0.23097355352812105
0.9376085195045749
0.12041284403669203
-0.2233549052173337
-0.1262771208816465
-0.45402298850575235
-0.6581606142832321
-0.9414773057476634
-0.26400704018773835
1.1588235294117675
-0.23841367680410167
0.07577523898345663
0
-0.39606267109326004
-0.5496754575755725
0.5821132474863211
-0.03507541213608729
-0.17543859649122806
1.9566490919742292
-2.045506780050571
-0.1994368840919676
-0.08228517691313571
0.005882352941171121
-0.14116816657842854
-0.44177416504682804
0.46740030765589063
-0.47700371002885045
0.6568047337278052
0.17635647522191525
-0.38730121471744083
-0.3181148748159111
0.5200638260150217
0.4997354341819037
-0.2749502749502776
0.2933067401888895
-0.6199918114289136
1.2300629745159257
-1.354651162790695
0.41845936229150166
1.320577532574246
0.6429936859178669
1.9511914354782929
1.6089877491108227
0.0277808645405045
0.9831694717547101
-1.463146314631458
-0.07815116668527916
-0.22905027932960387
2.3573548350971447
2.7078774617067833
3.243675099866849
-2.2234832851836637
1.61979633831056
-1.1266874350986524
0.2993225857270412
-2.2198952879581197
-0.29985007496251387
-2.6262083780880823
2.741161546522533
-0.16104788490444494
0.010753844499410983
1.6612903225806501
-0.44952139192976887
0.669358266043344
0.16358839050131446
-0.6690901427743438
0.14320568579610787
0.5508182829299344
0.42665262048985564
-1.867198153781596
-0.9192944949225038
-1.4456791455388907
-0.5966064586754292
1.640878806233147
-0.3196272820846249
2.010869565217391
1.0015982951518356
-1.0918873298871212
0.5279718415017914
-0.12732095490716663
-4.260065866355031
5.448291167332435
0.8523624118699382
2.3946160267111902
0
1.7221174912110844
0.17029802153769552
-1.3750687534376718
0.08111944838774635
-1.6312056737588676
0.3192913791327658
1.4733059548254643
-1.0471998785855237
1.4212678936605294
2.525456195180973
-2.0846649294458963
-0.08536279186543035
-0.10051261433309881
1.1520273669383283
-1.8202616004376653
-0.1722303834658763
4.05439691480184
-3.3453623329757103
1.7911200807265388
1.016109045848823
1.0745829244357257
0.004854604592451529
-2.932038834951461
0.07501500300060013
-2.668532307231016
1.863736715099859
-1.8044354838709655
1.1035827943742942
-2.0967660049753745
-1.2652976560879532
0.126050420168072
0
-1.61036508602602
-0.0906328304099827
0.2828175026680872
2.165699994678872
0.567708333333338
-0.3055569941478114
-1.5999999999999976
0.3061978671734745
1.7157894736842056
-1.1694090862051076
1.3560209424083818
-1.6374812748592409
-0.9242726604348355
1.1396162408565673
-1.0534039096483365
-1.1493644067796633
1.146653806997808
-0.09005668273560657
-1.6065747613997854
-1.077760413859999
0.06537015852263689
-0.47362404050302387
-0.4211793020457305
-0.5657786322438866
1.1103745442492492
-0.016390755613831312
0.15300546448087182
0
-0.29463116542993584
-0.1368063915946153
0.317825634281328
-0.03823674004479409
0.06010928961748137
0.3713614767079997
-1.137167419337292
0.26967528893781456
-0.5982765245073873
1.9878520154610713
-4.390904168922572
0
1.6648734356418746
0
0.9636272489277533
1.1530398322851203
-1.6689391873466
-0.0610128126906726
-0.6993006993006943
-0.4247708473060662
0.10664571171980754
-0.3420241098962663
0.5063576009902104
0.21831616659202102
0.2290118974473628
-0.21734284440482005
0.379782183747554
-0.15022533800701304
-1.019725844199262
1.1146765749028855
-3.9251712042759315
-0.4172461752433831
-2.7292830540037296
0.2632366138199277
-1.2411241720866508
-0.3020965500573984
0.32119265499061767
-0.44702186782651265
0.6796116504854397
0.29532304725167935
-0.504777357129972
-0.3442652654466416
-1.05454545454546
0.6186451059659522
-1.1018445242588504
0.14157331035332896
-0.9219988936013276
-0.7382591972206769
-0.15000000000000568
0.28167250876314476
-0.8800948754759322
0.2896725440805988
-0.6153459751349966
-0.41698256254737864
0.9009009009009038
0.43385311871226506
0.10016903524698782
0.06879729814246725
-0.4375
1.8141870684243622
-2.4847401196128107
0.06322711178553364
-0.2780235056236487
0.11405398555315895
1.8481012658227878
0.7892120308227719
0.46242061779394533
-1.0617405179820905
1.3708826995844017
0.47117855831599836
-2.247396309154034
0
-0.16822429906542338
0.3432565686825189
-1.673093668366704
0.04427857549495971
-1.2455741021750013
-0.044817209808569396
-0.7750448373046461
0.5616164224388385
-1.4700218256515512
-0.8339305492214595
0.9132120097234144
-0.1367187499999941
-0.3390051502705551
0.21586969320337243
-1.9647519582245372
-0.12650642519475935
-0.8
0.7056451612903226
-1.0143476810143508
-5.615856536101933
4.100000000000007
0.18526142445449553
-3.314841449215798
-0.11333852801587706
-3.0210623360045323
-0.5411334552102444
2.448349386074567
0.47366154729438126
1.8142857142857207
0.3157008559000982
5.343030981187486
-0.2854677023169325
-2.0705725699067847
0.6050717247943342
-1.682659818894436
0.28180630971200143
-0.13022618231666147
2.8000823553634056
-3.0442619667534636
1.4941816429112473
-2.842605156037998
2.3671531317645482
0.8935879945429679
-1.2237171252788797
-0.9103353867214206
2.493610554672923
-3.605607224693355
0.0489407816542016
1.2718378756114637
-0.14490753519183938
-0.16584893925781657
-0.18689001176715203
0.7212205270457761
0.11016248967226032
-1.5680880330123765
2.8926774734488445
-2.111910905880749
0.1595560180367641
0.1593018423604346
0.062236359864469334
-1.5480304077401583
1.0810051944405512
-0.15277777777778093
-0.2712477396021605
-0.8438524304344889
-0.39386692924461314
0.9603163395000641
1.5316827528325705
-1.1779293242405549
0.2788233653980204
0.10426803837063812
0
-2.631761683216434
2.5887890457851914
-3.107403545359753
-0.2654613287415731
-1.1797712394791644
1.8999781611705546
-1.3573367623946277
-0.057937427578212235
0.0289855072463834
-1.441611127209511
1.4920984932010257
0.6662804171494818
-1.0647482014388456
-0.043630017452016896
-0.683835297541093
0
-0.23439789041898956
0.5873715124816447
-0.5620437956204413
0.07340527049842178
1.4450231056994092
0.14461315979754158
-1.9566787003610042
0.20620075115987585
1.2126111560226354
2.352599477200106
-1.8090238365493758
-1.5967054403583492
1.6299559471365672
0.2817511920242641
-0.49708234277068397
0.20272227048942618
-1.9580924855491264
-0.18424349620458397
-0.14028352037803388
-0.9168207024029642
-0.43280352212521117
1.6937720152889257
-0.7148647652737892
0.6235154394299186
-2.2573030392446083
4
-6.915820029027573
0.2884540422546227
-3.3037935323383083
0
-0.7717662191494602
0.4455966944827028
-1.2663332795612232
0.9639735315742327
-0.9466785338619665
0.7841855905897654
0.2026260333927703
-0.5095850521717993
0.6260162601626054
0.2100670598691047
0.0241876965250306
-0.20957601160727948
-0.6381260096930607
0
-2.089261035688141
-1.5194287612089157
-2.891830368434361
0.8942524743879107
-3.5883314688925068
-1.6333452338450714
3.1394610289447544
1.6891000263921918
1.0468033566917474
-0.5650684931506772
-0.12054417082831848
0.9396551724138009
1.9386796481338984
0.15918230563003444
0.1672940192388122
-0.9603340292275574
0.96964586846543
0
-0.8601252609603303
-0.44642857142856757
-0.203062864878593
-0.5426027977956839
0.6308072628079525
-1.7196103346039775
1.8876055852439115
-1.8103375348955135
2.5846471956577926
1.0665994792978957
0.11633704503904466
1.7181274900398444
-1.5177478580171284
0.4225702212279318
2.813531353135306
0.6420030495144853
18.30794992424848
-0.24937655860349434
-8.11486486486486
-0.036767409368335904
0.8680300132411324
0.35005834305717287
-2.042151162790691
-0.28192002374064706
3.719961312402351
-1.140520766085637
-0.21041938760703024
0.007271140842008029
1.5268285589646646
0.35090232025206697
-0.4638549917933348
1.2044737596788038
-2.6919807310852937
0.4659289458357667
-1.8115942028985508
0.36900369003690037
-0.7720588235294118
0.037050759540570584
0.05185185185185522
2.465388317168872
-1.9508670520231215
-0.07369196757553427
1.5339233038348048
0.9514816966879821
0.03597381106554428
0
-0.7767548906789543
0.46390258045811045
-0.13708513708514364
0
-1.5533559713893506
0.10274475267870917
1.2463343108504399
0.2172338884866039
0.7442196531791875
-0.16495732625689985
-0.5675287356321904
-0.043349468968998564
1.561257679797608
0.021350793537839436
0.9250035577059911
0.5358150028200726
2.6437587657784043
1.1067841770854714
-0.35813230623692016
-0.033907500339075004
-0.1967302082626595
0.24469820554648647
-1.566314076484941
0
-0.5717434731693845
0.18013024802548905
-2.1092669432918396
-0.6640762981278764
1.0738923262925921
0.2462707571066704
-0.3298940127746224
0.704225352112676
1.4335664335664335
-0.31713202344018676
0.5532886091707586
1.5131714698397414
0.2100413307134568
0.8722109533468622
-0.6836919364568701
-1.4510359721941013
0.3698123544719808
-0.3820960698689895
2.3219178082191845
0.4083271972688874
1.4533333333333303
