0.9245519917817626
1.7869260348337428
-4.155555555555553
1.6461859494551276
0.35355839416058654
0.46596204114104134
-0.5090497737556561
-0.18192154633314642
0.31894293199681834
1.055978199159754
-1.0337078651685445
0.7152588555858388
-0.022545372562286718
-0.45100913293494194
0.6795786612300374
-0.14624817189784617
-0.518251464623707
-0.3284258210645501
0.7499147824110922
0.10149994361113987
-0.3943217665615142
0.7691437620178662
0.5500056123021638
0.022326412145573286
0.05580357142857143
0.9035136642498631
-0.5637850983860295
3.324068927181765
-2.410157090596081
1.047409040793826
3.1860338243317017
-1.6601459236544407
0.6881720430107502
0.3630926954293013
-0.5320280910832093
-0.941377834830975
0.6587473002159852
0.36476772878446273
-0.33137359700695057
0.8151008151008176
-1.1382978723404304
3.303561820725282
-2.354166666666669
-0.7894175378707038
2.4301075268817227
0
-1.5641402477430166
0.8104937613309063
-0.24330900243308523
0.27571580063626966
-1.395939086294421
-0.042900042900040465
1.083690987124466
0.13798959770724492
0.847996608013568
0
-0.021021652301863758
-0.6307821698906644
-0.9733389758781258
-0.18162393162393647
-0.8134432195226275
0.550339915830356
1.3629534234814387
0.07411328745368401
-1.7562420651713946
0.01076889941848188
-1.8735867341445127
0.07681334357511747
-1.557017543859654
1.3588772555134825
-1.010989010989016
-0.08880994671402692
-0.844444444444447
1.9610040340654415
-1.7914056489724095
1.0631154879140554
-2.4803454766913937
0.499602588849776
-1.1976047904191642
1.0177244139508264
-0.24903780846727777
0.1702224239673173
0.49847060156338246
-0.3269079021530805
0.48631531327753386
0.1800787844682074
-1.0223570385349985
0.340522133938706
-0.9954751131221669
-0.38848263254114385
0.25235145675614196
0.011441647597256606
0.02288067726803933
0.19444126729955913
-0.17123287671232876
0.10291595197255314
0.3198537811286347
-0.034160783420640876
0.20503474199795743
-0.1932476980788957
0.15945330296127302
-0.4775983625198922
0.5370201096892061
0.22729855665416526
-0.294818006576712
1.4215853519845332
-1.8053375196232238
0.9249743062692599
-0.8486082824168364
-0.6846970215679562
0.8617718028266116
-0.045568466621095614
-0.20515158422611746
0.27409776153494486
-0.7289293849658288
1.009637448370807
0.011358473421174778
0.4997160704145346
0.29381851056616826
-0.8450704225352113
-0.625
-0.5145797598627787
-1.5747126436781662
0.43209155669742444
-2.569767441860468
0.2506265664160428
-1.8333333333333306
0.29105020616055993
0.04836759371221007
-0.07251631617114125
-0.15723270440251022
-0.4239854633555421
0.024330900243314534
0.5594745803940536
-1.1490082244799227
0.0978832741955302
-5.268304608238604
0.14193548387097069
-1.0436799381523028
-0.27343750000000294
0.052226139182657956
1.7878115620514219
-2.3205128205128234
1.050006562541016
0.09092089881803422
0.6618219569166912
-1.8306046151862891
1.891004596191724
-1.804356231473128
0.6693791836199007
-1.7470664928292017
1.2473460721868335
-0.3407601572739217
-0.3024723829563328
1.8731038121619747
2.524925547067202
4.672897196261682
-1.0617760617760563
0.18292682926829268
1.2903225806451641
-1.009494051195767
1.1776132086924769
-2.6877849772018214
-0.6041923551171365
1.2901625108547299
0
0.012247397428049325
-0.29390154298309784
0.8965856055023279
-1.0225197808886155
0.7871110564506183
0.3050640634533252
-0.6326034063260396
0.2693437806072534
2.8449328449328393
-0.937908108749849
0.7909875359539816
-0.11890606420927467
-1.2738095238095293
0.25322561196189836
0.7216742843396681
-0.7284451874850756
2.333694213881883
-0.11755025273304337
2.97752147816876
-0.36571428571429093
1.6976370727231096
-2.8874351454996643
0.8246225319396078
-0.2995046653611361
1.663778162911609
-0.9546539379474914
0.1376936316695405
-1.4437951185974587
-0.9766306243460036
0
-0.9862627685804967
1.387406616862332
-0.3391812865497049
1.6195282243868037
-2.124956692458711
-0.6371681415929177
0.7481296758104684
-0.2828854314002802
-1.6903073286051955
-1.142238788024528
2.955485283386032
0.8741878322504403
-1.1008314790959102
-0.5210183540556516
1.0593976907510982
-1.9670200235571313
1.6340261924786763
1.193994562004968
-1.8341121495327155
0.47602046888016186
-0.8883098424730547
0.011950286806886083
1.0514995817899473
-0.43750739032754465
2.3990498812351597
0.9742519137091136
-2.7222605099931134
1.2398157987956075
-0.18661068346163084
0.011684973124564471
1.168360789811894
-1.824691072872151
1.7997882602046764
0.08088745088976722
0.6927606511950121
0.5045292970989539
-0.9583571021106648
-0.4607764082478977
-0.9142460363383841
0
0.28030833917308773
0.10482180293500783
-0.4653868528214078
0.07013442431326976
3.5042635206167505
-0.6884098860173821
0.5454545454545403
-0.09041591320071819
-0.5882352941176522
0.36413290851161195
-1.428571428571431
-0.977685760294456
-0.7434080613311624
-1.45114101813926
0.7006293789336157
-0.2358490566037736
0.0591016548463357
7.253396337861782
-6.09097918272937
0.8562045507858262
-2.7328759158041636
-1.7097082735533184
0.14596764383894073
-1.3603789627110328
1.5638468168944626
-0.8123181377303507
1.3201320132013146
1.3029315960912136
-3.0248898416101095
-1.2648900896475446
2.3134328358208984
1.969365426695834
0.2503576537911329
-0.5470329408966611
-0.035872294631107804
0
0.23923444976076555
0.011933174224346388
-0.2982937596945472
-0.011967448539973998
-0.40694195092758556
0.44465809397908085
0.813591768365646
0.011868027533826576
-0.450931529607223
0.2860889259744877
-0.011886366337799721
0.5706134094151158
-0.8156028368794299
-0.40519604337980897
-0.5863348091420475
0.21665864227251666
-1.2130674993994743
0.15805471124619508
-0.6312211701869304
0.17102369899828698
-0.7560975609756153
-0.4546571639223313
-0.01234415504259014
0.30864197530864196
0.03692307692307133
0.14763779527559615
-1.5233415233415206
-0.19960079840319644
-0.4625000000000057
0.4772070827577632
-2.149731283589557
-1.3411674543364416
0.9709994821336095
0.4359533273496573
-0.30639601685177803
-2.3818670764502525
1.2724649088285513
-0.05181347150258773
0.22032141005701553
-0.42674253200568407
-1.3246753246753307
0.03948407475652385
0.09209314563872277
-0.61777076761303
-0.4099986774236242
1.049136786188576
-1.3799448022079117
0.21321961620469387
0.3723404255319088
-0.6226815050344372
0.07998933475536898
0.30638071133608025
1.7131474103585627
0.0130565347956682
-0.97911227154047
0.01318391562294301
0.5009227524386969
0.6558237145855195
-1.0685431326557118
0.10537407797681171
-0.13157894736842105
-0.02635046113307582
0.21085925144966036
0
0.6180957390846983
0.13070186903672723
-0.45685941783057044
-0.3278258589037503
0.2104986186028184
-0.7483261126427787
-0.873015873015876
-0.1868161195623135
1.430481283422466
-1.726637669698171
1.8776824034334763
-0.3949447077409163
-0.9516256938937411
-0.44035228182545433
0.4154939016217696
0.1067805659369934
0.11999999999999697
0.11985617259288552
1.0774142059058291
0.8027372022634587
0.37859007832897873
0.11705033164260337
0.48064432320083733
-1.176470588235297
1.0989010989010959
-0.09057971014491871
0.1554202823468374
1.5776542092331627
-0.39465308720560444
-0.038343558282202775
-2.518859480884803
0.9968520461699926
-2.4675324675324677
-0.3728362183754933
2.4458700882117017
1.5916503587736524
-0.5008347245409132
2.9943211151264904
1.7669172932330857
1.95788695973402
-0.9299516908212615
1.170303547482631
-0.48198578141944814
0.7385882068047007
-0.2163461538461484
0.0361358708744826
-0.46959662853702316
-3.242196951367054
-1.9879969992498097
-1.0205383339711698
-1.3661554324010856
-0.06533385600418137
-1.6997907949790796
0.013301409949457667
1.6890543955313269
-1.6348417473188595
4.135088419093209
0
3.192032686414709
-0.0247463499133934
0.4455445544554484
0
-0.6653523903400662
-0.2604812701562916
1.6167143390125607
-1.7868070003671548
0.26168224299065707
-0.5468555804126245
1.262184453886517
1.1970874984573672
2.2073170731707346
0.21477150698006856
0.03571853792118922
0.2142347060223702
3.646080760095017
-1.4437951185974587
0.4650622020695268
-0.7985186899664364
4.1180587960802555
-1.4901960784313675
4.856687898089163
2.082655385616666
-0.8606949314631838
0
1.264737406216501
-1.5558848433530834
-0.25803677023975674
0.8946857820416033
2.4038461538461537
4.747000521648409
0.41832669322709615
0.0892680023804778
2.645922108809824
-0.10619810774279871
-1.6719822170677556
-2.673481423235692
1.8380125227226753
0.3669178897263036
2.2033395909495175
1.4984532095901004
3.0669587579769324
0
-3.234451529433509
-1.3656766306942942
1.4136328427575655
0.24823372159632506
3.142857142857143
-0.10156971375807101
-0.8041408632960574
0
-1.7144986954901313
0.15168752370118851
-0.5206361226808027
-2.1695689409078103
2.742923840093381
0.3502792767206329
-0.9245283018867881
-0.019043991620648015
0.5047619047619004
-1.2603051265043073
1.47792706333974
0.24588613580479562
-2.0377358490565953
-0.9630200308166409
4.58965383119407
0.4090740052064049
-1.1944444444444529
0.009371192952875685
3.682533733133429
1.8798011748757302
-3.5394304976492386
-0.25749494206365475
-1.0326387608334704
-1.8911868828023273
2.2694900769157815
0.18570102135561745
0.4819277108433777
-1.1805939863493777
2.258726899383966
