-4.1435114503816735
0.8154684165259742
-5.087048563935669
1.2683511435134294
-1.334648257725178
1.2860665022989242
-3.6743421052631517
1.5606324488611076
-1.3853396099529192
1.0024549918166814
-1.610289649584762
2.3846285812317722
-1.2567024128686326
0.11878499915153572
-0.9661016949152542
-1.078213246619887
3.923875432525955
0.4861157354997639
-1.265738899933725
0.0067118598563600945
-2.0604026845637615
0.8702802713629854
-1.059782608695646
0.5561658884921662
-0.23216114714920388
1.2935459585244058
-0.9391891891891954
0.42630107086829006
1.83380310388155
0.7770033681261941
0.7511581733950966
0.006568791670781123
-1.1527472166573585
0
-0.6711409395973245
0.8830612791008862
6.438992042440312
0.6105538595726236
-2.7834540838442035
1.6592885123730026
-2.424812030075191
0.05779233288384325
3.340392760877933
-1.1116286290948667
6.192106006845238
1.126585647121438
-2.5672514619883096
0
2.2327591381069594
-0.19374156050020283
2.0852941176470616
0.8355181653173528
0.4571559187405354
-1.1177792314912307
-2.8677443479261298
-1.0927181734727143
5.02095808383233
0.4076745445733724
-3.50936967632027
1.9891713747645923
-2.6774379688401666
0.49804340092494315
-1.0412979351032503
1.845172444629925
-2.142480828894217
-0.2811509242088919
-0.24295140971805365
1.6146005592471155
-3.5447982009705212
0.006135345726726121
0.34049079754600947
-0.33933539176423555
-1.2699386503067513
0.04349717268377838
-0.5807453416149012
0.30300190547589473
0.14948614138898106
0.44156974936251686
0.46130030959752605
1.0816974328946936
0.25304878048781043
0
1.7942401848979714
0.37941027096465263
3.4345238095238124
0.1323588651665969
0.2442528735632184
0.04299842339114233
-2.3323782234957045
-2.2179193803907737
2.1392139213921446
-0.008812384337460913
1.7920094007050529
-0.02886002886002886
2.5375288683602797
0.002815394577547483
0.4588963963964015
-5.697390914441055
3.0668647845468
0.34600080733521715
0.14079650594793663
-0.1750308455998367
1.5665421098016672
0.014150275930380643
-0.6451612903225858
0.02278423331055428
1.9646924829157175
0.16755096341803966
0.08084750487873128
-0.8328922811220394
3.258426966292135
1.7410228509249184
-0.053475935828877004
1.5783841626538255
1.0929681327363707
0.29959619643089747
-2.0025974025974
1.4975218002067374
-2.0107588656186346
-0.9700458373307773
3.8374596340150675
0.37319234955683644
0.9759876065065888
-1.8666257543213665
-1.5138881650945948
-0.2566341244014027
0.9283819628647215
1.437582128777919
-1.0052594761250804
0.028789028762854538
-1.6875981161695448
-1.9294743845642048
1.7313432835820945
0.13604353393085544
-1.3612509656623752
-0.7777897807064973
-4.188894937397934
0.33805857788131277
-1.9026047565118862
-0.14142230431771216
-1.1011878956039165
0.6575486586007364
0.06677699387392873
-0.768873672604886
2.7864682319230485
-0.4380724810832363
-2.60285714285714
0.5045615887822998
0.3181459969061058
0
-1.483852196683154
-0.1772002362669817
-0.28402366863905054
-1.1986707809162145
0.05705705705705979
-0.17707614274138153
-1.2748045700541217
0.7430868558898798
-1.3603385731559854
-0.22678516702421364
-0.8170536920997638
1.2697429544750696
-1.785932721712541
0.881180719890403
-1.120404950770091
2.0071169933824504
-1.8391015636953367
0.3959099694494612
-0.6396522279149173
0.240632519766237
0.4115226337448645
3.076875310481865
0.30121389198469833
2.087149764257185
-1.2737541919162259
0.8521796132415574
-3.530593553342985
1.6170525542080174
-2.417118746232665
-0.09265550682562233
-1.5085940398169957
0.45197740112994633
-1.7372828396450415
-0.39748155685576186
0.4852664176483676
0.44797458300237997
0.800227732793528
-0.8440804543600392
0.8417721518987313
0.015690704826460806
0.4706472969156914
0.02810655507323603
-0.743053387449272
0.025163563160549254
-2.110062893081758
0
-1.3941983359568277
1.9351685942335914
-1.1505640960081818
-1.0637265996314167
-1.2450980392156834
0.06949270326615405
-0.6746031746031776
-0.11985617259288552
-0.38999999999999396
-0.27774989124251853
0.8288590604026784
1.104935600891945
0.41805194377694516
0
-1.330885727397886
0.46179401993355784
-1.2963391646549247
-0.15411934197741514
0.3389148015167246
0.6855728713798409
-0.6045105789351254
0.5847953216374269
0.4983388704318937
0.03636363636363336
0.18505667360628894
-0.0560741498169284
-0.49174917491749476
0.03316639580776757
-0.6962633864924903
1.1618977663517138
-0.9505264200138678
0.7597214354736658
-0.17196335857668152
0.112631265114125
3.1071109493398663
1.087933247753533
-0.5777961205117709
-0.17881661717277866
-1.3019417165157807
-0.1750178258896769
2.2272727272727244
1.6261195451946984
-2.806425401587605
-0.04180064308682257
-1.492585325055478
1.0841524344446924
-1.3212728153771633
1.090159104301715
-0.6476893681790213
0.6388734965285671
-1.502834008097169
-0.6247739304856795
0.26471658780318325
-0.19801326688888157
-1.2301180516517252
-0.36157889450601566
0.4468935855650073
0.3545862045895467
-1.419999999999997
0.1893555149793707
-1.3736078299021202
-1.3071895424836695
-1.6677646406157869
-0.5571227080394987
2.485639316360555
0.42556136041240444
0.51333287397506
1.1585261353898948
-0.5692406736014699
0.05111603339580849
0.6846049046321495
0.4702141334866916
0.2929292929292868
1.376439386309464
-1.4372288637944046
-0.21167221046266108
0.17845117845118458
1.0956878297986727
-0.6150470427873267
-0.07024821034320965
-1.3423492786128062
-0.24090662323561038
-0.7516751130913883
1.1069225496915758
-1.0304036877605698
1.7123874105277577
-2.01016869254858
0.06528760909903412
0.10988633632087748
0.16464857819091439
0.7533988562035547
0.6050100268515748
-1.1723369032737685
-0.17434705319294097
-1.4657032293414516
-0.5977826434504665
0.43005489318555934
-0.08355382258738654
-0.29268292682927144
0.013978194017336139
-0.19217330538085256
0.47260633642569577
-0.9407665505226481
-0.4713330988392575
-2.9014701724625356
-0.19654231119199603
0.48502972174611364
-0.45728387892864586
0.1822954644888435
-1.2264356940097632
0.7663682251943621
1.9964166879959013
-4.251658003226382
1.8345875921973867
1.5552042354498226
0.9014553616682388
-1.2450217071507954
0.01453277139950919
7.628596338273757
0.3813959767787136
0.2051040650953199
2.0032212603181088
-2.2665219250633273
0.23561090541905083
-2.562122229684358
0.6272185270703475
0.25685811157916366
0.7412721186035327
1.2614017835950044
0.12389913940326885
-0.2642140468227455
-1.0730693135709735
-1.891461306396384
-0.8361261790415738
1.4494268492386995
-1.7721605934677307
1.0244397049054292
1.958884197411224
-0.6754921928038049
0
-1.5173780800382795
0.2151507790540401
-0.12119533224834654
0.003466925530436453
-0.6656266250649963
-0.41880431368443094
-1.2231451302001222
-0.08515469770082638
0.053267045454545456
0.014196983141085749
-0.46843394016822004
0.18896851713196358
-1.3950177935942996
-0.11909917713296454
-0.3794037940379404
-0.3953572723975369
1.0633261716616391
0.5332756819082523
0.44442851510698866
0.231935771632471
-0.22427910288359493
0.007135976023130298
3.4321595490384893
-0.48290848884136456
1.795431700807604
0.0034049507984578653
-1.491317671092958
-0.5011751693626435
0.42727620106298614
-1.00657212037357
-1.100667388797652
-0.36390616167326817
-0.08510336512889936
2.7043333215033636
-4.025709250492415
-1.1269532656441341
0.6117767015039577
0.6152955228202251
-2.064822475628623
-0.014692378328745306
0.5069615370486089
-0.5775064878102336
-0.5440976434689802
0.5285920230658236
-0.5258126195028581
0.17373304254610644
-0.660516605166055
1.0326510902269672
-3.0662892018088934
0.1365446614830233
-2.7233816900875003
0.22973288684682233
-2.5018453051552036
2.797147069370852
-4.019535640916325
0.004038446005991592
2.116060251181183
1.4750662395697467
3.199532346063909
0.07552584872172502
3.6715595637900527
1.3066899614180714
0.23712858836632444
0.003584357862285711
0.4551971326164809
0.7314375423698577
-0.2585718333805514
1.203877978621403
1.6001122885816517
-0.11742764384886685
1.0477178423236577
-0.07870512952127372
-2.3801369863013697
0.003508156463775094
-1.2278116887672772
-0.2663730643557324
0.8546704177201667
-0.35309487659334066
-1.2685588745969216
0.0035889889818005614
-0.7536606373815676
0.003616113401312976
-0.22419092388355877
1.3989055195158158
1.708424175274303
0.15110517623081077
-1.340350877192976
0.6437157692581232
-0.8162832608926078
0.47028644719965146
2.4645390070921986
1.8965218896002831
-0.3328465169989533
-0.08519338899301414
0.14665757162347143
1.7573136259918913
-0.803239733592155
-0.13158338675394213
-1.2229729729729668
0.07524454477049791
2.751196172248804
0.11974056211541358
-1.023221819873085
1.0270868996072873
-0.9369082029303389
0.2783646912835021
0.7859531772575251
-0.3782976605276287
0.15322607508077377
-0.09312535337744794
2.2337627750590867
0.03581895148159912
-0.7519286481559816
0.032797638570022956
-0.3049180327868912
1.2924655506955696
-2.0032467532467475
-0.40751416360203363
-0.5954757152361974
0.16063719420368067
0.3408065755621577
-1.1021943991209053
-0.5353535353535385
-0.07108764090585658
-0.6775067750677507
-0.20463847203274216
-1.1380724538619338
-0.5738583330452487
-0.23295434790166608
0.9653586115564166
-1.366884125504812
1.0638670166229254
-2.08455971467157
