-7.139639639639638
5.432937181663831
-1.633310328962495
1.8709073900841908
10.078053259871437
-0.9801876955161603
1.411120471777588
2.263759086188988
-1.6043866774979645
0.660474716202268
-2.7065819151117467
3.772391991570069
0.26401299756295926
0.46586996151509247
0.3830645161290277
-0.040168708576017
0.020092425155720864
-0.14061872237846296
-2.4341178837256128
-0.30927835051546393
1.4477766287487073
0.9378185524974563
0.7675217127852867
-0.20044097013429546
0.6025306286402893
-0.9782391694949046
6.854838709677419
0.32075471698114066
2.7459093473763225
1.1166025993044157
0.12671976828386053
-2.874706201410229
2.3454951600893352
-1.2368133866860596
-1.8047882136279843
0.3188297074268439
-3.290334641989161
0.07732456988209761
2.491790612323735
0.26385224274405905
-0.5263157894736756
-1.738473167044604
1.6923076923076836
-1.2670196671709404
1.8961884696418265
1.1466165413533878
1.077866567552491
0.01838573267145114
1.1948529411764706
-0.09082652134423251
0.41818181818180994
-1.0501539018649204
-3.4400731930466524
0.8338070873602382
1.5598571697049342
0
8.290155440414521
0
2.067669172932315
-0.25113008538422904
-0.7217186975495057
1.3355874894336395
-0.88421755088421
-0.7069516916344126
0.6611290049160836
-0.37049511620072956
-3.110209601081808
0.4884856943475147
-1.5798611111111152
0.1234785676486233
-1.7618040873854826
1.918938307030117
0.2991377793419049
-1.5087719298245654
0.07125044531527917
0.4093983624065625
-0.01772735330615542
0.28368794326241537
-0.937057991513449
0.35695163305372124
0.604659434465604
0.5656708502739847
0.035155563367910966
-0.36900369003690436
-0.3527336860670194
-0.5309734513274337
1.2633451957295414
-1.8450184501845017
0.6623702112423795
-0.3556820202738752
1.3028734606460948
-0.2818886539816812
-0.4240282685512327
0.39034776437188284
-0.3004595263343817
0.8509129586952587
0.21093338020742583
0
-1.578670408700228
-1.1584387809659598
2.271907681211688
-0.017630465444291737
2.0102274731087952
-1.9360414866032922
-1.2515423937951542
-0.03570153516602025
-0.6964285714285674
1.2587664089192592
-2.095542532409886
1.2515871576274427
-1.1823719097097853
0.1631617113850575
1.647058823529416
-0.12464387464388274
-1.212337315029409
1.7866811044937696
-0.6737588652482189
0.4641199571581415
-0.6574271499644513
-2.7007690931854804
3.6580882352941133
2.5891115446001107
6.741573033707865
0.728744939271255
-1.6720257234726652
0.29431000654021494
-0.6684056080860813
1.756113572952576
1.806451612903233
0.7287705956907333
-0.9122365523749536
0
2.746031746031739
1.5294299397497437
-7.121119902617174
-1.195937090432496
-4.14524954402255
2.2314478463933534
-0.7783417935702238
-1.756480218281029
-1.85731643811839
1.1850017686593644
-2.1324943191749774
0.16074298981960658
1.6583452211127085
-1.4032625855113137
-1.3698630136986383
2.5252525252525255
2.287121745249824
1.1523907808737608
-0.4080938615881614
1.1951511012463718
1.0966762274337776
-1.1849132176235018
-0.6248944435061722
1.9204622705642538
-1.9676504919126343
1.7009695526450077
-2.007024586051179
-0.10240655401946112
-2.9386639330257873
2.323534588980801
-3.302941682435908
-1.6900907311866216
1.284835323923276
0.05360014293370636
0.44642857142857145
0.4800000000000081
-1.326963906581741
-1.3268782499551892
0.5815009994548511
0.45167118337850043
-2.338129496402878
2.688766114180483
-1.398852223816368
1.636958894143325
-3.8654259126699912
0.577066269545776
-0.9439200444197501
0.14947683109117235
-0.8582089552238849
0
1.5995483628152052
0.25930727912575985
-2.8080546831701336
0.5892415890515155
-0.5668934240362812
-0.0760167236792267
-0.5135032331684922
-1.3381762569298412
2.712652586708002
-1.3582342954159679
3.9586919104991485
0.18395879323031641
-1.5056922511935449
-0.6524981357196122
0.7130793769938203
1.7328116266070344
-0.6410256410256411
-1.824884792626724
-1.1077731881336794
-0.7024871843554291
1.6634799235181732
0.2633063757758091
-0.6565372350403301
-1.925981873111791
0.15402387370043671
-1.9607843137254988
0.01960784313725936
-1.9800039207998474
-2.860000000000002
-1.1735639283508315
1.104166666666669
-0.6799917576756669
3.8174273858921115
1.8784972022382163
-2.0204001569242864
-0.8408408408408385
1.2315768221279964
-0.2792181890705978
2.4200000000000044
1.9332161687170428
-2.5478927203065154
2.201690583841162
-2.6158876707058987
-0.5925340707090657
0.7152791575600965
1.085026632471888
0.7611241217798551
-0.7747433662599265
2.9279718914698423
0.6447942347809769
-0.48991897493876435
0.037871615224376404
-2.3660798788567106
1.2020162853819398
-0.19157088122605365
0.13435700575816611
-0.9009009009009096
0
-0.01934235976789608
1.257496614432192
1.3756209400076511
0.5277044854881181
-1.237345331833525
-1.8223234624145614
1.5854601701469317
-2.9311001141987014
0.4509803921568538
-0.4489556900253669
0.4705882352941132
-0.1366120218579213
0.039085401602499244
0.7423324868138442
-3.8782237735117424
-2.118216663304418
-0.5976916735366812
1.1818370308936323
-5.286885245901641
-0.4327131112072696
4.476314645806176
0.6655574043261208
0.08264462809916885
3.1998348472336913
5.4410882176435384
0.1517738569531312
-3.788596325061565
1.8704469383736957
-2.551217626594509
-0.8131693772312507
-0.5198960207958454
0.8643216080402033
-0.677560781187731
-0.3410914927768838
-1.69116166700221
1.8636084374359954
0.5830317651789373
-1.0593643813711795
-2.2626262626262603
0.06200909466722021
-0.26853955794257617
0.6628003314001634
-0.020576131687247475
0.020580366330525363
-0.12345679012346147
-1.112484548825706
1.2916666666666643
-0.41135335252982314
-0.4337050805452222
0.6845052893590446
0.041203131437998655
0.844316309719927
0
0.3675719828466431
0.08138351983722833
1.646676153689779
-2.7600000000000025
-0.8432743726861304
0.8297033810412777
0.39086607693889674
-1.2500000000000047
0.06225357958082826
-2.550808793031939
0.4894658437965549
-0.9953409572215139
0.2994652406417064
-1.1303049690765525
-1.5962036238136397
1.31521262604121
-1.10341843357853
1.7064099759352338
3.1834803183480345
-2.772566187200336
0.4931389365351654
-2.2402389588222746
0.021824530772593352
-2.0292384900720077
-1.9821826280623558
1.1133833219722737
0.1573033707865143
-2.737267220103206
1.2456747404844237
1.367053998632946
0.04495392222972477
-1.3030779600089892
0.5463236967903431
0.2943174100067945
1.580135440180587
-0.8222222222222197
-0.5601613264620211
-1.4646237043713384
0.4116167390807252
0
0.20496470052379348
0.43181818181817666
-0.4299615297578587
-0.40909090909091167
-0.06846188954815413
-1.4158483672071225
0.25480657864258116
-0.6238447319778162
-0.48825854452453443
-2.079439252336443
0.16702457647339264
0.3096712720343047
-0.2849679411066363
0.09526077637533559
-0.07137758743754731
-0.42857142857143127
0
0.38259206121473527
0.02382086707955357
4.358180519171234
0.20538566864446237
-1.913003871555462
0.6965405154399814
-0.43809084620705036
0
1.088466882816116
-0.09163802978235447
1.5592753955514684
0.654775344321525
-1.884253028263803
-0.16003657978966362
-2.152507442179981
0.49145799204305307
-5.752212389380529
1.7049666419570138
-0.34013605442177697
0.9751340809361287
-2.172863351038146
-0.7403751233958539
1.4420686225758357
-0.49019607843137253
0.7142857142857086
0.26901442895574046
-0.7317073170731707
4.619164619164622
-3.4053546265852512
0.2674446875759703
1.6003879728419066
0.09546539379474397
2.4082021936099243
0.023282887078002967
-2.956238361266305
-0.4317582153993655
-2.0236087689713402
-0.02458814851240863
-1.4018691588785157
2.4943876278373662
1.02214650766611
0.4095398699108621
-0.5038387715930956
5.8355437665782475
-2.2100706311232603
2.4930102516309387
-1.7049329393043875
0.39315448658650454
-0.5067956692006554
0.16207455429498624
-1.248266296809994
0.11704119850187267
0.5611409866729096
0.441757730760283
2.314814814814815
0.5656108597285068
-2.0247469066366706
-1.6991963260619924
2.1723896285914397
0.5944215820759083
-0.11363636363636363
0.045506257110350085
0.8869683875369648
0.9693417493237048
-1.138647019423971
2.710027100271003
-3.913808267370275
1.5560640732265472
-1.532221721496172
2.951945080091528
-3.0228939764392013
-0.06876002750401361
0.573394495412844
-1.0262257696693273
0.2534562211981619
-1.172144334635721
3.186046511627904
-1.2170385395537475
2.16746520647958
-0.40196516301920754
-0.06726457399103394
0.4038590980480169
0.46927374301676483
0.24466192170817747
0.7100066563124005
-1.4760960564000858
-1.0957066189624278
1.0852362649785239
-1.8340416014314571
0.5012531328320906
-0.7027884833371169
1.8036529680365245
-2.085669432608198
0
-0.27485112230875985
0.16077170418007475
0.11465260261407934
1.0994044892349872
-1.5405527865881186
0.9664058904739964
0.2051048313582446
0.9097111667045713
-1.4424160468785165
0
0.32014635261833463
-0.6382493731479397
0.45882083046570316
-1.7812285910025016
1.5577772611020666
-0.25183150183150704
2.47876979573101
0.04479283314669398
0.08954555630177616
0.06709908297918911
-0.8270004470272662
0.022537750732482025
-0.1802613789995519
-0.6772009029345373
0.09090909090908574
