-1.099206349206342
2.234883440998267
-4.768445839874412
-1.6773130022666316
2.9466007209321705
-0.23207524123609863
-0.5590923930786922
2.5977756802232603
-1.9479999999999926
3.871415167462148
-3.0712434215693905
3.727714748784441
-0.4179687499999929
0.10591142666613651
4.9529780564263355
-1.4672939068100426
-1.3944147626084546
1.1643546093839958
-3.601002810909357
2.2066356686894157
0.050119515768360205
-1.0673962467727571
4.000155799641654
1.793940301861357
0.5629139072847749
2.0744155416529404
-3.4767025089605736
1.6524322317118456
-0.9059360730593674
-0.1806318428134197
2.356156289238486
-1.5009380863039368
2.534798534798528
0.8145184338382461
0.8610914245216224
2.304746513016896
-1.4354888560733603
0.1323995679593109
-1.7119593583632093
0.32923850320388653
1.3338038108680375
1.323211922835852
1.505258093339739
0.21668472372698033
8.922297297297295
1.2685710740982008
-3.3169984686064375
0.3579687648493738
-1.5498737373737346
2.151399531886239
-4.165097300690515
3.1015622441292967
-5.092121982210934
0.09037051912843569
0.003344034242907606
0.25079418157498745
2.561707805203475
0.8911148692597773
-1.3442073367287672
0.5914066329031175
-1.8547391671538982
0.4865133211980744
-0.8464528028456564
0.04982561036372696
-0.8897742363877883
-0.509178614498185
-0.7306397306397245
0.25777566733371465
-3.1800805169322373
-0.41580768021244946
-1.42807017543859
-0.3808777987399093
2.1081969556206674
0.9938409854423325
-1.4899514899514898
0.24621878297572986
-0.16842105263158533
0.03866160551104892
0.1580999894600007
-0.37884102708012424
6.165492957746476
0.10944910616563902
-0.775245163000268
-0.16026711185309456
-0.5919336499230761
-0.15138772077375945
-2.011455525606463
0.2647594814840222
-2.13648834019205
-0.133160458352305
0.2315870732306365
0.024505513740585266
0.39549209015820325
2.4228690953459995
-1.0687542545949658
0.6192802587215304
-2.0584011488750535
-19.913419913419915
23.034001743679166
1.1940192743764106
-0.08753194916144393
0.13666947014298048
-0.2519685039370015
0.04560923411569754
-0.3331463038294291
0.2779634777101471
-0.8105263157894705
0.5306165764618487
2.860762166156435
0.5712917350848479
-0.34354910030953123
0.942043825517097
-1.257861635220135
1.0204780494486743
2.7457627118644066
0.3662157703728113
1.7487919529272633
0.15507382160048225
-1.4902745072739532
-0.7826058482596054
-0.5907590759075938
1.3180173301019313
0.2654171308735798
-0.8693094545573354
1.562654534665204
-0.2824033498880066
10.761718749999998
0.5113736554399604
-4.023391812865494
0.5331464781866927
-0.48486317767205067
-0.4902707146989832
0.14994797723237763
1.5675130626088607
-4.4494584837545155
-1.6403765624508015
-8.261843790012803
0.4187166335182665
-1.935439035407772
0.06378002976402034
0.21954674220962528
1.6500600664264107
-0.020855782265629983
-1.536696450300743
0.24010451608347805
0.7397231321990911
2.8392601139899933
0
7.820203325286458
1.8573996405032982
0.8018575851393217
0
2.5461469946865716
-2.3571342997484206
-0.009202171712515786
0.0030676728633630603
-2.6810638363140002
2.30732860520094
-1.170779800967434
0.28680986376532325
-1.2278902048556064
2.2187952413923333
-2.632470211521291
0.8506197824437165
-5.628194274605712
0.7409130174762352
1.9029715378780474
1.427276846397822
0.6573279300551998
0.3455381201458263
-5.844443040374045
0.7918400214736246
-3.4420772303595237
0.7481210783975824
0.8486466139684401
0.006786332326703296
-1.6727174023682754
0
-0.921325051759828
0.3029986417302204
-2.5659722222222254
-1.6642314956701407
-4.566210045662101
-0.19746335535810255
-0.8751236587778708
-0.744664517119593
0.44473663856446743
-0.28106110191353256
0.2162162162162127
0.40838341809215245
-2.597651753510852
0
-3.1908607445341737
0
0.6103763987792472
-0.020222446916076844
1.3187702265372132
0.6987143655673561
-0.28151143888029456
2.584493041749503
-3.5116279069767407
0.574435606973557
-1.7613931381555263
0.1544966661245805
1.579118291791836
0.4276066019262206
1.237564663748504
0.22011713376046182
3.3533356865513593
0.37188828172435423
-3.6483931947069945
-0.05101039827350135
-2.017902010050237
0.7332318294735045
0.5449266138976283
1.570535643642686
-2.1772151898734213
1.763815894250684
-2.3240345866426733
-0.1001401962747847
-1.0665597433841183
0.6403501661668042
1.2926868556701179
0.26636981672165616
0.8287073750991313
-0.8179637421841276
-0.4282145830855132
-0.7605622585911823
1.2318433512559295
-0.8244480558087987
-0.09991607050077934
0.024003840614494683
-0.3039756819454407
0
-0.03610687635401151
1.5290765340932042
-1.6167285951458648
0.6267829161476921
-0.14374126572169732
-0.5158143068495378
-0.34967845659163255
1.6012584197152349
-2.127828503374351
0.4948487060923103
-0.9807878592185877
0.2894061060612199
-0.5568200292635455
0.3637552621898922
-0.7370907313894735
0.020512820512820513
-1.1115668580803901
0
-0.2986436600439783
0.2620959354328819
0.423236514522814
0.4049252127923388
0.2304526748971156
0.591230087042211
-2.693877551020408
-0.08389261744966443
0.41981528127623846
0.5309364548494907
0.020792614463342622
1.9832030600365989
-0.3791430551592067
0.46243247667376747
0.6924925658886308
0.38836522513046273
0.40701188797098165
0
-2.3438754214159614
-0.053427585073143484
-2.0601176035198776
0.6255772944831487
-1.0514457378895907
0.5819101834282177
-0.4863119942984263
-1.2891266798668708
2.291835602407079
4.501835781041373
-2.6669860661955416
-0.4717174617498667
0.6058358061325345
-0.04096513866699439
-1.6187861153231426
-0.7706406731650421
0.6926661349229671
0.8880180105061362
-0.6074631183106852
-1.0435722601031063
-0.5924120835258985
-0.07185122569737186
-0.5836822738231265
-0.310572218676885
2.163707750085365
-1.3116671540164622
-3.1619047619047542
-0.33656788180786223
-5.68396122977062
-1.7856312485468537
-0.9611287344349098
-0.5497657519839372
1.6680286497139747
0.5295508274231593
-3.010064904524504
-1.4547570555717086
0.06889085719908786
-0.17702596380802071
1.5911330049261174
-1.2704262231489245
2.7307106723638284
-1.5107328966869011
-0.30095626425900773
0.895856662933935
1.1870868117550504
-0.32428823501360016
-1.2104683986412004
3.7340178225493945
-3.3521639665717435
1.4105598763344898
0.36202543705044105
0.5837960985333773
0.5001887504718934
0.47422293173067465
-1.7103602972101457
-2.5341130604288584
3.385365853658541
-0.438803434934424
0.35069427989195257
-0.448642266824085
-2.590132827324474
-0.15096912437907417
0.6535628932351185
0.26651160536899743
1.0777111927314993
0.34425053789145676
2.2156573116691285
0.13984710050344956
-2.066846662321927
-0.042779731913684324
-1.0842170336202472
-2.1152829190904283
-0.5648052649673395
0.2667193519707642
1.0788177339901523
-1.3450947901944605
1.1608951242404781
0.10743236644203757
-2.1219512195121952
-0.523299277348617
1.4779559118236474
-0.0049370525796054825
0.2468648168263059
0.08372734436563327
-0.37399734265045564
0.6223758952827814
1.649403563889839
-0.2800985174095585
-0.004842849532660615
0.0339015885315681
-0.8085209392398847
0.7418976962124081
0.4990310077519468
-0.424239502482774
-0.3485838779956339
-0.31093620949327555
-4.079146157220139
0.4267858957422957
-2.433471617929774
0.5237231008555825
-5.591664087485808
-1.6446290022948387
-0.9332814843619774
0.9364661021701366
-1.3777777777777753
-0.518251464623707
-2.3046432616081565
1.1070538457080008
2.648475120385222
0.36859153356417607
-0.48408635655464305
-0.039138943248534834
-1.0739456315024078
0.5201854574239537
-2.424344695691299
-0.138352452873701
-3.394331235929109
-0.44816253361219
-1.8367346938775455
-0.3301944478415122
7.435582822085892
0.5082229328460406
7.187091642520311
2.0142054489557935
-0.03637119401433119
0.8368418316960293
-1.7216494845360872
-0.3461659498583819
2.142105263157897
-0.036069459473388236
-0.33505154639175255
-0.6982156710628394
0.0833333333333286
-0.4995836802664399
2.7615062761506253
0.2646579804560284
2.771573604060909
0.00493924725872451
6.321924235689227
0.33446369675292764
-0.6111394046020775
-1.2391111939255561
-1.6131314560633847
2.588810585358838
-0.7804102995467205
-2.47268274302939
1.2556140435601488
-0.7917203224114041
0.4711311956156042
0.44499736829512065
-5.77839176829267
-1.304413772182627
-2.545976128272108
0.18923465096719455
0.2098635886673662
1.0471204188481675
-0.9481865284974069
-1.0304964168018018
-0.42283298097251587
0.10615711252653928
-0.4878048780487829
0.6713554987212349
2.037683920821425
0.6950567975517331
-0.5408746716118066
-0.4195152268489698
-0.37447339678577235
-0.07308796658836288
0.19330233530118832
0.6152883512357886
-0.5441542288557214
0.4741806054921649
-0.9905611451094355
1.0947566916348066
-1.0103626943005182
1.852918084271138
-1.7626805077342196
0.43942247332078316
-0.8489583333333309
0.5830750643483694
-0.6058073950281967
-0.5832282471626805
-0.42809576660852544
-0.20700636942675643
-0.6808148502739192
0.8996947464253175
-2.213258319622091
-0.3473729917498964
1.1328976034858362
0.05924170616114479
-0.7535389418160288
0.005423287596936333
-1.1822125813448998
0.25244210295247005
1.6641121086052164
-0.3446047813913467
0.22692889561271049
0.47978436657682433
-1.5129567036858225
-0.17976793593724216
1.162409954158478
0.7660354965744212
-0.02676802826703785
0.8889364892363665
-1.5286624203821633
