0
-4.94252873563218
0
-4.957678355501824
0
-4.961832061068692
0
-4.9531459170013425
0
-4.929577464788732
0
-4.888888888888885
0
-4.984423676012465
0
-4.918032786885246
0
-4.999999999999998
0
-4.9001814882032715
0
-4.961832061068705
0
-4.819277108433733
0
-4.85232067510548
0
-4.878048780487811
0
-4.8951048951048985
0
-4.901960784313726
0
-4.896907216494842
0
-4.878048780487798
0
-4.843304843304852
10.17964071856287
2.717391304347826
2.116402116402128
4.663212435233153
0.24752475247525105
4.938271604938271
0
4.941176470588239
0
4.932735426008959
0
2.1367521367521367
-6.903765690376564
-4.943820224719108
0
-4.964539007092186
0
-4.975124378109452
0
-4.97382198952881
0
-4.958677685950406
0
0
2.028985507246385
-4.829545454545462
0
-4.776119402985079
0
-4.702194357366771
0
-4.934210526315789
0
-4.8442906574394415
0
-1.8181818181818181
6.666666666666669
4.861111111111106
0
-0.993377483443711
3.3444816053511706
2.265372168284799
-6.962025316455705
-1.3605442176870701
-1.7241379310344827
-1.7543859649122806
-1.4285714285714235
-1.8115942028985506
1.8450184501845017
1.0869565217391202
-1.4336917562723963
-1.8181818181818181
-2.9629629629629655
-1.9083969465648856
-2.3346303501945442
-3.1872509960159388
8.23045267489712
4.562737642585549
0.3636363636363688
4.347826086956519
-5.902777777777776
-0.7380073800738112
-2.2304832713754568
0.38022813688212115
-4.924242424242414
-2.7888446215139555
5.409836065573772
4.199066874028001
-3.8059701492537297
-0.31031807602793576
-2.256809338521394
-1.6719745222930003
0.8097165991902805
-1.2048192771084223
1.8699186991869807
-0.23942537909017847
1.2800000000000011
-0.552922590837285
0.794281175536137
0.8668242710795998
-1.1718750000000027
-0.47430830039526084
-1.350277998411437
-0.5636070853462181
0.7287449392712539
2.652733118971062
-3.6021926389976437
-2.1121039805036537
-2.9045643153527085
1.7094017094017186
-6.554621848739505
0
-4.946043165467617
-4.9195837275307435
0
-4.975124378109452
10.471204188481675
4.928909952606631
0
4.5167118337850045
0.43215211754536675
4.130808950086062
0.8264462809917327
5.00000000000001
0
4.996096799375478
-9.516728624535313
-4.930156121610515
0
-4.926534140017289
4.454545454545457
0
2.4369016536118306
-0.1699235344095121
1.4468085106382973
0.33557046979866545
-2.341137123745829
-1.5410958904109564
-0.9565217391304298
-4.741000877963134
2.6728110599078425
0.0897666068222602
-3.318385650224224
1.948051948051956
0.72793448589627
-0.7226738934056014
-1.9108280254777148
4.823747680890551
-3.2743362831858494
-1.6468435498627605
-0.2790697674418545
-0.6529850746268683
1.5962441314553983
-1.5711645101663578
1.5023474178403768
-1.9426456984273899
3.773584905660381
-3.63636363636364
2.4528301886792434
0.36832412523021113
-1.6513761467889883
2.145522388059689
-3.2876712328767073
-1.7941454202077385
2.692307692307686
1.4981273408239715
-3.136531365313652
-2.000000000000008
0.19436345966959526
-0.09699321047526466
0.9708737864077635
1.9230769230769162
-3.490566037735842
-0.09775171065493438
1.76125244618395
-1.9230769230769333
0.09803921568628984
-1.077375122429003
0.9900990099009866
-1.9607843137254835
0.5000000000000071
-1.9900497512437916
0
-1.5228426395939123
-0.4123711340206098
-1.9668737060041357
0
-1.9007391763463726
0
-1.9375672766415473
0
-1.9758507135016437
0
-1.9036954087346016
0
-1.9406392694063919
0
-1.9790454016298014
0
-1.900237529691213
0
-1.9370460048426168
0.37037037037038445
-1.9680196801968144
3.2622333751568466
1.9441069258809252
0
1.9070321811680588
0
1.8713450292397675
0.11481056257175415
1.9495412844036688
0
1.9122609673790767
0
1.986754966887414
0
1.948051948051945
0
1.910828025477704
0
1.9791666666666616
0
1.9407558733401562
0
1.903807615230456
0
1.9665683382497472
-3.8572806171648852
-1.9057171514543758
0
-1.8404907975460094
-0.10416666666666445
-1.981230448383728
0
-1.5957446808510676
-0.3243243243243174
-1.843817787418654
-0.11049723756907803
-1.9911504424778732
0
-1.9187358916478547
0
-1.9562715765247405
0
-1.995305164319248
0
-1.9161676646706605
0
-1.9536019536019555
3.9850560398505643
4.910179640718565
0
4.908675799086755
0
4.896626768226345
0
4.771784232365135
-9.207920792079205
-1.744820065430754
-3.1076581576026565
-1.3745704467354065
0.4645760743321827
-2.7745664739884415
3.6860879904875206
2.5229357798165006
-3.691275167785236
-2.787456445993034
0.8363201911589043
-1.6587677725118342
4.698795180722876
4.257767548906801
-1.8763796909492265
0
-2.4746906636670487
-2.537485582468289
1.5384615384615479
-0.9324009324009332
1.058823529411763
0.11641443538998587
-1.3953488372092933
0.23584905660376854
1.8823529411764723
-1.9630484988452648
1.5312131919905654
4.988399071925772
-5.41436464088398
2.219626168224293
-6.285714285714294
3.6585365853658627
-5.647058823529417
-2.743142144638401
1.153846153846152
-1.7743979721165992
2.4516129032258114
0
2.392947103274564
2.337023370233696
-7.0913461538461515
-4.915912031047875
1.0884353741496609
2.2880215343203223
-3.552631578947363
-1.773533424283764
0.4166666666666701
-1.1065006915629332
2.0979020979020904
0
5.205479452054793
-1.692708333333332
-1.1920529801324484
-6.032171581769439
6.990014265335239
3.999999999999998
-2.1794871794871784
-0.7863695937090381
2.6420079260237688
-1.9305019305019238
-3.9370078740157455
-0.2732240437158533
-1.0958904109589052
-3.047091412742379
8.999999999999998
-1.7038007863695923
1.1999999999999982
0.7905138339921014
0.6535947712418277
-4.415584415584414
0.5434782608695656
-1.3513513513513584
-0.1369863013698601
-6.721536351165984
-0.7352941176470562
0
2.5185185185185173
-3.034682080924855
1.3412816691505196
-5.147058823529407
0.31007751937983835
-0.3091190108191588
-8.527131782945734
0
-3.5593220338983045
-1.5817223198594155
-5.357142857142854
0
4.905660377358487
4.856115107913678
0
4.974271012006861
0
4.738562091503269
0.15600624024960666
4.984423676012465
0
4.896142433234422
0
4.950495049504945
0
4.851752021563346
-9.38303341902314
-4.964539007092194
0
-1.9402985074626848
-3.044140030441403
-4.86656200941916
4.125412541254126
-0.15847860538826922
-3.9682539682539684
-0.8264462809917327
3.6666666666666625
4.5016077170418045
-4.461538461538462
-3.381642512077294
-1.1666666666666714
-4.721753794266431
9.380530973451316
-4.530744336569569
2.372881355932198
-1.4900662251655605
3.3613445378151288
-4.878048780487816
2.5641025641025705
0
1.4999999999999976
-3.119868637110008
2.0338983050847323
-0.3322259136212554
2.833333333333332
-2.7552674230145855
0.1666666666666631
8.985024958402663
-1.9847328244274793
-9.657320872274145
7.758620689655175
-0.1599999999999966
-3.8461538461538494
0
-0.1666666666666631
-0.16694490818029695
0
9.86622073578595
-7.762557077625582
-0.16501650165016152
-0.661157024793389
0
0.6655574043261238
0.8264462809917327
-0.32786885245900943
-5.42763157894737
5.217391304347823
-3.140495867768587
3.754266211604091
8.552631578947361
-7.575757575757576
0.327868852459024
0.9803921568627387
0
-3.721682847896433
8.235294117647062
-5.43478260869566
6.568144499178988
-5.084745762711865
9.902597402597394
0
9.896602658788787
0
5.510752688172033
-1.5286624203821557
-0.38809831824062413
-4.545454545454553
-4.6258503401360525
-0.28530670470755454
-4.864091559370527
0.15037593984962086
0
-2.4024024024024047
0
0
-4.307692307692312
4.5016077170418045
-4.923076923076928
3.559870550161823
0
1.7187499999999911
-0.1536098310291826
-0.923076923076917
-4.503105590062112
1.7886178861788524
0
-2.555910543130993
