2.0309411844885132
-0.7213946964130623
0.09419363520151322
0.9948242253142404
-0.6921797004991741
-0.05361570940285199
-3.332662777442503
0.33296337402886944
2.806969026548666
0.9549428379287186
-0.2664535038635758
0.8148543948704278
-1.0070226580098083
-0.4484004818632074
2.776470588235291
2.0408163265306154
-3.3910256410256467
0.550726560944873
0.6136993533060547
0.5640453859775634
-1.858736059479554
0.21265284423179462
0.2917771883289185
0.37688442211054074
0.09880772017653647
0.35535667280863986
-0.3672131147540924
1.3689614321442645
-0.38306713413842947
0.26070520758652155
-1.774686342065914
0.3110522832561248
0.38925908821005895
0.32202944269190925
0.36685227644938806
0.5417400952940528
-2.388989872760334
-0.05985634477253682
0.07320157050641572
0.07314802500333399
0.4319223868695594
1.171099642715351
-0.8697926885095779
0.22430399788890956
-1.270405476566611
0.9400626708447168
-0.43593130779391737
-0.09287514926363877
-0.8565737051792889
1.3194025852253732
-2.3598625066102623
-0.0203100670232181
-0.2911700975081226
0.5093378607809848
-3.074324324324324
0.14639247124432966
-0.5220659891410274
1.4554614792526894
-0.8207462583626519
1.2517385257301807
1.655219780219774
0.4526721167488714
0.20177562550443906
0.6108202443281069
-0.20681833344453507
-0.48134777376654936
0.5105468225178111
1.6174308247560516
-2.2033675348592476
-1.338354966709267
0.7089297886843962
0.006768647624198527
0.0947546531302938
1.0075055784704756
-3.942964252242594
-0.8293260854415004
1.6584680252986583
-0.04147656574035041
0.940525587828486
0.36996437380104763
4.225255972696252
1.3229419084419292
-0.7174713980996645
-0.46875000000000294
-2.6164311878597593
0.5574959699086482
-4.001068732883566
-0.20178124130253902
1.1155267377814961
2.0478521685168616
-0.9864864864864803
0.4230926709430748
0.19706441967926686
1.7158358765683253
-0.8001066808907855
0.09409866917597062
0.20145044319097502
-1.4877362283876185
0.06802721088435375
0.09517335146159693
-0.1562075522955842
-1.4964968369498675
1.7885505144672393
-0.27137042062415195
0.25170068027211195
0.49535183551604495
0.5469277515192376
-0.1678866429386878
-0.44396609713439456
-0.6486486486486425
1.1085418933623472
0.4035783951032488
-0.09378977691432243
0.583383625025149
-1.9333333333333333
3.6165873555404517
-5.406114683112458
0.013871549452076951
0.4785020804438343
-2.960866864517916
2.083926031294449
0.03483592280359507
-1.8665552305334974
-0.12065294535131621
-4.590350316208336
1.288448648246068
-1.9338235294117614
-0.12746494713954004
-0.16516516516516858
0
-0.6091141525041291
-0.78686540062042
-1.9141310150232524
-1.6638158917742256
1.320366856419991
-0.8973858759266484
-1.7401574803149535
1.0016828271496112
-3.17359568390987
-0.5735824319895116
1.3350914784901777
0.3741054001301347
0.5104521147301859
0.08867392180571616
-0.38659793814432625
-0.05659767141009424
-0.41258797831889893
-0.06498781478472417
0.3495366607055726
0
0.5346294046172466
-0.29812263314799925
-0.23436237271699456
-0.9153503442689311
-0.3351863963374866
0.07382495283406537
-1.6967213114754136
-0.9922454765279634
0.7579585649317837
0.008358408559002762
0.30087755954867607
4.974585451212403
-5.739006191458959
-1.4399999999999924
0.24777853725220977
0.5284241029574743
0.8732513777024125
-0.991763321566646
-0.7470288624787738
-0.4447485460143727
1.872852233676972
-0.27829313543598877
0.6427061310782164
0.3529115200403366
0.4605208071673784
-0.7084514085680947
0.8478133131872859
0.715831529881797
0.11570247933885049
-0.8420009905894044
0.5078255078255003
-0.19050774455395963
-1.6846473029045606
-1.8063644804591956
2.0545001289435305
0.6148921832884059
-1.0632063624947714
0
0.03384667456423176
-0.42294028083234647
0.3482840638803864
-0.5333107593329345
-0.5957446808510638
0.5051369863013776
-1.8826135105204986
1.8840076402153192
-1.5253515125692452
1.0038075458636324
-0.2570253598355038
1.6921491152722938
4.079736464228393
-1.6961532218795723
2.5840006604474497
0.11266698857235563
-0.4581993569131869
-0.5087620124364011
1.558441558441562
0.8631713554987176
-2.4960380348652933
-2.1129622104835435
5.7949356579493525
1.3889978811896764
1.439628482972129
-1.724401037692653
1.405279503105583
0.37516269810888075
0.6331045003813848
0.6746001667551044
1.678964011444056
0
-0.3776379118844805
0.2750111491006257
-0.896894225780143
1.1069558713537737
1.3167628347388634
0.029205607476642158
-0.8029197080291971
1.5378955114054518
-2.1885643887238238
0.0222271615914614
4.2592592592592595
0.04262877442272889
1.2783183012570132
0.7783465395133677
-3.6738101864736956
0
1.6830395839352754
0.3054628116786215
1.083569405099147
0.8407482659567015
2.438685472104505
0.16277807921865595
-1.3204225352112677
-0.768544568722984
0.7606666205656594
-0.7617871113856228
-4.038727524204709
-1.1026232343614844
-5.3851198717481505
2.002464571780653
-4.613409845967995
-1.0369666745824357
1.2717965125579798
0.42650659505569
2.8391663389697137
0.18354236769655025
1.6030534351145038
0
-4.4552967693463525
0.7313045529606003
0.17174082747853595
2.8522443890274243
-3.652068495226553
0.7077697389116074
-0.6481336873340586
0.1414760669653348
-2.2839651518719024
0.5220883534136547
-1.6620055932880506
1.1538149020882462
-0.8514740139770371
-0.7534635015798392
1.2000000000000037
0.17746228926353516
-1.1595136484419108
0
-0.6924643584521385
1.714520098441353
-2.6615049600774254
2.087994034302744
0.8684360035711425
0.4586417766334121
-1.3215859030837005
0.6250000000000037
-1.435831249495842
0.2864391521401096
2.0972743593928365
1.0310926384781465
-0.6803797468354359
0.16727736179702954
-0.8906560636182939
-1.0029687876113296
1.6939536391635672
0.10361042480273806
-0.7324840764331246
0.09624639076035013
0.47275641025641757
-0.35888029348432887
0.008003841844077882
6.122448979591836
-4.751131221719457
-0.5146476642913698
-1.4166335057699924
-0.5085977234197105
-0.03245699448231831
-0.5925324675324638
3.143627010696497
-4.836922102596591
6.363863239331171
1.0714844361019902
-1.6250096726766232
0.12585542358217072
0.11784115012962526
-1.004394224733222
1.8706404565631054
-4.23280423280424
3.9242768930776695
-1.8059573137362137
4.371019108280262
1.258677244641086
2.0491185776706207
0.5831979920271735
-0.33761467889907587
0.1546505633699027
-3.6617647058823497
-0.7708746756220528
2.130605338050923
-0.27865642416026853
-0.1963597915565221
-1.0291335603480825
1.0933557611438147
-0.052942066253217776
-0.9610291335603516
-1.4364303178484072
-1.116279069767449
0.039197240514267796
0.007836376459535806
0.14104372355429826
-1.674491392801259
0.748050294445336
-3.6808846761453324
-0.47564375922586366
0.7827949901120633
2.1993295723980126
2.296000000000004
-0.0625635410964225
0.7434071523593395
0.15535187199005748
1.6829533116177926
-0.06864464953091783
1.5646466188368187
-0.2705343052528847
1.6878908899103378
-4.453501296776577
7.639212036606173
0.17292312126232895
0.517873840178382
-0.9660107334525939
2.203757225433526
-0.7211028632025482
-2.221747489852599
-0.0728279076542131
-0.24779535019312468
-1.768101117849057
2.6180736333209405
0.130463144161771
-2.294607310893959
-0.1407615943102581
-0.25224423176794203
0.9074005206396464
-4.385641630426771
-1.9888991674375542
12.521629699543794
-1.9362505242555446
10.292964573383694
-0.5751955018419094
-2.158086323452941
1.508105235184696
-0.21598272138230132
-2.2169749442476685
-2.515427958143279
-0.5367095575586565
-1.1829816672431621
-1.3511621394567475
-4.9322262437016535
-1.2093162137951492
0.0755629439322956
0.060404711567498826
-0.4150316933293088
-2.6521179055846025
-1.3621857242936093
-1.0416666666666703
3.8516746411483216
3.647393073792521
-5.630463772410728
-0.6123410268487953
1.1532385466034683
-0.765266281430576
3.076802014479079
-0.7481487136422766
3.230520729174679
-1.341181730124432
4.674873498980447
0.5699855699855766
5.151015137384314
1.2485501808009793
-3.4973045822102486
0.5516374554849586
1.2986111111111143
0.10283128813326935
0.5615669086426548
0.04767093435030088
0.8100197399768628
0.08777852802160395
-1.9699116238278382
-0.467965040258754
2.6896217935421483
-0.6531106921626747
-0.9149440867502542
-2.188782489740082
3.5314685314685317
0
-0.32421479229989564
-1.7415463847665544
1.6689655172413824
0.03391670058336725
0.2983657693090027
0.4935433709688447
-2.502691065662005
-1.8078940104885486
1.2438510189740017
-1.7491497188866554
4.719180501589541
-0.09444781758077742
-2.910392328989137
0.15996661566281503
1.9026456496076725
0.16354344122658201
0.2993400911626548
0.04748016007597134
2.8067796610169555
-0.07254022685308206
-1.8940143865901171
0
-2.87232611327861
-1.4959484728859433
2.2709695563523837
-2.3717860580228245
-0.2675867896626966
0.7978535620984223
-1.428971700756505
0.6324616259238106
-1.68067226890756
-0.8834302951949978
-0.4855072463768149
-1.6966431224058804
1.1037037037037105
0.6081031577404904
-0.9831051558403728
1.0590571449584367
0.7277490721199331
0.7802904414421056
-1.0896838483045412
6.5521490179024315
10.053737840963214
-0.4944681377093763
-0.7578110441642366
-1.0702885397759363
2.619258509426806
