-5.060606060606057
0.5426109160548959
-5.126984126984119
2.057888572862632
7.0163934426229435
0.18382352941177169
-1.0397553516819502
4.2027194066748965
-2.8469750889679615
2.228327228327214
-1.5228426395938985
2.7895694360218277
-2.020648967551629
-0.030106879421937648
8.7938563469357
-1.453287197231834
-0.6039325842696566
0.04239084357778077
0.861581920903958
1.106287634785041
-2.659279778393358
2.447353443369386
-2.8611111111111143
2.0875035744924255
-3.7254901960784346
-0.18911841722431694
0.6996064713598534
0.5934288609060678
-1.3093525179856147
1.9390581717451623
-1.7162471395881005
-0.3492433061699783
1.752336448598131
-0.5453501722158374
8.037518037518044
1.1887271270201651
-2.415522703273504
0.22994724739619174
0.6477732793522206
0.4290694556181343
-1.575433911882504
3.0927835051546326
3.5131578947368483
-0.02542265158256584
1.0171646535282899
0.8181246066708622
-3.3707865168539324
-0.2842377260981971
0.23322104172066188
1.6028955532574944
-1.8447837150127226
0.5832793259883344
-1.7654639175257791
-0.6690279417552026
-1.716851558372953
-0.5643644181671654
0.5000000000000061
0.4706198736049482
-1.1375802997858673
1.8004602680384396
0.30585106382978117
-0.3049184674532619
1.1170212765957417
0.21041557075223866
-1.0236220472440885
1.2198355873773443
-4.479958082263549
0.5759736697750866
-3.0406326697572887
2.039094360849388
-3.3213891951488455
-0.19957234497505022
-0.5427796029138792
-0.5457417779692596
3.725631768953062
1.0719754977029161
-2.727272727272721
1.6567544604927684
-1.197938431536429
1.7904976737628713
0.526315789473678
-2.659134747864419
2.9299363057324905
0.9350935093509288
-0.3405994550408719
0.6561859193438079
-0.08148852369956663
0
-2.365094467853757
-0.04176527913127587
-0.6685236768802165
-0.3785754346606906
1.6467276565798796
-0.9969537524231578
2.181818181818185
-0.45168354776896635
0.4674824694074098
-2.832899958943485
0.9154929577464789
2.707606420097694
-3.601032749014812
0
0.09867493656611862
-0.2957329953527704
0.16949152542373525
1.4523406655386286
-3.1549687282835364
1.8800229621125177
-1.8030708550500008
-1.0185052359776248
1.2898550724637647
0.7297181284876267
-1.2215909090909123
-0.1869427667529414
0.20170004322143456
1.5959741193386086
-1.7831870931219957
0.1440922190201729
0.20143884892086003
-0.3446295232624896
0.8501440922190169
0.01428775539363091
-2.3714285714285745
0.1024290313140248
-2.616576523900011
0.270189132392668
-0.568862275449095
0.7226738934055938
-1.0014947683109185
-0.19628567114599949
3.2072617246596136
-1.1580181764878468
-0.7711701023283304
0.8817814975339975
-1.1407407407407475
1.2138468454967815
-4.575066627183888
0.23273855702094648
-0.4798761609907156
-3.4997666822211855
-4.464861379754986
2.935717901130416
-2.5405671201442384
2.5731584258324847
-1.6396130513198885
1.3335555925987665
-1.1679552557986548
1.5312916111850943
-2.2131147540983607
-0.050293378038550635
0.30191211003018353
1.0200668896321108
-0.4138387684158252
-1.9115691489361701
0.9828842569056014
1.3592884712200073
-3.3112582781456954
0.05136986301369084
-1.67722060585315
0.9051348999129757
-0.6900120752113161
2.258120548896995
-1.4268727705113113
-0.7237635705669364
-0.6248915118903008
-0.4192139737991227
1.5962111910191235
1.8473756906077228
-1.5934904221054378
-0.08613264427217916
-0.034482758620697496
1.3970334598137328
-2.4493961558088073
0.13949433304271222
1.393000174125022
-1.0647432594882247
0.2603714632876237
-0.5367036011080372
-0.017406440382945646
0.6267409470752129
-0.17301038062283736
0.6239168110918584
-0.9989665862900565
0.20876826722338998
-0.4687500000000079
0.052328623757207086
0.06973500697349673
0
-0.5400696864111538
-0.0525486074618943
0.21030494216612894
1.241692899615254
-4.923130074278805
0.27252906976744184
-1.1052726943286868
-0.3114694027116035
-4.0985113030693014
-4.216174779609036
0.3801520608243252
-0.019932230416576817
-2.691387559808612
-0.3482892849825948
-0.5756578947368328
0.9098428453267116
-4.364754098360658
-0.5571030640668451
3.4690799396681675
1.6034985422740502
3.361344537815133
1.507039460638502
-4.571205313537796
0.28659160696007724
-1.5105123494590686
-0.10362694300518134
-0.9336099585062241
1.3193717277486934
-0.26870607689127973
0.2901554404145031
1.0952676172762992
1.042518397383488
0.8901476835929552
0.16041708441949296
-1.4014014014014013
1.8274111675126903
-2.4725822532402746
0.4293600490697129
2.280130293159607
0.338375796178353
-0.13886133703631134
0.715137067938026
-2.011834319526625
-0.20128824476650564
-0.4437273093989489
0.4862236628849224
-1.4314516129032304
1.2272448353446512
-0.808244089715094
1.385210837237729
-3.1344183242917354
0.6222775357809582
-0.8658008658008751
1.6635475150758994
-0.4704438535487737
0.36991368680640246
1.6789516789516883
1.1276681433749427
-2.7877339705296693
-1.003687013519045
-0.6414235464514841
1.395251978342355
-2.279728897104121
0.46237915090373866
-1.0460251046025104
0.2959830866807563
2.1079258010118043
0.47481420313790496
-3.7805629751386847
1.6015374759769379
-6.010928961748639
0.044722719141321254
2.659812248547169
1.828870019595031
0.4276245456489203
1.5541835213966386
-2.5576519916142533
1.0111876075731472
-0.0851970181043615
0.6395224898742272
-0.2965473416649087
0.6585935840237992
1.4140987758547887
0.72840790842872
-0.9710743801652869
0.980596703525973
-1.7975206611570225
2.5247212286976644
-2.2573363431151243
1.5956330044089788
-2.5211820624095864
0.911596353614588
-0.5882352941176494
0
0.6339814032121724
0.5249895002099958
-0.8982661374556113
2.023608768971337
-2.4586776859504087
-0.6354585892819318
-0.7247921551907981
0.06441915396178041
-1.9957081545064401
1.5546310488285577
-3.5144458818456257
3.620111731843573
-4.097476816907483
0
-0.3373060490218125
0.7897111913357401
-3.380344750391754
1.4828544949026823
1.8949771689497743
1.546045261035173
-3.2877316857899332
0.8441706593657287
-1.7873303167420762
2.0271826768025694
-3.454504402799719
-0.023386342376057703
-2.385964912280699
0.6230529595015495
2.4529649916646847
2.1850302185030297
-6.187443130118299
0.38797284190107245
-3.091787439613529
-1.4955134596211366
0.4807692307692394
4.255854948375718
-3.091787439613529
3.165503489531403
-4.469678666344528
1.3151239251391111
5.841238142785815
0.9433962264150944
-1.1682242990654206
1.1111111111111085
-1.3327098433481386
-0.28436018957345705
-2.1625475285171154
0.947291717269865
-4.740134744947075
-3.0563273553927677
0.4950495049504891
-1.4519056261342924
6.629834254143644
0.17271157167529944
8.300492610837436
0.022742779167619454
-2.9786266484765855
0.3280993672369426
-2.4760569960289702
-0.1916167664670686
0.02399808015359317
0.2879078694817631
-1.3636363636363609
-0.9944215377152613
-1.3963743263106292
-0.5962732919254602
-0.9497625593601627
2.4728740852889253
-2.413198719527213
0.706535452939695
-0.3507892758707176
-0.37716872014080965
1.8677435638566466
0.594648166501481
0.46798029556649684
-1.3728855111546865
2.3365647526721296
0.5343696866650446
2.9234114520415617
-0.4929577464788786
-0.8256664307619722
-0.9990485252140792
0.5045651129264831
-2.0559407124073683
-1.586526726873322
2.083333333333342
-3.0612244897959235
0.2756892230576498
-0.44988752811797333
-0.5523474767762964
-1.2875536480686751
0
0.07672634271100034
-0.7155635062611836
-3.680823680823684
3.9283805451630114
-3.9084597582926177
-0.42815092320041903
1.8812147272238644
0.23740437879186949
-1.3421052631579007
0.8268871699119826
-3.359788359788357
-0.4379961675335403
0.4949133901567257
1.2585499316005535
-4.836530667387201
-0.9937535491198183
6.796673358187552
-1.4232008592910728
3.895396349768443
0.26219192448872575
3.2688284518828454
-1.114206128133699
3.2522407170294465
0.2232142857142942
2.0786933927245674
0.36363636363636365
2.2946859903381642
-0.8264462809917356
0.35714285714285715
0.11862396204033215
4.976303317535545
1.489841986455987
-1.73487544483986
0.2716161158895402
-2.9345372460496613
0.1860465116279096
6.662024141132774
0.1088139281828074
-2.1739130434782608
0.42222222222221717
0.1549015268864894
0
-1.1710119310649605
1.8779342723004644
-1.294711432960276
-0.022232103156963702
-2.95752724038248
-1.4436296975251959
0.5347593582887594
-0.48566142460683764
1.0225424122705036
0.6211180124223576
-0.8459076360310903
1.1989854738298338
1.1847801321485636
-2.2742625534789513
0.4377880184331745
0.43587978894242585
-0.2284148012791229
0
1.0760073260073233
-0.3171007927519767
0.7952738014087707
0.24797114517582639
-2.1812457836743846
0.6896551724137931
0.15981735159817093
-0.13676772281740732
1.711937913718329
0.2692998204667838
10.989256938227387
-2.056866303690258
1.1941527691990965
0.18311291963376952
-3.7164906580016157
0.2320185614849116
2.5252525252525255
-1.4367816091954024
1.1870054144106599
-0.2881251286272849
0.020639834881325644
-0.5158893933140735
-0.18668326073429456
-1.8079800498753094
7.153439153439155
-0.17776022121272647
2.2556390977443566
0.03869969040248558
-0.3675048355899376
-0.8930304795185444
0.8031341821743433
0.4275165176836245
-2.4767801857585052
-0.7341269841269819
-0.4997001798920648
