-1.1649245990584784
0.35521110842010684
-0.28959858418469225
0.451795078660743
4.0719620913982855
0.06173792251890373
-2.9307419404596637
0.05561735261401919
1.2705471293575796
1.0350505763349835
-0.4734187039192789
-1.7467248908297013
2.746031746031739
0.6720222462536727
-1.3350725082482824
-0.287736215879932
0.19497738262361566
0.8095275161516201
1.420739711219218
1.2561857632280167
-2.0451127819548907
0.967147681915884
2.4555268359434357
-0.12614083252949806
-2.20653789004458
0.22031451796703572
-0.8869011522134661
1.0019120458890944
-0.7193699833409057
0.11440774921821373
-1.5236934328813043
1.299706018876697
-1.3517641667939548
0.7819153054114661
0.3303118758641846
2.2586325702473014
-2.5756214435459617
-0.09222256378727678
-0.08461538461537763
1.8554161213334288
-3.5298563869992474
0.7365039567499876
-1.0966788519872548
1.2110726643598688
-2.1600621600621563
0.5797331639135923
-0.6632451638373542
0.7869008822828147
0.007886435331223112
2.4367163472912305
-2.270977675134719
0.3072075620323033
-1.2250667504319253
0.18285896008904076
0.7062931513372027
-0.039401103230890466
1.1430823807646826
-0.12470771628993835
-0.09364757296707081
1.4685205436650488
-1.47806004618938
0.8048132520706325
1.612278117975365
-0.22122206117934937
0.5122324159021442
0.4031337947820761
-0.6060606060606061
1.0899390243902405
0.1055568121842789
0.6251412216615164
-0.4341317365269427
0.5788603217561303
0.47836161148066847
-0.02231644722159894
0.8333333333333367
1.0920897284533615
-2.2700729927007233
0.6796624094405788
-0.4154302670623078
0.5289034564958216
-0.2593553167839941
0.46805349182763406
-0.9909043851216346
0.2912838897602407
-0.9532320524277595
0.6466165413533767
-1.4418048707604927
-0.5609035094368122
-1.0823995731382
0.5548277722123792
-1.4177331596290903
0.9328358208955223
0.30036968576708745
0.49911694694002917
-0.6188875305623402
0.561236257399858
-0.5504587155963337
-0.21525215252152172
0.02311248073959588
0.13094046060232964
1.2615384615384686
-0.34184138559708294
-1.151002362984994
0.24676125848242178
-0.23076923076923078
0.2313030069390902
1
-0.22086824067022778
-0.1450270971681447
0.14523773123374586
-0.41981528127623846
0.7128621799785515
-0.1369967273004172
1.0060208825546868
-1.8788198898362534
0
0.32297754537064116
1.9469569216618192
-0.07518796992481203
-0.3762227238525207
0.12839879154078893
0
-0.18857961831485254
0.02267230955259632
0.2568945976577326
-0.21855452558595906
-0.21903323262840566
0.45416698206040423
-0.7761284002712648
0.5467800729040132
-0.1737160120845887
-0.0983581750775482
0.22720387761284458
0.022668883179685243
-0.256855783032416
0.13633265167007155
-0.5067695333181922
0.47894176676295835
0.24967844442762763
-0.19622641509433275
-0.1361161524501045
0.4164773587763138
-0.42229092828594444
0.0681560015145847
-0.09838050552445753
0.3181577153246001
-0.5512346145133243
0.22779043280182232
0.7878787878787947
0.5411906193625841
-0.6354665071770336
-0.3009555338198781
0.007546600256594704
-0.08300633866587205
-0.35495808473678864
0.12884644535393497
-0.08326394671106722
0.45454545454545453
-0.18099547511312902
1.2239347234814177
1.6196447230930024
4.443628351083364
-3.0661040787623004
0.8415554265815371
1.2446043165467593
0.4831947701271907
0.31115196945054036
0.8036658442016278
-1.51758864256242
-1.6901008379491516
0.6645478185495389
-2.052238805970143
2.4542124542124544
2.8244547729710403
-2.1627260083449174
-1.407349491790474
0.8579049816163284
1.3152251608291703
-1.0371102017779064
-0.19248592001140982
2.0428571428571365
1.3579728405431957
-0.24861878453038047
0.7823317640542754
-1.834169128254451
0.2379286214135823
-1.4311644791957552
-0.33288476521000393
1.3288800454803897
1.465740935549468
-1.4791263478020364
-1.7047846218605431
0.16415673399473144
3.455892831694456
-3.113162063502999
1.8838416151276036
-1.897850962880271
1.9914651493598863
-1.5062761506276088
0.5380911922967933
-1.1408450704225384
2.5787149166547976
-2.368055555555549
0.23472508713279425
-0.7309111552653955
-0.02859389520338058
0.8223096174472649
-0.028368794326247584
-0.454029511918265
1.1402508551881414
-0.8737316798196231
-0.48336650554449495
0.6857142857142792
0.7661748013621015
-0.8589129822585219
0.03550632012498225
0.056789948179169054
0.46115643845335225
0.09180790960451657
-0.5150638538065303
0.38297872340426176
-0.10597710894446799
0
0.18388853525708387
-0.2612072008471617
0.36806342015855364
-0.36671368124118797
-0.4954699886749717
1.045667947076401
0.23231256599788486
-0.5969939598258183
1.5968345933724395
-1.5995549064608108
-1.0601455933281503
0.021430102150150333
0
-1.0069990001428464
0.613231368588125
-0.5377886132224294
-1.0813928339701537
0.8308432330005169
0.02168413444163025
-0.32519150166208993
-1.6675125063437977
1.4893460148934636
0.9734834725753789
-1.417368155982448
-2.0799883228725733
1.27450249683237
-1.8324992640565105
1.4693755154059456
1.344661987439974
-0.7290223809870963
-0.14687522949254608
-0.014709127013315103
-1.426995218830459
-0.05223490784268474
-0.8436613408989235
-0.2032979444318815
-0.3696997132941067
3.8621734191594093
0.1385344513306665
1.004805591961552
0.28835063437139563
-0.7331799884991407
0.4561911658218649
0.908239025445119
0.22858775626829186
-0.014254151521617712
0.36353268230094155
-0.24857954545454544
-1.8583125667497264
1.059199071387109
1.2706389088298669
1.609130219040196
0.22324543044508288
2.0325769177224036
0.9687542638832068
0.23648648648648649
0.5797101449275301
1.2398632799410227
-0.1721170395869131
-1.1140583554376629
0.32188841201716434
-1.0828877005347624
1.763751858359247
0.2457002457002336
-0.3643349231584526
2.3269729406289477
2.007666818270424
0.8853503184713434
-1.5026201149062555
3.877956541247356
2.727384919165744
-1.7839980778471916
-0.0061158338939458785
3.149847094801223
0.8004743551734361
-0.9764705882352888
-0.19009148152548683
-0.6070705868349033
0.3772455089820332
0.8590347789775155
1.0232448098420746
-1.6569086651053837
0.005953444067387572
-1.398976068579593
-7.571092193443208
8.720360572212423
0.5347272290314746
-0.4840733879160885
3.2728801345183762
-7.08263069139966
0.7259528130671449
-5.330848089468777
-0.7809936339174438
0.8202143140627127
0
3.805274898307309
1.0112501580078372
-0.7571017394568975
1.0024588613580538
-0.09363295880149813
1.3433302093095907
0.6288532675709029
0.07964710207082186
-1.2366085093357848
3.3905659207834904
-4.148681055155878
0.4503377533149891
-0.884184308841846
0.17590149516270603
-0.6459300137965606
0.4544593826926747
-1.9729814640276526
0.6345747067495732
-0.4267515923566908
0.24307554532079284
0.006381213706855749
0.36370597243491865
-0.36238794583254147
0.2616130678917757
-1.3237446700184532
0.5482102547565302
-1.0904425914047466
-1.4267185473411155
1.3026315789473655
-1.2858812832835405
-0.9144736842105323
-0.2722262797954923
-0.06657789613848203
0.15989340439707467
0.7383264600239396
1.0168372400132117
1.7582848552192865
-0.8221993833504596
1.677461139896379
0.23568380151600854
0.019064565327922084
-0.8768028464324406
1.5768219985898428
1.470309837824191
-1.1629353233830875
-0.7865097841817152
1.693302891933032
-1.7087620829435666
-0.9390267115030744
-1.3578428232882884
2.376469060450629
0.8118221602080266
0.06291286568103177
-0.3583778685947844
0.30287733467945194
0.7171615500754964
1.9925046845721481
-2.455753567272958
1.400050226017074
-0.5572410377066436
-0.8654504700828008
-1.9281497299334283
4.047390329811082
-0.5908783159968077
-0.03714940251377061
-0.8919170021678594
1.599900006249618
-1.8515101187180991
1.6545500125344756
-0.16029593094943953
1.018895887365691
-3.783849868573879
3.659466327827186
0.5148320666830162
-1.5365853658536612
0.7493188010899268
-0.4671461060913477
0.024702031742116406
0.14200160523553462
-0.7274969173859405
0.8570363929946562
0.24014778325123712
-0.5160022114380546
0.09262117937635073
0.4194941394201082
1.185649342671087
0.831764920162713
1.1560693641618525
1.5059523809523783
-0.07623292089368174
0.176056338028169
1.9156414762741678
-1.6209691326090732
-1.8346479696173001
2.2320099994047973
-0.058220773171867725
0.33787719911453934
0.1335346028797001
-0.5798109816199919
-0.5015454598472115
0.2930660570892679
-0.2980538834667705
0.09378663540444954
0.35137034434293746
-0.2801120448179245
0.5735018726591734
-0.32002792971022925
0.04669896678537049
0.7118268277028892
-1.9407913794102312
2.94221907125134
0.2295684113865932
0.5897846999541888
0.7514088916718874
-0.8079552517091464
2.050580997949419
-2.4559053360125027
2.9926756694895964
-3.3168509361631227
0.5631536604987906
-0.4857142857142857
0.02871088142405972
-0.109070034443174
0.2988334003792912
0.9969632727897835
-0.08509672661258297
-0.9936406995230525
-0.3268910936514335
-2.9286536248561617
-0.41491316460197974
-0.07737634664603027
0.4824874910650546
0.7172920742189761
0.559152442613302
0.21071115013168915
0.41469540330588966
0.18031642624475971
0.04064332578528976
0.3366221706326149
-1.654326700601568
0.7469709445947562
0
-1.03917333177653
0.17108135213262293
-0.005889281507650709
0.24147476294245296
0.22914218566393013
-0.5803388240811355
1.22641509433962
0.4776328052190148
-0.24927536231883796
