-0.8867667121418826
-0.7708189951823844
-3.2875572201414807
-0.028686173264493037
1.2482065997130625
0.609324075386135
-1.0985915492957683
0.726288806607791
-0.2686271737593634
0.9356393535582681
0.3370786516853901
0.7838745800671925
-1.6805555555555587
1.709280971888688
0.5972222222222159
-1.1321275714482855
0.5865102639296093
-0.06941552131056504
-0.7363156432342255
-0.6018194541637445
0.5773021684032539
0.5039899202015992
0.9054185819752055
1.0491441192711242
0.28688524590164244
-1.4848113336057727
2.7240044247787516
1.305693902274875
0.013287270794581814
0.5712767370798398
-0.6472919418758226
-0.7179896290386886
0.2678451854827909
0.4006945371978095
-1.2105893308500761
0.6733099919202801
0.34777956126271037
-0.4932018128499127
0.32150033489617913
-0.16023501134997087
-0.5750969640230129
0.08071025020177869
1.0483870967741875
0.47885075818037015
1.1119936457505928
0.8379156847342356
-1.0127239678005802
-0.1311647429171039
0.2495403204623033
1.1528887724354866
0.28493718430254267
0.7878083430195044
1.7298821117375704
0.10076835873536569
-2.088838555429725
-2.711733710320013
2.0211360634081843
-1.9551987569597191
2.3243528790279857
0.03871966959216162
-0.8386014707779641
-0.5984907624251916
1.37434554973822
0
0.07746933505487705
1.1869436201780328
0.8542649496366245
0.7838179519595506
-0.6899147014550928
0.8210180623973727
3.8837384114257074
0.7477086348287424
-1.7716064160880962
1.1211308798440083
-4.229934924078081
2.5166729583490626
2.7617527924389345
1.0511227902532196
4.775413711583922
0.406137184115526
-1.6966292134831487
1.2229969139330261
-0.5871725383920557
-1.499318491594722
1.3376383763837534
-0.2048247610377736
3.6602052451539366
3.1789682103178944
-2.55863539445629
0
2.62582056892779
-0.1918976545842169
-2.0828882717368082
-1.363586778662594
0.03317850033177997
0.22111663902708678
-1.423055708769992
-1.6897940913160276
3.642572566875356
0
0.856672158154855
-1.992812806272455
1.0333333333333283
0.8248102936324646
-0.7308027923211096
1.681133941325124
-1.9234925437648536
0.13221683561039355
1.7825704225352164
-1.837837837837838
1.2334801762114587
1.3381201044386373
-2.501341921631772
0.660647434485796
-0.19689345876176637
1.3590530469092479
-2.9844290657439347
1.1257244761480059
-1.0250192879973499
-4.042316258351888
5.257050017407445
0.7497243660418913
-1.8165900634712093
0
-3.88987962550157
-1.6583555607097247
1.6037735849056631
-0.266945218198708
3.293378331199822
0.27039206849932146
0.5842696629213534
0.18990169794458575
-3.3114059538410006
1.1646678966789563
-3.601960560811571
-1.8564502778763208
-1.5542168674698769
-0.37939052747522
0.28255528255527695
-1.2617910082077612
1.488833746898263
0.9290953545232301
-1.780523255813959
0
-0.20964360587001254
-0.7661888284725711
-0.08717310087173667
-0.286675807054712
2.1875
0.1590214067278232
-0.5617977528089777
-0.19651191353476083
-0.07383706620723883
0.8374384236453146
-2.576941866145568
0.30086498683715396
-0.5124359455068145
0.012562814070354615
0.9420927019218691
3.720756595321052
-5.146970605878822
4.502909182899066
-2.2754780924715647
-0.7926678226405719
-1.0486891385767763
0.22710068130203817
0.9441087613293052
-0.7357525876044366
2.0100502512562812
0.628078817733993
-0.6119202056051891
-0.8127077946065783
-0.16139044072004402
1.6662521760756002
-0.5626223091976544
-1.574415744157436
0.41239690077480057
1.3939016801493522
0.7119184976064753
0.6825106642291313
-1.452608643021426
0.6387421692666665
-2.07494202367875
0.336532469151196
-0.8074534161490683
-0.9893550407013121
2.542372881355935
-0.8757863574688568
-0.33598805375809426
-0.362092645773502
1.1904761904761905
3.1578947368421053
-3.037214885954376
-0.5695183855391881
0.2863902378284092
-2.0114228954556657
0.6969082615306639
0.2516672958349062
2.284423245889285
-0.5644864400539972
-0.46896211279772365
0
-0.9051456912585188
0.26276276276275135
-1.6722825408710817
-0.4822947074501783
0.07652085193215441
6.027781317701026
-5.396634615384613
0
0.41926057680090895
2.960526315789471
-3.89530597198328
0.1662191535609199
-1.0850140413581824
-0.6323396567298977
1.2857142857142827
0.41030901397615666
-0.49802068701314994
-0.410677618069821
-0.2061855670103122
0.29700413223141375
-1.8668726664091668
0.1311991603253739
-0.9433962264151002
0.5291005291005291
2.2105263157894677
0.5792996910401648
1.8686804044541179
5.716798592788039
-3.2564772997385285
0
2.7149877149877177
-1.6864011481880186
0.09732360097323048
-1.5070491006319857
0.8514313919052292
0.9910681512296615
-2.3624909134964867
0
-0.2605782355130938
0.34834535954218315
-0.44631787751054086
0.29887920298878917
2.19766575614602
-0.862592637589603
-0.2573529411764734
-4.853176065855757
2.6859504132231495
0.03772635814888764
0.037712130735380836
0.12565971349585323
-1.0165662650602296
0.8748573602130059
-3.4188034188034244
-0.05205622071837289
-2.330729166666664
-1.3331555792560992
-2.9320362113228002
0.19487750556792557
4.237288135593221
2.6256164200986336
-3.194805194805198
0.8854306412664372
-0.0531914893616991
-0.5987227248536455
0.026770178021674713
-0.16057808109192184
0.22785149443773378
-1.0430596416153992
2.5
0.19775873434410018
0.013157894736845097
-0.6709643467964771
7.139072847682117
1.248609222400794
-3.675213675213678
0.35492457852707165
-5.014525704180882
-0.25265957446808207
1.9330755899213439
2.524195657860313
-1.964536292894499
0.6636304489264832
-3.1540847983453952
0.22690870261611476
-0.7191370355573282
0.2146210596914853
0.8566456966938799
0
-0.504313205043126
-0.7869814592503789
0.48400107555794875
0.08027829810008333
0.7754010695187105
-0.543910851684785
0.8936908096571871
0.06610259122157588
1.4136609855991604
-1.2506513809275694
1.2401055408970947
-0.16940317956736442
0.313275029369531
0.026024723487318865
-1.8993105242617434
-1.8299960217477877
-2.917736052951494
-1.1966049812160877
-0.3238980425292308
-0.2543091268719913
-0.8073654390934909
-2.6131657860916686
0.6598240469208211
0.21849963583394028
-1.8459302325581461
0.11846586702207437
-0.5324656115959211
-0.37174721189591076
0.746268656716418
-1.9111111111111077
3.0962090318682978
-0.20509815411660962
2.466236054022307
1.9770773638968415
-3.779151447035681
-2.4091108190976787
2.4386594853381314
6.601431283773905
-4.617070831620761
1.967825337546672
-4.3527257360191545
-0.13254786450662404
0.3244359239050187
1.3523445538732979
0.44960116026106206
-0.7074790643950299
0.7416024429256811
-0.11547344110853848
-1.300578034682081
-1.5666178623718954
-0.520600922207348
-0.5831339712918626
-2.601895021807784
4.385423100679428
-3.6834319526627186
-0.16894486254031987
-0.3230769230769266
-1.9756135206050247
0.14170996693433746
-0.07861635220125786
-1.683713611329669
-0.4481434058898775
1.4951768488745907
0.03168065895771353
-1.2351543942992802
1.2025012025012025
3.9607097591888465
0
4.769887229503193
-0.3490909090909058
6.232666763976051
-0.9343226161033189
1.1373092926491049
-0.45255074053758476
1.1434081829453187
-1.1032416235358242
-0.27544415369783776
-0.23477420245823027
-1.1074197120708749
0.4059350503919341
-2.0075282308657436
0.6686584151372948
-3.0949689089881254
-0.8166836809100222
0.7498897220996945
-2.466433158201998
1.8105641179111214
0.896531452087011
1.7771303714493876
3.0485186775440036
-2.8472222222222223
-0.17155110793424524
-0.05728197049978194
-0.9313655251468692
0.07231703789412786
-1.7199017199017166
-1.294117647058817
0.20858164481525285
-2.691049658043417
-0.6875477463712758
2.5999999999999965
0.3748687959214275
8.126680609501044
0.02763194252556583
-1.61602209944752
0.1544293134915096
4.191197084384634
-0.44396609713439456
0.9729729729729791
1.1643468950749372
-1.6668871543855037
0.24216332570968227
-0.3623674674540391
0.4579741379310314
1.1799410029498618
-3.6840710310098155
1.7473858007705072
-0.013522650439489215
-0.4463078171490336
-0.28528732509170257
0.6675749318801059
0
-0.17593720395181411
-2.3183297180043416
2.2761970853573876
-1.7505767403989656
0.44198895027624935
0.20627062706270627
-1.1801838891176097
0.40272184418830403
-0.7883817427385955
0.26488219712813205
-2.0995550611790907
0
8.762959806845608
0.10446591799426329
-2.5436994521262717
0.5354035604336769
-0.9186526427905708
0.2553077129803785
3.538399678327299
0.1941747572815534
-1.2790697674418576
-1.2956419316843315
4.335719968178193
0.16520523573517198
-1.2433392539964563
0.15416238437821755
-0.2565418163160595
0.4372427983539065
2.47119078104993
-0.2873922279145264
1.9924812030075159
-1.2040791251996503
0.8829747543837859
0.012327416173558807
0.22186614076174885
0.4304513589964334
-0.612294881214793
-0.32035485460818414
1.582200247218783
1.715745923582383
-0.37085775810503924
-0.46829971181555924
-1.6286644951140066
-1.8518518518518547
2.2116706235161874
-0.19559902200489276
2.192552670259674
-1.6780534579887332
1.7554553212239536
0.0239607044447025
-0.14372978799855454
1.0675302866738607
-0.45098504628531544
0.48879351454459025
0.8897852651560091
2.5399811853245557
-1.9954128440366947
