-0.529500756429652
0.0456273764258486
-0.2888415931894158
0.21344717182496986
-0.48684010345351164
0.9020027518727988
-1.0303030303030234
0.44396815676668355
-0.41152263374486286
0.39791857973676503
-0.41158536585366545
1.3317005969692401
-1.1782477341389659
0.1987159889941844
0.8237986270022849
2.8597367226509274
-1.6916740217711093
0.28430345653151146
-0.08952551477171332
-1.926523297491036
2.5887010811633924
0.7867003117114375
0.39764359351988887
0
-0.23470734927387746
0.27937068078223454
0.3812316715542555
1.080923166812734
-0.8815028901734137
0.5394372357486581
-0.8845707656612561
-0.8046817849305048
0.25073746312685036
0.6326320435486177
-1.0964912280701755
0.2660753880266008
-0.6781660032433893
-0.014843402107766473
0.014845605700715964
2.256197120379981
-2.8741471911743295
1.1507995815274146
0.6648936170212767
0.2788786144136344
2.429742388758769
1.1431837667905116
0.6216445323537851
-0.3089019938219665
0.05633802816901088
-1.0557432432432432
4.068857589984354
1.7088174982911826
-3.2526881720430167
-0.09724923589885133
-0.30593797802809697
0.8508857581252648
1.6459197786998585
0.8572594910872321
0.08094981111709512
1.3750337018064231
2.925531914893617
-3.10077519379845
4.1199999999999966
-0.10244589576129524
2.115113446993975
0
-1.4436354506653275
0.1146350783339673
0.3816793893129771
2.319391634980983
-2.526941657376437
1.652052357351633
-0.06250781347668459
-0.02501876407304626
3.9664664664664575
0
-3.105066795041516
0.6086200471991029
-4.493827160493824
0.827300930713544
0.49999999999999706
0.267891312667435
0.11450381679389024
0.4066590418096385
2.2022528793823537
-0.06191950464396285
-0.3097893432465923
-0.16159105034182156
0.08715139442230226
-0.9205125015549169
1.330822347771503
0.08673026886382502
-0.5075513741024894
2.923976608187134
-1.8254352030947802
1.6254155892131426
-1.4297831091724167
-0.3073140749846343
0.9001233045622632
0.7087865086154306
-1.2498483193787244
-0.9093143278446766
0.19841269841270123
0.24752475247524752
-1.1358024691358082
3.3966033966034024
-3.164251207729474
-0.1247193813918683
-0.07492507492506358
-2.5243689077730624
2.3333333333333393
-1.0273114507642251
5.075949367088611
-1.457655704132035
7.3594132029339905
2.482350261899334
3.7555555555555507
1.734846862283149
1.2105263157894737
-1.4040561622464898
6.1603375527426145
2.2356915739268794
-1.555058800660911
0.30605193010169046
0.8169291338582633
0.5564775944547541
2.611650485436902
0
3.245340145709145
1.1730205278592334
1.3858695652173871
-0.044670776378093455
2.341794780121563
1.275109170305669
-4.191100379441179
-0.9900990099009901
-1.7454545454545496
0.2960769800148081
5.7749077490774825
1.3343799058084933
-1.5577932696445593
1.4163315264906493
-2.7155172413793105
-0.044306601683650866
1.6578014184397203
-0.7325368448591689
0.043925151541772824
1.8879522304179839
-2.5165905369301083
0.7780037131995564
7.719975436441793
0.17916768466486016
1.7396959596780825
0.04794246903714815
-1.4375848574395018
0.16206142127866463
-0.258878731494201
1.378862843701841
3.6402912232978637
0.24702794503626818
3.711689511781923
1.8117018117018184
-2.2316219369895083
0.6116664180217847
-1.2307236061684392
-0.5779912925987123
0.505851264628165
0.10516826923075898
8.577217469608298
0.03455663833022323
-2.100317811247761
0.60691601976005
2.897025813692493
2.249642102392801
-0.6600440029335349
0.09395973154363027
0.8783693174198678
1.030242605516783
-0.006578947368415069
1.0592802158036652
-1.523437500000006
1.593283088721416
-1.8155788377692517
0.21208907741251629
-0.7142857142857113
0.5861977084998637
0.04635761589404275
-0.21182233401734596
-0.4444444444444475
0.6130063965884892
-0.33112582781456956
0
0.9900332225913682
1.9738140667149153
-3.2002064649332302
0.6398720255948901
-0.5761970991456418
-2.4713562483346747
-0.02732053821459351
-3.7985926077748267
2.620552517576883
-0.6159169550173074
-0.47350463059675196
-1.9030294549779645
1.5762071178945964
-0.049150400224690735
-1.3347383210396908
-2.833748665005337
2.9457023521653145
0.37013310555910156
-0.3333096943479057
0.6119254304824184
-0.4031117397454063
0.5396577433785512
-0.614450173034822
1.9471290505969203
-9.222082810539522
0.37625739077018283
1.1704406364749047
1.4669187145557725
0.2608242044861763
0.7878697785045271
0.9882005899705082
0.7813641010661471
0.5651764364901226
1.1528208084155918
-2.8705748272669123
2.955412144323862
1.759384571550667
-0.5949881002379953
2.0280261953383696
0.3519911657119131
-0.5570839064649181
0.15215436752194605
-0.44195842828533
-0.1109800929458373
1.576279425039931
0.48537052228603617
-0.12245731002110223
1.4849124719024716
-1.2551177931404822
1.2642740619902058
-0.3154785877298997
0.8618948218975276
-0.7810935309433237
-0.2758713497510521
0.4925443627285731
0.83255002014233
-1.2185377546943639
0.43815301651499833
-0.48993288590603723
-0.18210022256694175
0.33783783783783783
1.0101010101010102
-0.6666666666666666
0.40268456375838924
-1.697860962566851
-0.40119679042566736
-4.062265310302451
-1.5015656134358195
1.105411458709644
0.7646134057453063
0.992837387419332
-0.44238466399831156
-0.0775849908308583
-0.28940495517753484
0.17697862098258532
-0.0777330224012373
1.074964639321078
4.50601735236495
-4.023835029459019
0.5720265085455212
0.5549004647291392
0.7104918258950096
-0.965753424657528
1.63911750466836
-1.3881328252585645
-0.22081148219707739
-0.463347164591981
-0.4724518863336313
1.2425828970331556
0.7308832655312788
-1.0404545143404782
0.020751193193605487
0.6777316735822928
2.4866053029262294
-2.546916890080429
-0.13067400275103788
-0.17905102954341362
-0.006898930665740535
-0.4277632123637398
0.062361419068726685
0.19389238972371595
1.5896053631902687
-1.7552214436356337
0.13849456408835953
0.2973514971302249
0.07584114726971242
-0.5235962797106379
0.42246692984278056
2.17931034482758
-0.6479481641468622
-0.4891304347826118
1.9934462042599703
-2.2021419009370877
0.19848059681062838
-0.1366120218579235
-1.3611491108071199
1.158033423479651
1.453249245955583
-1.2364864864864835
2.1618663200383055
-2.3371057389673786
0.3839824465167244
-0.0819672131147572
0.4922067268252697
-0.4421768707482993
0.7857874957294158
-0.6915254237288166
-2.2323866739486653
2.6045667202011162
0.7009663808357122
-1.054267756977775
-0.2800355166996728
0.6506849315068494
-0.04083021435861919
-0.599087752740158
2.129991096500249
-3.507242489270383
0.8895684203210754
0.04133085348211814
0.3649383736142639
-0.3704720087815494
0.06886103842445944
-0.0068813652628775404
0.03440919413667332
-0.20638414969730326
-1.9371294636701992
1.6309314586994759
-0.00691706439787898
-0.24211400110680686
0.10401497815685459
0.7134940426711127
-0.9491711947176684
0.9096590514547697
-0.39223781998348783
0.02763385146805464
-0.5387112369638912
-0.034719811124227486
0.03473186996387886
0.00694396222485497
-0.28468268296070937
-0.3342385627741769
0.2724795640327039
0.9197324414715751
0.165700082850032
0.6134546457127165
0.664520106871278
-0.7145773785218456
0.5963397079991649
-0.708639956391378
-0.21959923140269322
0.2063273727647868
-1.1599176389842203
1.2429692382473503
-0.5418381344307333
0.3034273498379485
0.11000343760741899
0.1098825630107916
0.41846744872058095
-0.17761989342805773
-2.0599507254311615
1.453427433442819
0.42013912803911485
0.06858710562414266
4.866346812885538
-4.810457516339864
0.274649821477616
0.13010134209804597
2.4345209601313096
-2.396688697509853
-3.9671682626538987
3.725071225071222
0.12360090640664387
-1.7145600438927373
1.604912427604494
-0.38458897053773156
0.4619096863150669
-0.3568487510293745
0.19283746556473516
-0.21996150673632428
0.7508955635161264
2.3794871794871764
0.04675081813932048
3.1174899866488683
0.045316242636113516
1.2876925067943485
0
-0.44081006835749464
2.0277207392197067
-2.9371069182389964
1.082096805546559
0.6923076923076894
2.4955436720142634
3.7515527950310616
2.8196839080459712
-0.5356622998544422
1.5044195984311917
2.4625144175317213
0.6472674058648055
1.3141706744212056
0.21526742838217494
0.14320334875523996
-0.005499945000557498
-2.5411143501457465
-0.10722952762571764
-0.17514124293784797
0.47540890825739224
-0.08449276178674027
0.4340962904498842
-0.4153802975021101
1.1780621160024853
-1.4763231197771587
-1.5945716709075513
1.3963109808653655
0.8047149495636431
-1.4391724758263948
0.4391968971024438
-1.5333068317337724
-1.684064824961073
1.6425177450577815
0.42130778553702053
-0.05747126436781609
3.5020126509488265
-3.5446413689649523
0.23040147456943727
-0.40802252744094647
0.17311021350259664
5.432027649769583
-1.1036442113314782
0.8231589414949501
4.657534246575342
-3.722513089005231
0.17401707542551623
0.9717170620487537
2.0376344086021554
-3.1245060329838337
0
-0.1958011530512297
0.005449591280648995
-0.3433055419323173
0.28980752405949006
0.7796739545281164
1.6500757411815623
-2.442918729043594
1.1456628477905073
-0.2642934196332304
-2.2064788275377185
5.098711496986121
-0.7629571165482768
2.857900318133621
2.4691994432702646
1.594727839822922
2.594701658826447
-1.3128046720401585
1.6970704748862935
-1.202269885543907
0.5646417445482822
1.1665053242981562
