6.721311475409827
17.357910906298024
2.2251308900523408
19.974391805377735
0
9.978655282817495
0
9.99514798641436
0
9.969122187913552
-5.856397914159656
2.812100553898604
-12.432656444260257
-6.294368196876484
-3.939393939393945
-4.7844374342797025
3.2578685808945367
6.844919786096263
2.9529529529529412
9.965969859017989
0
9.991158267020346
0
9.96784565916399
0
4.53216374269005
0.4195804195804156
4.387186629526471
0.5670446964643058
4.975124378109452
0
4.992101105845185
0
4.905206139031
0.0860585197934465
4.9871023215821255
-9.500409500409502
-4.97737556561086
0
-4.984126984126981
0
-4.978282659538936
0
-4.992967651195496
0
-4.996299037749815
10.518114530580444
4.970038773352141
0
4.969778374748157
-4.030710172744729
-4.666666666666667
7.622377622377625
3.898635477582846
-8.53658536585366
2.5641025641025643
-6.933333333333336
0
3.2234957020057307
0
-4.059680777238025
4.086799276672698
-6.810284920083399
4.213273676360929
-6.225402504472264
0
-1.602441816100742
-3.063202791779751
3.0799999999999956
0.853705859526577
-4.1169680646402425
1.2439807383627701
-0.9512485136741996
0.04001600640255875
0.9600000000000023
3.7242472266244078
1.2223071046600413
4.566037735849065
0.3969686033922648
4.996405463695196
-1.7117425539198903
-4.9808429118773985
2.565982404692082
-4.6461758398856325
3.4482758620689613
-0.9420289855072547
-3.7307973664959726
-2.735562310030391
-2.304687500000002
-4.838064774090362
-0.1680672268907587
4.713804713804722
0.16077170418005515
4.333868378812204
0
-2.2692307692307714
3.7386855568673862
3.679817905918053
-6.110501280643977
4.520654715510508
-3.579418344519003
2.7068832173240525
-4.292168674698807
4.523996852871755
-0.6021829130598291
4.922377887163953
-0.5774088776615022
-4.464609800362981
0.34194528875381236
-3.3699356304430266
4.427899686520381
4.465290806754213
-3.9511494252873565
4.412864622288711
-7.593123209169051
4.651162790697675
-2.1111111111111067
3.670071888006049
-3.978102189781014
4.865070315469386
-1.014860456687189
-2.5997803002563247
-1.0526315789473728
-1.063829787234047
2.3041474654377883
-4.579579579579575
0.7474429583005642
4.607575165950783
-0.8585293019783332
0
-1.3554216867469964
3.0152671755725104
-0.9262689885142646
0
0.29917726252805216
-4.436987322893355
4.525946156847431
-4.06868234415826
-0.03891050583658472
3.5422343324250773
-0.7518796992481203
4.545454545454546
-0.10869565217391716
-4.642727602466453
0.26626093571702
0.1517450682852721
3.3333333333333375
-0.29325513196481356
-1.6544117647058822
-4.261682242990646
2.88949629051151
-4.6679316888045586
0.5971337579617835
0
-0.11871784724969646
-1.7432646592710006
-1.2903225806451568
2.083333333333331
1.0004001600640255
-2.6148969889064952
-2.441008950366151
-4.837364470392003
1.4460999123575862
-4.7948164146868235
10.208711433756806
4.5286125977768625
-4.293028751476961
0
1.1522633744856015
-4.963384865744515
1.3698630136986374
0
-0.46452702702703663
-1.5697921086126385
-0.9482758620689606
-0.13054830287206762
-2.919389978213503
-0.4937163375224518
4.510599909788002
-0.30211480362537274
-0.4329004329004329
0
0.17391304347826333
3.732638888888886
-3.1799163179916294
0.12964563526360542
0.9495036685369086
-2.1376656690893543
-0.8300567933595481
0.13215859030837504
0.4839419269687612
2.3204903677758244
-0.941377834830975
-1.4686825053995705
-0.526085050416479
-2.15954164830322
4.86486486486487
-3.2646048109965733
7.460035523978691
3.3057851239669422
-1.9200000000000046
4.526916802610124
-2.848224736636758
-2.0080321285140563
-3.032786885245904
-1.0989010989010966
-2.5641025641025643
-1.4035087719298196
-3.647686832740221
3.6934441366574333
-5.877114870881562
-2.5543992431409674
2.0388349514563053
3.425309229305432
-6.025758969641212
3.475281448849728
-3.926206244087044
-3.9881831610044287
1.1282051282051224
4.918864097363092
-8.023199613339775
4.9921177088807145
-6.956956956956959
4.895104895104892
-0.051282051282048366
4.9974345818368295
0
2.629007036747471
0
4.999523854870964
0
4.979140214039538
-0.6479481641468683
0
9.391304347826084
9.697933227344993
-13.833333333333337
5.121520477672192
3.1039999999999965
1.4897579143389323
-4.755351681957197
8.364103387381604
-7.585185185185182
0
-1.0981083680666917
4.068401004943671
-6.51818394206058
0.49983338887037176
9.449602122015907
8.300514995455929
1.566433566433573
9.47397411181492
0.4779874213836421
4.994992488733112
0
4.864671515440561
-9.403069926094366
-4.618473895582338
-0.39473684210525944
-0.4623513870541724
-4.545454545454542
-4.622871046228715
-0.3644314868804665
-1.2435991221653173
6.296296296296297
3.7282229965156755
1.209271078266719
4.51377364752737
-0.5398539218799583
4.980842911877402
0
4.987834549878339
0
4.200463499420626
-8.81289963858771
-4.999999999999993
0
-4.6854942233632935
1.4478114478114517
1.2943909724526974
-1.474442988204456
-2.8932490854672395
8.11643835616438
4.909724421919544
-1.8115942028985508
1.8757687576875839
-2.233625113190472
-0.061747452917563644
-4.695705900525175
0.8103727714748784
-1.061093247588428
-2.2424439389015203
0.4986702127659574
-0.09923916639100608
3.3112582781456954
-0.32051282051282054
-1.3504823151125365
3.6179921773142
-3.4287511796162247
2.899022801302924
-2.8490028490028494
