0
0.7597895967270669
-3.538283062645008
2.1647624774503873
3.7080635668039923
2.9511918274687954
1.7640573318632793
2.8169014084507134
-3.2665964172813577
0.21786492374727978
-2.2826086956521676
5.561735261401557
-11.85458377239199
-1.9725044829647407
11.219512195121954
3.837719298245614
-4.963041182682157
2.388888888888895
-11.77428106348346
4.551045510455109
-6.117647058823532
-4.448621553884708
1.4426229508196646
1.09890109890111
2.4936061381074204
9.419837804117277
0.34207525655643917
2.0454545454545423
-3.6191536748329622
-0.8087810514153702
-1.106581246359917
2.12014134275618
0.46136101499422316
1.6073478760045992
0.39548022598869415
0.11254924029263763
-0.7869589657110768
0.28328611898017
-0.5084745762711896
-1.4196479273140261
0.7488479262672877
0.45740423098912686
0.28457598178713717
8.910329171396151
-7.503908285565401
1.2957746478873304
-3.948832035595118
0.6369426751592489
-0.8055235903337201
0.7540603248259762
0.05757052389178051
-0.5178365937859641
-0.8097165991902867
0.17492711370263053
4.714784633294525
1.167315175097273
-3.681318681318675
-0.05704506560183841
1.5981735159817418
-1.1235955056179776
-2.0454545454545423
-0.2900232018561485
1.2798138452588648
1.091326823664564
-1.7045454545454546
0.4624277456647465
0.11507479861909586
0.05747126436781282
-3.4462952326249283
1.1897679952409281
-1.5873015873015808
1.6129032258064449
-1.7636684303350971
1.0771992818671523
-1.539372409709884
1.262778111846058
-3.622327790973868
0.554528650646936
-6.801470588235292
0.5917159763313647
0.9803921568627451
2.4595469255663502
0.7580543272267773
0.12539184952977345
-2.254226675015651
0.9609224855861628
-2.7284263959390755
-2.5440313111546025
-0.870147255689432
-1.0803511141120827
-1.3651877133105803
0.8304498269896116
0.34317089910775567
-0.2735978112174947
0
-1.371742112482853
8.692628650904032
2.111324376199605
3.0075187969924886
0.6690997566909941
3.20241691842901
-1.990632318501174
-0.8363201911589042
1.265060240963852
3.8072575847709733
0.9742120343839477
0
0.11350737797957836
-4.1950113378684835
-5.207100591715983
7.927590511860187
-1.677270098322733
-0.11764705882352272
-1.2956419316843444
-0.47732696897373683
-1.3189448441247105
0.4131227217497004
-0.71393998063892
0.9872029250457066
-0.9775524981897203
1.1700182815356588
7.155764365739064
-9.55593029792018
4.35052827843381
-3.1209053007742757
-1.5615394073527555
2.548088933300015
1.0718635809987938
-2.2897083634610818
-2.491366551554016
2.4538325322539816
-2.96296296296297
-1.272264631043257
3.131443298969081
-3.036361364488325
-0.8376288659793705
-1.208576998050691
2.01262825572218
-0.77369439071566
-0.7147498375568514
-1.361256544502626
-0.07961783439490748
0.5577689243027911
1.6111991547807698
-1.7026254224070734
-0.5685574507470483
-2.04787234042554
-1.5748031496062946
-0.8965517241379388
0.6958942240779402
-5.2107809260539
-1.064450277048708
-1.70965364775239
3.4637876743139935
-0.5652173913043487
-3.8041101880192385
-1.3787878787878736
2.550314948532795
14.142322097378274
0.3412521328258369
-7.141922825376073
0.9297084096351752
4.494068387997206
-3.499398958194209
8.456747404844291
1.901480347115869
0.500939261114597
-1.4953271028037418
-1.1891208096141654
1.267443349123025
-1.0745891276864656
0.9584664536741214
-0.9493670886075949
15.015974440894569
-12.933333333333334
0.587034201123014
-1.0276579548337834
-0.01281886937572762
1.2179487179487216
-1.3932868904369962
-1.9781631342324884
1.4283842222513476
-2.454780361757113
2.490066225165557
-3.4892737141380055
-1.633636850562417
0.6670296760141698
-1.9607843137254939
0.4827586206896473
-9.059711736444742
13.826415094339618
0.11934756663572924
-0.768211920529799
1.7084890549919929
-1.3254593175853084
1.529458704614983
-1.7553052135184743
-0.13333333333332575
-1.708945260347131
2.214072262972012
-0.3986710963455112
0.7338225483655733
-2.9271523178807866
1.0915541001500848
0.7153462005668796
-2.1709997319753476
1.36986301369863
-2.635135135135139
0.9854267869535156
0.19241341396371708
-1.31687242798355
1.4734500973033116
-1.3013698630137025
-0.06939625260235553
-2.1527777777777737
-0.496806245564242
-0.25677603423679407
3.832951945080081
0.6887052341597797
-0.6839945280437757
0.537190082644629
0.6987258528565627
-2.0408163265306123
0.06944444444444049
0.6245662734212393
1.9310344827586285
0
0.4465493910690098
5.698504647716542
3.4922253377517323
0.7389162561576285
-2.188264058679697
-2.662167229096375
-3.492552645095017
-3.7386907929749897
3.2480995162405097
0.33467202141900937
-1.33422281521014
0.7437457741717338
