-5.536912751677855
1.7169923031379548
8.090803259604177
9.96230479267636
0
0
-8.080313418217434
2.2908897176345295
-8.64583333333333
2.39452679589509
-4.621380846325158
0.6421482778750696
2.9582366589327114
1.1267605633802817
1.559888579387193
0.9325287986834825
-0.10869565217390686
0.6528835690968382
-2.8108108108108047
-0.3337041156841061
-1.450892857142854
-0.28312570781426954
9.823963657013067
-2.481902792140647
0.21208907741251629
0.6878306878306939
1.2611665790856421
1.0378827192527245
-1.0272213662044172
0.15568240788791457
2.2797927461139924
-1.519756838905775
-0.7716049382716049
1.8144116122343183
-9.928716904276985
-4.126625211984178
2.5353773584905728
0.05750431282345849
-0.7471264367816157
-0.9843659525188122
-0.17543859649123472
-0.4100761570005792
2.3529411764705883
1.0344827586206962
-1.6496018202502876
0.05783689994215981
-2.4855491329479835
0
-3.37877889745109
0.6134969325153374
-2.1341463414634148
0.12461059190030445
6.782825140012449
-0.23310023310023642
0.11682242990655202
-0.758459743290555
1.1757789535567313
-0.11621150493898236
-2.9668411867364712
0.779376498800949
2.2605591909577702
0.11634671320534533
-0.4067402672864548
-0.641773628938153
0.2935995302407516
-0.7025761124121879
0.058962264150940046
-0.8839127872716559
0.05945303210465086
-0.17825311942959676
1.1309523809523843
0.058858151854028436
-0.05882352941176136
-1.0005885815185502
2.4375743162901444
-1.9733023795705198
7.223208999407927
0
-0.3865267807840909
-0.166297117516636
0.33314825097167927
-0.4427227448810089
-4.558087826570326
0.6988934187536501
-0.578368999421631
0.7562536358347777
2.1362586605080933
0.4522328999434612
-0.6752954417557618
-0.7932011331444792
-1.8275271273557903
-0.6399069226294324
-1.6393442622950885
-2.0238095238095273
0.06075334143377541
-1.8822100789313871
6.683168316831691
0.8700696055684455
-1.322599194939627
-0.7575757575757477
0.7633587786259441
-0.05827505827505496
-0.4664723032070037
-0.29291154071470415
1.2925969447708678
0.6960556844547497
0.8640552995391705
0.45688178183895567
-1.9329164297896564
0
-3.710144927536235
0.06020469596628195
-0.541516245487351
-0.7864488808227533
0.5487804878048815
0.1819284414796743
-0.7869249394673021
0.3050640634533252
-1.9464720194647305
-0.3722084367245623
2.4283935242839387
0.7902735562310099
-1.688781664656219
-0.5521472392638072
3.9481801357186956
-0.23738872403561168
0.77334919690661
-0.7674144037780468
-1.427721594289117
-0.5431502715751221
-0.6674757281553536
-1.0384850335980382
0.8024691358024761
-0.06123698714024662
0.18382352941177169
-0.8562691131498505
0.06169031462060106
-0.061652281134398475
-0.12338062924120212
-0.9264978381717109
-0.37406483790523337
-0.06257822277848732
-2.0037570444583523
-1.980830670926514
-0.5215123859191729
0.9174311926605542
4.025974025974018
0.06242197253434628
-0.7485963817841653
-1.634192331866747
-0.7028753993610187
0.06435006435006069
-1.4790996784565988
0.06527415143604617
5.414220482713622
-1.6089108910891055
-2.0754716981132146
0
-0.6422607578676943
-0.2585649644473027
1.0369410239792574
-0.8338678640154017
-1.5523932729624876
-3.613666228646518
0.681663258350375
0
2.437373053486813
0.06609385327164198
-1.849405548216652
-0.4710632570659412
1.0141987829614605
-0.870147255689432
-0.4051316677920286
0.9491525423728852
-2.6863666890530555
-0.4830917874396253
-0.1386962552011017
1.8055555555555516
-1.5006821282401015
0
-1.3157894736842144
0
-4.701754385964905
-2.1354933726067786
0.1504890895409997
-1.427498121713002
7.088414634146351
-0.3416370106761493
-2.199685759177269
-0.6864320140207374
0.7352941176470589
0.01459854014599287
0.8757845569989698
-0.14469686007812807
0.521663527025068
-0.46129450771227815
-1.549601737871098
-0.9414533686378355
0.7128007128006976
-1.2090828664110782
2.985074626865672
0
-1.5797101449275412
-1.3400088352230843
-0.2835820895522354
0.29935638377488827
-0.8207730189524121
-1.730364128799265
1.699586587046393
0.8732309545317649
0.6119402985074576
0.13351134846462456
-1.5703703703703737
-1.3997591812161239
0.7174477179056614
-1.409518035768425
2.4442736356648784
0.540216086434573
-1.7910447761194073
0.09118541033434996
-1.7157607045247425
-0.3398733199443826
-2.0616958611068132
0.3323836657170004
1.2462533522637738
0.4985976939856546
3.7364341085271264
0.1345090419967171
-0.910447761194029
-0.27112516945324117
3.413381664401156
-0.6572221410836905
4.087033225521907
-1.6807909604519742
2.0112052865967613
-1.3378397408815699
2.497858978018841
-0.4316947500348172
0.09790209790208836
1.970099203576933
-1.1098931214031271
-0.5819592628516027
1.0313588850174145
-1.2139605462822396
4.315039798910772
0.41499330655957467
0
-0.3999466737768449
1.2046580109757807
0.515804787726492
0.23684210526316687
-1.9427671304804461
2.3427041499330654
-0.7848266841072707
0.44825313117996496
-1.5225095156844686
-1.5193922431027596
-1.001488699418047
3.4039644565960283
-2.1681649920676898
2.3513513513513447
-0.5809347768682305
2.0451527224435675
-1.8610098906819452
0.30499933695796844
-0.3172924378635575
-1.2599469496021256
-0.5238415043653466
2.416959222252217
-1.911667765326287
4.2338709677419235
0.14184397163120493
-1.3520473860417168
-0.7962406996475648
-2.7500000000000044
2.814233527262885
-5.921831819976313
0.4476150510561021
-0.45954602423060614
-0.6715165081141633
-0.4507042253521031
-0.8064516129032362
2.0253886749393835
0
0.3634838529288482
0.919348098620973
-0.828157349896492
0
-0.5149617258176623
-0.517627308338003
2.5875404303192284
-1.9054146675805352
-0.6847400782560217
-1.3648515548051203
6.4336661911555
-1.7960058973328017
-0.7506482871570864
2.832783278327836
-0.7488633324418323
-0.29641606036108714
2.6891891891891824
0.01315962626662076
-1.3421052631578896
-1.2803414243798452
1.796811672520938
