-11.002444987775062
1.3736263736263736
-0.27100271002710413
6.385869565217396
-2.937420178799486
4.144736842105271
-3.916614024005064
4.536489151873771
-4.842767295597477
5.617977528089887
-2.6282853566958804
0.706940874035986
-2.361199744735156
2.875816993464056
-3.748411689961884
0.5280528052805356
-0.6565988181221273
0.7270323859880993
0.7874015748031421
2.1484375000000075
5.736137667304015
0.9644364074743786
-2.507462686567157
1.224739742804654
2.8433151845129996
-0.17647058823530082
-2.6517383618149677
1.7554479418886235
-3.331350386674595
2.5230769230769194
-2.160864345738292
6.748466257668712
-7.98850574712644
3.4353529044347284
5.193236714975842
2.181400688863382
0.5617977528089888
0.5586592178770949
5.833333333333333
0.6824146981627356
-1.6162669447341098
1.3778484366719783
-2.1432305279665567
4.006410256410256
-2.927580893682583
2.328042328042331
4.601861427094108
-0.14829461196243765
-4.207920792079208
2.9457364341085213
2.359437751004025
2.501226091221184
-4.68899521531101
1.4558232931726938
2.8698664027709113
3.8961038961038934
0.23148148148148148
0.6928406466512702
-2.431192660550464
1.5984955336154236
4.7663118926423005
0.9717314487632458
-1.968503937007874
1.2048192771084414
1.4109347442680724
3.826086956521744
0.37688442211054324
-0.6675010429703773
-1.2179756404871926
2.040816326530617
-0.7500000000000048
4.953820319059619
1.5600000000000023
2.126821583300514
-7.250289240262249
3.0769230769230793
0.24203307785397107
1.8108651911468814
-1.304347826086961
1.2014417300760913
-5.817174515235453
0.8403361344537815
-3.500000000000002
1.8998272884283272
1.737288135593218
0.3748438150770536
-0.4149377593360996
1.5833333333333381
2.0508613617719442
1.527331189710604
-6.809184481393503
1.9541206457094282
-2.5
5.042735042735048
-13.344182262001631
1.9248826291079786
1.1976047904191591
5.598543468365959
-1.2068965517241428
3.2722513089005236
-3.7600337980566025
-2.546093064091313
6.036036036036038
1.9541206457094282
-2.250000000000002
5.115089514066496
-0.20275750202757503
0.7314099959366158
-2.016942315449778
-72.9106628242075
5.9270516717325314
0.28694404591105144
-8.29756795422033
2.6521060842433744
-3.9513677811550068
-0.15822784810126805
-5.705229793977814
-2.0168067226890805
-1.2006861063464764
-1.0416666666666692
-2.4561403508771904
4.136690647482009
-3.2815198618307404
-4.999999999999995
-5.639097744360902
-0.5976095617529965
-4.809619238476952
-0.42105263157895334
-7.610993657505274
-0.22883295194508332
17.889908256880727
2.1400778210116758
-2.476190476190471
-0.5859375000000083
-2.3575638506876144
0.4024144869215206
-6.4128256513025965
-0.21413276231263687
10.944206008583693
-1.9342359767891681
-3.353057199211051
-0.6122448979591779
-3.490759753593435
-0.6382978723404195
-3.854389721627418
0
12.24944320712695
4.761904761904759
-7.765151515151505
0.2053388090348959
-1.8442622950819645
-0.4175365344467552
-0.8385744234800957
-0.6342494714587679
1.4893617021276657
0.419287211740033
-2.9227557411273457
2.150537634408602
-2.5263157894736903
-1.2958963282937244
1.531728665207868
7.758620689655175
-7
0
1.5053763440860277
1.271186440677954
17.573221757322187
-3.0249110320284744
3.669724770642202
-0.7079646017699089
-3.5650623885918002
-0.18484288354898598
-0.1851851851851878
-0.37105751391464886
2.048417132216004
1.8248175182481752
1.7921146953405018
7.042253521126761
-5.592105263157893
0.6968641114982553
4.671280276816614
-0.991735537190085
-4.841402337228713
-1.2280701754386014
-0.35523978685612034
1.426024955436715
-5.623901581722312
1.303538175046547
13.088235294117656
3.2184655396618935
-7.999999999999997
-0.5477576172543654
-0.9638554216867509
-0.5908932916232122
11.818181818181813
-0.2501563477173291
-4.043887147335421
0.13067624959163393
-3.2626427406199023
0.16863406408094675
-2.25589225589225
-0.6200482259731303
-5.580589254766041
-0.3303964757709246
1.6574585635359222
0.18115942028984477
-0.650994575045207
0.10921004732435799
-0.9818181818181803
-0.8446566287183269
0.8518518518518534
5.398457583547554
-5.714285714285716
-0.22172949002216824
3.4814814814814863
-1.5390121689334277
1.5994183933115147
-1.610017889087654
-0.6545454545454535
0.5124450951683769
-4.005826656955577
0.07587253414263875
-4.8521607278241
2.7888446215139413
-8.333333333333341
-0.4228329809725069
-6.242038216560519
4.619565217391319
-3.549783549783551
9.29084380610413
-2.258726899383986
0.42016806722688177
-2.8451882845188274
1.2058570198105132
-0.851063829787231
-0.6437768240343439
-0.82073434125269
0.609756097560978
-0.5194805194805238
1.6100957354221104
-2.0128479657387683
0.7430069930070005
-1.5618221258134466
1.1458792419568002
-2.614379084967311
0.4474272930648674
5.8351893095768474
2.651515151515147
-3.2390323903239
0
5.762711864406777
-0.8413461538461572
-1.41414141414142
0.6147540983606645
6.7209775967413385
1.3358778625954253
-1.5065913370998196
-0.38240917782025957
0.07677543186180258
-1.2274645186037603
0.8543689320388306
-0.4620716211012609
5.880077369439069
-0.8037997807818867
2.320441988950286
-1.007919366450688
-2.0363636363636317
-0.5196733481811454
-8.358208955223887
-0.24429967426709578
-0.6122448979591779
-0.6160164271047315
1.2396694214876063
0.28571428571428686
0.6919006919006844
0.24252223120453628
0.725806451612902
-3.522818254603679
1.0788381742738506
-0.4515599343185527
1.0721649484536147
-0.040799673602617555
0.5306122448979551
-0.20300446609825706
0.8543531326281565
2.8237192416296866
-2.2754021184778277
1.164191087916496
-0.7936507936507908
0.12000000000000455
-0.7990411506192682
0
0.7652033830044354
-0.8393285371702672
-3.305118903667877
0.5418924551896731
3.8557213930348246
-0.19960079840319644
-5.480000000000005
0
2.708421498095644
-3.1726411207251735
6.1276595744680895
-2.7265437048917387
0.41220115416322284
