8.789865540615626
0.7150153217568948
-0.01014198782961691
-2.180748554620144
1.6383243467440967
-1.8567639257294475
1.9542619542619495
-0.8972267536704684
5.401234567901234
-1.1908247925817517
-1.0471204188481587
1.8368773085754195
-2.0488187432604623
-0.9007205764611689
3.2821652191476467
-0.06844626967830697
1.4872798434442314
-1.5426147319706902
1.2534273403838576
-1.0348162475822094
1.6906088146193643
-0.28829521429944266
20.345026985350824
6.342596300152161
-7.018600798252883
1.0771847412326845
-5.464743589743593
1.703678589591468
-5.850487540628389
0.026555722758250376
0.5752212389380531
-0.2023757149142063
2.742020807617696
-1.8793443748390857
4.862690222144473
-0.7422852376980893
-1.6973363582892043
0.008547739122994192
4.264957264957273
2.795311091073031
-5.255183413078157
0.9090143927279002
2.6107264992910126
-0.8210047146805508
-2.7374805343824167
1.1291817645571638
-4.799600033330549
-1.610503282275719
-1.6546570589805099
1.4201718679330662
5.19086692829112
-2.4927929455655495
0.4869565217391225
0.01730702665282498
0.45855684374458855
1.9722676772026606
0.4476351351351313
1.4125956444967591
1.7660227178509398
1.3524523382760232
-2.8617363344051374
1.4564713670969802
2.145187601957582
0.1357502195959471
-0.29505582137161446
0.38390786211308925
3.6252091466815397
-0.0461325542057442
-2.1692307692307726
0.7312470514231761
-0.8664429006322621
-1.0236220472440944
-5.656324582338895
0.34572898220759835
1.2773109243697518
-2.0909392631928347
-0.5677966101694953
0.41762550072446014
-0.22067560685793042
1.7352841102415866
-1.5468227424749164
-1.8089171974522253
2.8109323646427953
1.1104568015479133
-1.8720359430901072
2.212989655757157
-2.0240564081294146
0.4572009144018365
-0.1432785503582002
0.10972316002700494
-0.463704578028834
0.20328646450957913
-0.28740490278952585
0.11868429976263913
0.7112616426757062
1.4965528838069575
-1.6567263088137838
1.9204851752021523
1.0165289256198309
-1.8162480569418347
0.07499375052079751
1.40716069941716
-5.6572789227358635
0.33942558746737084
-0.2515395958018988
1.1478260869565258
-3.344222833562594
0.1600996175397985
1.5451558476156728
0.7433318758198514
-1.2934027777777857
0.07914871163486861
0.5360281195079006
1.2061882702561124
0.2590897314103118
1.645275217503653
2.1525423728813635
0.14103202256510852
-0.8615690497887386
-0.0501378791677226
-1.1203076665830503
-0.2113807389870635
-4.151838671411625
1.3613861386138493
-1.561137275422978
-0.9479932665898861
0.9749552772808668
-1.674196120116936
0.9279279279279238
0.07140944389895158
-1.7304433146017184
-1.7790687119905724
-1.1089548100914888
2.794131389589767
-1.4454545454545538
-2.066230052578163
2.3829707073561224
0.6899724011039559
-3.4810415714938245
0.3407800075728804
1.2924528301886835
-0.763714259104037
1.94274988268419
-0.009206407659743732
0.874689255133045
0.2190580503833599
-0.2550091074681197
-0.4656683710737889
2.036510411888822
-0.5484131978782621
2.57638763333936
0.11456772715254732
-1.0475352112676137
-0.48928031313940046
-2.467369926694074
-0.05499541704857095
-2.842993396918562
-0.12271096847273756
0.5576032511104897
2.0676691729323307
-1.1878453038674117
0.8946044171093223
-2.5584187678950814
-1.4218009478672986
2.0576923076923164
1.7241379310344784
-7.492822080207473
0.7408890668802655
6.877360365732463
0
0.8740933606099928
-2.0925516224188834
0.6308257226249926
1.1414670658682677
-1.424606845513422
-2.7590090090089965
3.4838834201891435
0.167863471043547
-2.197188343729626
-0.2665397429795292
3.865610384652095
-0.6248851314096632
-0.4808581468466844
-0.25088273555101703
1.9841639496972479
-0.639386189258312
0.4596433167861739
-1.2445095168374734
1.6679021497405484
-0.911410864017499
-0.4690949227373194
7.753442380556335
-7.229845626072038
-0.961449570121114
-2.04424530943712
-0.12388031255957517
-0.12403396622459256
-1.9679021780664798
5.593451568894939
5.011074197120726
-4.420423587309973
-0.22066936373665536
0.8569848875783224
-0.1553220648698077
0.009150805270876321
-0.5581480464818498
-1.7666543982333498
-1.639190708130386
-0.666603180649462
-1.6393442622950734
1.822612085769985
2.0005743275581374
-2.2334834834834796
-2.0061432136686483
1.17543344108141
-1.248910833575379
0.8921568627450891
0.2915168593917015
0.43600426315279533
-0.14470383947520743
-0.08694812095448398
0.5608199574550333
1.4423076923076923
-0.47393364928909953
-1.0571428571428485
3.956107421310993
-4.388888888888897
0.32926593066047755
4.14092664092665
5.653906756882009
-5.035529432406359
2.032332563510393
-4.119511090991399
-1.3975448536355008
3.888144033710008
1.0232300884955878
-1.5056118258965232
-0.8615897720956255
1.710120549481374
0.4502021315692634
-1.1982072624165288
-2.795778559526018
0.27619047619048487
1.0637287491689444
-0.920966074617043
1.460684814568917
-1.3368234084322663
0.7959067652074913
-0.4042113179168974
-0.8872109485606504
4.504332920674239
0.009112447603417992
-0.683371298405467
-0.08256880733945789
-0.29382058580477627
0.3775669951192475
-1.2477064220183403
0.5295429208472517
0.8039922373163336
-0.07334066740006917
-0.03669724770643036
0.25697503671073624
-0.3936287074331913
0.5973715651135006
0.05481454412572049
