5
-1.5686274509803986
-3.4718269778030706
-4.952830188679249
8.870967741935491
-4.957264957264951
1.7386091127098184
-3.2999410724808453
3.351614868982328
-1.650943396226405
-0.3597122302158409
-0.3008423586040915
-1.6294508147254005
-0.3067484662576687
3.138461538461535
1.2529832935560825
-0.23571007660576151
0.4134672179562839
-1.4117647058823564
1.9689737470167132
-1.7554125219426564
-12.86480047647409
13.397129186602866
2.109704641350211
-1.1806375442739079
-0.1194743130227103
1.4354066985645968
-1.120283018867928
0.41741204531903225
-1.068883610451313
1.5606242496998766
2.2458628841607635
-3.236994219653176
2.1505376344085985
-3.3918128654970827
-1.9370460048426084
-0.4938271604938342
0.4962779156327614
1.3580246913580176
-0.12180267965894558
-0.7317073170731638
-1.9656019656019759
-0.06265664160400647
-0.5642633228840161
-3.5939470365699804
1.8966644865925477
0.5776636713735412
-1.0848755583918244
4.2580645161290285
1.4851485148514887
0.1219512195121882
2.070645554202196
-3.3412887828162257
-1.172839506172843
0.3747657713928759
-0.3111387678904792
-1.9350811485642911
-5.092297899427117
4.0241448692152915
0.5157962604771189
-1.2828736369467606
-1.3645224171539923
-5.335968379446655
-13.709116214335415
21.774193548387096
-5.960264900662252
6.140845070422534
-4.458598726114649
8.527777777777779
-1.4589198873816234
0.441558441558446
6.413240237910516
-2.6366950182260047
1.8345189067764869
-3.174019607843124
1.8225541070750508
-1.354878806712248
-1.083669354838709
0.6878980891719825
-9.539473684210535
6.8811188811188835
-1.4001570269563037
-0.5573988055739715
0.2936073668757492
0.5322687957418383
-1.7868960953011177
0.3099730458221078
-1.7063012226252992
0.12301804264625946
-1.4334470989761052
2.9639889196675906
-1.1299435028248632
-1.9863945578231208
-1.4158800666296643
3.5482962545761905
-1.2782159369051018
1.5702479338842985
-2.020612964469752
-0.16608996539793017
-2.037986967974489
-2.165298613076707
3.7176334442355095
-3.305439330543939
-6.2454925717582555
6.24615384615385
0.6371271358239179
0.5755395683453319
-0.4291845493562394
5.272988505747129
-0.9007779445885037
5.825643850709274
0.22123893805309955
0.10388261264770587
-1.2193540018160562
-0.7353906762967856
-1.0318825241434066
-0.1336719689881146
-1.5526703252576586
3.385452073419455
-1.36770120988954
0.693333333333328
0.05296610169492354
-2.461619904711487
-20.000000000000004
27.95115332428765
-0.5832449628844084
-1.2000000000000075
-0.12145748987852795
1.2836103229293183
-1.9477054429028733
3.6598639455782283
-0.24937655860348829
-3.328947368421054
0.040832993058392726
-1.06122448979592
-1.6776677667766762
1.8601398601398578
-1.4691747906082564
1.4214046822742419
-2.102225886232483
2.4280701754386023
0
2.58975061660729
1.2955790036062493
0.7911392405063216
-1.949241234955514
0.9339559706471018
0.5551883674818077
-1.7352438543446738
-1.0568561872909783
3.109789075175786
-1.7178075006556546
7.3248832555036625
-2.3495773247140734
3.717377466581797
-1.485209279489375
3.127336157488152
-2.138455962305178
3.666666666666665
0.4525425747290645
-2.786010669828091
-0.9756097560975575
-1.1330049261083766
0.336322869955152
-0.6579764121663577
2.474381404648843
0.8536585365853693
-2.055622732769048
4.074074074074071
-2.1352313167259753
1.2848484848484876
4.068932503590224
2.3574057037718625
-2.25817323896192
1.4942528735632152
1.9252548131370362
-1.0444444444444418
-2.2905906130698477
7.664904619627674
0.0640409862311904
-0.42666666666667274
0.05356186395287774
-2.794432548179871
-0.7599955942284523
-1.4317425083240756
-2.0267987839207264
2.1261923916791106
0.15755120414134657
-1.280898876404495
