-7.500000000000006
-0.18118677336553402
-5.869006201784914
0.11248593925760011
6.821829855537721
1.1419984973704016
-0.7428316743425939
-0.6286484059272632
-0.45187528242205155
-0.7111514601301153
-1.5239256324291373
0.9130300216651156
1.763533200429382
0.6630500301386343
-1.5568862275449067
-0.8515815085158185
-0.16871165644172129
0.015363343063454101
-0.890937019969271
0.12399256044636615
-1.4086687306501584
-0.9106610142879502
2.044050071304069
-0.5745341614906903
1.5773856004997695
-0.16912669126691618
1.5555213306637954
0.09099181073703712
0.46969696969697317
-0.4524204494043131
-1.7118618391152958
-0.7860665844636112
1.118533478328403
2.9958518973728685
11.172434367541763
1.9991949550516694
-0.2893975269665937
-0.36939313984168265
7.362288135593208
0.1480019733596504
3.460591133004929
-0.7142006903940007
1.5465771490228961
-0.3187721369539605
0.9238422361719849
-1.1735711770918906
-5.260657879111753
0
-1.3286537979443356
-1.841971544715447
-2.5106768474181558
0.1194743130227122
0.15910898965790662
0.4898067249139589
-0.42155183770254845
0.5423997883317929
-4.289473684210529
-1.965905966455864
0.5188613097742156
-0.37667410714284766
2.464640806609722
-1.3120131201312044
1.6202742002492634
0
-2.180430635050423
-0.23683477291723765
5.418237676302186
0.9405219234335704
4.278215223097116
2.6050843191542827
0.5642094934380011
0.08537626539822485
-5.349744089690468
-0.347624565469299
-0.45219638242894056
-0.5970149253731373
3.0421726073900075
-0.6335529650278763
-0.4590665646518774
-1.575710991544974
0.5987244565924799
-0.3752102471212288
-0.28571428571429164
0
-3.724928366762166
-1.176948051948058
-2.8062970568104038
-0.2676056338028137
1.3698630136986205
0.013931457230429472
-1.2536564981195153
-0.2680208774157113
-2.927864214992934
-0.26227597260672514
2.483564645726808
-1.3399857448324985
3.063141164571584
-0.4345997476517467
-0.30977189524078363
0
2.104519774011296
0.30432978281920675
1.172252103158185
-2.099236641221371
0.4455583402951729
-0.4713057942888796
-0.08356545961003102
-1.031502648452743
-0.5352112676056274
-1.7133956386292866
-0.46102867022043587
-0.130264871906206
-0.11594202898550066
1.1462565293093407
-1.4632047052072938
-0.13102343863735294
-0.7871720116618043
0.2350866882162831
2.521254763998817
0.6577066056619992
-6.164772727272725
1.528913109294584
1.640077530937826
2.0976969341352434
1.623563218390798
-0.18379753994061285
1.4872521246458923
-0.6140963014654539
0.8987501755371404
-1.1691022964509363
0.21123785382340515
-1.728499156829689
2.5311025311025377
-0.9623430962343065
1.7321504013519158
-1.1074197120708749
2.93952967525196
-0.7342942616263227
2.4383561643835554
-0.7622358919497101
-2.2907963886268696
0.2344504206316276
-1.2383048981838196
-1.351351351351342
1.708798192345717
-1.0969175229103152
-1.1371613084374435
10.6929849474581
-1.2957023733162312
-0.3639199376137191
1.2522828072006291
-1.2883277505797475
-0.16966849386584026
0
-1.69956857105504
-0.7580795318526309
2.693647815599023
-0.026099438862055565
1.122568855240833
-0.33561378598167324
-0.9713767646677891
-1.1116923881768244
0.8067715910593867
-0.28863815271582854
-0.32894736842105265
0.066006600660066
1.2401055408970947
0.33880635913474366
-1.3376623376623318
0.03948927208107865
1.3026315789473655
0.15586439797376875
0.6743613020360435
0.4895014813860709
2.679143699525699
0.37453183520599254
-2.997512437810948
0.05128862674701593
0.8073817762399165
0.19069412662090007
1.7891130567186933
0.23684866616803504
7.698047506529036
1.1547344110854503
-1.5867579908675773
-0.23199164830066116
1.8486222532263663
-0.6506849315068545
1.6201309893140323
-0.49751243781094273
-1.545454545454548
-0.04616805170821529
-1.0623556581986195
-0.09337068160597042
-0.4088785046728972
-0.04692082111436684
-2.1945781011618406
-0.07199424046076587
-1.032660902977895
-0.4974520747391437
-0.23167906352883516
0.2199951112197451
-0.46341463414633594
-0.7596177407498218
-2.0493827160493856
0.07562389715150274
2.632241813602012
0.012271444349002668
0.2085889570552203
-1.4325945879760065
0.26086956521739413
0.56994176681948
3.203153874584206
0.047749791094661244
0.8590860279202878
-1.0765408730628072
5.584788328151151
0.7815154604145405
-2.9557203866037263
