5.438066465256804
1.241642788920723
0.047169811320752035
-0.42432814710042704
2.225378787878796
-0.6484483557202435
-1.3986013986013985
-1.0874704491725822
-0.4302103250477903
1.2001920307249159
-1.9924098671726835
-2.0813165537270004
1.0874938210578293
-0.6845965770171177
2.609551944854757
-2.2072936660268687
-0.5397448478900995
-0.09866798223975759
-0.592592592592587
-1.887729756582221
0
-1.4683544303797498
0.513874614594039
-1.9938650306748495
-0.5738132498695849
-0.7869884575026234
-1.6922263352723368
-1.6137708445400754
3.3351558228540155
0.7407407407407437
-1.3130252100840336
-1.9159127195316628
-0.8681497558328934
4.378762999452655
-3.8804404824331296
4.418985270049096
0.7314524555903896
0.674273858921153
-1.4940752189593023
-4.550209205020915
5.7534246575342465
-3.5751295336787594
3.600214938205275
-1.9190871369294693
7.033315705975681
-0.09881422924902028
2.1266073194856636
-0.24213075060532688
2.281553398058247
-0.806834361651632
-0.04784688995215039
-1.4839636189564358
2.672497570456754
-0.37860861334595897
-1.187648456057007
-2.3557692307692335
-1.7232890201871
1.2024048096192415
-1.7821782178217793
2.8225806451612874
-4.0196078431372495
2.0429009193054135
-2.352352352352361
0.5125576627370579
-0.05099439061702923
0.3571428571428513
-0.5592272496187058
-2.0961145194274002
2.558746736292431
-2.291242362525458
1.8238665971860344
-1.7400204708290714
0.5208333333333334
-1.0362694300518134
2.6701570680628244
1.9887812340642559
-2.700000000000003
1.4388489208633153
-0.3039513677811521
1.6260162601625958
-1.9000000000000057
-0.19367991845055835
-0.48003268307629343
-1.6728243021346423
1.2107295689385207
-1.763431989275027
1.8370774721813983
-0.1133903721265843
-0.2683178534571776
3.466473509933769
-3.7103710371037044
-1.2775238886580846
0.6417674907943182
-3.0942922851766608
2.3516720604099164
-1.970910623946027
0.3978066874529516
-2.2274576997215663
2.4644030668127055
-2.7258150721539254
3.3076923076923133
0.3616636528028818
-1.9607843137254843
-0.42162162162162226
0.8359570079253024
0
-0.936692506459938
-2.0758613194218136
8.268590455049948
0.5638134290107608
-5.198776758409781
-1.075268817204301
-1.0108695652173987
0.24157241682223904
-2.2674991784423346
-3.3848912799820625
5.174013921113682
1.4780498566071072
4.94565217391304
0.0517866390471229
-0.5383022774327081
-1.488343047460442
1.1621764395139929
-2.3394255874673577
2.7697572452144037
-2.2580645161290196
0.9688065580751587
-0.8329818641923304
1.2865497076023478
-1.742599202183509
6.538461538461544
-1.6746891295627775
0.4997450280469241
-5.1045260807793795
3.0905785477489043
0.41493775933609073
2.5723140495867862
-0.9970792627656451
-1.7599186164801668
-0.4763384073728837
-0.426594527104356
-1.619644723092996
0.9240573552841108
0.0420964007577418
-0.13675573322111872
1.8539976825028872
-1.6754576481538985
0.8520037866834989
0.4276178556529107
-2.575553016928034
1.9400916746615426
3.9318205584021806
-3.4309286648556157
-1.8962283809126979
1.4762107051826685
-1.4233385661957085
-0.6900944898609104
0.7055805003207147
-0.07430997876858533
-1.6679060873260312
1.015557476231631
-1.016042780748666
-0.8103727714748785
0.7625272331154715
0.05405405405405098
-0.5942733657482412
0.9782608695652236
-0.16146393972013529
1.110512129380055
3.3802516528044375
-1.8153687467766941
-0.09454774661204267
-2.1135646687697065
-0.558599205070373
0.5077238846278633
0.5481513327600934
2.116515232495996
-0.502459960221924
0.05260389268805593
-0.683491062039949
0.44467972472207695
1.6654369136713378
-2.0943494038361803
3.1345970560203256
-3.3781702433514798
-0.05313496280552302
2.0627325890483763
1.4584852588811394
-1.1397474073313476
-1.0594100540091358
-1.522149905521733
0.20253704295917035
-0.8617021276595769
1.4057302285652993
-1.735449735449736
