-7.965860597439537
-4.94590417310665
7.479674796747958
1.8154311649016686
-6.240713224368493
-0.15847860538827482
4.28571428571429
4.566210045662101
-1.0189228529839924
4.117647058823525
-5.932203389830513
-4.2042042042042
7.836990595611286
-2.6162790697674376
3.432835820895518
-1.2987012987012865
-3.508771929824569
-4.999999999999996
7.496012759170658
-4.74777448071217
0.15576323987538054
4.821150855365488
-0.08902077151335648
-0.3564003564003699
0.3278688524590147
-1.9607843137254803
-1.1818181818181834
1.1959521619135252
-1.9999999999999896
1.2677798392083999
-2.503816793893131
1.7851550266207337
3.076923076923077
1.0447761194029894
3.3973412112259926
-0.28571428571428975
-1.3180515759312346
0.17421602787457108
0.9275362318840588
-2.354968408960368
3.4411764705882404
-0.6255331248222885
1.4306151645207439
1.1283497884344105
0.4184100418410002
-0.27777777777778173
-2.0891364902506964
-2.5604551920341354
1.0218978102189822
-1.0115606936416226
3.5328467153284695
-0.8742244782853984
4.523470839260323
-2.476864452912367
1.8420318169132117
-0.10961907371882473
3.978052126200262
0
-2.110817941952499
-0.16172506738545087
2.699784017278618
-0.10515247108306822
3.9473684210526314
0
-3.4177215189873453
0.9174311926605542
-0.7012987012987094
2.0141250326968434
-3.717948717948725
-1.464713715046597
-0.6756756756756757
0.6802721088435374
2.972972972972977
-0.2624671916010536
0
1.1578947368420993
-4.084287200832467
0.3797125033902918
-0.027019724398805758
-1.3513513513513513
-1.36986301369863
-9.444444444444441
9.846625766871169
3.323094107791113
-5.2972972972973
0.17123287671233525
2.56410256410256
2.916666666666659
1.2415654520917703
-7.597973873633701
1.0386612810155988
5.1684751570530985
-6.299212598425198
1.4198782961460505
0
9.88571428571429
-1.3260530421216796
-2.503293807641641
0
5.405405405405405
-9.769230769230775
9.690252912759316
-2.3316062176165766
6.100795755968162
-5.500000000000007
0
-3.9682539682539684
-2.7548209366391188
2.0963172804532637
9.46170921198669
-1.9264892268694678
-5.350219695011632
-0.27307482250134985
0
-2.573932092004394
-0.7869589657110768
9.036827195467435
-7.508443751623799
-1.1516853932584372
7.985223074737148
-8.394736842105257
-6.492387245044542
0.030721966205852894
4.39189189189189
1.235657546337142
-1.1915140947398914
-1.4705882352941178
3.5820895522388145
-3.4582132564841577
7.313432835820904
-2.6981919332406283
-6.546598056032017
1.0094830223310047
8.358570563294965
-3.689211850195641
-5.3685432385374385
6.930389451088617
-9.52107829079437
4.595879556259903
