-3.3954727030625795
3.0323914541695425
-9.966555183946491
4.011887072808325
-0.5714285714285795
0.5747126436781691
-0.857142857142849
0.8645533141210292
1.857142857142853
5.399719495091176
2.4617431803060468
0
-0.9090909090909128
14.023591087811274
-10.000000000000002
1.340996168582372
3.528670447385018
-0.060864272671955405
-2.8014616321559043
-3.4461152882205517
-0.4542504866969427
14.667535853976531
-9.72143263217737
1.889168765743073
-2.5957972805933354
2.982233502538082
-3.512014787430694
0.7662835249042255
0.5703422053231795
2.2684310018903737
-3.1423290203327308
-0.06361323155215924
-1.1457670273710905
1.9961365099806787
1.1363636363636256
0.49937578027466384
-0.9316770186335404
1.0031347962382409
-1.613904407200493
0.06309148264983869
-0.8827238335435093
1.0814249363867794
1.3215859030836967
-2.049689440993796
0.25364616360177916
-0.06325110689436705
3.481012658227848
-0.7951070336391507
-1.5413070283600494
1.440200375704453
0
-8.641975308641975
8.51351351351351
9.526774595267753
-2.330869812393402
1.396973224679847
-3.84615384615384
1.1343283582089587
-1.3577331759150009
0.8378216636744499
1.661721068249265
0.5837711617046117
-0.6384213580963567
-7.593457943925234
6.763590391908988
-8.821788040260511
7.077922077922081
2.6682838083687117
-3.071470761961026
3.351614868982328
2.88915094339623
0
-3.381088825214903
1.660735468564657
4.667444574095683
2.2853957636566298
-1.0354223433242538
-0.8810572687224638
0
0
0.38888888888888257
1.1068068622025458
1.8609742747673814
-0.4298764105319629
0.647598488936853
1.6621983914209084
-1.16033755274261
-0.05336179295624029
-0.4805125467165006
0.32188841201716434
-1.4438502673796731
2.441671188279978
0.21186440677964896
-1.9027484143763185
0.2155172413793134
3.225806451612903
-2.2395833333333393
2.876931273308474
-2.5375453133091694
1.4877789585547352
-2.1465968586387403
1.9796682718030971
-2.3084994753410313
-0.3759398496240541
-0.7008086253369333
-2.117263843648196
2.1630615640598876
4.234527687296423
-2.2395833333333393
2.0245071923281897
4.229765013054827
3.106212424849708
7.774538386783284
4.5987376014427355
-4.612068965517237
0.3163126976954309
-1.6666666666666616
4.443426477324777
-2.5877192982456165
-2.4313372354795164
1.2459621596677513
-0.13673655423883835
2.4189867640346927
-0.44563279857397503
-4.431512981199645
0.09367681498828508
0.79550772110436
4.038997214484675
-5.4886211512717455
3.399433427762034
-4.155251141552509
1.858027632205815
-3.3676333021515514
-0.3388189738625308
-2.4283632831471587
-1.9412643106022924
-3.604060913705581
2.0537124802527678
0.4127966976264102
-2.6721479958889973
0.05279831045406247
0.7915567282321899
-2.9842931937172716
0.05396654074473519
1.779935275080897
1.4308426073132046
-4.336468129571584
5.352266521026768
9.434940383618448
-2.510658455708187
-0.7774538386783395
1.7140058765915769
-1.8777082330283954
-1.7664376840039364
0.3996003996004053
0.3980099502487619
-0.4459861248761178
0
-0.19910403185664793
2.2443890274314215
-5.317073170731709
2.730551262235967
-1.7051153460381172
0.6632653061224548
-2.686264571718201
-2.552083333333336
2.084446819882419
1.518324607329846
-0.5157297576070139
0.46656298600311336
-2.0123839009287954
0.05265929436545251
0.42105263157895334
-4.402515723270443
5.975877192982458
0.0517330574236908
-4.963805584281279
1.088139281828074
2.7987082884822327
-0.41884816753927295
-0.42060988433227287
-1.7423442449841664
-0.10746910263298691
0.05379236148466612
0.16129032258065126
0.7514761137949422
-0.15982951518379487
-0.7470651013874097
-1.9354838709677389
0.8223684210526315
-0.38064165307233117
6.986899563318784
-4.285714285714288
-0.8528784648187603
-0.053763440860211995
0.16137708445399834
-1.6648764769065492
1.310759148006557
2.26415094339622
0.15814443858724903
8.10526315789474
-0.7302823758519961
0.29426189308484274
-1.8581907090464602
0.04982561036373829
-0.6972111553784889
0.25075225677031093
0.6503251625812821
-1.9383697813121161
0.7095793208312099
-2.7176648213386905
-0.6207966890843337
-0.05205622071837289
1.9791666666666725
4.698672114402445
-0.1463414634146397
0.3419638495359146
0.3407984420642593
0.5337214944201817
0.28957528957530054
-2.21366698748798
1.3287401574803235
-0.3399708596406105
-5.458089668615979
5.103092783505158
2.059833251593913
-3.363767419509851
0.7956240676280429
2.8120374938332597
2.687140115163145
-2.710280373831781
0.4322766570605215
-2.1999043519846935
1.0268948655256696
-1.7424975798644697
0.049261083743839564
-0.19694731659281423
1.6773556980759772
-0.5822416302765593
0
1.1713030746705737
-0.723589001447178
-1.603498542274058
-0.6913580246913609
0.6464445549477928
0.6422924901185686
-1.7673048600883625
0.9495252373813122
-1.9306930693069335
3.9878849066128246
-1.6504854368932067
-2.9615004935834155
2.594099694811798
-1.1403073872087175
-0.15045135406219226
-1.054746358613759
-3.5025380710659926
-2.5249868490268192
-0.7555315704263387
-0.48939641109298837
3.8251366120218577
-1.0000000000000029
2.4455077086656005
1.2973533990659056
1.3319672131147657
9.10010111223458
0.32437442075995765
0.8314087759815295
-3.9853412734768745
3.0057251908397
-4.4928207503473905
-1.0669253152279286
8.823529411764707
0.04504504504504248
17.154434939216568
0.46118370484242455
-3.366488140780407
0.950118764845608
10.470588235294114
0
16.116435924742646
-0.6725771935188154
0.03077870113881894
-0.3076923076923077
-8.024691358024691
0
5.939597315436238
0.7285397529300005
-3.6163522012578615
-1.1419249592169658
4.9504950495049505
1.3207547169811285
-0.5586592178770985
-0.06242197253432854
-2.5608994378513397
-0.6410256410256411
0.032258064516136366
3.8052241212511944
-3.292948120534317
1.0600706713780954
1.3986013986013912
0.8777429467084675
9.04288377874455
4.873183243089206
1.5760869565217421
-0.34777956126271037
-9.395973154362416
-5.185185185185185
-2.937499999999993
-1.963940759819711
8.571428571428578
2.8433151845129996
-10.382352941176473
-9.419100754840825
11.123188405797098
0.7173133355070064
-5.632890903204914
-1.6809605488850694
-2.233077459874401
0.6423982869379056
0.7092198581560284
-2.0422535211267645
-1.6894320632638349
1.0237659963436971
1.8458197611291949
-0.17768301350390905
1.2103951584193786
0
-3.1304959549771487
-4.466230936819156
-0.4561003420752738
-0.038182512409303516
10.007639419404121
4.166666666666667
5.200000000000007
-0.4435994930291616
-0.28644175684276807
-1.0213852537503953
-1.9026120606256156
-0.295857988165673
-3.3959775799538447
-2.3549488054607433
-0.6641034603285683
-0.07037297677691366
7.887323943661964
3.1331592689295116
-6.170886075949367
-2.0236087689713322
-3.098106712564544
2.1314387211367674
-0.6260869565217431
-1.8900945047252284
3.42490189083124
0.6209037599172168
-2.1597531710661677
0.1751927119831815
-0.3147953830010414
1.0526315789473684
1.874999999999992
-4.567143830947504
6.571428571428563
-1.4745308310991883
11.530612244897952
0.030497102775243288
3.2317073170731776
-6.585942114589488
-2.4343977236800467
6.740116655865182
-3.0965391621129292
1.1278195488721876
0.09293680297398121
-6.313834726091003
4.49289725801124
1.1381599747075453
1.0003125976867915
-0.18570102135562447
-3.2868217054263638
1.3145238858608603
-1.3607594936708898
3.8819377606673156
-1.5132798023471383
0.03135779241142137
1.09717868338558
-0.7751937984496124
-4.84375
-4.761904761904762
-0.37931034482759407
0.34614053305642095
-2.3456364263538996
-0.6358177322500923
-0.4621400639886283
2.142857142857143
-0.5244755244755245
-2.4956063268892876
4.686373467916367
-3.374655647382905
13.827512473271543
1.2836568566061437
-3.3384853168469895
0.9593859929645028
8.710801393728223
1.9230769230769298
4.002287021154945
-0.49477735019241653
-3.1491712707182256
-0.713063320022818
-4.108014938236142
-3.235470341521873
11.30030959752322
1.8358831710709382
-3.8240917782026767
0.48281738142572805
-1.5828151498021545
0.3446295232624896
-0.6010303377217991
-0.1727613014684776
20.132679550043267
3.721488595438175
-0.20833333333332807
0
-5.219206680584551
-0.02447381302007409
5.654834761321915
1.506024096385542
2.008673818762829
1.1188185276348177
-2.611197167514927
-0.6362190411270191
0.5945575120054805
-0.2955217094794168
2.5535795713634264
-0.4001778568252582
0.5580357142857143
-1.664816870144284
-1.534988713318287
0.22925263640531868
0.7776761207685348
0.29505220154333966
-1.2672550350758014
1.6731606692642702
-1.893597835888195
-0.6204044117647033
1.2485549132947924
1.2103219913222223
-0.24819494584836777
-2.013119203800053
-4.662973222530007
-1.186440677966096
1.9848076451849952
0.528592023065831
0.8604206500956078
1.8483412322274908
-1.2563983248022415
0.32987747408106366
-1.9023015500234906
-0.9576250897773522
-2.610587382160989
2.7302060064532143
6.595796086011116
-2.2892112420670823
1.7861285084667102
-0.09115770282589655
-2.03010948905109
0.6984866123399301
-0.9479768786127221
1.7507002801120448
-8.763477861894929
-1.9361327633894867
-5.333333333333336
2.6814734561213527
-0.44843049327355455
2.835188129305789
-1.2883277505797475
0.6786739754633165
-5.081669691470045
