-7.88757932910245
0
-14.124015748031493
3.7249283667621778
7.403314917127075
0.823045267489709
-1.632653061224484
0.6224066390041434
-1.3402061855670073
1.044932079414838
-0.31023784901757717
1.5560165975103732
0.5107252298263534
0.5081300813008129
-1.769464105156724
-1.0808028821410307
0.8324661810614062
0.6191950464396225
-1.0256410256410255
0.9844559585492257
-2.8219599794766546
0.5807814149947171
2.414698162729656
0.5125576627370579
-2.345741968383475
0.3133159268929474
0.2602811035918792
0.7268951194184868
-0.3608247422680354
0.6725297465080098
0.051387461459400985
0.9244992295839812
1.628498727735363
-0.40060090135201953
0.5027652086475616
0.45022511255628095
-0.19920318725099884
-0.5988023952095893
-0.8534136546184682
-0.15189873417722094
0.2535496957403651
0.1517450682852865
2.4747474747474776
-0.5421389847215349
1.6848364717542008
0.34113060428850733
-0.3399708596406105
0.877192982456146
0.048309178743958604
-0.9657170449058426
3.0229156509020076
0.7572172266919045
-2.160638797557536
0
-1.7282765242438898
0.3419638495359146
0.19474196689386838
0.6316812439261336
-0.5794302269435001
1.26274890723652
8.776978417266193
0.7054673721340362
-0.175131348511386
0.43859649122807015
-1.3973799126637505
-0.26572187776794626
-1.9094138543516799
2.037120869171571
3.1499556344276813
1.462365591397852
4.154302670623138
-0.2849002849002803
-2.489795918367345
0.46044370029300724
-3.250000000000005
0.7321274763135303
0.6412997007268063
-0.16992353440951813
-0.8936170212765934
-0.2576212966938576
2.755058114507093
-0.9216589861751104
0.42283298097251587
-0.8421052631578947
3.0573248407643265
-1.9365471775854919
2.6470588235294166
-4.052394596807207
0.8105802047781594
-1.8197206940330135
1.6379310344827636
0.2968617472434218
4.186046511627909
-0.8928571428571498
1.9246519246519318
0.6026516673362796
0
-6.549520766773164
3.9743589743589793
-0.5343197698314884
0.9504132231405006
0
0.7777322963569289
0.6498781478472879
-1.573849878934627
-1.8450184501845017
2.0050125313283136
0.6552006552006645
2.359641985353939
0
1.669316375198735
1.2118842845973283
-0.8497489378138234
0.8570315543435874
-3.5534955581305483
0
2.0424509411293643
-0.7456828885400336
0.1581652827204451
-1.3422818791946332
-0.12004801920768762
0.9214743589743636
-2.6994839221913502
0.48959608323134113
-0.12180267965895711
-1.016260162601626
-0.45174537987679436
0.12376237623761673
-1.3185002060156525
-0.6263048016701461
-1.3445378151260456
1.0221465076660892
-0.8853288364249555
0.382815823054022
-2.8813559322033946
-0.9162303664921442
-4.579480405107884
0.6460544531610548
-0.8253094910591394
-0.60101710587148
-2.1860465116279015
0.4279600570613301
0.9943181818181926
1.2189404594467859
0.741083835108844
0.7356321839080434
-1.1866727521679572
2.4942263279445753
-1.036502929247414
0.36429872495446786
3.6751361161524474
-1.9256017505470484
10.263275323516288
-1.2950222581950581
-0.9430094300943056
0
-2.9387417218543024
-1.6204690831556552
1.6905071521456463
-1.8755328218243843
-0.08688097306689342
0.8260869565217416
-0.9918068132815918
0.39198606271777253
-0.4772234273318847
0.30514385353094536
0.434593654932638
-0.2163565556036348
3.209019947961841
-1.4705882352941178
0.6823027718550082
0.7623888182973365
-3.4047919293820907
-2.393385552654482
4.5474810521622775
-2.55863539445629
2.3632385120350134
-0.4275331338178709
1.7174753112924002
0.2954833262980112
-1.5993265993265922
-0.042771599657836924
0.8130081300813032
-0.4244482173174873
0.42625745950554134
-1.7402376910016955
5.183585313174946
1.0266940451745379
-1.5853658536585389
0.8674101610904562
1.883701883701893
0.8038585209003215
5.263157894736837
0.03787878787879649
-2.953426732298376
1.3655872024970737
-4.88837567359508
-0.12140833670578023
4.457050243111831
-1.5128006206361542
3.7022449783379305
-0.41777440182302417
-0.19069412662090007
-1.987008024455479
-0.8576998050682217
-0.3145890680298904
0.7100591715976377
1.684292988640819
-3.7750385208012367
-1.5212169735788676
4.308943089430904
0.8183943881527536
-0.7730962504831852
-0.19477989871445267
11.007025761124119
1.019690576652614
2.053602506091186
0
-2.899045020463847
-0.597119775201963
6.466431095406365
0.23232658479919968
-1.556291390728473
-1.9508913555331353
0.2058319039451193
0.03423485107838613
-0.7871321013004831
-0.8623663332183512
1.8093249826026603
-0.20505809979494966
0.4452054794520587
-2.0456870098874873
2.645318482422543
-1.051203797897581
11.377655928718296
4.646153846153853
0.49985298441634474
-0.5266237565828003
-6.911764705882353
-0.1579778830963665
12.436708860759497
2.6737967914438503
5.72916666666666
-1.581540057039141
-1.8177028451001143
0.34880601019587104
19.572192513368982
1.9677996422182495
17.675438596491233
3.3171822586656643
-4.0043290043289925
-1.9917324314167648
12.23159509202453
2.801503245644
-1.661681621801263
1.6052720513687058
-10.926326293031753
-1.418969380134433
-8.390151515151517
1.3231341740748468
8.54927565802897
5.037593984962397
4.724409448818914
3.896103896103888
5.871710526315797
1.600124281497585
8.256880733944953
4.096045197740113
0.8683853459972832
3.4167339252084985
-8.12955254942768
-3.7094718957949784
-1.338038523746511
-3.994038748137102
9.360447066128524
2.9666430092263987
1.9713261648745615
2.7849128024874825
-7.562804156254111
0.18497438816164888
-3.323391563698335
1.9391802556192053
-0.8502666090214696
1.1918604651162856
-2.212008043665626
0.19095182138661404
-2.3017152910130547
-0.04501800720287433
-3.5730370815193013
0.07784524365561264
-5.0715619166147965
0
4.998361193051458
2.6065241142500284
2.3273501673258394
1.0851791288835966
-3.3529411764705817
-0.7760194765672584
-2.2389204109799143
0.39215686274509803
3.0312499999999964
0.09099181073703712
-2.363636363636367
-1.1483550589695806
-2.119309262166405
-0.5453087409783444
-4.241251411062743
-1.2967329067025821
-3.3441392253881626
3.7599293909973444
1.1908812521265737
4.690652320107615
-7.86895776457363
-2.126546975771317
-1.0151380231522789
0.12594458438287973
-1.1859838274932655
0.67284960901983
-0.46965317919075555
0.018148820326682892
-3.8831428052984895
1.5480460638096907
-4.350250976017843
-0.07774538386782842
5.076833300914223
1.7956312476860294
-0.6910347335879168
0.7141549166819222
-5.41818181818181
-0.7881584006151523
-0.8719240457275721
0.019546520719305294
-0.8598788352550278
1.0250344963532403
-1.5219512195121974
-0.8718050326926843
-0.9194483310014037
0.7060722211014727
-3.4254807692307625
-1.2445550715619165
-1.701323251417774
-1.9871794871794897
-1.6132548506649176
-0.02215820961666801
5.008865248226956
4.60109750949768
-6.779661016949157
0
-3.5281385281385305
2.9840700022436644
1.9389978213507575
1.4533019876041915
-2.0012639561828522
-0.23645743766121366
-1.6375781081663483
-0.06571741511500796
4.888206926786499
0.7314524555903866
4.232365145228211
3.045382165605109
-4.71315433648832
1.3581998783701579
-5.920000000000004
-1.8069727891156464
0.2164970772894566
-0.6264852019874654
-4.391304347826084
-0.1819008640291067
-0.38724373576309534
1.9666133089412223
-5.0235478806907325
2.479338842975207
-3.2488479262672865
-1.3574660633484137
3.3317238049251596
-1.9158878504672872
0.14292520247736204
1.6650808753568032
0.842302292934025
-0.23201856148491878
5.232558139534884
4.618784530386735
-6.442754541613858
0.24836306163920135
-5.225225225225223
-1.093155893536127
-3.8683325324363205
0
-1.4996250937265683
-1.9791930981984296
7.118819570282164
2.4649589173513746
-3.1839622641509435
0.02436053593179604
4.968339016074032
1.9721577726218098
2.9579067121729237
0.3314917127071823
-2.9955947136563927
1.2942779291553237
3.6314727639542674
2.3361453601557454
0.44388078630309996
0.21043771043771045
19.739605207895853
3.0866362679761323
9.11874787342634
-2.089179918927343
6.242038216560517
0.7643884892086195
-1.472556894243638
0.25664251207730154
-0.9787682577925011
-0.48661800486618695
-0.6876528117359414
-0.24619172180335788
2.3137436372049978
-0.4673601688526925
0.12117540139351023
0.46898638426626665
4.110826682728498
0.7520971940989363
0.9331036462819409
-0.1564500071113672
-2.792022792022795
2.2713950762016415
-1.6478005444906147
0.1019813519813586
1.9647795080774269
-1.213245789323437
0.6790926166738812
0
0.5309988518943809
1.3418986438258353
-8.944921819974645
-8.384900990098998
3.7656197230665236
0.8950366151342555
2.338709677419355
0.5516154452324665
-1.755485893416935
0.5424377791959303
-0.6664550936210798
0
-1.7252396166134112
0.30884265279583506
-0.2754820936639192
1.7224569385765394
-0.8146964856230068
2.045417941697543
-0.09469696969697328
1.1058451816745656
-1.328125
0.39588281868566905
-3.2649842271293448
-1.4185553562693514
0.47965597088984074
-1.1851851851851927
1.665833749791771
-0.08192692118630182
-0.6231551328304288
2.62376237623762
-4.695288631612788
-0.7929812721444315
1.445578231292517
0.13411567476948105
1.6742005692281936
0
-0.7739173390416486
