-1.5385573688800327
1.220978047700383
-5.431250000000006
3.244993721498919
-0.3072589937267926
0.3659946063952625
2.8085215277333564
0.8089607965152458
-3.3086419753086362
-0.4021961184882649
1.0383949746811132
0.7485884666624345
-0.6800579308607742
-0.12045901223609101
0.05078075409419541
-0.2664636467453398
-0.9033078880407154
15.54114777249969
-11.989554975276414
0.8711571239189561
-0.7134363852556537
0
-0.08194138039709767
0.050466818067117995
0.6935687263556116
0.8140262993112085
-0.8944099378882044
1.1970418651291137
-0.6131169876757349
2.062562313060826
-3.7120703339642334
0.8179570097013564
-2.12578616352201
0.7968127490039753
-0.6757618258319463
-0.03209242618741977
-0.30818619582664236
0.2769369485412478
-0.6422607578676943
0.31674208144796967
-0.19975513886204885
0.6585743801652922
-0.782552918537527
-0.6982156710628364
0.8398437500000059
-0.4454774355994635
1.2062256809338463
1.1149557862360688
-1.692015209125478
0.42544962289693394
1.559792027729633
0.3412969283276364
-0.9700176366842949
0.03816308357714725
-1.3669888097660223
0.5930509894926865
-0.07689842999039061
1.1992560764445614
1.9391634980988535
-0.2859629491483221
0.01870324189525901
0.4674936109206508
0.024816974810776212
1.4762436422280085
-1.7237163814180958
1.8161462868516014
-1.227855833842389
-0.4267425320056955
0.7204968944099323
1.819190922545634
-1.3263884682938565
-1.44856371225142
2.958395615346288
1.143306515032369
-2.4700956937799017
-0.6561599313178418
0.7592592592592564
0.47172701096612424
2.89024390243903
-3.994310773971796
-5.975308641975307
1.3655462184873919
-0.7124352331606217
-0.19569471624266144
0.4444444444444415
0.5986465382613252
-1.649417852522639
-0.5984873396908852
-1.0520047637951628
-0.36776997659645605
-0.40939597315435633
1.7925736235595329
-3.2108573320092684
-0.8139534883720992
2.172263981794359
0.4387149028077754
0.8534372690007423
-3.311567164179108
5.202949486596376
0.7467575003275312
-1.2548764629388787
-0.1843682096529897
-0.19790223629527012
1.685504659924648
-1.5080603224128994
0.31019007391763764
-1.4803605500361865
0.17363429945237804
-0.939999999999994
0.1817080557237915
-1.202472121456393
1.720269259536272
-2.2058823529411766
0.47163362952837257
-0.5238451595346653
-0.1436192039392789
0.458872679953431
-0.46359421870738715
2.7945205479452024
-2.0788912579957386
2.034567229178014
2.227409136378799
-2.0875464805271053
0.05330135252181721
-3.1164680029300094
-0.061859921644105496
2.12517193947731
3.0170381843895178
-3.843890959011568
-0.7342443401998899
-0.7054311348537741
0.006897503103885807
0.37243947858472054
2.5767882910740054
-2.7934083601286206
0.20673971469919372
-0.6258166563510013
0.9550173010380592
-0.5072662462297686
-0.9714758164530891
0.3200445279343308
1.5118940287121128
-2.275056364009015
-1.9365212527964237
2.1173451201254756
0.8936051382295416
-0.09687240520343834
1.8077296024380203
-1.8912851214368447
2.1219055543998433
-2.6889386840497136
-0.4256506873211855
1.3594954449894947
-0.7190265486725727
0.6615598885793872
0.2698028363887991
-0.5174554988271008
0.8183646577432522
-0.9149067895714352
-0.7011941127464687
-0.13283926448995761
-0.5810697283674168
0.3591296387578436
-0.014033118158858087
-0.3508771929824561
2.5281690140845137
-2.9672367607665393
1.28123451546683
-1.2650265585686267
-0.14865151836909013
3.2043102226003155
4.114576178046441
-2.540080490862308
3.960194963444354
-2.2269974604414955
-0.21978021978021675
-0.16019223067681823
-1.022864019253908
-0.033772374197906116
1.9324324324324262
-2.87021079146228
2.2862212516208285
-2.1617293835067963
0
0.8183306055646481
0.209686147186141
-1.3702328720890957
0.19162332329591805
-0.10245901639344263
2.0854700854700856
0.12726054922974486
-1.6188373804267873
0.16998708098184537
2.2196578875916404
-2.071850720499372
0.2305553671933182
-0.9133346864217577
-0.04096681687832235
-0.08879781420764717
-1.5450878512340285
2.3192833830984023
0.3121818798778357
-0.750964075502328
-0.40899795501022496
-1.7043121149897393
0.8564863171088491
-0.20712510356255176
2.165490521654902
-3.0270197061014454
-1.3756983240223495
0.134532323160808
0.12728044123885973
-0.7980225988700533
0.09966540898411501
-0.07823056681600947
-0.3416370106761534
0.29281531209826517
-0.29908139286477575
0.814227555174637
2.7275947573503365
-2.8896551724137995
0.2769689652723593
-0.12039660056657546
0.9643338296816377
-0.2809186038345389
0.007042749489394256
-0.15492957746479194
0.8887008040626418
-0.34256152125280276
-0.48404068747808426
-0.8318060059213277
0.42649985783338074
-0.36098527746318726
0.14917951268025212
-0.07802525180876076
-0.46851707247818103
0.3066828328935299
-0.17064846416382898
-0.07122507122507123
-0.21382751247327156
0.7928571428571364
-0.6448869676139118
1.098430813124115
2.984337519401718
-2.95266150578887
-0.028236622899891543
0.5790142635221046
-2.2676214546475837
0.8691904317218689
1.8302236148696798
-1.6154975872438726
-0.34119988626670134
1.0699001426533523
0.20465772759351383
-1.7888583703077745
0.2509860164933668
-0.3290414878397646
-0.9544997846993096
-0.05796681399898229
0.8990067425505758
1.2574549112596105
1.4689185353392027
-1.3567382334429043
-0.94292803970223
0.5367878614371601
-2.4346835623264784
2.3713973002553814
0.07127583749109052
1.3960113960113896
-2.1003090755830196
3.9678553490708155
-0.13802622498274672
0.45611610228057425
-0.9768849752338896
0.013894678338183832
0.3334259516532497
-0.04153973968430742
-0.6718382047375014
-1.1366013527647971
1.8408802369868908
-1.669090657247741
-0.12677841949570043
3.3921015514809527
1.0435850214855864
-1.7550965303091668
0.47409646832484975
-0.07522396225124181
0.16424856282506595
0.7379065318393129
0.24416711882799164
-2.6184032476319383
0.0625303967206344
-1.6178308568254378
0.1411532218222881
0.507435337233055
-1.809129794544559
1.9924301935299644
-0.3710964850861192
0.014055801532069583
-1.4756517461878997
0.9913700877255611
-0.9322033898305117
1.1049329911605361
0.4159909751110549
-0.3229883443336706
0.11270780501550694
0.2533070644525689
-1.7335766423357697
2.156988786515252
-0.020974620708939
0.7692307692307693
0.534351145038171
-0.6833712984054733
-2.272727272727276
2.3184695256383003
0.10426079099186765
-1.8816830995695137
0.4953648007925837
0.014083515245408457
0.513975920580156
-0.6094144017932067
0.6131510324899442
0.30120481927712117
-0.2374467490746624
-0.7210360518025869
0.9730644478916904
-0.39106145251396013
0.6449803701626344
-0.842853162440785
-1.650860554970144
0.37142857142857466
-3.230856817534877
-5.08162965141932
-0.20144107848455384
-1.048055275211552
-1.145457398399491
0.873015873015873
-0.8654602675059009
-1.444444444444448
-0.14495087775808943
1.5725806451612903
-0.11909487892020643
-2.0906200317964987
-0.6007956482909873
-0.8494650004083856
7.101079166323405
-7.107145604184283
-0.1407634346278087
-1.0530679933665046
1.717925081706193
0.35425935079913945
1.2971020441671606
1.0940919037199124
1.0020843354176687
0.16667989522977292
2.218700475435816
-2.9147286821705354
0.6068348770360834
-0.1746031746031782
0.1749085705199591
0.4999999999999964
-2.179578298981277
2.2846532655202996
-1.2154696132596756
-0.30361137743687716
-3.6544317999679365
1.9547496256862418
-1.7540996981316799
0.4069091513037588
-1.488710611198412
0.9570984803962801
0
-0.15800415800416556
0.6080293186740116
1.1010845268648028
-1.8997707173272227
3.9983305509182046
-1.4367124167268712
3.8517915309446216
5.84960401474164
-6.770871916438261
-1.7640047675804564
2.7582302030251666
-0.7714105793451024
-1.0788513406314382
-3.2878909382518042
0.5306799336650159
0.2804354998350267
-2.2454351044579663
2.633571729070253
-5.812428266928994
0.008703977717809126
0.07832898172324551
2.0001739281676665
5.507715917810547
2.0767676767676804
-4.65484483850538
0.2989040185984647
-0.0496688741721779
-1.4328308762630595
1.8569868078312863
-1.5591486553374105
2.069890220397222
0.12315270935960591
-0.6724067240672444
1.1062494840254349
-1.731036172123789
-0.29081844619858743
-1.0166666666666704
2.761407644384573
0.5980665246600182
0.00814398566657782
1.6042345276873
-0.2564719083112964
-0.988348734431495
0.36520045447167665
-1.0269264979380646
-1.9362745098039253
0.4915437807214939
-0.31503896534571
0.48236859614104743
0.9683827180930347
-1.401754242151007
0.3574991686065809
-0.11598044901001273
0.033175748527814845
0.1824061023132448
0.008276090374918185
0.2896391923204237
-0.4785873421899646
0.6384213580963474
0.5107925523150474
-0.32786885245901637
-1.217105263157891
-0.15817515817516575
0.10005836738097602
-1.5077051228654652
0.3044654939106824
0.6323777403035413
-1.1227482195224208
1.779510210999068
-2.7474814753142955
3.193219758582329
-0.2737680438029021
1.1646285666749856
-0.24669023928953213
-0.8820377545132156
-0.6902860944777264
0.5108449878569749
0.32494584235959534
-0.6394817706170434
-0.03343363423604906
0.7023411371237535
-0.24078379275988798
-0.3245942571785344
-2.0040080160320644
2.939672801635992
-1.4899428855227217
0.8318628686665063
-0.6583333333333409
-0.9059642647428869
0.7618725133327691
-2.1171133327732545
-0.4119818041369801
1.396190640351637
0.9944751381215509
0.8331930651405373
0.15858442534012945
0.8250000000000076
-0.3140755434333566
0.6467125445651424
0.7496498887881957
0.06541291905150895
-1.4463147573132902
0.16582372937567366
