2.953618952388285
0.4109077325364214
-8.13988095238096
0.11339705167666378
9.029126213592226
0.3265063817156494
-0.591715976331361
1.1755952380952348
-2.7283424032945955
-0.11340440009072351
7.901907356948217
1.290684624017964
8.144044321329634
1.1782786885245962
8.664556962025323
0.18055798241015253
-1.8313953488372092
-0.33757773171454225
-4.676729260755886
-2.736737111152663
-0.08332265094218398
-2.4825197254474336
7.67004341534008
3.2502443792766402
-1.3668639053254383
1.0798488211650368
0
2.0713395453736045
0.8314920339574343
0.29410068623494245
-2.662143514259427
1.240474924685451
-1.8904253457027884
-0.9099018733273836
1.2543512183411274
1.1261928753482306
-1.5356661391477533
-0.9405321745342092
-4.092302145303763
-1.1278195488721805
-2.908745247148295
-0.13053978199856406
5.136919155610753
1.2494560825511225
3.702111984282905
4.67112663548636
-9.236425339366514
-2.5362996198666443
1.7647058823529354
-1.225182206584569
0.2989631702817916
3.373921867072555
-1.957055214723932
3.372755146736756
-5.090799031476992
-0.01275591555584192
0.37634751546851203
-4.9949161159125515
0
-1.5384615384615385
-3.498641304347826
-1.5698697641675434
-3.4830496352453184
-4.6832160059281245
1.197232371919466
0.17669201813013402
4.8082822085889605
4.997439086851537
-0.17421602787456447
0
-3.9232111692844707
-0.12351958148659781
-1.1057762258111319
0.11769898484624901
-2.101396032329163
3.5875112578805126
-2.883640052166349
0
1.8278125932557445
-0.6374093340171474
-0.5677628668338036
0.007415647015195332
-1.438528844727856
0.6545290400240781
0.8520816204499486
-1.2747350478025676
1.103520756699951
1.343926343926354
-0.7912667594695715
-2.8136769810205977
2.834346504559267
1.9655656543264715
-1.833466193202419
-0.5462867267089816
5.57452494061757
2.650636293327712
-5.219178082191784
-2.876138170255814
2.9017857142857144
0.7519884309472228
-2.368307736471939
-1.8817994707439087
2.262511237638601
-0.3663003663003663
4.801470588235291
0.8629762155335687
-0.07651641624929807
-2.5130525583014207
7.440731219651514
2.086933404227043
2.851562499999997
1.785036080516524
-0.8271144278606937
-0.28218473694111745
-0.47163878757389005
-0.7961079168509595
5.84039233169862
4.567336622938988
-4.575012948149853
-3.4977686648172717
1.2810898637670292
0.21595606836552106
-0.06772564955055636
0.4805618877456831
0.9442639033662311
-2.806292899228576
2.574839072557968
1.078413452750871
-2.742616033755274
-0.7065385807251373
0.11859434492229518
-0.49875311720698257
-0.34461152882205515
-0.9682489783087137
5.472668402006224
1.3663998073797656
-6.270783847980992
-4.33350228079068
4.8476821192053015
-2.097018696311271
-2.961290322580651
-2.2671364935841973
2.074829931972789
-1.3595468177274304
2.5606377947436045
1.976284584980237
1.2661498708010277
2.3347792804286898
-1.6768482732826386
0.2282381284473554
1.214498070719199
-0.4062246109618149
5.427961847389558
0.9225641330873163
8.99386647794291
1.8343163248742
-1.5249734325185997
1.7752117843846162
-4.050471848160327
0.6630566913471102
-0.016467230211875867
2.003842986549547
-3.5737351991388637
1.322839919624919
1.6856717897868196
0.32504469364537625
-2.6351314865813587
0.6488824801730378
0.005510249063265177
-1.487685271915808
-0.7662620951954833
-2.2432645699470157
-7.9335793357933655
-2.5488476953907844
-4.286356917935854
0.46998791459648176
5.2392408446939225
-0.006350012700019625
-1.9432272813869393
-1.5607797422446674
-1.7631578947368391
0.9509777658719558
-1.0149927026668555
1.0522082970310331
-3.8002387584560258
-2.7645639434677634
1.7512762336925565
0.5017071981046649
-0.26346807182971327
-0.5839416058394223
3.7200195790504194
8.8114339648082
-4.950433705080551
0.3454794341959574
-3.1116019228270813
0.8380824673147838
-2.2007978723404196
3.1817254741994665
-2.3258878566251533
0.6543443065299391
-2.7478051068963207
1.5505478602439529
0.4343105320304079
-0.527027027027024
0.5909523162613806
-0.587480586130059
-0.8286917538377968
0.04109589041095268
-2.7728330822949476
0.6548834589113571
-3.1131943472785784
1.0686692179940755
1.5860541544616735
1.9762289893804
-3.7241379310344827
-0.8452722063037217
0.8235804074555602
-1.5978790484379446
2.577732469234697
-0.8660467097323805
-0.9595417114214172
-0.09399175764586469
4.081632653061231
1.5157836184119005
-2.328767123287671
-0.553997194950918
0.9731330653691688
0.6075843285145484
-0.9995835068721272
0.8273734399102478
-0.18776077885953027
0.11147495297151372
-1.5589115456886415
-0.44538706256627464
1.5693793495242088
0.2656785289799311
-0.41838086604839275
0.4131363349905533
-3.040446304044624
0.6257192174913563
-2.3943963976842255
2.5190392501464625
-1.1142857142857079
-0.3178272175671837
0.14492753623188406
-0.0651230101302526
-0.3547896604156009
-1.9037930533352743
1.0222222222222188
4.1208388326734156
-5.1197183098591585
0.5937801528983894
-1.6527706042942423
-0.5176682421787149
-1.342383107088986
0.8790704785201039
-1.6670455406531788
-1.548894197426226
-6.653099561678147
-0.9055844373637394
6.337789812150964
0.9071377417044532
5.196751044870286
0.8095952023987972
1.219512195121958
-2.9312371436967446
-1.9450541133731967
1.1114541525162158
-0.7709923664122068
1.146242018616806
0.6540918770915832
0.7254042617500308
1.0352588147036725
0.35640035640035306
0.680674755844928
3.916813639035858
12.820875468495876
-0.9652751661025505
-3.5822784810126524
1.654194564789275
11.042231693142194
-0.20935101186321872
-3.6072261072261127
0.6166495375128497
0.6248873400228379
0.7762584343464501
-2.778929904603904
0.24378352023403219
0.006079766536973275
0.5532251200680837
-1.2273276904473975
0.9854930525800275
-2.454843011274094
-0.5778910085130152
-0.08750000000000568
0.48792693606907184
0.5727091633466022
0.44565486506561314
0.7517870347547477
2.0000000000000027
-4.958925466210951
-2.8391167192429023
3.435064935064941
-1.4250737648314422
-2.413705260476378
3.1129674345754776
-4.9936708860759556
9.919392445539945
-3.878787878787879
1.3808322824716324
-2.4255239753716027
3.314424118809357
-3.442531926707396
-0.0894511532809318
0.4156807571784869
1.795949560565536
-2.5275275275275333
-0.006418485237478116
12.625970858206548
2.313917702040359
1.1697860962566844
3.314612928091622
-4.46599872095503
2.9677563315854094
-3.9657601040199397
0.530294482680813
-1.8967452300785608
0.6692598100903813
1.619410193761009
0.6486244687989213
-1.4888888888888863
-3.4513873223550666
3.1600467289719574
1.0361814166808325
-2.4209818426361824
-0.3101309441764353
-1.7513538426085877
0.26973144130408755
-1.2982456140350904
-0.3673421021448066
7.177687916270221
-0.049936192642726716
-3.3696014211169114
-2.102602401332805
4.941024587758937
10.496001789408938
-12.079959514170042
-0.32233926207332697
-1.6457816018940925
-1.596993893846879
1.6050119331742299
0.499148511362969
7.216314128783452
1.0790778789034798
1.7253464172103306
0.5247257115598591
-3.2584625118633324
-2.1146718988445583
2.5278396436525665
1.9876181166503697
0.9850905218317358
1.2496704455576084
2.93198625143214
-1.3407538578294966
1.435897435897436
-2.002022244691603
-5.777961205117623
1.4071397284274976
-3.298957939636084
2.3059743160245647
1.5772526333024117
-1.2733720180528716
-1.0231292517006778
-1.4625831637983249
1.0490486021985483
-0.6019106521619134
-0.7722222222222273
0
0.11757460388556837
-0.6095515043060111
0.6301693580149691
-0.2851551579535873
0.0336436021083273
-4.484304932735426
1.666666666666672
-0.5310551835603813
0.023212627669444263
-0.7658389417498155
-3.221468662301224
0.3141424515193648
0.9334537789822343
0.41169451073986224
0.7487075880919787
0.77263344146269
2.452300128760394
-0.028563267637817767
5.651428571428577
0.8978311428416846
-1.5599035111230184
0.784142888259631
-5.073481737626964
3.7053901758779615
-3.9681668496158045
-0.1371663713779557
9.340124763921482
5.31274535461921
5.159045725646132
0.004726344645047218
1.9755186918096188
0.3661306020299435
-1.7962689323974923
-0.21159542953872199
7.355574403920477
0.4257560461747714
0.6555944055944056
0.7251411202778905
-4.621287235418365
0.06779661016949153
0.4155374887082122
2.096077725800664
-5.009251916468423
0.18088214832336585
-2.583333333333342
1.4637391882900952
-2.941451990632327
2.7506997394073935
5.307157617884652
0.0847382035500888
-1.1853304219954508
2.9943630214205226
-2.114803625377651
0.12971909107175214
-2.796515523788247
6.264074635782881
-4.285961422022313
5.096922868374686
-2.8677071241240064
0
-0.88084277620395
-0.5224847050417663
0.21547854192854113
0.07167174341515449
19.691136974037605
3.216275851752122
4.569006123410265
-0.5578655578655547
10.063068399595794
-0.27542976540981473
-4.6126984126984185
-0.818717342829564
-1.9831549276869873
-1.3933584388907847
3.8572370933583273
0.421207461389313
-1.2683089214380796
-0.11126470885735129
-1.7552150138391953
-0.15460729746444032
8.754000206462273
1.0599588672678373
2.786474639949906
2.942430703624731
-1.0977630488815218
1.7172774869109975
-5.344274831612703
5.56522279535145
-8.227121537691696
0.7088331515812403
3.496926653715078
