-2.9284164859002235
1.6557970122806658
-3.412595809789438
0.47573453110823316
5.896322905752628
1.296596434359809
-3.222790697674425
0.6449721489299362
-1.801702855123604
0.8597549114958144
5.637680320913366
4.059315110382889
-0.5894866115485052
-1.082280687047484
1.2506802023211692
-0.9127672883939381
-1.231938825412344
0.9137599647099599
-2.968477489974976
0.6973622514181557
0.9851587073330088
0.21472905713601162
1.1155518666209525
1.5043027877782122
-1.0715117633356754
0.5149028615093516
-1.2769060773480727
1.0785231083313624
-1.1547149754174635
3.063679911096377
3.117391304347826
-1.6545094236201943
2.9342411016694885
-0.7097338498063287
-0.7932512815349834
1.3019302733673077
-0.5505605783599282
1.131141004386057
4.659887943556751
0.3259602344375827
1.0019762845849802
-0.3776390709687518
-0.8359193934870538
0.06258863422092707
0.3456057007125862
2.1102839355671077
-3.6666125754379455
0.592783918630578
-0.8352936485786053
0.6971835233098183
-0.9518904048329259
-0.0028218410497278038
-1.5202089833829127
-0.19157793906347562
-1.2849695880960996
0.791072185336918
0.5103260645533586
-0.12385780140099056
-0.1942297742335491
-0.02345167514904456
-0.24774070355066377
0.21658951954256292
-1.4350462499845718
0.2288740482723738
-0.5133739754397102
-0.18848246484802028
-1.2240924217055074
0.34709535988308676
0.5571573122663455
0.463970696587587
2.027935981091028
-0.35160357518401086
-0.343363561417969
-1.2280418750284425
-1.467348972771957
0.13090006545002963
2.2771453553025864
0.8075794610880267
1.68290704902578
-0.07165962890837321
0.5676109292451242
-0.07211199516568216
-1.6529192165969215
-0.54930189468161
0.5717088612812574
0.8090396035951911
-1.595335959701917
-0.7585429035336636
-1.3813086213141135
-0.0316603979078809
-0.4746341010244388
1.3254698968984746
0.40826752200457256
-0.10717756027174193
-1.7029039961257846
0.6795411398453195
3.1938005424947256
-2.299038524429334
2.9556485355648596
0.015036738409507646
-0.7708217357913909
-0.5339797873908758
3.7780979827089367
1.5324682537478598
-3.0186762522466144
1.1191955328869414
-0.7932523745776845
0.0401604812832077
-0.22882284695765975
0.3375836414773266
-0.7258290893050487
-0.024236548715462918
-1.5777777777777777
1.0111044972187413
-1.0164270212714017
0.526776072952119
-1.2114033654631537
1.2390748902320923
-2.481306483822088
-1.1851169413094913
1.4701332824783397
0.8979510011109533
-0.8142095503013475
-0.30298351118661104
-0.988316847432505
0.1987062951845432
-1.2797468354430348
0.44194266712826086
-0.8540389189833112
3.0065151892323407
-2.912095467064452
-0.5128535255997597
1.0383279770506686
-1.375618003432644
-0.696103896103893
-2.204959196484617
0.5001471020888366
1.0432190760059645
-0.313421828908545
-0.8366579478101579
-0.4556071653774176
0.5901823632275761
2.803659569561538
0.036236104101156776
-1.3355067120316377
1.2762237762237763
-3.7786984291386094
1.5204248219443497
-0.922890693338759
2.1113414933226315
-2.164192139737985
0.3686775811894027
-1.4692933695023855
-2.331585171009986
2.4722735674676524
1.0822998872604284
-0.8565692616551417
-0.9035683751068679
0.04086785153163626
0.42939104542647943
-1.8665991738151841
1.9108544268818461
-2.2401785996737154
-0.597725591715973
-0.3301910922814344
-0.14744513967628411
1.6387773888907096
0.35584898026739914
-2.6946793597273286
1.0833333333333264
-0.9958034662158037
0.33448906912304677
-0.9696446824273137
1.3228790848744898
-0.09345794392523364
-1.3704396632366698
6.9061507089676075
0.996304888813981
-1.1142880985949548
-0.27804674383279077
-2.137932263179462
0
-0.14700795572465944
2.09988468182668
-3.0575892857142923
1.061933861690723
0.16221856673516244
0.655557223640104
0.17717193813443863
-0.12768107703274265
-0.3853399167882585
0.6548455852342363
1.11960135884012
3.769843921956516
-3.9051094890510947
2.2318536225732224
-2.8850524475524413
-1.8802964909833206
-0.9645859802496057
0
-3.756981817171337
0.4980606912216202
0.23079759242677794
0.008599150595009972
-1.1154050090522163
1.0381341603625087
-0.9920872080514451
0.43558045199923084
-2.117971747555077
-0.8183635675935994
-0.7914378117091159
-0.1532601478685893
-0.04749857504274872
0.6082706804528124
-0.47681315785549155
0.19483633747651974
0.8999890306046132
0.16949738835656358
0.04094600061173774
0.665716582260379
-1.5327791357849379
0.8795582309337807
-1.142135734645763
0.37912422304476656
0.3881285346532613
1.4484933392078445
-1.3375364150510771
-0.8843254792569256
1.0548902195608856
2.412672704109338
-2.2912246865959536
-0.6651928467095618
0.9364133134624938
0.2357457489480102
-1.0777555188938643
1.6414435967816243
-1.319002226823449
-0.0470122479277496
-0.8951381324883616
-0.07343684431389369
-0.00599925009374192
0.003999740016895264
-0.07549207333229284
0.6179016360634413
-0.1964148081847791
-0.43246475013700997
0.19365298585883212
0.21475410654800253
-0.5058332793445597
0.6641822443950158
-0.7224958949096917
0.19146142202708893
0.04252126063031516
0.2630197264794787
-1.4463046915131839
0.005060447039891504
-0.31423785933680404
-0.5472081218274075
-1.7746858443666393
-0.7508638831874042
2.565968586387427
1.0612503254194796
-0.9273664006465226
0.9360469858879116
-0.4399434286291471
-0.5585741899152356
0.2632545610383361
1.1189473041460474
0.4232021457003074
-0.7827062997334224
-0.16413975616407914
-0.03895243250353216
0.3841093117408981
-0.3614658271114531
-1.5978385161048727
0.23498076962627817
-0.9336158119636199
-0.5794294768564673
-0.7796793783398127
0.836198524973094
-1.0505054711657553
0.19044612794613178
-0.5944066960019362
-0.2139348159104115
0.5669516423599087
0.8653724681012416
-0.8694290783842946
-0.05896164334523478
-0.1248406569673767
0.6545186044671741
-0.6832734246460384
-0.5508014054932493
0.6058419717981132
0.07382408774520144
-0.6865844662240451
0.3740509452081686
0.36948546901923973
-1.3424197260389288
0.47295710289752174
-0.46169866856516284
-0.042167292059212776
0.053398835905377265
0.8021561616053758
-1.4147072371381868
1.679905048845081
0.1431370788415855
-3.4013713080168855
0.18509317448444976
0.8229331298708377
0.18162162162161374
0.20125609703459077
0.695173631864899
-2.3470588235294194
0.5284457124707712
-0.3339216455310023
0.5115788438099625
-1.800988586126084
0.007198746310638486
-0.05260243632336656
0.11301625993740592
-0.3226181319137558
0.017210175099664583
-0.6094684081106994
0.5255251062498871
0.09222222222221414
-0.5594840313932666
-0.45323122606861393
0.6801386069774648
-4.071642190032257
1.0171380799777108
-1.4965517241379394
-1.8646876239818815
1.4589774078478088
1.3747114043620339
1.5173410404624277
0.36782918149465366
-1.0245587759756203
1.4530134984094232
-0.2570621468926554
0.27924891670678453
-0.7489917418859146
0.6135039154980836
1.2693025623621328
0.57642682395521
0.3515377694845385
1.0603268418751544
-0.39701010322262686
-2.016603441640548
-0.26315494158971087
0.5102586172947896
-1.0808239113399671
-1.0202060782327909
-0.8655088437396261
0.8373122967268742
-0.31624576813982813
0.35798085031926535
-0.1520564781204364
0.0005725114359076012
-1.0328047174672323
-0.05611282727660205
0.27898523461961977
0.039826609947425734
-0.6537041310870025
-0.665555471667444
0.12336223478582437
-0.7299184827038516
-0.37999552946437204
1.0427738019320378
-1.0133121398768214
0.35598743712659264
-1.2730085710419836
1.3460289464746304
0.8048869395482372
0.9011110787086991
1.189595375722539
-1.461801231591803
2.138563122105043
0.46087134197562113
2.5655367231638335
0.8874028456381875
4.7927404560146725
-1.480748189444072
0.48231511254019677
-0.027894736842101434
-0.551732851795497
-0.4759157009830727
0.11170212765957446
0.31347962382445144
-2.0015889830508553
0.09188146210430168
-2.9915060667095057
-0.9190040690004428
2.162921348314607
-0.9128402529557328
0.6742882512903047
2.721534687577524
1.1602322611112938
-0.6514450621737624
3.17178923086781
-0.03933421662801499
-1.51392772082428
0.5803928165874661
-1.2784863056658924
0.8365365269968338
0.09608619404160201
-0.46790497122804453
-0.09381011357347636
-0.31651078510500247
1.4992035646435582
-0.20333680917622524
-0.8980722010344363
-0.0063260776736750275
-0.4133298889176
-1.3367214590116203
0.8960669635670977
-0.7477132524994604
0.5111608817257188
-0.21163400643964822
2.82064842861035
-0.24471219040789807
1.9208333333333296
-0.6244634315849757
-0.03393909475177432
-0.09207818930041901
1.3788416288661007
0.21076795717601407
0.4997111203462427
1.461422087745836
0.232606685951149
0.4631420269157987
-1.3553800592300027
1.118316370950794
0.8016270059231329
-0.004418066948448302
-0.7555228276877833
-1.5141397203219145
1.5961828227021562
-0.3341935356291764
-0.14682394023869894
0.6035587612887843
-0.24886308086567724
-1.8830098457060616
1.4560094443855962
-3.5296048215058398
2.9602940191030096
0.1296659724447183
-0.1609975850362281
-0.21834826548343883
0.9676528896584571
-0.15608456403194176
-0.4625135044981875
-4.966238183364185
4.705764706501556
-3.3381588603713754
3.3301958908170084
0.18972849198561045
-0.1969037883887078
-0.025164829634103377
0.6504228755537693
-0.2090710841686137
0.06315346291487586
0.180324584251653
1.3889999999999965
-1.0888755190405235
2.7182529790098258
0.6217782566910259
-1.2672271988345598
0.33125525220349683
0.008278387564873776
-2.8100364705825
-0.8512024048096265
0.37695615484511036
-1.7040277477132804
3.194169884565357
-2.6764400815885083
