-1.3986013986014019
1.0638297872340494
-10.409356725146205
6.527415143603133
6.250000000000011
-0.34602076124567144
-5.324074074074083
2.3227383863080755
0.35842293906809697
2.1428571428571397
0
1.6317016317016384
0.573394495412844
-0.6841505131128945
0.5740528128587831
-3.082191780821905
4.5936395759717215
0.6756756756756853
-2.572706935123055
1.2629161882893325
-1.473922902494328
0.5753739930955121
8.35240274599542
-2.5343189017951486
-1.4084507042253491
0.879120879120876
-0.4357298474945441
1.531728665207868
-0.32327586206896247
0.5405405405405406
-0.32258064516128726
-1.5102481121898659
2.300109529025201
-0.9635974304068583
0.32432432432432123
-0.10775862068964905
-1.0787486515641855
0.5452562704471101
-1.9522776572668081
1.1061946902654867
0.21881838074397003
0.5458515283842795
-0.5428881650380022
0.4366812227074298
0.10869565217390686
1.411509229098818
0.21413276231262166
-0.21367521367520154
0.4282655246252585
1.1727078891258087
1.053740779768177
0.5213764337851928
-3.838174273858924
0.3236245954692526
-2.903225806451616
0.44296788482835625
-1.874310915104744
0.4494382022471974
-0.7829977628635378
-0.33821871476888066
1.809954751131215
2.666666666666673
0.21645021645020412
-0.7559395248380008
-0.544069640914037
1.0940919037199124
-1.8398268398268427
1.6538037486218302
6.07375271149674
0.2044989775051154
-2.2448979591836764
-0.7306889352818402
10.410094637223981
0
-4.095238095238092
0.4965243296921549
-3.3596837944664086
-0.6134969325153317
-1.1316872427983626
0.20811654526535156
2.4922118380062366
0.20263424518743955
-0.5055611729019212
-0.40650406504065617
0.40816326530612823
0.10162601626015681
-2.1319796954314665
-0.20746887966805272
-3.846153846153849
-0.43243243243243856
3.0401737242128246
-0.10537407797682669
5.063291139240503
0.40160642570281696
-0.09999999999999432
1.801801801801799
-0.4916420845624385
-4.150197628458501
1.8556701030927805
1.5182186234817814
-0.598205383848449
-1.0030090270812437
6.281661600810539
1.2392755004766416
-4.143126177024487
0.7858546168958714
0
0.877192982456146
6.473429951690823
0.5444646098003578
-0.36101083032490205
1.1775362318840554
-2.5067144136078756
0.7346189164370956
-2.82588878760256
0.37523452157599035
0.3738317757009399
0.7448789571694573
-1.8484288354898335
-0.9416195856873822
1.4258555133079847
0.6560449859418958
-1.210428305400383
-0.09425070688029626
0.5660377358490513
0.46904315196998125
-0.8403361344537736
0.9416195856873822
-1.6791044776119377
0.9487666034155597
-5.2631578947368505
-0.2976190476190448
-2.0895522388059646
1.6260162601625958
-2.200000000000003
-1.0224948875255624
-5.1652892561983474
1.1982570806100312
3.6598493003229184
-1.0384215991692627
5.666316894018894
1.58887785501489
1.0752688172043094
-1.1605415860735036
3.326810176125236
-0.8522727272727193
-3.1518624641833783
2.0710059171597575
-0.5797101449275307
1.068999028182696
0.7692307692307665
-0.38167938931296896
-0.6704980842911904
-0.67502410800386
2.2330097087378613
-0.1899335232668593
-5.328258801141764
0.9045226130653323
-0.7968127490039953
-0.1004016064256971
0.6030150753768787
1.7982017982018097
-2.355250245338573
-0.8040201005025097
-0.3039513677811521
1.6260162601625958
1.9000000000000057
-0.09813542688911533
-0.6876227897838928
0
-0.49455984174085066
0.894632206759449
-1.6748768472906432
0.20040080160320928
0
1.0999999999999943
-0.8902077151335228
0.19960079840319644
0
0.8964143426294735
-1.2833168805528106
0
-3
0.7216494845360854
0
0
0
0.20470829068577567
-0.6128702757916328
0.8221993833504596
-0.40774719673801374
0.8188331627430881
0
2.2335025380710687
-1.3902681231380394
-0.5035246727089627
-2.7327935222672095
1.5608740894901145
-1.6393442622950762
0.31249999999999706
-1.86915887850467
0.4232804232804293
-2.9504741833509076
0.8686210640608159
-0.10764262648009529
-0.2155172413793134
-1.2958963282937244
-1.312910284463898
-0.4434589800443522
-0.11135857461023867
8.249721293199544
0.9268795056642696
-4.591836734693878
0.42780748663102214
6.815761448349297
1.1964107676969122
2.4630541871921183
0.09615384615384069
-1.344860710854939
0.29211295034079565
4.951456310679606
0.832562442183169
-2.1100917431192636
-0.46860356138706655
-1.4124293785310733
0.668576886341932
0.47438330170777987
0.3777148253068852
1.3170272812794033
-0.18570102135562008
-0.46511627906976744
2.803738317757009
4.363636363636361
1.9163763066202115
3.675213675213673
1.3190436933223484
5.126118795768904
0.7739938080495357
-6.4516129032258
-0.6568144499178958
5.289256198347112
1.9623233908948194
-1.385681293302549
-0.31225604996096135
-3.6805011746280365
-0.6504065040650383
20.785597381342054
2.3712737127371275
17.207147584381204
5.590062111801245
-9.518716577540113
-0.7092198581560217
10.773809523809522
1.7732401934443909
-11.56282998944034
-0.8955223880597015
-9.096385542168672
-2.9158383035122633
-7.030716723549496
2.863436123348022
2.0699500356887977
4.9650349650349614
0
0.999333777481679
3.95778364116095
-0.31725888324873097
-1.4640356460852852
1.1627906976744076
-0.8939974457215873
1.0309278350515612
-5.2933673469387825
0.4040404040404002
-2.4144869215291713
0.4810996563573805
4.445964432284542
0.7203667321545664
-2.730819245773743
0.3342245989304813
-4.397068620919383
1.602787456446001
-2.743484224965706
0.4936530324400484
-2.807017543859649
0
0.5776173285198638
0.07178750897343454
-0.1434720229555359
0.502873563218403
-1.7155110793423913
0.8727272727272645
-4.181687094448438
0.22573363431149956
4.654654654654668
-0.5738880918221029
0.36075036075036077
-1.509705248023001
-1.0218978102189822
-0.07374631268436159
-2.730627306273054
0.8345978755690396
1.2039127163280618
0.5204460966542667
-2.66272189349112
0
-3.875379939209722
0.2371541501976262
-4.495268138801264
-1.6515276630883569
0.8396305625524769
1.5820149875104128
3.3606557377049135
2.379064234734338
-5.731990704879931
-1.2325390304026294
-0.33277870216306626
0.08347245409015737
-0.9174311926605575
-0.673400673400671
0.08474576271185959
2.455546147332774
-1.73553719008264
-0.1682085786375129
-3.4540859309182883
0.17452006980803042
1.0452961672473893
0.08620689655171923
-1.6365202411713966
0.4378283712784588
-2.8770706190061004
3.949730700179525
5.526770293609677
-1.4729950900163642
1.5780730897009896
0.8176614881439085
-3.0008110300081126
-1.0869565217391282
-0.42265426880811496
0.4244482173174873
-0.5917159763313634
0.5102040816326603
-2.030456852791883
-1.4680483592400715
-1.5775635407537223
0.53428317008015
-0.9743135518157736
1.6994633273703093
-1.231310466138967
0
-3.3837934105075664
1.2903225806451666
0.8189262966332952
0.722021660649817
1.953405017921153
-0.7382668307259653
-1.1510536568089227
1.7198136868505927
0.1937301866854516
1.037089119353131
3.9839944328462185
-0.016730801405395877
4.45113788487283
0.01602050624799425
-2.8031395162582093
-1.862228081740281
7.254408060453401
0.57930170659151
-7.269613947696131
0
-2.2998153432936
2.38831615120275
-1.7452592716898911
-0.051238257899221235
-0.8373205741626828
2.0678959159055585
-1.1143001857166919
-1.4000341471743218
1.3852813852813803
0.08539709649872633
0.0511945392491487
0.767525157769053
-1.0663507109004662
0.8212147134302769
-0.33938571186153543
0.6470287757534524
-3.1635933006259473
-0.43675751222921033
-2.842603965608009
1.6073686111612797
-3.0572342694632044
-0.6967363403007014
6.942392909896612
1.2430939226519317
-1.654160982264664
0.5028611062944324
0.8454106280193271
1.5226689478186493
-0.45500505561173427
0.06771626883358582
0.507528336998811
1.8515401447567774
-1.4377788795240414
0.536552649228706
-0.5003335557038097
-0.2514247401944328
20.248697697865914
-1.9703745108999393
2.466143977191717
-2.7128547579298674
0.5291005291005152
1.1095305832147955
-3.967360720315128
0.4980955171403299
1.4285714285714346
-0.47427421672894265
-1.2707581227436757
0.13163668275557874
2.936021034180551
0.3547608911593586
0.4100678733031763
0.35206308970567524
4.532697165310117
0.09397234528125573
-0.9790772532188894
0.027089259108757986
-2.3696682464454977
1.0957004160887744
-0.34298257648511454
0.35792951541850926
1.2071330589849045
-0.5963675792897773
2.1816198527406523
0.480384307445956
4.1965471447543115
-0.05098139179198578
-4.131599081866864
0.25272678903963514
-3.0516120472336623
0.6158478171616298
-1.3601741022850926
0.17926089354662117
-0.853406744666214
1.6243231986672244
0.06830601092895787
0.08191126279863792
-1.7187286864002251
-0.6662040249826565
-1.2575101299427016
0.7358143483797878
0.618064334878491
0.7119921820466357
1.9129470474078119
-0.02720348204569644
-5.83673469387756
1.7916486056928322
-4.130589070262593
0.17767249037605912
-1.8918120011823842
0.7683037059355305
0.9866945731798424
0.7994078460399797
-0.1909237773535169
0.7798705120659228
-1.0950503723171268
0.3838204901092488
0.4117647058823546
0.6004686584651385
0.33483767651769397
0.10156703424259021
-0.8841861139295543
-0.05849663644339287
-0.7609013754755783
0.35387791212033193
0.631795474581241
-0.3358154475105706
-0.5420451215939123
